pol	setting	phi
0.3	45	-28.9877
0.3	45	-147.226
0.3	45	-2.62206
0.3	45	21.2957
0.3	45	175.063
0.3	45	-149.215
0.3	45	-87.2091
0.3	45	148.046
0.3	45	61.8566
0.3	45	-98.081
0.3	45	106.332
0.3	45	-178.812
0.3	45	-43.7875
0.3	45	136.444
0.3	45	-83.6333
0.3	45	3.0738
0.3	45	-9.39138
0.3	45	96.2585
0.3	45	-67.8828
0.3	45	-45.8387
0.3	45	-19.1874
0.3	45	-39.3332
0.3	45	-51.2471
0.3	45	-91.0748
0.3	45	-174.651
0.3	45	128.397
0.3	45	79.4552
0.3	45	135.227
0.3	45	-172.683
0.3	45	80.7294
0.3	45	-124.095
0.3	45	17.3116
0.3	45	61.6324
0.3	45	85.3831
0.3	45	4.12782
0.3	45	-87.5906
0.3	45	97.8814
0.3	45	-177.952
0.3	45	-8.05141
0.3	45	-131.104
0.3	45	106.48
0.3	45	24.7151
0.3	45	82.6029
0.3	45	32.9837
0.3	45	31.07
0.3	45	121.337
0.3	45	-86.6438
0.3	45	77.5561
0.3	45	-139.515
0.3	45	177.038
0.3	45	137.458
0.3	45	-109.585
0.3	45	114.443
0.3	45	-150.328
0.3	45	-49.4443
0.3	45	151.504
0.3	45	-74.634
0.3	45	146.372
0.3	45	52.6831
0.3	45	97.495
0.3	45	20.7128
0.3	45	-66.3903
0.3	45	-134.409
0.3	45	-75.1088
0.3	45	-94.5938
0.3	45	91.3678
0.3	45	-35.4634
0.3	45	18.1509
0.3	45	-33.0287
0.3	45	11.0676
0.3	45	148.2
0.3	45	-75.2634
0.3	45	-134.296
0.3	45	-160.603
0.3	45	-2.66722
0.3	45	142.157
0.3	45	45.7178
0.3	45	-51.9424
0.3	45	-112.615
0.3	45	-178.679
0.3	45	-119.042
0.3	45	-30.1392
0.3	45	-15.919
0.3	45	97.2136
0.3	45	84.287
0.3	45	41.1439
0.3	45	-174.568
0.3	45	160.263
0.3	45	164.509
0.3	45	83.2857
0.3	45	47.8171
0.3	45	163.246
0.3	45	94.4799
0.3	45	-44.8769
0.3	45	-24.0503
0.3	45	22.3198
0.3	45	11.6242
0.3	45	-128.362
0.3	45	23.0122
0.3	45	-106.241
0.3	45	19.7895
0.3	45	120.392
0.3	45	82.2431
0.3	45	-90.9882
0.3	45	-171.945
0.3	45	120.662
0.3	45	-10.9291
0.3	45	32.741
0.3	45	-168.975
0.3	45	132.531
0.3	45	140.378
0.3	45	64.2676
0.3	45	-58.9175
0.3	45	-75.9159
0.3	45	31.4607
0.3	45	-62.5739
0.3	45	-137.433
0.3	45	149.092
0.3	45	140.375
0.3	45	-158.129
0.3	45	-115.654
0.3	45	144.012
0.3	45	33.8238
0.3	45	133.632
0.3	45	-86.02
0.3	45	-66.1425
0.3	45	134.902
0.3	45	-102.828
0.3	45	-66.6783
0.3	45	127.059
0.3	45	51.7577
0.3	45	113.96
0.3	45	157.979
0.3	45	-76.5798
0.3	45	-57.7907
0.3	45	-174.104
0.3	45	130.814
0.3	45	154.784
0.3	45	46.7386
0.3	45	165.718
0.3	45	160.015
0.3	45	-140.097
0.3	45	75.6095
0.3	45	-27.6133
0.3	45	163.219
0.3	45	-33.2215
0.3	45	-34.9832
0.3	45	131.598
0.3	45	146.897
0.3	45	-28.526
0.3	45	3.55741
0.3	45	-50.02
0.3	45	175.888
0.3	45	-12.6543
0.3	45	-71.8703
0.3	45	-100.227
0.3	45	97.7197
0.3	45	-96.6624
0.3	45	18.8624
0.3	45	-38.3968
0.3	45	124.596
0.3	45	-33.9702
0.3	45	97.3927
0.3	45	-23.2598
0.3	45	174.21
0.3	45	175.748
0.3	45	-60.9357
0.3	45	-126.932
0.3	45	25.9098
0.3	45	17.1329
0.3	45	-125.93
0.3	45	169.894
0.3	45	-40.8632
0.3	45	-151.997
0.3	45	147.71
0.3	45	26.6793
0.3	45	153.476
0.3	45	126.685
0.3	45	-144.253
0.3	45	-45.9311
0.3	45	164.559
0.3	45	70.8543
0.3	45	173.075
0.3	45	-104.29
0.3	45	-166.592
0.3	45	24.023
0.3	45	149.777
0.3	45	33.1139
0.3	45	-150.73
0.3	45	-148.225
0.3	45	-50.9941
0.3	45	-52.4343
0.3	45	-56.4638
0.3	45	46.5273
0.3	45	-38.9516
0.3	45	41.5311
0.3	45	-95.4232
0.3	45	-124.652
0.3	45	-60.554
0.3	45	-115.36
0.3	45	-86.8035
0.3	45	51.0842
0.3	45	94.8263
0.3	45	43.8628
0.3	45	-95.4393
0.3	45	-123.113
0.3	45	-158.992
0.3	45	-108.626
0.3	45	-177.184
0.3	45	123.55
0.3	45	39.6923
0.3	45	166.198
0.3	45	-113.418
0.3	45	-52.2911
0.3	45	-13.0279
0.3	45	-127.549
0.3	45	-77.172
0.3	45	2.04035
0.3	45	105.583
0.3	45	-107.544
0.3	45	75.0803
0.3	45	-22.4193
0.3	45	74.2342
0.3	45	-161.774
0.3	45	84.1256
0.3	45	3.00952
0.3	45	178.261
0.3	45	-92.7375
0.3	45	-30.282
0.3	45	45.0291
0.3	45	178.52
0.3	45	141.789
0.3	45	-91.877
0.3	45	104.5
0.3	45	-29.6805
0.3	45	14.8466
0.3	45	152.699
0.3	45	74.0741
0.3	45	-14.6962
0.3	45	-113.165
0.3	45	84.5881
0.3	45	-119.086
0.3	45	177.249
0.3	45	105.23
0.3	45	42.0165
0.3	45	49.2309
0.3	45	-34.5849
0.3	45	-43.3942
0.3	45	-152.08
0.3	45	146.195
0.3	45	-43.5078
0.3	45	132.604
0.3	45	-178.082
0.3	45	116.659
0.3	45	118.558
0.3	45	145.253
0.3	45	-119.818
0.3	45	-126.213
0.3	45	-11.469
0.3	45	-177.361
0.3	45	-42.933
0.3	45	-98.9639
0.3	45	-41.0456
0.3	45	71.1985
0.3	45	-54.7288
0.3	45	-55.5327
0.3	45	-178.27
0.3	45	-173.669
0.3	45	-30.0497
0.3	45	-13.051
0.3	45	-154.222
0.3	45	40.0871
0.3	45	51.1595
0.3	45	-114.323
0.3	45	102.858
0.3	45	-96.7007
0.3	45	-83.2626
0.3	45	-43.922
0.3	45	-102.165
0.3	45	113.478
0.3	45	-172.826
0.3	45	-49.7675
0.3	45	74.7576
0.3	45	-39.9004
0.3	45	-77.1633
0.3	45	-167.216
0.3	45	161.055
0.3	45	-157.296
0.3	45	-92.182
0.3	45	63.7374
0.3	45	-60.7028
0.3	45	100.337
0.3	45	24.3779
0.3	45	-28.9155
0.3	45	101.434
0.3	45	-169.787
0.3	45	77.0816
0.3	45	-65.9122
0.3	45	-59.5272
0.3	45	119.374
0.3	45	144.513
0.3	45	-95.9876
0.3	45	-112.095
0.3	45	17.8482
0.3	45	-149.701
0.3	45	-88.3081
0.3	45	-35.4062
0.3	45	-169.911
0.3	45	0.231469
0.3	45	120.719
0.3	45	131.22
0.3	45	-1.75198
0.3	45	72.4365
0.3	45	173.683
0.3	45	-41.7858
0.3	45	-141.492
0.3	45	-170.507
0.3	45	151.023
0.3	45	24.8334
0.3	45	7.26797
0.3	45	36.5808
0.3	45	113.995
0.3	45	25.4833
0.3	45	-21.6018
0.3	45	130.908
0.3	45	68.4942
0.3	45	-24.8015
0.3	45	9.83487
0.3	45	-101.613
0.3	45	-131.841
0.3	45	60.6819
0.3	45	-134.421
0.3	45	40.008
0.3	45	-56.6929
0.3	45	101.547
0.3	45	-70.3462
0.3	45	-107.513
0.3	45	-82.6102
0.3	45	-53.0507
0.3	45	153.169
0.3	45	-28.2749
0.3	45	-23.151
0.3	45	57.5079
0.3	45	161.4
0.3	45	15.6895
0.3	45	32.251
0.3	45	141.085
0.3	45	119.889
0.3	45	178.847
0.3	45	55.0395
0.3	45	87.5108
0.3	45	-115.204
0.3	45	-124.831
0.3	45	9.23669
0.3	45	-107.448
0.3	45	-113.226
0.3	45	136.353
0.3	45	38.6908
0.3	45	146.077
0.3	45	89.4226
0.3	45	-49.5514
0.3	45	90.6648
0.3	45	-136.214
0.3	45	-150.837
0.3	45	-35.8811
0.3	45	17.18
0.3	45	40.2463
0.3	45	11.1265
0.3	45	8.45195
0.3	45	-126.666
0.3	45	101.004
0.3	45	-11.5221
0.3	45	-141.491
0.3	45	-137.497
0.3	45	-25.7835
0.3	45	-167.707
0.3	45	111.579
0.3	45	-40.2987
0.3	45	-86.9324
0.3	45	19.5202
0.3	45	-44.9972
0.3	45	129.43
0.3	45	-18.2098
0.3	45	-67.0493
0.3	45	-124.575
0.3	45	-50.8182
0.3	45	-101.541
0.3	45	-130.391
0.3	45	-30.661
0.3	45	-108.74
0.3	45	41.3622
0.3	45	-23.2068
0.3	45	126.177
0.3	45	-58.847
0.3	45	-119.896
0.3	45	55.1789
0.3	45	-177.87
0.3	45	101.012
0.3	45	-168.058
0.3	45	-54.3554
0.3	45	175.343
0.3	45	143.707
0.3	45	141.606
0.3	45	128.29
0.3	45	71.3009
0.3	45	152.114
0.3	45	77.234
0.3	45	148.479
0.3	45	-52.4374
0.3	45	-145.263
0.3	45	83.6633
0.3	45	106.379
0.3	45	-156.078
0.3	45	14.2779
0.3	45	178.816
0.3	45	149.719
0.3	45	145.791
0.3	45	116.549
0.3	45	-51.0836
0.3	45	122.268
0.3	45	-156.069
0.3	45	84.6738
0.3	45	-123.668
0.3	45	165.655
0.3	45	11.5754
0.3	45	-161.826
0.3	45	-82.997
0.3	45	-141.137
0.3	45	-42.663
0.3	45	61.9195
0.3	45	-26.9143
0.3	45	-178.273
0.3	45	99.3889
0.3	45	-163.376
0.3	45	-165.08
0.3	45	-75.5688
0.3	45	0.899403
0.3	45	-53.8847
0.3	45	112.821
0.3	45	157.435
0.3	45	79.8046
0.3	45	-129.898
0.3	45	135.892
0.3	45	134.379
0.3	45	-48.9385
0.3	45	160.297
0.3	45	-146.341
0.3	45	-116.038
0.3	45	68.2134
0.3	45	-75.5934
0.3	45	-98.964
0.3	45	62.1008
0.3	45	-43.882
0.3	45	-163.974
0.3	45	-120.277
0.3	45	154.49
0.3	45	137.836
0.3	45	126.851
0.3	45	-21.1059
0.3	45	89.3085
0.3	45	-128.15
0.3	45	21.9095
0.3	45	-144.204
0.3	45	-68.295
0.3	45	33.9926
0.3	45	-63.0301
0.3	45	-82.8639
0.3	45	-151.619
0.3	45	-162.324
0.3	45	-55.7746
0.3	45	-148.831
0.3	45	-39.0256
0.3	45	-56.7851
0.3	45	64.9267
0.3	45	-95.7425
0.3	45	-51.6244
0.3	45	-156.962
0.3	45	60.9269
0.3	45	-148.762
0.3	45	-128.159
0.3	45	79.0931
0.3	45	33.0793
0.3	45	68.5202
0.3	45	170.574
0.3	45	-123.38
0.3	45	-65.3059
0.3	45	-89.1139
0.3	45	-113.803
0.3	45	175.623
0.3	45	-92.8414
0.3	45	94.5208
0.3	45	-45.6566
0.3	45	92.895
0.3	45	-54.0854
0.3	45	160.963
0.3	45	-99.8056
0.3	45	-144.601
0.3	45	16.4262
0.3	45	130.437
0.3	45	-97.8008
0.3	45	-0.82128
0.3	45	-99.3302
0.3	45	-60.4969
0.3	45	-77.7037
0.3	45	-32.922
0.3	45	169.749
0.3	45	34.7188
0.3	45	91.619
0.3	45	-155.727
0.3	45	-115.083
0.3	45	-175.337
0.3	45	-8.83034
0.3	45	100.671
0.3	45	173.95
0.3	45	-90.0643
0.3	45	-110.545
0.3	45	-6.29295
0.3	45	44.0803
0.3	45	-1.33179
0.3	45	-32.3808
0.3	45	51.4876
0.3	45	-130.255
0.3	45	60.1852
0.3	45	93.3874
0.3	45	-63.2311
0.3	45	-108.951
0.3	45	68.668
0.3	45	80.6793
0.3	45	116.658
0.3	45	34.2471
0.3	45	-53.309
0.3	45	25.3688
0.3	45	-69.8609
0.3	45	88.468
0.3	45	159.466
0.3	45	58.7659
0.3	45	-96.2593
0.3	45	-126.26
0.3	45	51.3124
0.3	45	-96.7078
0.3	45	-139.483
0.3	45	-24.8316
0.3	45	161.115
0.3	45	-22.46
0.3	45	-35.6436
0.3	45	-66.766
0.3	45	-11.889
0.3	45	153.329
0.3	45	-10.4448
0.3	45	23.1203
0.3	45	138.922
0.3	45	-121.225
0.3	45	45.9356
0.3	45	-36.5067
0.3	45	37.1229
0.3	45	-4.78989
0.3	45	-41.0564
0.3	45	172.191
0.3	45	75.6466
0.3	45	-25.3851
0.3	45	-151.052
0.3	45	-54.276
0.3	45	-117.807
0.3	45	28.0659
0.3	45	62.9964
0.3	45	-99.6511
0.3	45	-41.65
0.3	45	70.3783
0.3	45	-79.1682
0.3	45	119.235
0.3	45	-100.527
0.3	45	139.838
0.3	45	18.8107
0.3	45	-125.92
0.3	45	100.893
0.3	45	122.407
0.3	45	17.7429
0.3	45	-132.776
0.3	45	152.62
0.3	45	-15.6787
0.3	45	-49.4849
0.3	45	-74.9159
0.3	45	41.1736
0.3	45	110.291
0.3	45	-124.984
0.3	45	-95.6576
0.3	45	35.6051
0.3	45	19.3166
0.3	45	178.769
0.3	45	-178.921
0.3	45	26.4732
0.3	45	8.10231
0.3	45	21.1008
0.3	45	-136.418
0.3	45	-15.7938
0.3	45	-145.832
0.3	45	-23.7808
0.3	45	103.131
0.3	45	-64.7018
0.3	45	79.5814
0.3	45	-68.6935
0.3	45	-152.57
0.3	45	-38.0247
0.3	45	-138.557
0.3	45	-112.94
0.3	45	-18.8079
0.3	45	-2.88752
0.3	45	-141.719
0.3	45	-24.4729
0.3	45	-65.3059
0.3	45	-18.0697
0.3	45	174.175
0.3	45	147.377
0.3	45	156.386
0.3	45	-26.9588
0.3	45	84.7566
0.3	45	-60.5819
0.3	45	-43.1738
0.3	45	-10.5234
0.3	45	35.3922
0.3	45	114.242
0.3	45	-76.9237
0.3	45	113.191
0.3	45	-44.9062
0.3	45	-90.4675
0.3	45	-174.174
0.3	45	-91.4634
0.3	45	162.293
0.3	45	139.949
0.3	45	-61.2348
0.3	45	-83.4825
0.3	45	120.807
0.3	45	-19.6599
0.3	45	-1.53134
0.3	45	143.989
0.3	45	18.8227
0.3	45	98.984
0.3	45	-78.8518
0.3	45	-27.1088
0.3	45	-44.3603
0.3	45	-50.8574
0.3	45	-19.0808
0.3	45	-150.907
0.3	45	20.8134
0.3	45	-158.873
0.3	45	-137.661
0.3	45	10.205
0.3	45	-22.6468
0.3	45	-54.4986
0.3	45	25.5226
0.3	45	-160.7
0.3	45	33.1985
0.3	45	-139.445
0.3	45	-145.484
0.3	45	-3.06034
0.3	45	-169.953
0.3	45	-44.9107
0.3	45	-75.1693
0.3	45	12.2786
0.3	45	45.7292
0.3	45	103.224
0.3	45	78.8872
0.3	45	-138.947
0.3	45	-115.424
0.3	45	75.8774
0.3	45	-175.208
0.3	45	-153.288
0.3	45	-13.2286
0.3	45	139.445
0.3	45	-98.9571
0.3	45	39.5701
0.3	45	36.7975
0.3	45	-22.5059
0.3	45	-12.3696
0.3	45	-3.77824
0.3	45	173.77
0.3	45	-39.0072
0.3	45	-134.801
0.3	45	-42.0987
0.3	45	34.424
0.3	45	91.4523
0.3	45	-20.2022
0.3	45	-178.887
0.3	45	-48.5126
0.3	45	-11.5392
0.3	45	-50.8268
0.3	45	62.6398
0.3	45	-41.2956
0.3	45	79.9922
0.3	45	-10.2651
0.3	45	-20.1516
0.3	45	83.588
0.3	45	161.517
0.3	45	-175.888
0.3	45	56.115
0.3	45	-92.1422
0.3	45	98.0896
0.3	45	80.7017
0.3	45	-44.0955
0.3	45	-133.498
0.3	45	-22.7109
0.3	45	22.6586
0.3	45	-170.604
0.3	45	-22.6233
0.3	45	-56.2388
0.3	45	-17.4265
0.3	45	-110.223
0.3	45	-159.867
0.3	45	-55.4153
0.3	45	-12.7802
0.3	45	145.837
0.3	45	119.678
0.3	45	-163.594
0.3	45	-11.2091
0.3	45	-60.591
0.3	45	34.8256
0.3	45	118.49
0.3	45	105.777
0.3	45	19.688
0.3	45	22.0295
0.3	45	-172.752
0.3	45	-178.959
0.3	45	-23.3646
0.3	45	-102.894
0.3	45	-87.7672
0.3	45	-17.2183
0.3	45	-154.055
0.3	45	114.346
0.3	45	-22.6305
0.3	45	142.627
0.3	45	26.6789
0.3	45	-53.1726
0.3	45	34.4612
0.3	45	145.984
0.3	45	-39.3111
0.3	45	-135.613
0.3	45	-34.0801
0.3	45	-25.57
0.3	45	163.396
0.3	45	21.8706
0.3	45	-60.181
0.3	45	-67.7086
0.3	45	-129.879
0.3	45	-127.595
0.3	45	-20.353
0.3	45	-175.125
0.3	45	136.232
0.3	45	-168.101
0.3	45	47.8391
0.3	45	-156.665
0.3	45	-94.1983
0.3	45	116.546
0.3	45	73.9805
0.3	45	151.301
0.3	45	-102.338
0.3	45	-33.705
0.3	45	-165.053
0.3	45	130.984
0.3	45	66.4714
0.3	45	126.224
0.3	45	157.424
0.3	45	-70.8167
0.3	45	-82.7808
0.3	45	59.4489
0.3	45	-28.6469
0.3	45	7.78059
0.3	45	-157.726
0.3	45	101.824
0.3	45	-89.6137
0.3	45	-40.2679
0.3	45	21.1391
0.3	45	-55.3585
0.3	45	-99.219
0.3	45	-12.8985
0.3	45	-96.3282
0.3	45	57.6238
0.3	45	178.504
0.3	45	-99.0358
0.3	45	128.822
0.3	45	138.129
0.3	45	72.9488
0.3	45	123.684
0.3	45	31.3625
0.3	45	83.3422
0.3	45	88.4107
0.3	45	176.493
0.3	45	12.3368
0.3	45	-8.02511
0.3	45	88.2377
0.3	45	-153.625
0.3	45	171.128
0.3	45	-149.938
0.3	45	58.0845
0.3	45	-66.0796
0.3	45	-104.257
0.3	45	-19.6779
0.3	45	-166.271
0.3	45	-171.18
0.3	45	46.6673
0.3	45	-141.49
0.3	45	144.462
0.3	45	-129.579
0.3	45	76.6911
0.3	45	-78.8344
0.3	45	138.718
0.3	45	-18.8545
0.3	45	13.1794
0.3	45	101.986
0.3	45	-142.444
0.3	45	21.0698
0.3	45	-170.275
0.3	45	118.352
0.3	45	91.5982
0.3	45	-17.6116
0.3	45	-122.519
0.3	45	110.862
0.3	45	47.4816
0.3	45	-78.2684
0.3	45	-35.8367
0.3	45	151.522
0.3	45	127.825
0.3	45	-173.482
0.3	45	-171.635
0.3	45	-35.6779
0.3	45	179.27
0.3	45	-126.408
0.3	45	-165.262
0.3	45	176.688
0.3	45	120.337
0.3	45	-13.446
0.3	45	-77.0329
0.3	45	-24.0855
0.3	45	-65.3996
0.3	45	-11.6385
0.3	45	-155.502
0.3	45	-86.3528
0.3	45	23.3415
0.3	45	132.521
0.3	45	-164.359
0.3	45	28.423
0.3	45	-92.0334
0.3	45	152.378
0.3	45	135.559
0.3	45	154.336
0.3	45	94.6282
0.3	45	-55.5824
0.3	45	-98.176
0.3	45	88.5792
0.3	45	171.072
0.3	45	-145.4
0.3	45	-119.141
0.3	45	-56.2863
0.3	45	-138.629
0.3	45	-22.6577
0.3	45	-153.239
0.3	45	-16.5266
0.3	45	2.90013
0.3	45	16.2506
0.3	45	-155.824
0.3	45	32.5915
0.3	45	-174.265
0.3	45	131.461
0.3	45	-111.8
0.3	45	-86.1231
0.3	45	1.02573
0.3	45	158.601
0.3	45	-60.9675
0.3	45	151.79
0.3	45	-69.4329
0.3	45	53.8483
0.3	45	108.266
0.3	45	-14.592
0.3	45	175.419
0.3	45	168.203
0.3	45	51.338
0.3	45	-79.9306
0.3	45	-37.0885
0.3	45	4.45216
0.3	45	123.821
0.3	45	-104.64
0.3	45	-122.362
0.3	45	-134.743
0.3	45	-3.23041
0.3	45	-45.284
0.3	45	-4.58969
0.3	45	1.38306
0.3	45	157.075
0.3	45	-39.4867
0.3	45	56.242
0.3	45	18.8994
0.3	45	-41.7589
0.3	45	179.094
0.3	45	174.504
0.3	45	61.0515
0.3	45	18.1289
0.3	45	157.506
0.3	45	56.0382
0.3	45	111.907
0.3	45	-123.13
0.3	45	-20.8557
0.3	45	-97.7016
0.3	45	41.0638
0.3	45	50.013
0.3	45	-83.8697
0.3	45	132.059
0.3	45	5.39695
0.3	45	171.552
0.3	45	56.79
0.3	45	-165.293
0.3	45	149.807
0.3	45	-152.754
0.3	45	-18.7587
0.3	45	-145.261
0.3	45	74.5342
0.3	45	-170.51
0.3	45	79.1229
0.3	45	23.9704
0.3	45	-35.3033
0.3	45	121.18
0.3	45	-86.2585
0.3	45	-14.0428
0.3	45	152.564
0.3	45	-80.7661
0.3	45	18.5725
0.3	45	101.536
0.3	45	9.17457
0.3	45	90.3381
0.3	45	150.469
0.3	45	-130.162
0.3	45	155.329
0.3	45	13.3833
0.3	45	74.7577
0.3	45	-134.069
0.3	45	-68.2676
0.3	45	163.465
0.3	45	135.595
0.3	45	132.621
0.3	45	66.8511
0.3	45	121.402
0.3	45	-179.05
0.3	45	-128.262
0.3	45	-61.055
0.3	45	-172.561
0.3	45	-159.766
0.3	45	-89.3453
0.3	45	-125.415
0.3	45	107.615
0.3	45	161.811
0.3	45	54.8578
0.3	45	-138.114
0.3	45	154.233
0.3	45	136.621
0.3	45	54.9738
0.3	45	-62.6524
0.3	45	8.05888
0.3	45	-150.772
0.3	45	28.3686
0.3	45	7.04865
0.3	45	149.813
0.3	45	-10.1314
0.3	45	-57.8679
0.3	45	59.4478
0.3	45	-19.3153
0.3	45	-44.6872
0.3	45	103.828
0.3	45	-161.651
0.3	45	121.684
0.3	45	-0.233657
0.3	45	21.7914
0.3	45	20.0137
0.3	45	96.4837
0.3	45	114.92
0.3	45	-106.141
0.3	45	147.695
0.3	45	-23.1975
0.3	45	158.593
0.3	45	93.0642
0.3	45	-128.249
0.3	45	-129.243
0.3	45	168.766
0.3	45	97.0805
0.3	45	99.2372
0.3	45	115.685
0.3	45	-134.085
0.3	45	-88.0114
0.3	45	-167.922
0.3	45	-43.5993
0.3	45	140.33
0.3	45	80.6474
0.3	45	136.963
0.3	45	70.5843
0.3	45	119.457
0.3	45	-87.1611
0.3	45	151.498
0.3	45	100.67
0.3	45	-78.8224
0.3	45	160.446
0.3	45	-61.9118
0.3	45	-17.2797
0.3	45	-70.1688
0.25	-45	78.0394
0.25	-45	134.628
0.25	-45	108.179
0.25	-45	43.123
0.25	-45	-85.3352
0.25	-45	-139.815
0.25	-45	-23.0632
0.25	-45	-86.3185
0.25	-45	23.3433
0.25	-45	68.3088
0.25	-45	148.98
0.25	-45	42.6086
0.25	-45	-1.69617
0.25	-45	58.0751
0.25	-45	45.607
0.25	-45	28.3886
0.25	-45	9.24939
0.25	-45	-166.551
0.25	-45	-178.47
0.25	-45	-176.602
0.25	-45	-108.329
0.25	-45	-83.5037
0.25	-45	26.5635
0.25	-45	171.123
0.25	-45	-116.335
0.25	-45	146.578
0.25	-45	135.525
0.25	-45	29.0472
0.25	-45	-131.999
0.25	-45	176.361
0.25	-45	161.63
0.25	-45	5.08394
0.25	-45	-78.6299
0.25	-45	127.365
0.25	-45	-114.983
0.25	-45	-9.73979
0.25	-45	-9.51893
0.25	-45	35.1199
0.25	-45	-148.778
0.25	-45	-34.0274
0.25	-45	57.7107
0.25	-45	127.623
0.25	-45	-142.171
0.25	-45	151.58
0.25	-45	-178.074
0.25	-45	40.4032
0.25	-45	178.159
0.25	-45	10.8056
0.25	-45	-2.77972
0.25	-45	145.056
0.25	-45	96.8591
0.25	-45	-72.0689
0.25	-45	-69.921
0.25	-45	121.811
0.25	-45	51.161
0.25	-45	-131.03
0.25	-45	62.353
0.25	-45	89.8941
0.25	-45	-154.911
0.25	-45	43.72
0.25	-45	157.279
0.25	-45	116.522
0.25	-45	54.9758
0.25	-45	-175.122
0.25	-45	-43.1206
0.25	-45	29.377
0.25	-45	81.6629
0.25	-45	-84.628
0.25	-45	-2.67182
0.25	-45	7.27015
0.25	-45	-25.1798
0.25	-45	48.3921
0.25	-45	1.29032
0.25	-45	-19.7594
0.25	-45	-57.7312
0.25	-45	-166.274
0.25	-45	-110.58
0.25	-45	-121.873
0.25	-45	145.3
0.25	-45	-63.8659
0.25	-45	158.728
0.25	-45	177.517
0.25	-45	48.481
0.25	-45	-35.852
0.25	-45	-64.0633
0.25	-45	89.5348
0.25	-45	31.5907
0.25	-45	-32.9113
0.25	-45	61.8279
0.25	-45	170.763
0.25	-45	-47.2802
0.25	-45	-149.861
0.25	-45	90.3647
0.25	-45	-60.8961
0.25	-45	161.4
0.25	-45	49.0211
0.25	-45	-101.212
0.25	-45	42.7768
0.25	-45	-110.579
0.25	-45	104.853
0.25	-45	49.0126
0.25	-45	86.3528
0.25	-45	16.457
0.25	-45	-158.944
0.25	-45	157.347
0.25	-45	69.1126
0.25	-45	-117.814
0.25	-45	92.7106
0.25	-45	-161.755
0.25	-45	-72.6285
0.25	-45	46.4879
0.25	-45	126.603
0.25	-45	137.839
0.25	-45	99.8582
0.25	-45	-98.3705
0.25	-45	89.8916
0.25	-45	-118.333
0.25	-45	-161.343
0.25	-45	-21.2317
0.25	-45	-9.1713
0.25	-45	103.392
0.25	-45	-30.2279
0.25	-45	-146.981
0.25	-45	51.257
0.25	-45	120.649
0.25	-45	113.799
0.25	-45	87.5282
0.25	-45	-172.942
0.25	-45	52.7109
0.25	-45	-145.805
0.25	-45	-166.918
0.25	-45	-125.507
0.25	-45	-147.873
0.25	-45	-82.8594
0.25	-45	52.7776
0.25	-45	-79.7982
0.25	-45	109.573
0.25	-45	98.498
0.25	-45	-49.4752
0.25	-45	110.617
0.25	-45	-79.014
0.25	-45	-88.6376
0.25	-45	0.54116
0.25	-45	-138.276
0.25	-45	-1.1937
0.25	-45	-69.6529
0.25	-45	-120.387
0.25	-45	-73.7822
0.25	-45	60.2134
0.25	-45	172.366
0.25	-45	47.9508
0.25	-45	-27.9203
0.25	-45	41.4823
0.25	-45	-116.131
0.25	-45	-60.9346
0.25	-45	-86.227
0.25	-45	-47.9884
0.25	-45	3.56136
0.25	-45	146.672
0.25	-45	-163.111
0.25	-45	131.519
0.25	-45	162.993
0.25	-45	-87.8842
0.25	-45	-140.632
0.25	-45	-151.004
0.25	-45	-156.673
0.25	-45	120.796
0.25	-45	-83.3685
0.25	-45	-81.8796
0.25	-45	-158.1
0.25	-45	78.3863
0.25	-45	94.6981
0.25	-45	-11.6478
0.25	-45	64.0034
0.25	-45	-30.3449
0.25	-45	-45.3055
0.25	-45	117.567
0.25	-45	-109.714
0.25	-45	91.4496
0.25	-45	-54.0102
0.25	-45	-3.79913
0.25	-45	24.2584
0.25	-45	-50.2532
0.25	-45	29.5965
0.25	-45	-168.124
0.25	-45	-148.95
0.25	-45	37.3073
0.25	-45	66.3235
0.25	-45	78.7084
0.25	-45	-103.697
0.25	-45	-120.289
0.25	-45	170.143
0.25	-45	143.459
0.25	-45	36.4802
0.25	-45	-88.5546
0.25	-45	32.9144
0.25	-45	168.171
0.25	-45	-13.4191
0.25	-45	-143.303
0.25	-45	150.663
0.25	-45	-88.7753
0.25	-45	17.3829
0.25	-45	108.926
0.25	-45	-97.7424
0.25	-45	38.974
0.25	-45	-106.3
0.25	-45	50.1278
0.25	-45	-88.7766
0.25	-45	32.2266
0.25	-45	140.222
0.25	-45	170.03
0.25	-45	13.8995
0.25	-45	11.3667
0.25	-45	173.905
0.25	-45	-169.061
0.25	-45	128.341
0.25	-45	-63.8172
0.25	-45	95.4051
0.25	-45	106.946
0.25	-45	66.5897
0.25	-45	125.202
0.25	-45	42.8875
0.25	-45	-49.3971
0.25	-45	148.04
0.25	-45	10.8542
0.25	-45	55.3035
0.25	-45	-153.464
0.25	-45	135.081
0.25	-45	122.615
0.25	-45	148.092
0.25	-45	30.3823
0.25	-45	-18.0015
0.25	-45	-116.969
0.25	-45	-165.691
0.25	-45	-5.3334
0.25	-45	159.001
0.25	-45	-92.1341
0.25	-45	-92.792
0.25	-45	29.197
0.25	-45	-83.2472
0.25	-45	-136.038
0.25	-45	-69.3858
0.25	-45	1.45255
0.25	-45	-56.9448
0.25	-45	124.011
0.25	-45	-62.8023
0.25	-45	-30.0783
0.25	-45	107.15
0.25	-45	49.0387
0.25	-45	-28.6782
0.25	-45	-107.042
0.25	-45	-40.4573
0.25	-45	-18.7283
0.25	-45	-23.8973
0.25	-45	-169.543
0.25	-45	-157.32
0.25	-45	-95.1379
0.25	-45	19.8319
0.25	-45	73.7861
0.25	-45	-172.072
0.25	-45	-132.12
0.25	-45	22.4464
0.25	-45	155.028
0.25	-45	-158.265
0.25	-45	96.6847
0.25	-45	37.9316
0.25	-45	14.3694
0.25	-45	-33.0629
0.25	-45	-137.196
0.25	-45	103.098
0.25	-45	173.165
0.25	-45	-42.0486
0.25	-45	58.9331
0.25	-45	144.197
0.25	-45	-7.70499
0.25	-45	-3.08739
0.25	-45	79.8154
0.25	-45	-154.907
0.25	-45	48.8283
0.25	-45	-170.238
0.25	-45	52.3539
0.25	-45	-124.073
0.25	-45	-33.9835
0.25	-45	6.07764
0.25	-45	-139.504
0.25	-45	110.754
0.25	-45	-58.3805
0.25	-45	-154.107
0.25	-45	115.828
0.25	-45	-152.431
0.25	-45	-11.7077
0.25	-45	70.4174
0.25	-45	-35.9549
0.25	-45	-161.553
0.25	-45	157.931
0.25	-45	74.1763
0.25	-45	-172.251
0.25	-45	-96.1969
0.25	-45	39.9696
0.25	-45	-165.307
0.25	-45	-149.683
0.25	-45	41.7607
0.25	-45	76.5848
0.25	-45	159.957
0.25	-45	129.152
0.25	-45	-127.313
0.25	-45	1.78223
0.25	-45	-114.564
0.25	-45	0.0433599
0.25	-45	42.7482
0.25	-45	-178.964
0.25	-45	105.322
0.25	-45	-114.136
0.25	-45	136.051
0.25	-45	-127.74
0.25	-45	-94.7739
0.25	-45	-130.815
0.25	-45	16.3547
0.25	-45	-163.117
0.25	-45	-67.4334
0.25	-45	14.6392
0.25	-45	30.6639
0.25	-45	113.824
0.25	-45	-60.3746
0.25	-45	-170.237
0.25	-45	166.825
0.25	-45	56.7814
0.25	-45	11.5641
0.25	-45	-91.1708
0.25	-45	-143.04
0.25	-45	54.0136
0.25	-45	-135.521
0.25	-45	78.4225
0.25	-45	-114.885
0.25	-45	25.8016
0.25	-45	-59.6634
0.25	-45	46.4486
0.25	-45	-149.658
0.25	-45	-14.3624
0.25	-45	64.1786
0.25	-45	54.9264
0.25	-45	72.5097
0.25	-45	-135.906
0.25	-45	-135.447
0.25	-45	-18.7005
0.25	-45	-18.195
0.25	-45	-7.04586
0.25	-45	152.686
0.25	-45	6.31606
0.25	-45	49.3595
0.25	-45	-163.963
0.25	-45	49.863
0.25	-45	117.583
0.25	-45	-70.0953
0.25	-45	-5.00463
0.25	-45	-92.8673
0.25	-45	-79.7203
0.25	-45	142.051
0.25	-45	-7.97671
0.25	-45	-64.3028
0.25	-45	-94.7639
0.25	-45	-105.994
0.25	-45	-151.533
0.25	-45	64.9427
0.25	-45	-75.2088
0.25	-45	-69.2617
0.25	-45	67.7743
0.25	-45	-75.6522
0.25	-45	96.8861
0.25	-45	32.5159
0.25	-45	-109.956
0.25	-45	-118.861
0.25	-45	-66.8035
0.25	-45	-107.925
0.25	-45	-49.1124
0.25	-45	-159.981
0.25	-45	117.057
0.25	-45	-41.3879
0.25	-45	-24.089
0.25	-45	113.839
0.25	-45	-73.7462
0.25	-45	82.386
0.25	-45	29.9211
0.25	-45	32.5753
0.25	-45	40.6415
0.25	-45	-82.887
0.25	-45	152.718
0.25	-45	-102.504
0.25	-45	30.3928
0.25	-45	-104.234
0.25	-45	179.353
0.25	-45	152.441
0.25	-45	108.463
0.25	-45	-103.945
0.25	-45	165.668
0.25	-45	-6.90374
0.25	-45	-82.7878
0.25	-45	179.394
0.25	-45	96.1675
0.25	-45	-56.2137
0.25	-45	141.312
0.25	-45	-166.886
0.25	-45	174.851
0.25	-45	144.7
0.25	-45	-5.92687
0.25	-45	-79.9441
0.25	-45	-121.291
0.25	-45	94.6872
0.25	-45	-101.188
0.25	-45	-35.24
0.25	-45	-1.44874
0.25	-45	146.524
0.25	-45	-43.5114
0.25	-45	-116.476
0.25	-45	-113.219
0.25	-45	-158.027
0.25	-45	-33.5478
0.25	-45	22.6314
0.25	-45	-49.9395
0.25	-45	140.568
0.25	-45	43.6435
0.25	-45	-14.6314
0.25	-45	6.05305
0.25	-45	165.063
0.25	-45	-124.045
0.25	-45	130.926
0.25	-45	155.971
0.25	-45	142.191
0.25	-45	21.5511
0.25	-45	-73.5406
0.25	-45	-99.4105
0.25	-45	-11.1005
0.25	-45	-1.21691
0.25	-45	145.655
0.25	-45	-29.9182
0.25	-45	-148.011
0.25	-45	167.226
0.25	-45	-29.8825
0.25	-45	169.705
0.25	-45	-11.6614
0.25	-45	123.704
0.25	-45	-44.8077
0.25	-45	174.386
0.25	-45	-99.4259
0.25	-45	-45.4379
0.25	-45	21.2996
0.25	-45	-32.6836
0.25	-45	95.4598
0.25	-45	-125.487
0.25	-45	79.9593
0.25	-45	-39.4154
0.25	-45	-158.626
0.25	-45	-169.221
0.25	-45	-151.359
0.25	-45	-146.174
0.25	-45	18.1431
0.25	-45	-178.496
0.25	-45	-19.6125
0.25	-45	136.868
0.25	-45	-41.0221
0.25	-45	-44.0306
0.25	-45	-88.3188
0.25	-45	90.892
0.25	-45	47.5056
0.25	-45	-142.015
0.25	-45	110.636
0.25	-45	53.0196
0.25	-45	-112.166
0.25	-45	38.5043
0.25	-45	105.283
0.25	-45	20.4676
0.25	-45	129.564
0.25	-45	151.728
0.25	-45	34.723
0.25	-45	-0.568864
0.25	-45	36.8904
0.25	-45	-81.3192
0.25	-45	-154.701
0.25	-45	-30.4533
0.25	-45	-74.2415
0.25	-45	-130.123
0.25	-45	119.463
0.25	-45	160.77
0.25	-45	19.3531
0.25	-45	-25.797
0.25	-45	168.772
0.25	-45	-166.065
0.25	-45	-60.3174
0.25	-45	10.2525
0.25	-45	112.865
0.25	-45	64.9066
0.25	-45	-113.83
0.25	-45	168.779
0.25	-45	-38.05
0.25	-45	109.087
0.25	-45	-110.762
0.25	-45	116.223
0.25	-45	88.073
0.25	-45	98.1154
0.25	-45	99.0623
0.25	-45	11.5597
0.25	-45	17.616
0.25	-45	-118.861
0.25	-45	-124.609
0.25	-45	-174.471
0.25	-45	12.1976
0.25	-45	139.058
0.25	-45	52.1094
0.25	-45	45.1727
0.25	-45	-169.942
0.25	-45	-114.791
0.25	-45	94.6826
0.25	-45	-143.286
0.25	-45	129.615
0.25	-45	127.369
0.25	-45	163.039
0.25	-45	-83.92
0.25	-45	-137.412
0.25	-45	-8.35032
0.25	-45	-51.4458
0.25	-45	166.422
0.25	-45	161.691
0.25	-45	128.448
0.25	-45	-17.812
0.25	-45	80.1445
0.25	-45	4.3357
0.25	-45	90.1446
0.25	-45	-119.331
0.25	-45	-69.5104
0.25	-45	-138.034
0.25	-45	-96.9466
0.25	-45	-168.02
0.25	-45	19.6156
0.25	-45	-27.092
0.25	-45	-120.271
0.25	-45	-98.1976
0.25	-45	38.5849
0.25	-45	156.225
0.25	-45	127.678
0.25	-45	-23.4128
0.25	-45	94.3461
0.25	-45	-111.125
0.25	-45	-103.88
0.25	-45	146.047
0.25	-45	-111.285
0.25	-45	123.772
0.25	-45	77.4603
0.25	-45	-139.875
0.25	-45	-170.401
0.25	-45	107.003
0.25	-45	-116.828
0.25	-45	40.7433
0.25	-45	-1.7485
0.25	-45	-40.8654
0.25	-45	154.833
0.25	-45	-131.138
0.25	-45	-93.7097
0.25	-45	-46.6391
0.25	-45	-129.61
0.25	-45	-116.208
0.25	-45	100.682
0.25	-45	55.4958
0.25	-45	-19.1533
0.25	-45	84.6061
0.25	-45	-135.632
0.25	-45	158.918
0.25	-45	43.5518
0.25	-45	128.821
0.25	-45	120.983
0.25	-45	65.705
0.25	-45	-7.32711
0.25	-45	-48.8205
0.25	-45	89.3942
0.25	-45	-4.36036
0.25	-45	-10.4233
0.25	-45	40.5029
0.25	-45	-145.753
0.25	-45	-134.491
0.25	-45	30.4899
0.25	-45	10.5456
0.25	-45	7.31449
0.25	-45	179.651
0.25	-45	-23.5007
0.25	-45	74.6661
0.25	-45	172.817
0.25	-45	145.388
0.25	-45	-13.4075
0.25	-45	-1.90615
0.25	-45	-1.12599
0.25	-45	25.7288
0.25	-45	-36.6096
0.25	-45	-50.3417
0.25	-45	-108.464
0.25	-45	58.9179
0.25	-45	86.2544
0.25	-45	-167.666
0.25	-45	-17.5208
0.25	-45	-101.015
0.25	-45	-160.629
0.25	-45	-160.858
0.25	-45	-116.513
0.25	-45	-136.525
0.25	-45	155.52
0.25	-45	75.1546
0.25	-45	112.673
0.25	-45	-79.3151
0.25	-45	94.742
0.25	-45	-1.45987
0.25	-45	-149.755
0.25	-45	-124.535
0.25	-45	-165.046
0.25	-45	32.8274
0.25	-45	-57.9629
0.25	-45	13.3211
0.25	-45	176.029
0.25	-45	141.921
0.25	-45	-8.42644
0.25	-45	-167.873
0.25	-45	17.9574
0.25	-45	120.16
0.25	-45	66.9204
0.25	-45	59.7478
0.25	-45	-56.7857
0.25	-45	176.541
0.25	-45	-74.9261
0.25	-45	121.86
0.25	-45	129.32
0.25	-45	125.805
0.25	-45	-153.313
0.25	-45	-30.4393
0.25	-45	-33.4413
0.25	-45	37.9792
0.25	-45	98.9764
0.25	-45	2.94515
0.25	-45	107.664
0.25	-45	-86.0677
0.25	-45	-58.321
0.25	-45	-4.70561
0.25	-45	2.88373
0.25	-45	61.6419
0.25	-45	-32.2454
0.25	-45	-46.5456
0.25	-45	116.427
0.25	-45	99.4123
0.25	-45	-110.402
0.25	-45	-101.899
0.25	-45	-160.02
0.25	-45	-84.505
0.25	-45	163.539
0.25	-45	-114.319
0.25	-45	171.799
0.25	-45	-68.1907
0.25	-45	-44.6199
0.25	-45	-141.174
0.25	-45	-167.27
0.25	-45	170.637
0.25	-45	167.711
0.25	-45	-23.1539
0.25	-45	-134.91
0.25	-45	-49.0052
0.25	-45	153.597
0.25	-45	-63.2643
0.25	-45	-7.23402
0.25	-45	81.9646
0.25	-45	-144.853
0.25	-45	43.1354
0.25	-45	148.783
0.25	-45	-179.024
0.25	-45	89.1484
0.25	-45	80.3629
0.25	-45	-123.052
0.25	-45	98.7048
0.25	-45	85.4855
0.25	-45	-69.2623
0.25	-45	-5.02622
0.25	-45	-108.713
0.25	-45	71.0816
0.25	-45	115.45
0.25	-45	-109.712
0.25	-45	179.148
0.25	-45	-150.647
0.25	-45	74.925
0.25	-45	-77.9503
0.25	-45	-26.6226
0.25	-45	-15.7432
0.25	-45	-7.86545
0.25	-45	154.445
0.25	-45	169.161
0.25	-45	17.0236
0.25	-45	50.7842
0.25	-45	113.36
0.25	-45	147.655
0.25	-45	-119.09
0.25	-45	-158.823
0.25	-45	-46.3107
0.25	-45	-113.865
0.25	-45	40.0894
0.25	-45	-81.5555
0.25	-45	-159.391
0.25	-45	141.472
0.25	-45	53.1869
0.25	-45	-108.191
0.25	-45	36.22
0.25	-45	-98.5682
0.25	-45	-111.177
0.25	-45	27.9906
0.25	-45	-53.4831
0.25	-45	-129.854
0.25	-45	135.182
0.25	-45	117.519
0.25	-45	-53.7369
0.25	-45	-20.004
0.25	-45	-43.3133
0.25	-45	131.777
0.25	-45	-88.9004
0.25	-45	179.081
0.25	-45	174.398
0.25	-45	-58.5006
0.25	-45	-56.8091
0.25	-45	-83.646
0.25	-45	-32.4233
0.25	-45	153.704
0.25	-45	-115.943
0.25	-45	-135.229
0.25	-45	92.495
0.25	-45	106.772
0.25	-45	9.11652
0.25	-45	-157.122
0.25	-45	143.866
0.25	-45	22.8471
0.25	-45	49.8052
0.25	-45	-128.288
0.25	-45	107.882
0.25	-45	-179.019
0.25	-45	-119.411
0.25	-45	-31.5407
0.25	-45	-73.7747
0.25	-45	-159.69
0.25	-45	-99.2547
0.25	-45	68.8696
0.25	-45	-133.797
0.25	-45	136.941
0.25	-45	-145.445
0.25	-45	177.702
0.25	-45	-55.8743
0.25	-45	-78.3
0.25	-45	104.02
0.25	-45	4.07555
0.25	-45	-105.465
0.25	-45	89.033
0.25	-45	-39.2673
0.25	-45	-159.897
0.25	-45	-100.245
0.25	-45	-45.1747
0.25	-45	49.6785
0.25	-45	84.6384
0.25	-45	27.1229
0.25	-45	107.72
0.25	-45	-90.6704
0.25	-45	-16.7261
0.25	-45	4.53131
0.25	-45	34.065
0.25	-45	37.7696
0.25	-45	35.4845
0.25	-45	-146.509
0.25	-45	-86.0821
0.25	-45	-56.5786
0.25	-45	17.024
0.25	-45	70.2239
0.25	-45	75.0199
0.25	-45	40.8921
0.25	-45	132.009
0.25	-45	142.563
0.25	-45	15.1931
0.25	-45	-42.5272
0.25	-45	47.5453
0.25	-45	-108.86
0.25	-45	166.966
0.25	-45	66.7665
0.25	-45	56.171
0.25	-45	-117.506
0.25	-45	16.0779
0.25	-45	-171.234
0.25	-45	178.016
0.25	-45	69.3751
0.25	-45	0.496966
0.25	-45	111.669
0.25	-45	38.5611
0.25	-45	21.4555
0.25	-45	-158.81
0.25	-45	-0.876741
0.25	-45	-53.127
0.25	-45	-164.176
0.25	-45	-132.555
0.25	-45	139.12
0.25	-45	112.688
0.25	-45	-43.052
0.25	-45	-160.371
0.25	-45	113.478
0.25	-45	169.641
