pol	setting	phi
0.3	45	-73.5785
0.3	45	149.35
0.3	45	151.465
0.3	45	-129.457
0.3	45	150.168
0.3	45	-163.303
0.3	45	-131.879
0.3	45	40.8574
0.3	45	133.297
0.3	45	-69.9991
0.3	45	124.31
0.3	45	-63.4848
0.3	45	-160.061
0.3	45	79.5867
0.3	45	55.4408
0.3	45	18.8578
0.3	45	99.5422
0.3	45	-65.1442
0.3	45	82.8082
0.3	45	167.905
0.3	45	-108.659
0.3	45	-134.733
0.3	45	-81.8237
0.3	45	160.469
0.3	45	-149.557
0.3	45	34.0782
0.3	45	-179.779
0.3	45	20.5789
0.3	45	8.90126
0.3	45	-163.135
0.3	45	34.449
0.3	45	-1.39866
0.3	45	40.0954
0.3	45	148.106
0.3	45	82.5322
0.3	45	-94.9886
0.3	45	150.16
0.3	45	167.415
0.3	45	-127.833
0.3	45	-40.3608
0.3	45	170.807
0.3	45	101.58
0.3	45	-152.411
0.3	45	-74.0924
0.3	45	-111.449
0.3	45	141.655
0.3	45	77.1543
0.3	45	-15.3575
0.3	45	-138.228
0.3	45	102.784
0.3	45	139.176
0.3	45	-161.232
0.3	45	-179.894
0.3	45	35.4659
0.3	45	164.148
0.3	45	22.7226
0.3	45	37.6641
0.3	45	-151.916
0.3	45	157.184
0.3	45	171.081
0.3	45	4.01721
0.3	45	-167.474
0.3	45	3.07541
0.3	45	-84.1001
0.3	45	-12.2874
0.3	45	-24.6566
0.3	45	-12.5849
0.3	45	66.3785
0.3	45	50.4454
0.3	45	17.0916
0.3	45	23.9169
0.3	45	-14.3305
0.3	45	49.9596
0.3	45	50.2269
0.3	45	-110.476
0.3	45	-148.769
0.3	45	-57.2187
0.3	45	100.054
0.3	45	-170.637
0.3	45	18.3241
0.3	45	-69.0107
0.3	45	-79.6053
0.3	45	110.595
0.3	45	151.023
0.3	45	100.08
0.3	45	-116.366
0.3	45	-116.552
0.3	45	-107.84
0.3	45	132.598
0.3	45	107.293
0.3	45	138.534
0.3	45	-19.6907
0.3	45	64.8021
0.3	45	-42.0517
0.3	45	93.2495
0.3	45	112.501
0.3	45	139.438
0.3	45	-166.26
0.3	45	-136.438
0.3	45	27.071
0.3	45	59.772
0.3	45	140.767
0.3	45	-62.393
0.3	45	-141.454
0.3	45	-7.72359
0.3	45	-159.946
0.3	45	119.633
0.3	45	-67.7497
0.3	45	169.011
0.3	45	-66.0534
0.3	45	134.76
0.3	45	32.218
0.3	45	64.4678
0.3	45	34.4096
0.3	45	-178.233
0.3	45	129.688
0.3	45	-134.788
0.3	45	173.586
0.3	45	152.353
0.3	45	178.419
0.3	45	-32.7456
0.3	45	-39.3572
0.3	45	-100.905
0.3	45	-120.766
0.3	45	-133.722
0.3	45	-137.979
0.3	45	28.9541
0.3	45	-69.6079
0.3	45	-166.105
0.3	45	-77.4866
0.3	45	-165.342
0.3	45	-59.3723
0.3	45	-175.104
0.3	45	-121.195
0.3	45	-79.8668
0.3	45	-149.887
0.3	45	61.1597
0.3	45	59.8212
0.3	45	9.13755
0.3	45	-45.5259
0.3	45	-71.5635
0.3	45	-135.056
0.3	45	128.118
0.3	45	85.2832
0.3	45	14.6526
0.3	45	19.6298
0.3	45	47.2558
0.3	45	-83.1836
0.3	45	-34.0624
0.3	45	84.9241
0.3	45	-126.195
0.3	45	-150.667
0.3	45	-72.4924
0.3	45	-96.6423
0.3	45	132.63
0.3	45	8.72108
0.3	45	-173.745
0.3	45	-48.6778
0.3	45	-134.721
0.3	45	-28.4342
0.3	45	-176.37
0.3	45	142.946
0.3	45	63.9323
0.3	45	72.3511
0.3	45	4.26365
0.3	45	-92.5406
0.3	45	33.1314
0.3	45	-77.6541
0.3	45	-61.185
0.3	45	-132.549
0.3	45	-105.79
0.3	45	-21.3947
0.3	45	3.37417
0.3	45	55.5706
0.3	45	8.40528
0.3	45	-14.6612
0.3	45	-100.84
0.3	45	32.0518
0.3	45	12.6975
0.3	45	-101.6
0.3	45	56.3718
0.3	45	-102.29
0.3	45	75.7092
0.3	45	-117.179
0.3	45	-158.535
0.3	45	164.509
0.3	45	-153.975
0.3	45	33.5639
0.3	45	158.413
0.3	45	11.8211
0.3	45	-84.3202
0.3	45	-139.272
0.3	45	140.698
0.3	45	-46.7263
0.3	45	-92.9158
0.3	45	79.8604
0.3	45	160.066
0.3	45	108.938
0.3	45	140.724
0.3	45	-98.2408
0.3	45	-25.601
0.3	45	49.0628
0.3	45	120.966
0.3	45	56.9187
0.3	45	-97.9413
0.3	45	69.8238
0.3	45	-78.389
0.3	45	166.377
0.3	45	123.717
0.3	45	-108.647
0.3	45	107.858
0.3	45	83.8003
0.3	45	-140.731
0.3	45	69.4614
0.3	45	-2.40148
0.3	45	87.7399
0.3	45	-93.3261
0.3	45	-171.667
0.3	45	-166.842
0.3	45	-9.61234
0.3	45	85.9968
0.3	45	-103.968
0.3	45	-101.867
0.3	45	137.664
0.3	45	39.0509
0.3	45	96.129
0.3	45	78.0736
0.3	45	-89.5235
0.3	45	-148.854
0.3	45	105.533
0.3	45	-129.132
0.3	45	10.545
0.3	45	-78.8615
0.3	45	-87.4487
0.3	45	146.939
0.3	45	-103.161
0.3	45	59.3162
0.3	45	16.2926
0.3	45	17.2105
0.3	45	108.349
0.3	45	-95.5472
0.3	45	-8.13671
0.3	45	17.5418
0.3	45	150.593
0.3	45	-23.7475
0.3	45	95.6262
0.3	45	149.332
0.3	45	51.2243
0.3	45	144.227
0.3	45	-78.6873
0.3	45	147.291
0.3	45	-54.203
0.3	45	15.4701
0.3	45	109.985
0.3	45	-11.8217
0.3	45	41.9192
0.3	45	-11.0246
0.3	45	173.319
0.3	45	103.762
0.3	45	12.1357
0.3	45	-143.78
0.3	45	136.74
0.3	45	101.766
0.3	45	-110.419
0.3	45	85.8628
0.3	45	77.4765
0.3	45	165.539
0.3	45	-74.2507
0.3	45	121.43
0.3	45	-32.1182
0.3	45	25.9426
0.3	45	-170.475
0.3	45	-179.022
0.3	45	-90.9349
0.3	45	99.7531
0.3	45	76.964
0.3	45	30.0212
0.3	45	-105.402
0.3	45	-86.575
0.3	45	-57.164
0.3	45	108.524
0.3	45	-113.423
0.3	45	142.721
0.3	45	130.414
0.3	45	-14.096
0.3	45	159.94
0.3	45	-125.825
0.3	45	90.8445
0.3	45	-40.8668
0.3	45	80.9736
0.3	45	-70.4947
0.3	45	18.9894
0.3	45	68.4278
0.3	45	-13.2262
0.3	45	55.8569
0.3	45	80.1423
0.3	45	-1.0178
0.3	45	149.597
0.3	45	-23.4497
0.3	45	143.158
0.3	45	-67.4244
0.3	45	-108.994
0.3	45	125.453
0.3	45	-105.912
0.3	45	163.01
0.3	45	-119.186
0.3	45	81.7796
0.3	45	176.982
0.3	45	96.7389
0.3	45	37.6667
0.3	45	-56.8526
0.3	45	35.9869
0.3	45	-26.3277
0.3	45	-47.7386
0.3	45	-100.622
0.3	45	-122.756
0.3	45	-80.8219
0.3	45	-15.3255
0.3	45	-140.274
0.3	45	-59.8327
0.3	45	151.725
0.3	45	155.233
0.3	45	44.6657
0.3	45	-145.646
0.3	45	61.2432
0.3	45	-152.689
0.3	45	26.1042
0.3	45	42.2156
0.3	45	2.70686
0.3	45	-51.8759
0.3	45	-100.359
0.3	45	132.164
0.3	45	120.847
0.3	45	-68.3078
0.3	45	36.7974
0.3	45	148.079
0.3	45	101.186
0.3	45	114.498
0.3	45	-24.684
0.3	45	113.752
0.3	45	-5.39564
0.3	45	-12.7228
0.3	45	62.2789
0.3	45	63.0327
0.3	45	-20.7059
0.3	45	31.374
0.3	45	-31.8057
0.3	45	-69.9437
0.3	45	-104.258
0.3	45	116.685
0.3	45	-130.708
0.3	45	144.268
0.3	45	56.3941
0.3	45	-28.0091
0.3	45	79.762
0.3	45	-176.658
0.3	45	139.719
0.3	45	120.731
0.3	45	-144.282
0.3	45	-30.7189
0.3	45	-127.62
0.3	45	86.0882
0.3	45	58.354
0.3	45	-78.2083
0.3	45	89.5579
0.3	45	161.634
0.3	45	83.9797
0.3	45	27.784
0.3	45	-1.73048
0.3	45	4.79925
0.3	45	-140.487
0.3	45	-171.089
0.3	45	131.777
0.3	45	79.4619
0.3	45	-130.809
0.3	45	-103.991
0.3	45	101.575
0.3	45	95.6596
0.3	45	-56.4228
0.3	45	-43.681
0.3	45	-40.0833
0.3	45	-94.1592
0.3	45	18.9222
0.3	45	-28.7281
0.3	45	144.613
0.3	45	24.2365
0.3	45	100.23
0.3	45	130.741
0.3	45	40.9886
0.3	45	-82.7582
0.3	45	-129.104
0.3	45	73.3601
0.3	45	-67.7695
0.3	45	-67.3053
0.3	45	-73.6167
0.3	45	-64.1422
0.3	45	42.3137
0.3	45	-156.617
0.3	45	-125.798
0.3	45	165.446
0.3	45	11.2076
0.3	45	165.224
0.3	45	28.6473
0.3	45	-83.1251
0.3	45	106.965
0.3	45	-5.97233
0.3	45	-94.3806
0.3	45	-52.0658
0.3	45	93.6207
0.3	45	33.8422
0.3	45	-160.533
0.3	45	-80.9673
0.3	45	-81.3191
0.3	45	110.735
0.3	45	-64.6556
0.3	45	-121.026
0.3	45	-171.152
0.3	45	-151.243
0.3	45	-16.5837
0.3	45	136.838
0.3	45	107.489
0.3	45	162.856
0.3	45	36.5029
0.3	45	-40.927
0.3	45	17.4527
0.3	45	-174.012
0.3	45	-70.4116
0.3	45	-63.0167
0.3	45	-46.8323
0.3	45	-141.983
0.3	45	-75.3649
0.3	45	-58.9664
0.3	45	75.6224
0.3	45	-25.0491
0.3	45	-6.16674
0.3	45	46.4945
0.3	45	-83.4942
0.3	45	-124.943
0.3	45	-85.1925
0.3	45	171.746
0.3	45	29.8231
0.3	45	125.271
0.3	45	22.8676
0.3	45	140.964
0.3	45	-170.462
0.3	45	95.1697
0.3	45	-134.287
0.3	45	-25.6609
0.3	45	140.475
0.3	45	-139.433
0.3	45	-24.05
0.3	45	-128.545
0.3	45	-110.516
0.3	45	-162.632
0.3	45	-113.672
0.3	45	53.2654
0.3	45	-53.2633
0.3	45	-175.907
0.3	45	151.455
0.3	45	151.821
0.3	45	-38.5235
0.3	45	11.5458
0.3	45	21.2873
0.3	45	-164.888
0.3	45	172.789
0.3	45	-121.051
0.3	45	152.025
0.3	45	-73.6661
0.3	45	58.0537
0.3	45	43.1417
0.3	45	140.68
0.3	45	-148.325
0.3	45	128.537
0.3	45	50.1206
0.3	45	172.439
0.3	45	148.199
0.3	45	77.3814
0.3	45	134.855
0.3	45	-170.955
0.3	45	149.127
0.3	45	92.6607
0.3	45	132.414
0.3	45	154.754
0.3	45	-38.5367
0.3	45	0.588198
0.3	45	-124.32
0.3	45	151.816
0.3	45	-37.1311
0.3	45	-179.545
0.3	45	53.5159
0.3	45	9.63517
0.3	45	-151.854
0.3	45	-175.479
0.3	45	-91.87
0.3	45	-172.528
0.3	45	62.1314
0.3	45	175.712
0.3	45	74.0382
0.3	45	23.4777
0.3	45	42.329
0.3	45	130.416
0.3	45	30.5995
0.3	45	-29.45
0.3	45	-28.5286
0.3	45	123.225
0.3	45	-165.312
0.3	45	-15.565
0.3	45	-85.6719
0.3	45	-18.1307
0.3	45	-121.181
0.3	45	-89.8241
0.3	45	-88.4297
0.3	45	-52.7355
0.3	45	-31.7443
0.3	45	-131.674
0.3	45	-69.8334
0.3	45	3.49399
0.3	45	-120.825
0.3	45	117.091
0.3	45	133.771
0.3	45	25.2645
0.3	45	-70.7693
0.3	45	-43.456
0.3	45	68.7613
0.3	45	-146.683
0.3	45	-154.734
0.3	45	-26.4912
0.3	45	-164.837
0.3	45	-5.3925
0.3	45	-108.56
0.3	45	176.226
0.3	45	5.12204
0.3	45	-170.461
0.3	45	-55.2158
0.3	45	-51.1417
0.3	45	-170.285
0.3	45	-51.7201
0.3	45	-142.228
0.3	45	49.7689
0.3	45	87.2112
0.3	45	163.276
0.3	45	-167.198
0.3	45	0.831247
0.3	45	11.0359
0.3	45	118.231
0.3	45	145.193
0.3	45	-10.9675
0.3	45	85.1868
0.3	45	35.179
0.3	45	97.7379
0.3	45	-145.758
0.3	45	148.552
0.3	45	-6.27728
0.3	45	149.412
0.3	45	-68.1523
0.3	45	-154.29
0.3	45	-53.6609
0.3	45	-179.317
0.3	45	72.7236
0.3	45	-164.577
0.3	45	-120.764
0.3	45	-154.365
0.3	45	-117.376
0.3	45	88.0584
0.3	45	138.885
0.3	45	98.2314
0.3	45	-54.4507
0.3	45	19.8474
0.3	45	-95.4154
0.3	45	-24.5703
0.3	45	-124.793
0.3	45	-166.56
0.3	45	-101.329
0.3	45	-21.5464
0.3	45	137.359
0.3	45	-29.0157
0.3	45	19.8873
0.3	45	-89.989
0.3	45	-151.049
0.3	45	134.418
0.3	45	70.4481
0.3	45	-23.178
0.3	45	-62.8506
0.3	45	-22.6865
0.3	45	87.4999
0.3	45	102.299
0.3	45	99.2553
0.3	45	151.967
0.3	45	21.0716
0.3	45	116.506
0.3	45	168.607
0.3	45	39.1257
0.3	45	-33.5243
0.3	45	-95.9151
0.3	45	-109.418
0.3	45	-168.476
0.3	45	-154.685
0.3	45	-162.155
0.3	45	32.3919
0.3	45	41.5258
0.3	45	-124.016
0.3	45	102.652
0.3	45	-77.9582
0.3	45	96.7945
0.3	45	-131.502
0.3	45	141.235
0.3	45	54.2855
0.3	45	122.347
0.3	45	158.841
0.3	45	-91.9989
0.3	45	-26.4513
0.3	45	67.3482
0.3	45	61.5663
0.3	45	43.4444
0.3	45	-67.1468
0.3	45	60.8677
0.3	45	-50.5304
0.3	45	-56.4629
0.3	45	-173.23
0.3	45	17.0572
0.3	45	-32.8678
0.3	45	12.7348
0.3	45	-37.5105
0.3	45	-84.972
0.3	45	-156.063
0.3	45	101.153
0.3	45	164.012
0.3	45	-60.2981
0.3	45	-57.7336
0.3	45	-11.064
0.3	45	-155.327
0.3	45	-164.184
0.3	45	-24.9758
0.3	45	130.721
0.3	45	-126.167
0.3	45	19.1205
0.3	45	-68.7385
0.3	45	-113.819
0.3	45	105.223
0.3	45	-43.1476
0.3	45	-137.022
0.3	45	94.8763
0.3	45	-166.757
0.3	45	87.8451
0.3	45	41.5566
0.3	45	-159.733
0.3	45	29.5816
0.3	45	-99.3689
0.3	45	65.0445
0.3	45	40.6597
0.3	45	-112.274
0.3	45	160.688
0.3	45	161.807
0.3	45	-139.636
0.3	45	-13.3571
0.3	45	-177.337
0.3	45	17.03
0.3	45	174.037
0.3	45	-59.4978
0.3	45	-116.57
0.3	45	-14.2299
0.3	45	71.1287
0.3	45	132.558
0.3	45	127.83
0.3	45	138.858
0.3	45	74.8566
0.3	45	-172.378
0.3	45	34.8904
0.3	45	-109.692
0.3	45	45.4466
0.3	45	-177.05
0.3	45	3.86842
0.3	45	-153.766
0.3	45	-126.565
0.3	45	95.1904
0.3	45	46.3126
0.3	45	15.0033
0.3	45	-44.3809
0.3	45	110.083
0.3	45	-47.4144
0.3	45	-142.23
0.3	45	119.771
0.3	45	-159.685
0.3	45	34.8167
0.3	45	-17.9956
0.3	45	-50.2602
0.3	45	167.742
0.3	45	-107.095
0.3	45	-117.002
0.3	45	129.131
0.3	45	169.048
0.3	45	-101.849
0.3	45	93.1415
0.3	45	47.1215
0.3	45	101.006
0.3	45	-175.5
0.3	45	-2.9215
0.3	45	-152.167
0.3	45	55.2372
0.3	45	-86.9631
0.3	45	36.7814
0.3	45	179.169
0.3	45	0.177444
0.3	45	-53.3254
0.3	45	-91.1578
0.3	45	62.9227
0.3	45	63.2727
0.3	45	-58.0762
0.3	45	19.72
0.3	45	165.797
0.3	45	-156.366
0.3	45	-112.536
0.3	45	-91.8487
0.3	45	-81.7068
0.3	45	-84.4921
0.3	45	37.2014
0.3	45	90.5764
0.3	45	-124.421
0.3	45	146.115
0.3	45	-142.593
0.3	45	-43.8785
0.3	45	154.173
0.3	45	97.2934
0.3	45	100.97
0.3	45	-9.4596
0.3	45	-69.482
0.3	45	-62.7212
0.3	45	-165.902
0.3	45	144.194
0.3	45	-106.004
0.3	45	-98.7385
0.3	45	-75.8414
0.3	45	-171.979
0.3	45	-3.22922
0.3	45	97.5468
0.3	45	-18.9804
0.3	45	-49.4804
0.3	45	36.6019
0.3	45	-114.927
0.3	45	0.251463
0.3	45	-84.876
0.3	45	-70.8149
0.3	45	-85.2763
0.3	45	177.201
0.3	45	138.866
0.3	45	-97.5161
0.3	45	-77.494
0.3	45	-150.154
0.3	45	-176.901
0.3	45	-110.579
0.3	45	127.076
0.3	45	150.848
0.3	45	60.6402
0.3	45	133.671
0.3	45	178.137
0.3	45	105.153
0.3	45	-76.0231
0.3	45	-169.156
0.3	45	-79.5151
0.3	45	-178.531
0.3	45	-159.576
0.3	45	31.4275
0.3	45	30.3152
0.3	45	-76.6507
0.3	45	26.7545
0.3	45	92.7219
0.3	45	-79.1199
0.3	45	59.7219
0.3	45	-31.5077
0.3	45	14.6399
0.3	45	-176.544
0.3	45	-161.264
0.3	45	-154.05
0.3	45	-15.5223
0.3	45	45.3719
0.3	45	13.2877
0.3	45	160.443
0.3	45	-17.6357
0.3	45	171.649
0.3	45	22.8407
0.3	45	29.5051
0.3	45	-13.8333
0.3	45	122.16
0.3	45	156.813
0.3	45	75.2015
0.3	45	-49.356
0.3	45	-176.537
0.3	45	70.3525
0.3	45	152.99
0.3	45	-173.994
0.3	45	54.1675
0.3	45	108.575
0.3	45	56.9145
0.3	45	-34.636
0.3	45	73.03
0.3	45	163.069
0.3	45	-18.2548
0.3	45	-162.054
0.3	45	148.789
0.3	45	130.086
0.3	45	-166.442
0.3	45	44.1517
0.3	45	70.2006
0.3	45	-167.211
0.3	45	-132.639
0.3	45	165.071
0.3	45	10.9598
0.3	45	-39.0286
0.3	45	-17.3064
0.3	45	-143.44
0.3	45	137.927
0.3	45	163.744
0.3	45	-2.25525
0.3	45	-119.094
0.3	45	152.771
0.3	45	62.2575
0.3	45	-145.202
0.3	45	-41.5847
0.3	45	130.707
0.3	45	48.5798
0.3	45	-120.854
0.3	45	-84.162
0.3	45	45.6708
0.3	45	69.4003
0.3	45	2.37498
0.3	45	38.6318
0.3	45	-68.0041
0.3	45	-137.53
0.3	45	-143.384
0.3	45	-107.173
0.3	45	-41.1814
0.3	45	-83.6891
0.3	45	18.412
0.3	45	82.8506
0.3	45	-145.257
0.3	45	-33.8253
0.3	45	-43.2786
0.3	45	-139.265
0.3	45	31.1543
0.3	45	43.0101
0.3	45	-145.76
0.3	45	-79.8616
0.3	45	-55.304
0.3	45	57.418
0.3	45	16.3245
0.3	45	90.8296
0.3	45	-122.452
0.3	45	42.3397
0.3	45	-82.0412
0.3	45	22.2924
0.3	45	143.422
0.3	45	-3.59313
0.3	45	57.4539
0.3	45	35.6006
0.3	45	4.2018
0.3	45	73.4256
0.3	45	19.0028
0.3	45	121.194
0.3	45	138.292
0.3	45	110.91
0.3	45	25.3149
0.3	45	-11.6102
0.3	45	139.811
0.3	45	-48.9424
0.3	45	-170.17
0.3	45	30.7637
0.3	45	53.2368
0.3	45	-3.38239
0.3	45	-143.665
0.3	45	176.704
0.3	45	-65.7073
0.3	45	130.592
0.3	45	-19.7078
0.3	45	-42.1916
0.3	45	-28.4629
0.3	45	-5.83325
0.3	45	138.346
0.3	45	-146.105
0.3	45	-26.6374
0.3	45	-167.592
0.3	45	52.8216
0.3	45	78.1024
0.3	45	98.4788
0.3	45	106.807
0.3	45	-101.799
0.3	45	-27.6292
0.3	45	-160.793
0.3	45	-84.5556
0.3	45	-98.5729
0.3	45	83.3281
0.3	45	146.281
0.3	45	-128.758
0.3	45	-109.973
0.3	45	131.701
0.3	45	-179.71
0.3	45	133.442
0.3	45	113.521
0.3	45	151.01
0.3	45	-50.5041
0.3	45	-48.3509
0.3	45	-0.182216
0.3	45	41.6183
0.3	45	-101.162
0.3	45	163.727
0.3	45	-134.713
0.3	45	-0.50949
0.3	45	43.6838
0.3	45	-81.8768
0.3	45	50.6157
0.3	45	-80.1673
0.3	45	30.569
0.3	45	18.2901
0.3	45	30.6534
0.3	45	23.0243
0.3	45	-105.074
0.3	45	-94.0331
0.3	45	-118.2
0.3	45	102.417
0.3	45	-103.703
0.3	45	49.9018
0.3	45	-161.053
0.3	45	-22.8398
0.3	45	-40.4224
0.3	45	94.3843
0.3	45	-13.5297
0.3	45	90.7577
0.3	45	-53.8705
0.3	45	3.08574
0.3	45	-15.5851
0.3	45	134.436
0.3	45	43.7221
0.3	45	-28.5698
0.3	45	34.3255
0.3	45	26.1773
0.3	45	104.533
0.3	45	171.435
0.3	45	-100.491
0.3	45	73.5773
0.3	45	-155.952
0.3	45	178.918
0.3	45	-107.964
0.3	45	-109.649
0.3	45	130.136
0.3	45	138.335
0.3	45	-85.4757
0.3	45	-38.7851
0.3	45	-3.95893
0.3	45	119.465
0.3	45	-69.754
0.3	45	109.575
0.3	45	-54.1082
0.3	45	87.6789
0.3	45	-92.6386
0.3	45	-40.9259
0.3	45	-125.412
0.3	45	160.53
0.3	45	34.9057
0.3	45	-15.2898
0.3	45	21.8631
0.3	45	2.36532
0.3	45	122.804
0.3	45	-165.944
0.3	45	-2.72822
0.3	45	-142.538
0.3	45	-153.906
0.3	45	90.7379
0.3	45	-52.022
0.3	45	125.824
0.3	45	38.682
0.3	45	-145.348
0.3	45	-44.8251
0.3	45	-73.839
0.3	45	-67.4592
0.3	45	-149.409
0.3	45	-55.3774
0.3	45	145.456
0.3	45	-91.1675
0.3	45	-51.4956
0.3	45	-151.885
0.3	45	-145.734
0.3	45	-120.196
0.3	45	-23.6926
0.3	45	-6.88216
0.3	45	98.2796
0.3	45	-10.3486
0.3	45	-1.91338
0.3	45	-18.9896
0.3	45	114.753
0.3	45	-69.8718
0.3	45	118.912
0.3	45	-126.454
0.3	45	-142.601
0.3	45	-151.071
0.3	45	-54.1286
0.3	45	173.584
0.3	45	138.178
0.3	45	150.729
0.3	45	-20.208
0.3	45	-77.493
0.3	45	7.71774
0.25	-45	-24.7169
0.25	-45	-30.078
0.25	-45	-31.134
0.25	-45	-37.9874
0.25	-45	79.2784
0.25	-45	162.468
0.25	-45	13.32
0.25	-45	32.2716
0.25	-45	179.944
0.25	-45	46.5652
0.25	-45	-94.4259
0.25	-45	-82.8782
0.25	-45	47.9836
0.25	-45	-61.0855
0.25	-45	99.4487
0.25	-45	3.78361
0.25	-45	63.3897
0.25	-45	-160.816
0.25	-45	78.0974
0.25	-45	-59.5047
0.25	-45	24.6603
0.25	-45	103.327
0.25	-45	52.514
0.25	-45	-159.082
0.25	-45	-134.993
0.25	-45	7.88325
0.25	-45	163.291
0.25	-45	-91.932
0.25	-45	-71.4892
0.25	-45	-129.798
0.25	-45	-158.044
0.25	-45	-54.3226
0.25	-45	70.7301
0.25	-45	161.216
0.25	-45	-10.6904
0.25	-45	-19.6061
0.25	-45	76.0863
0.25	-45	-16.837
0.25	-45	-123.552
0.25	-45	96.2931
0.25	-45	67.2362
0.25	-45	-122.116
0.25	-45	166.768
0.25	-45	-75.0251
0.25	-45	-68.986
0.25	-45	7.05521
0.25	-45	-174.185
0.25	-45	143.558
0.25	-45	-5.85106
0.25	-45	-111.855
0.25	-45	-136.79
0.25	-45	43.2933
0.25	-45	85.6929
0.25	-45	-77.0313
0.25	-45	-151.981
0.25	-45	-124.782
0.25	-45	87.0627
0.25	-45	-76.6584
0.25	-45	98.7263
0.25	-45	-129.226
0.25	-45	-0.18804
0.25	-45	-156.777
0.25	-45	73.1964
0.25	-45	-178.193
0.25	-45	58.4539
0.25	-45	-14.2897
0.25	-45	102.004
0.25	-45	-67.1929
0.25	-45	-2.58752
0.25	-45	108.316
0.25	-45	169.287
0.25	-45	-157.355
0.25	-45	-64.0068
0.25	-45	-120.265
0.25	-45	88.3325
0.25	-45	-89.8155
0.25	-45	-68.5057
0.25	-45	153.221
0.25	-45	101.775
0.25	-45	-99.7461
0.25	-45	-165.971
0.25	-45	-86.5665
0.25	-45	31.0093
0.25	-45	-90.7924
0.25	-45	20.9661
0.25	-45	79.3912
0.25	-45	157.753
0.25	-45	-59.4208
0.25	-45	-10.6027
0.25	-45	0.27769
0.25	-45	-75.1497
0.25	-45	-59.0978
0.25	-45	176.057
0.25	-45	67.2734
0.25	-45	-171
0.25	-45	31.6701
0.25	-45	-110.993
0.25	-45	-5.8739
0.25	-45	-177.307
0.25	-45	143.32
0.25	-45	-90.5914
0.25	-45	82.655
0.25	-45	-65.8447
0.25	-45	-144.302
0.25	-45	78.0349
0.25	-45	-21.7741
0.25	-45	-39.3773
0.25	-45	-76.6985
0.25	-45	87.2341
0.25	-45	147.305
0.25	-45	-108.199
0.25	-45	49.8129
0.25	-45	62.1047
0.25	-45	21.4748
0.25	-45	28.5637
0.25	-45	-117.168
0.25	-45	-23.4727
0.25	-45	113.443
0.25	-45	178.964
0.25	-45	160.227
0.25	-45	-165.675
0.25	-45	-144.714
0.25	-45	89.733
0.25	-45	99.579
0.25	-45	-9.22355
0.25	-45	56.6303
0.25	-45	179.752
0.25	-45	-151.354
0.25	-45	-64.7821
0.25	-45	123.371
0.25	-45	-20.7716
0.25	-45	161.276
0.25	-45	-121.271
0.25	-45	28.9378
0.25	-45	158.93
0.25	-45	-73.1266
0.25	-45	44.0569
0.25	-45	-128.054
0.25	-45	-150.155
0.25	-45	-160.114
0.25	-45	79.71
0.25	-45	-153.539
0.25	-45	-114.038
0.25	-45	74.0351
0.25	-45	6.33365
0.25	-45	-43.4223
0.25	-45	167.603
0.25	-45	14.0914
0.25	-45	-128.628
0.25	-45	-37.9476
0.25	-45	151.925
0.25	-45	108.215
0.25	-45	82.0421
0.25	-45	-37.0006
0.25	-45	114.37
0.25	-45	-5.64797
0.25	-45	100.368
0.25	-45	-172.213
0.25	-45	98.1702
0.25	-45	-73.1831
0.25	-45	39.2216
0.25	-45	110.756
0.25	-45	-169.326
0.25	-45	37.8526
0.25	-45	-106.011
0.25	-45	119.027
0.25	-45	11.2926
0.25	-45	166.62
0.25	-45	-54.7128
0.25	-45	-34.22
0.25	-45	18.3017
0.25	-45	-41.33
0.25	-45	61.3099
0.25	-45	107.048
0.25	-45	-73.1798
0.25	-45	-52.2127
0.25	-45	-144.481
0.25	-45	116.425
0.25	-45	54.9729
0.25	-45	-36.1839
0.25	-45	-62.884
0.25	-45	25.8149
0.25	-45	-84.3899
0.25	-45	-94.1715
0.25	-45	-64.1914
0.25	-45	-63.3331
0.25	-45	-135.49
0.25	-45	-9.35766
0.25	-45	138.925
0.25	-45	-161.962
0.25	-45	-1.19349
0.25	-45	-100.33
0.25	-45	1.80072
0.25	-45	-155.629
0.25	-45	-68.951
0.25	-45	95.3843
0.25	-45	36.2452
0.25	-45	-107.362
0.25	-45	-71.6657
0.25	-45	-31.8856
0.25	-45	26.8244
0.25	-45	-60.8151
0.25	-45	105.218
0.25	-45	50.6997
0.25	-45	97.1279
0.25	-45	-6.03933
0.25	-45	-54.148
0.25	-45	41.3328
0.25	-45	0.547209
0.25	-45	-113.951
0.25	-45	-92.0877
0.25	-45	-16.1173
0.25	-45	154.217
0.25	-45	116.792
0.25	-45	35.2461
0.25	-45	-122.591
0.25	-45	-117.341
0.25	-45	20.4304
0.25	-45	-64.8754
0.25	-45	99.7359
0.25	-45	123.004
0.25	-45	40.2839
0.25	-45	-81.5705
0.25	-45	44.7567
0.25	-45	130.493
0.25	-45	155.291
0.25	-45	79.0824
0.25	-45	-58.136
0.25	-45	103.654
0.25	-45	-4.71992
0.25	-45	-44.0481
0.25	-45	116.225
0.25	-45	148.529
0.25	-45	84.2678
0.25	-45	30.3256
0.25	-45	82.2311
0.25	-45	-57.4618
0.25	-45	48.9307
0.25	-45	-165.792
0.25	-45	37.1625
0.25	-45	166.403
0.25	-45	-13.4655
0.25	-45	73.6531
0.25	-45	-172.339
0.25	-45	-104.771
0.25	-45	-141.676
0.25	-45	43.3913
0.25	-45	20.5706
0.25	-45	-162.97
0.25	-45	-18.3644
0.25	-45	29.8392
0.25	-45	-67.2995
0.25	-45	117.368
0.25	-45	-28.2277
0.25	-45	-1.47933
0.25	-45	-93.8946
0.25	-45	46.2183
0.25	-45	101.919
0.25	-45	-136.504
0.25	-45	-110.71
0.25	-45	89.216
0.25	-45	79.9645
0.25	-45	-129.499
0.25	-45	90.6429
0.25	-45	-158.008
0.25	-45	-172.943
0.25	-45	98.5821
0.25	-45	-74.635
0.25	-45	130.197
0.25	-45	-66.4952
0.25	-45	-171.767
0.25	-45	-105.597
0.25	-45	138.024
0.25	-45	152.63
0.25	-45	143.47
0.25	-45	161.503
0.25	-45	115.707
0.25	-45	176.463
0.25	-45	-124.584
0.25	-45	115.768
0.25	-45	-177.956
0.25	-45	-23.9518
0.25	-45	-166.825
0.25	-45	-96.7383
0.25	-45	170.957
0.25	-45	98.6213
0.25	-45	16.9194
0.25	-45	-0.382441
0.25	-45	133.059
0.25	-45	-54.0152
0.25	-45	60.0112
0.25	-45	36.1093
0.25	-45	-127.739
0.25	-45	-125.757
0.25	-45	179.077
0.25	-45	63.6882
0.25	-45	19.6459
0.25	-45	16.8821
0.25	-45	-144.397
0.25	-45	69.1719
0.25	-45	41.4446
0.25	-45	-32.5403
0.25	-45	-89.4312
0.25	-45	168.303
0.25	-45	-45.6176
0.25	-45	160.013
0.25	-45	-140.351
0.25	-45	157.617
0.25	-45	4.86773
0.25	-45	70.639
0.25	-45	63.9164
0.25	-45	-62.0391
0.25	-45	108.6
0.25	-45	73.9619
0.25	-45	114.978
0.25	-45	79.0548
0.25	-45	118.914
0.25	-45	135.717
0.25	-45	-52.2573
0.25	-45	-81.8505
0.25	-45	14.3619
0.25	-45	35.2935
0.25	-45	3.46524
0.25	-45	-32.4648
0.25	-45	111.477
0.25	-45	-86.5507
0.25	-45	-135.767
0.25	-45	-4.41714
0.25	-45	-23.3208
0.25	-45	-169.437
0.25	-45	-90.6039
0.25	-45	147.813
0.25	-45	-90.8076
0.25	-45	66.7373
0.25	-45	62.7175
0.25	-45	-87.9352
0.25	-45	-121.605
0.25	-45	56.648
0.25	-45	17.9701
0.25	-45	-27.2292
0.25	-45	59.3405
0.25	-45	65.1656
0.25	-45	147.945
0.25	-45	-51.2044
0.25	-45	-144.761
0.25	-45	4.16592
0.25	-45	155.821
0.25	-45	6.40448
0.25	-45	-12.9093
0.25	-45	-127.765
0.25	-45	-48.1209
0.25	-45	-65.323
0.25	-45	121.136
0.25	-45	103.696
0.25	-45	-179.846
0.25	-45	178.735
0.25	-45	43.8985
0.25	-45	62.9608
0.25	-45	35.1589
0.25	-45	-22.2923
0.25	-45	148.902
0.25	-45	-166.899
0.25	-45	140.9
0.25	-45	5.15888
0.25	-45	117.866
0.25	-45	-18.8314
0.25	-45	45.1583
0.25	-45	157.042
0.25	-45	-51.1763
0.25	-45	117.491
0.25	-45	54.4091
0.25	-45	-55.8495
0.25	-45	-172.302
0.25	-45	109.665
0.25	-45	112.173
0.25	-45	-40.1008
0.25	-45	-160.057
0.25	-45	147.824
0.25	-45	2.87688
0.25	-45	-146.953
0.25	-45	46.9816
0.25	-45	150.635
0.25	-45	117.897
0.25	-45	-118.949
0.25	-45	-90.5631
0.25	-45	-103.785
0.25	-45	-171.511
0.25	-45	35.89
0.25	-45	128.41
0.25	-45	175.998
0.25	-45	106.155
0.25	-45	-4.51083
0.25	-45	15.877
0.25	-45	-59.966
0.25	-45	1.27753
0.25	-45	12.6092
0.25	-45	50.4112
0.25	-45	22.9323
0.25	-45	140.346
0.25	-45	80.4958
0.25	-45	94.0987
0.25	-45	-53.4166
0.25	-45	10.7345
0.25	-45	108.806
0.25	-45	163.03
0.25	-45	16.7377
0.25	-45	-81.418
0.25	-45	-15.8945
0.25	-45	-86.1012
0.25	-45	4.38669
0.25	-45	146.039
0.25	-45	12.5688
0.25	-45	174.225
0.25	-45	-100.148
0.25	-45	97.0627
0.25	-45	126.249
0.25	-45	-14.8603
0.25	-45	-77.0468
0.25	-45	-71.2251
0.25	-45	120.773
0.25	-45	2.67704
0.25	-45	-102.377
0.25	-45	2.43503
0.25	-45	26.1881
0.25	-45	-12.1772
0.25	-45	-132.772
0.25	-45	-163.499
0.25	-45	50.3544
0.25	-45	94.6168
0.25	-45	55.5007
0.25	-45	66.5139
0.25	-45	-40.769
0.25	-45	41.7821
0.25	-45	51.4989
0.25	-45	-41.4582
0.25	-45	2.08457
0.25	-45	-136.916
0.25	-45	-111.596
0.25	-45	-26.5607
0.25	-45	-170.661
0.25	-45	177.678
0.25	-45	84.0657
0.25	-45	-15.4625
0.25	-45	152.213
0.25	-45	-104.594
0.25	-45	-122.865
0.25	-45	-112.425
0.25	-45	-143.442
0.25	-45	90.3833
0.25	-45	56.1333
0.25	-45	-79.1079
0.25	-45	134.969
0.25	-45	-15.9541
0.25	-45	160.717
0.25	-45	-147.655
0.25	-45	-68.6873
0.25	-45	106.44
0.25	-45	52.4434
0.25	-45	-55.1836
0.25	-45	143.872
0.25	-45	161.682
0.25	-45	-107.373
0.25	-45	109.347
0.25	-45	-137.412
0.25	-45	117.098
0.25	-45	65.0025
0.25	-45	31.8433
0.25	-45	98.2961
0.25	-45	-55.2609
0.25	-45	-176.771
0.25	-45	89.1472
0.25	-45	27.6058
0.25	-45	109.885
0.25	-45	74.4908
0.25	-45	7.29754
0.25	-45	56.3753
0.25	-45	-75.5731
0.25	-45	-36.1685
0.25	-45	-19.2468
0.25	-45	-123.052
0.25	-45	54.0872
0.25	-45	71.374
0.25	-45	44.515
0.25	-45	-42.7479
0.25	-45	25.0863
0.25	-45	59.4657
0.25	-45	174.73
0.25	-45	174.083
0.25	-45	-29.4943
0.25	-45	106.64
0.25	-45	22.033
0.25	-45	12.2495
0.25	-45	-70.2496
0.25	-45	-106.919
0.25	-45	-165.449
0.25	-45	123.935
0.25	-45	-149.634
0.25	-45	131.936
0.25	-45	-102.832
0.25	-45	-31.7536
0.25	-45	159.395
0.25	-45	-115.449
0.25	-45	-153.321
0.25	-45	20.8284
0.25	-45	-72.1153
0.25	-45	-84.6275
0.25	-45	-8.79431
0.25	-45	-172.443
0.25	-45	158.97
0.25	-45	-155.464
0.25	-45	-177.173
0.25	-45	86.2669
0.25	-45	-43.206
0.25	-45	36.9808
0.25	-45	-123.098
0.25	-45	-151.556
0.25	-45	155.053
0.25	-45	153.812
0.25	-45	-116.073
0.25	-45	-8.81853
0.25	-45	-152.702
0.25	-45	130.69
0.25	-45	-52.0631
0.25	-45	-176.46
0.25	-45	84.41
0.25	-45	-154.574
0.25	-45	-56.7275
0.25	-45	175.389
0.25	-45	-87.0032
0.25	-45	-151.612
0.25	-45	-59.457
0.25	-45	-135.443
0.25	-45	166.639
0.25	-45	-28.2633
0.25	-45	-8.20196
0.25	-45	-145.373
0.25	-45	93.0511
0.25	-45	151.637
0.25	-45	-50.8054
0.25	-45	96.3217
0.25	-45	-38.923
0.25	-45	-135.345
0.25	-45	-10.0713
0.25	-45	-158.332
0.25	-45	32.6103
0.25	-45	172.597
0.25	-45	141.507
0.25	-45	128.603
0.25	-45	-132.975
0.25	-45	1.44303
0.25	-45	-165.729
0.25	-45	16.7532
0.25	-45	-54.2797
0.25	-45	-126.185
0.25	-45	-29.3385
0.25	-45	-168.69
0.25	-45	-71.8811
0.25	-45	-112.17
0.25	-45	75.244
0.25	-45	-99.527
0.25	-45	-33.1173
0.25	-45	111.016
0.25	-45	-66.9864
0.25	-45	83.8102
0.25	-45	38.8131
0.25	-45	-151.18
0.25	-45	40.1556
0.25	-45	83.9896
0.25	-45	-106.903
0.25	-45	7.70689
0.25	-45	-74.9323
0.25	-45	13.7071
0.25	-45	-39.4358
0.25	-45	-76.8721
0.25	-45	-154.591
0.25	-45	-133.401
0.25	-45	178.707
0.25	-45	112.098
0.25	-45	45.0559
0.25	-45	-159.535
0.25	-45	-166.07
0.25	-45	-128.599
0.25	-45	-17.9512
0.25	-45	-138.209
0.25	-45	-28.6691
0.25	-45	113.993
0.25	-45	-99.5721
0.25	-45	99.9108
0.25	-45	75.1586
0.25	-45	-73.0867
0.25	-45	171.7
0.25	-45	-31.9351
0.25	-45	-43.4953
0.25	-45	44.8175
0.25	-45	137.701
0.25	-45	35.3995
0.25	-45	102.701
0.25	-45	-151.615
0.25	-45	-2.20706
0.25	-45	66.2157
0.25	-45	99.4849
0.25	-45	-57.228
0.25	-45	80.2364
0.25	-45	-128.306
0.25	-45	-167.219
0.25	-45	56.6045
0.25	-45	48.5296
0.25	-45	-43.5852
0.25	-45	-123.788
0.25	-45	-30.9553
0.25	-45	-76.4166
0.25	-45	20.5271
0.25	-45	6.11303
0.25	-45	-112.394
0.25	-45	-113.858
0.25	-45	129.185
0.25	-45	5.88778
0.25	-45	82.228
0.25	-45	-119.236
0.25	-45	-6.10105
0.25	-45	-139.509
0.25	-45	-128.242
0.25	-45	173.825
0.25	-45	-69.7225
0.25	-45	-35.0515
0.25	-45	-143.378
0.25	-45	19.9358
0.25	-45	110.879
0.25	-45	-29.9945
0.25	-45	-135.197
0.25	-45	-23.5493
0.25	-45	44.253
0.25	-45	63.2548
0.25	-45	-151.52
0.25	-45	51.9462
0.25	-45	64.6988
0.25	-45	-131.788
0.25	-45	-179.467
0.25	-45	-9.72784
0.25	-45	-150.614
0.25	-45	-177.367
0.25	-45	-131.664
0.25	-45	28.3603
0.25	-45	-161.121
0.25	-45	58.0394
0.25	-45	71.8402
0.25	-45	-76.0189
0.25	-45	127.165
0.25	-45	-103.118
0.25	-45	-110.84
0.25	-45	-140.609
0.25	-45	42.9374
0.25	-45	173.199
0.25	-45	-96.9773
0.25	-45	170.144
0.25	-45	72.8404
0.25	-45	89.1622
0.25	-45	-15.9325
0.25	-45	43.0087
0.25	-45	-150.927
0.25	-45	58.1418
0.25	-45	-129.226
0.25	-45	-168.746
0.25	-45	-62.4228
0.25	-45	141.463
0.25	-45	-52.333
0.25	-45	75.6937
0.25	-45	44.0384
0.25	-45	41.311
0.25	-45	160.454
0.25	-45	179.619
0.25	-45	111.194
0.25	-45	134.159
0.25	-45	-39.5587
0.25	-45	-58.1313
0.25	-45	-71.5313
0.25	-45	-125.456
0.25	-45	-109.654
0.25	-45	-179.984
0.25	-45	104.114
0.25	-45	-15.754
0.25	-45	-10.2379
0.25	-45	-79.4318
0.25	-45	-118.799
0.25	-45	-157.433
0.25	-45	-41.9144
0.25	-45	121.613
0.25	-45	-19.6138
0.25	-45	159.353
0.25	-45	155.381
0.25	-45	46.5902
0.25	-45	4.10478
0.25	-45	4.15975
0.25	-45	45.4763
0.25	-45	149.21
0.25	-45	-11.3354
0.25	-45	-115.119
0.25	-45	-69.3354
0.25	-45	-131.476
0.25	-45	-125.651
0.25	-45	-156.793
0.25	-45	53.0638
0.25	-45	28.8989
0.25	-45	-79.6946
0.25	-45	175.192
0.25	-45	-171.781
0.25	-45	-14.0601
0.25	-45	48.6062
0.25	-45	-115.083
0.25	-45	165.753
0.25	-45	-171.771
0.25	-45	141.289
0.25	-45	-134.113
0.25	-45	37.0075
0.25	-45	-15.7861
0.25	-45	10.4289
0.25	-45	-36.2486
0.25	-45	45.1895
0.25	-45	-81.5403
0.25	-45	164.085
0.25	-45	-152.667
0.25	-45	38.679
0.25	-45	135.284
0.25	-45	0.243486
0.25	-45	-92.1565
0.25	-45	-114.142
0.25	-45	-123.87
0.25	-45	147.856
0.25	-45	37.2412
0.25	-45	116.417
0.25	-45	173.974
0.25	-45	-2.28892
0.25	-45	48.6762
0.25	-45	45.7207
0.25	-45	80.7954
0.25	-45	-75.5088
0.25	-45	14.551
0.25	-45	162.581
0.25	-45	-155.597
0.25	-45	177.009
0.25	-45	-126.921
0.25	-45	149.059
0.25	-45	131.958
0.25	-45	122.095
0.25	-45	44.8723
0.25	-45	-153.245
0.25	-45	88.1119
0.25	-45	152.084
0.25	-45	-128.854
0.25	-45	-94.5962
0.25	-45	73.5763
0.25	-45	-134.787
0.25	-45	-135.059
0.25	-45	121.485
0.25	-45	-33.3799
0.25	-45	-153.79
0.25	-45	69.3667
0.25	-45	-27.2634
0.25	-45	151.461
0.25	-45	20.6128
0.25	-45	-40.9026
0.25	-45	-2.53127
0.25	-45	-44.2954
0.25	-45	-29.4096
0.25	-45	-112.877
0.25	-45	-22.5321
0.25	-45	-106.692
0.25	-45	160.803
0.25	-45	-43.709
0.25	-45	82.7731
0.25	-45	142.582
0.25	-45	73.3389
0.25	-45	155.659
0.25	-45	64.6646
0.25	-45	63.3141
0.25	-45	-127.678
0.25	-45	-45.1705
0.25	-45	-110.342
0.25	-45	115.714
0.25	-45	-105.267
0.25	-45	174.023
0.25	-45	50.2864
0.25	-45	-167.631
0.25	-45	121.928
0.25	-45	-110.491
0.25	-45	-159.542
0.25	-45	131.103
0.25	-45	150.413
0.25	-45	33.5448
0.25	-45	-96.1939
0.25	-45	149.865
0.25	-45	-166.722
0.25	-45	-96.1098
0.25	-45	-93.7506
0.25	-45	127.859
0.25	-45	-5.59965
0.25	-45	-2.84035
0.25	-45	59.1175
0.25	-45	-159.561
0.25	-45	170.854
