pol	phi
0.3	99.6218
0.3	159.357
0.3	177.611
0.3	-64.9157
0.3	49.2267
0.3	56.7374
0.3	-26.9749
0.3	-71.0285
0.3	140.644
0.3	-175.455
0.3	-97.216
0.3	-5.98048
0.3	-35.6592
0.3	-134.082
0.3	117.016
0.3	162.475
0.3	-36
0.3	76.6173
0.3	-91.6907
0.3	137.772
0.3	16.8813
0.3	47.7703
0.3	84.568
0.3	140.556
0.3	154.436
0.3	30.0963
0.3	-132.095
0.3	83.7534
0.3	178.294
0.3	-169.423
0.3	-160.145
0.3	-64.294
0.3	-166.01
0.3	42.9578
0.3	-74.406
0.3	-90.0681
0.3	174.859
0.3	-46.0191
0.3	162.124
0.3	-78.4063
0.3	55.1999
0.3	126.429
0.3	93.4979
0.3	-136
0.3	147.031
0.3	-152.53
0.3	-73.5857
0.3	-89.9657
0.3	-20.0911
0.3	119.508
0.3	-122.093
0.3	33.1317
0.3	124.57
0.3	-85.6777
0.3	90.9147
0.3	-49.3694
0.3	109.474
0.3	65.0685
0.3	145.694
0.3	24.887
0.3	-93.2452
0.3	-166.306
0.3	-172.866
0.3	-22.8516
0.3	116.527
0.3	-85.1165
0.3	-10.0744
0.3	163.04
0.3	-73.064
0.3	168.97
0.3	-67.0568
0.3	148.95
0.3	165.382
0.3	20.6028
0.3	132.811
0.3	75.4513
0.3	-81.4233
0.3	100.84
0.3	-140.889
0.3	18.7894
0.3	-35.1811
0.3	30.7488
0.3	-120.3
0.3	-38.0367
0.3	-15.7515
0.3	158.621
0.3	-101.515
0.3	25.257
0.3	78.8352
0.3	102.183
0.3	-137.508
0.3	6.14292
0.3	-177.323
0.3	106.022
0.3	-69.8417
0.3	57.1504
0.3	-84.2462
0.3	-113.548
0.3	-145.388
0.3	159.619
0.3	74.1106
0.3	-136.62
0.3	-41.991
0.3	-77.5221
0.3	0.55206
0.3	-59.0586
0.3	-110.666
0.3	98.956
0.3	15.0143
0.3	-56.5506
0.3	-173.376
0.3	37.7619
0.3	-20.2519
0.3	-92.2915
0.3	130.015
0.3	92.1374
0.3	2.08979
0.3	-0.155104
0.3	-138.06
0.3	-2.56671
0.3	90.2825
0.3	-108.743
0.3	120.759
0.3	108.093
0.3	-118.433
0.3	67.0262
0.3	-101.292
0.3	-162.775
0.3	-160.644
0.3	158.855
0.3	-146.034
0.3	164.577
0.3	-109.959
0.3	107.304
0.3	-175.419
0.3	-67.4494
0.3	67.5649
0.3	137.313
0.3	145.958
0.3	-5.41062
0.3	-157.001
0.3	122.475
0.3	135.842
0.3	-128.307
0.3	131.138
0.3	15.7795
0.3	-110.176
0.3	-4.3101
0.3	-120.198
0.3	105.217
0.3	150.424
0.3	-71.5164
0.3	-97.0859
0.3	-21.6853
0.3	77.8227
0.3	-36.9878
0.3	39.4406
0.3	57.1613
0.3	131.018
0.3	-62.8621
0.3	96.8756
0.3	-22.5653
0.3	116.498
0.3	153.527
0.3	-168.155
0.3	-177.104
0.3	72.3634
0.3	47.4654
0.3	163.933
0.3	168.937
0.3	102.659
0.3	-47.8049
0.3	169.955
0.3	-176.214
0.3	-52.2942
0.3	159.82
0.3	24.7155
0.3	-122.17
0.3	48.8326
0.3	-131.37
0.3	-7.40248
0.3	51.8062
0.3	-0.965987
0.3	-177.314
0.3	1.63118
0.3	132.701
0.3	84.6633
0.3	28.2648
0.3	163.425
0.3	134.906
0.3	-73.5635
0.3	-153.168
0.3	-28.4338
0.3	146.959
0.3	-81.8618
0.3	103.514
0.3	42.2513
0.3	-38.3825
0.3	-69.7366
0.3	-112.662
0.3	-5.66453
0.3	-130.66
0.3	42.7788
0.3	110.752
0.3	-25.1283
0.3	-44.9516
0.3	24.1412
0.3	83.0794
0.3	164.872
0.3	-2.08661
0.3	84.1463
0.3	133.249
0.3	91.4088
0.3	-100.681
0.3	-94.5133
0.3	126.635
0.3	-70.3348
0.3	32.5748
0.3	-50.4011
0.3	27.7118
0.3	12.8153
0.3	114.888
0.3	-25.8412
0.3	-69.2307
0.3	174.718
0.3	-13.7616
0.3	-67.018
0.3	-166.57
0.3	11.4111
0.3	14.2329
0.3	164.022
0.3	174.666
0.3	-38.465
0.3	122.049
0.3	92.1013
0.3	-95.9345
0.3	101.996
0.3	62.7319
0.3	-33.3592
0.3	77.6041
0.3	-49.8907
0.3	-22.129
0.3	-18.9656
0.3	-64.1883
0.3	-101.048
0.3	48.9022
0.3	166.384
0.3	-8.4943
0.3	-22.1046
0.3	-38.0296
0.3	165.382
0.3	38.6747
0.3	10.6524
0.3	32.9405
0.3	-100.328
0.3	120.9
0.3	106.241
0.3	-124.73
0.3	-25.2477
0.3	152.783
0.3	94.1652
0.3	118.002
0.3	16.9287
0.3	-6.98616
0.3	75.1563
0.3	-30.3803
0.3	144.82
0.3	-97.9911
0.3	-151.736
0.3	-159.469
0.3	157.978
0.3	94.1496
0.3	169.566
0.3	113.189
0.3	-101.249
0.3	-35.7014
0.3	12.5715
0.3	-117.644
0.3	148.512
0.3	101.797
0.3	-76.6518
0.3	166.114
0.3	-160.2
0.3	12.5719
0.3	64.3489
0.3	-160.484
0.3	-19.537
0.3	154.939
0.3	177.194
0.3	-150.867
0.3	19.6215
0.3	69.2188
0.3	-69.8572
0.3	-15.5605
0.3	-97.5133
0.3	-11.7539
0.3	-173.99
0.3	-49.711
0.3	20.2488
0.3	-9.13289
0.3	-69.4478
0.3	-81.2702
0.3	136.472
0.3	-113.233
0.3	-44.3801
0.3	133.828
0.3	-48.0225
0.3	-38.4317
0.3	10.3804
0.3	146.613
0.3	-95.0021
0.3	29.4854
0.3	12.1981
0.3	134.092
0.3	-66.0035
0.3	-63.2697
0.3	-103.675
0.3	21.3172
0.3	15.9331
0.3	18.9685
0.3	-21.9625
0.3	-102.994
0.3	-179.552
0.3	7.37922
0.3	-37.6582
0.3	-36.0033
0.3	-14.8422
0.3	129.776
0.3	-119.989
0.3	-111.84
0.3	-72.987
0.3	-156.895
0.3	-123.513
0.3	-29.4285
0.3	167.136
0.3	-17.0715
0.3	-97.4837
0.3	-2.92498
0.3	-112.679
0.3	-57.122
0.3	-79.0342
0.3	170.803
0.3	40.8498
0.3	-45.6969
0.3	165.205
0.3	133.815
0.3	-101.086
0.3	-76.1161
0.3	45.382
0.3	115.872
0.3	-28.1821
0.3	-146.366
0.3	-49.755
0.3	81.453
0.3	-26.9639
0.3	140.84
0.3	3.06098
0.3	-131.881
0.3	-57.7981
0.3	28.0414
0.3	73.1631
0.3	-52.34
0.3	-56.8386
0.3	-139.446
0.3	-75.7974
0.3	171.037
0.3	-32.7217
0.3	23.5689
0.3	-110.437
0.3	99.8881
0.3	116.132
0.3	166.697
0.3	-152.038
0.3	134.659
0.3	-141.312
0.3	58.9376
0.3	-149.144
0.3	126.22
0.3	179.912
0.3	-132.085
0.3	-73.3519
0.3	113.364
0.3	90.7701
0.3	52.7231
0.3	-60.1587
0.3	79.2763
0.3	16.0784
0.3	49.6052
0.3	55.0435
0.3	22.984
0.3	-111.022
0.3	3.88606
0.3	152.263
0.3	78.8994
0.3	-110.974
0.3	27.6668
0.3	-14.386
0.3	-24.5287
0.3	112.867
0.3	-177.658
0.3	-103.569
0.3	123.239
0.3	-18.218
0.3	-152.328
0.3	-22.667
0.3	90.3243
0.3	93.124
0.3	-116.135
0.3	-92.6552
0.3	15.4006
0.3	150.005
0.3	-17.2958
0.3	-26.3476
0.3	177.149
0.3	44.9066
0.3	-4.82459
0.3	9.2872
0.3	-36.0161
0.3	-40.1709
0.3	122.953
0.3	-88.3806
0.3	53.1523
0.3	-65.4135
0.3	-25.3712
0.3	6.70308
0.3	-58.9523
0.3	-75.6468
0.3	140.763
0.3	7.90364
0.3	-155.545
0.3	150.686
0.3	-80.6894
0.3	-29.8175
0.3	101.43
0.3	51.0276
0.3	-178.882
0.3	-118.594
0.3	-156.475
0.3	-177.931
0.3	-80.927
0.3	7.69592
0.3	160.699
0.3	-37.1013
0.3	-62.851
0.3	-172.064
0.3	138.526
0.3	-168.675
0.3	-168.349
0.3	69.4414
0.3	101.021
0.3	-116.93
0.3	-36.7435
0.3	0.473313
0.3	157.68
0.3	-162.505
0.3	-16.7766
0.3	-90.886
0.3	-120.992
0.3	-46.5515
0.3	12.5566
0.3	-38.2721
0.3	151.153
0.3	68.0097
0.3	105.402
0.3	115.551
0.3	-43.0396
0.3	-177.816
0.3	103.112
0.3	120.306
0.3	6.27335
0.3	173.93
0.3	-14.6224
0.3	-28.5077
0.3	-44.8163
0.3	-160.769
0.3	-128.317
0.3	-5.98135
0.3	-136.745
0.3	10.3165
0.3	149.559
0.3	170.508
0.3	10.8753
0.3	-152.13
0.3	-110.133
0.3	165.774
0.3	168.105
0.3	-17.0711
0.3	96.7578
0.3	170.285
0.3	11.5864
0.3	142.872
0.3	-93.5649
0.3	157.486
0.3	134.23
0.3	-160.067
0.3	126.406
0.3	146.482
0.3	101.541
0.3	178.41
0.3	112.048
0.3	166.552
0.3	86.7266
0.3	115.152
0.3	-69.4969
0.3	152.793
0.3	-4.71881
0.3	36.7339
0.3	165.514
0.3	94.5992
0.3	-106.83
0.3	156.489
0.3	13.9609
0.3	24.626
0.3	36.6412
0.3	-29.138
0.3	45.9945
0.3	-94.1394
0.3	-42.592
0.3	45.1473
0.3	-86.9878
0.3	-131.81
0.3	-103.757
0.3	-135.496
0.3	-111.757
0.3	79.5573
0.3	80.8612
0.3	30.2102
0.3	-92.9631
0.3	21.1519
0.3	177.288
0.3	119.068
0.3	144.016
0.3	-68.5112
0.3	-7.27726
0.3	18.4107
0.3	99.966
0.3	57.7315
0.3	39.0834
0.3	144.53
0.3	-136.396
0.3	53.5096
0.3	133.552
0.3	166.931
0.3	2.40305
0.3	-113.374
0.3	-159.184
0.3	-44.4731
0.3	70.5337
0.3	-122.477
0.3	80.8068
0.3	10.4307
0.3	106.771
0.3	176.372
0.3	125.07
0.3	109.179
0.3	168.967
0.3	175.985
0.3	140.595
0.3	51.4922
0.3	-84.6293
0.3	-156.815
0.3	146.749
0.3	28.1363
0.3	-68.1543
0.3	123.749
0.3	66.1794
0.3	63.5493
0.3	18.5075
0.3	23.963
0.3	-92.8477
0.3	125.941
0.3	-138.765
0.3	-49.5433
0.3	-170.2
0.3	-103.351
0.3	-68.3952
0.3	32.4179
0.3	-94.7522
0.3	123.181
0.3	-126.61
0.3	140.894
0.3	93.5533
0.3	89.8272
0.3	-69.0687
0.3	-26.7528
0.3	-114.549
0.3	45.0621
0.3	95.5713
0.3	127.594
0.3	-57.9509
0.3	62.0662
0.3	-27.9342
0.3	51.7035
0.3	-142.39
0.3	-113.668
0.3	156.625
0.3	10.6232
0.3	124.617
0.3	-35.5615
0.3	-4.58438
0.3	-45.9849
0.3	-5.42457
0.3	-57.6997
0.3	-14.8826
0.3	-78.3257
0.3	-47.2418
0.3	125.415
0.3	2.27477
0.3	161.805
0.3	-153.812
0.3	44.226
0.3	63.8583
0.3	-27.4116
0.3	-164.964
0.3	-138.265
0.3	93.138
0.3	-132.638
0.3	11.8806
0.3	-138.182
0.3	168.696
0.3	-25.356
0.3	61.401
0.3	-85.9038
0.3	136.086
0.3	172.754
0.3	31.5224
0.3	-34.1847
0.3	-134.88
0.3	152.953
0.3	109.397
0.3	-13.6751
0.3	-67.6011
0.3	-33.273
0.3	-177.818
0.3	137.466
0.3	81.0377
0.3	93.0072
0.3	-21.1806
0.3	-53.7775
0.3	-30.0031
0.3	136.216
0.3	-142.939
0.3	105.67
0.3	92.6664
0.3	-83.5382
0.3	-114.196
0.3	-13.1114
0.3	87.3416
0.3	153.673
0.3	57.2631
0.3	7.74276
0.3	-47.3054
0.3	126.606
0.3	-162.238
0.3	-161.933
0.3	90.4496
0.3	-38.1048
0.3	-90.7623
0.3	-24.8935
0.3	96.5632
0.3	5.14687
0.3	91.0238
0.3	-85.3246
0.3	-16.9993
0.3	117.097
0.3	-107.139
0.3	139.852
0.3	-45.9326
0.3	-88.4351
0.3	127.147
0.3	56.0384
0.3	-106.385
0.3	-84.4552
0.3	-62.2883
0.3	123.171
0.3	-98.0336
0.3	155.775
0.3	-80.0497
0.3	71.2409
0.3	51.7354
0.3	-10.1697
0.3	56.4711
0.3	-43.7043
0.3	150.748
0.3	-113.854
0.3	15.7685
0.3	-78.2517
0.3	-57.6393
0.3	-140.064
0.3	-157.56
0.3	-115.443
0.3	-13.9703
0.3	-162.276
0.3	143.744
0.3	-56.7334
0.3	-10.5609
0.3	14.1596
0.3	5.4308
0.3	109.666
0.3	-169.721
0.3	26.4165
0.3	-80.2956
0.3	27.1458
0.3	6.68725
0.3	-35.1231
0.3	-58.5042
0.3	-50.9902
0.3	118.285
0.3	165.072
0.3	-93.6031
0.3	-64.7493
0.3	28.075
0.3	-161.858
0.3	14.8958
0.3	-166.563
0.3	-110.31
0.3	-25.3979
0.3	-61.6941
0.3	171.626
0.3	84.9705
0.3	163.291
0.3	75.2471
0.3	107.404
0.3	170.15
0.3	26.2935
0.3	-112.824
0.3	-58.2315
0.3	-53.6967
0.3	-165.706
0.3	87.9025
0.3	-38.1306
0.3	72.3406
0.3	-44.025
0.3	-94.2784
0.3	-148.233
0.3	-63.6157
0.3	56.0698
0.3	-22.3323
0.3	-59.7855
0.3	-163.195
0.3	100.983
0.3	-44.228
0.3	49.1841
0.3	-51.442
0.3	78.7495
0.3	-22.7293
0.3	-147.857
0.3	-74.3676
0.3	52.7
0.3	-149.782
0.3	-48.4585
0.3	-177.011
0.3	-76.2613
0.3	106.227
0.3	104.147
0.3	-141.603
0.3	-165.721
0.3	-20.1033
0.3	-18.4547
0.3	162.793
0.3	-116.07
0.3	131.958
0.3	-98.2306
0.3	-28.5978
0.3	65.0609
0.3	128.544
0.3	-32.1712
0.3	-68.3634
0.3	-34.6753
0.3	27.7515
0.3	23.1226
0.3	-118.808
0.3	-28.1149
0.3	-30.1514
0.3	111.478
0.3	-48.1753
0.3	-62.1093
0.3	-61.2574
0.3	48.094
0.3	69.2296
0.3	-165.223
0.3	-154.444
0.3	35.9552
0.3	-1.36472
0.3	107.513
0.3	93.6016
0.3	150.262
0.3	77.0703
0.3	169.812
0.3	177.893
0.3	7.15527
0.3	-175.121
0.3	-9.49726
0.3	-167.94
0.3	163.426
0.3	-167.751
0.3	35.0842
0.3	-16.9082
0.3	-56.5425
0.3	37.671
0.3	6.72058
0.3	21.9958
0.3	29.1817
0.3	73.5714
0.3	-35.3079
0.3	-9.45026
0.3	-104.992
0.3	154.903
0.3	-68.9753
0.3	-30.5193
0.3	-56.0864
0.3	48.7082
0.3	102.073
0.3	110.936
0.3	-85.1176
0.3	167.048
0.3	-62.2235
0.3	67.0304
0.3	164.507
0.3	76.4969
0.3	-159.263
0.3	-16.9394
0.3	-49.6417
0.3	-159.002
0.3	-25.6336
0.3	-136.04
0.3	-69.2327
0.3	-58.2068
0.3	122.149
0.3	2.37631
0.3	116.365
0.3	168.041
0.3	157.853
0.3	-59.0822
0.3	62.9712
0.3	85.4443
0.3	74.3099
0.3	40.3376
0.3	-29.5497
0.3	161.484
0.3	27.8794
0.3	-5.74638
0.3	-7.46169
0.3	-10.7252
0.3	152.569
0.3	-103.128
0.3	-176.256
0.3	3.85514
0.3	105.593
0.3	-129.862
0.3	130.82
0.3	-67.9981
0.3	-38.1992
0.3	20.6013
0.3	-28.0896
0.3	141.358
0.3	129.484
0.3	62.8366
0.3	35.2083
0.3	2.8402
0.3	-83.9991
0.3	-155.948
0.3	97.3075
0.3	-91.3907
0.3	-153.36
0.3	106.039
0.3	85.8177
0.3	94.4366
0.3	-16.227
0.3	136.704
0.3	95.0486
0.3	-60.9948
0.3	32.2205
0.3	174.278
0.3	163.874
0.3	-19.6403
0.3	91.9836
0.3	-52.6654
0.3	130.858
0.3	82.6412
0.3	-9.42405
0.3	95.4251
0.3	106.798
0.3	137.045
0.3	28.9693
0.3	82.3683
0.3	118.735
0.3	-160.284
0.3	-142.509
0.3	-35.4165
0.3	50.1751
0.3	-87.0027
0.3	-106.381
0.3	71.2861
0.3	-20.7249
0.3	-128.538
0.3	-78.6398
0.3	131.981
0.3	-74.024
0.3	70.639
0.3	129.087
0.3	65.603
0.3	118.149
0.3	-61.2439
0.3	-150.973
0.3	-124.573
0.3	82.1998
0.3	-174.673
0.3	-61.3908
0.3	-38.733
0.3	96.3556
0.3	-17.0921
0.3	33.5122
0.3	97.7232
0.3	-87.3043
0.3	-122.294
0.3	145.494
0.3	-92.6791
0.3	-101.96
0.3	-95.2232
0.3	46.9214
0.3	-64.6392
0.3	-170.191
0.3	72.0264
0.3	-69.8089
0.3	-131.052
0.3	-99.1019
0.3	-79.4861
0.3	-97.27
0.3	10.375
0.3	-136.986
0.3	70.5665
0.3	48.0865
0.3	124.34
0.3	136.934
0.3	11.8055
0.3	121.236
0.3	87.318
0.3	91.5636
0.3	-94.9994
0.3	87.7648
0.3	32.5103
0.3	-143.422
0.3	117.848
0.3	-11.2658
0.3	-54.9717
0.3	-70.8157
0.3	-63.2848
0.3	-129.812
0.3	-177.478
0.3	-163.943
0.3	-170.347
0.3	-37.2827
0.3	-70.2061
0.3	45.0503
0.3	-173.187
0.3	-74.4771
0.3	-32.0467
0.3	-163.125
0.3	95.0095
0.3	21.5856
0.3	164.001
0.3	77.2779
0.3	-8.81853
0.3	163.216
0.3	-14.6603
0.3	-42.2165
0.3	80.4379
0.3	-144.591
0.3	-94.9845
0.3	162.858
0.3	12.58
0.3	-56.7117
0.3	60.0168
0.3	-124.432
0.3	-82.9489
0.3	-123.517
0.3	-87.8517
0.3	-119.949
0.3	165.77
0.3	41.8298
0.3	92.2396
0.3	160.163
0.3	-177.95
0.3	133.878
0.3	-149.77
0.3	-79.1351
0.3	-164.938
0.3	19.3723
0.3	175.238
0.3	111.889
0.3	9.74095
0.3	175.921
0.3	171.046
0.3	-95.0069
0.3	-22.7276
0.3	57.6674
0.3	67.8967
0.3	130.258
0.3	-1.02957
0.25	66.7048
0.25	21.7043
0.25	-1.30509
0.25	13.1909
0.25	108.083
0.25	166.108
0.25	-111.94
0.25	23.5133
0.25	12.6454
0.25	139.728
0.25	121.465
0.25	-73.1113
0.25	23.8804
0.25	-177.202
0.25	105.683
0.25	-16.0229
0.25	-125.731
0.25	-157.59
0.25	-43.5959
0.25	-23.0555
0.25	18.8455
0.25	98.9672
0.25	42.5414
0.25	175.403
0.25	-160.216
0.25	-83.626
0.25	16.7314
0.25	-41.9039
0.25	-54.5022
0.25	-102.243
0.25	-3.97355
0.25	99.8886
0.25	-100.193
0.25	-62.9188
0.25	91.2589
0.25	-60.1642
0.25	-144.68
0.25	-144.305
0.25	-105.029
0.25	-94.3389
0.25	129.997
0.25	-89.3713
0.25	-152.718
0.25	-73.5091
0.25	29.7773
0.25	-7.00868
0.25	-101.375
0.25	-4.26787
0.25	92.4755
0.25	49.9908
0.25	-37.3333
0.25	81.7079
0.25	-5.90277
0.25	-29.9423
0.25	2.39165
0.25	-64.7173
0.25	104.571
0.25	-178.599
0.25	-132.629
0.25	46.5846
0.25	-101.365
0.25	36.9303
0.25	58.4558
0.25	174.538
0.25	143.395
0.25	-171.808
0.25	88.0034
0.25	-91.4478
0.25	128.137
0.25	177.78
0.25	164.684
0.25	127.915
0.25	57.7625
0.25	-102.159
0.25	54.5637
0.25	21.1206
0.25	-13.4919
0.25	-87.9433
0.25	80.2277
0.25	-64.7594
0.25	86.4316
0.25	41.3788
0.25	13.2413
0.25	102.326
0.25	40.996
0.25	130.352
0.25	-133.316
0.25	-123.545
0.25	-34.4203
0.25	143.035
0.25	48.2321
0.25	103.91
0.25	-95.4435
0.25	-110.192
0.25	-62.2691
0.25	75.5432
0.25	-102.765
0.25	104.858
0.25	66.265
0.25	19.9678
0.25	-105.236
0.25	110.242
0.25	-172.867
0.25	139.131
0.25	-11.2017
0.25	-115.721
0.25	-109.518
0.25	-132.488
0.25	-50.4055
0.25	85.1463
0.25	-83.8947
0.25	-86.2409
0.25	72.5001
0.25	-160.752
0.25	-155.487
0.25	135.779
0.25	86.7252
0.25	59.85
0.25	74.2565
0.25	-168.833
0.25	-55.2436
0.25	-124.498
0.25	-121.729
0.25	-67.4425
0.25	-149.134
0.25	-108.324
0.25	117.137
0.25	162.478
0.25	-9.4008
0.25	-52.2944
0.25	3.58551
0.25	-149.907
0.25	114.131
0.25	33.2822
0.25	-90.808
0.25	101.878
0.25	-111.798
0.25	50.865
0.25	-127.303
0.25	-69.0269
0.25	149.549
0.25	56.0309
0.25	-130.035
0.25	-66.0638
0.25	-25.7826
0.25	-125.025
0.25	-70.6173
0.25	-173.95
0.25	-90.4358
0.25	28.2166
0.25	45.1949
0.25	-53.8577
0.25	97.8571
0.25	-107.663
0.25	124.266
0.25	-148.739
0.25	61.6903
0.25	-146.104
0.25	74.6571
0.25	-85.9793
0.25	-84.3732
0.25	-54.815
0.25	158.779
0.25	-177.057
0.25	-95.1947
0.25	-37.4011
0.25	1.18204
0.25	-128.598
0.25	-59.3136
0.25	70.5811
0.25	-30.3566
0.25	0.247487
0.25	-5.89504
0.25	37.435
0.25	-159.93
0.25	131.11
0.25	118.271
0.25	60.9385
0.25	-162.13
0.25	123.139
0.25	-129.465
0.25	107.439
0.25	-141.258
0.25	19.4049
0.25	-101.275
0.25	-129.535
0.25	-51.41
0.25	84.0445
0.25	-95.9466
0.25	-127.127
0.25	-65.5289
0.25	92.4495
0.25	21.7089
0.25	-122.298
0.25	58.2015
0.25	-12.2433
0.25	75.7966
0.25	154.516
0.25	108.367
0.25	-13.5803
0.25	-128.485
0.25	139.022
0.25	-15.6663
0.25	76.0213
0.25	-175.85
0.25	138.9
0.25	41.1515
0.25	74.8422
0.25	26.732
0.25	-115.814
0.25	-168.098
0.25	14.6015
0.25	39.3564
0.25	108.1
0.25	169.499
0.25	67.0034
0.25	-119.913
0.25	116.014
0.25	-6.87266
0.25	-173.768
0.25	170.942
0.25	-139.276
0.25	160.869
0.25	69.857
0.25	140.913
0.25	-104.235
0.25	-133.699
0.25	-133.299
0.25	11.9487
0.25	114.626
0.25	42.7574
0.25	95.7325
0.25	-89.3909
0.25	-81.4715
0.25	-71.5916
0.25	-125.964
0.25	115.84
0.25	165.18
0.25	-18.6954
0.25	-65.5649
0.25	43.8122
0.25	61.9044
0.25	119.255
0.25	-78.3895
0.25	24.7382
0.25	-68.2285
0.25	145.716
0.25	9.8862
0.25	-112.892
0.25	-119.767
0.25	-32.3545
0.25	113.943
0.25	147.014
0.25	-107.412
0.25	-79.2084
0.25	65.059
0.25	-34.2173
0.25	-24.765
0.25	-47.07
0.25	42.8148
0.25	112.54
0.25	17.7139
0.25	-75.7196
0.25	66.8352
0.25	7.25992
0.25	-136.492
0.25	-145.547
0.25	-43.516
0.25	103.935
0.25	-142.165
0.25	86.6883
0.25	-24.5064
0.25	1.95499
0.25	-161.633
0.25	28.8769
0.25	57.759
0.25	-48.898
0.25	94.1784
0.25	21.2177
0.25	-40.8344
0.25	-158.928
0.25	16.111
0.25	100.243
0.25	156.826
0.25	-43.3595
0.25	-108.899
0.25	-173.401
0.25	176.31
0.25	-62.4443
0.25	32.6458
0.25	105.436
0.25	-103.478
0.25	-129.953
0.25	-131.608
0.25	144.086
0.25	29.6017
0.25	-101.898
0.25	-1.33437
0.25	13.1021
0.25	54.2618
0.25	-113.943
0.25	-68.508
0.25	78.5299
0.25	145.016
0.25	-36.6305
0.25	168.514
0.25	25.9014
0.25	-17.3407
0.25	142.688
0.25	-73.038
0.25	122.987
0.25	-11.0732
0.25	146.337
0.25	-128.545
0.25	52.9171
0.25	139.006
0.25	-76.3254
0.25	131.516
0.25	66.1268
0.25	-111.135
0.25	3.98683
0.25	-60.3769
0.25	-109.258
0.25	24.5044
0.25	109.28
0.25	-61.4424
0.25	80.2622
0.25	-160.745
0.25	106.789
0.25	-67.5554
0.25	76.8253
0.25	93.8695
0.25	-27.5644
0.25	-125.367
0.25	-133.303
0.25	-149.51
0.25	14.0704
0.25	-84.1338
0.25	-32.2786
0.25	-178.122
0.25	-81.4388
0.25	-57.2072
0.25	-2.52662
0.25	-101.904
0.25	125.008
0.25	137.582
0.25	-97.8665
0.25	-114.171
0.25	-76.1621
0.25	108.9
0.25	78.5556
0.25	151.995
0.25	-29.5619
0.25	65.3953
0.25	104.554
0.25	155.18
0.25	115.007
0.25	-100.938
0.25	45.4398
0.25	132.271
0.25	43.3629
0.25	121.289
0.25	115.44
0.25	-103.127
0.25	-174.031
0.25	-105.353
0.25	-144.622
0.25	31.6027
0.25	-49.7602
0.25	-164.369
0.25	-119.931
0.25	-117.055
0.25	-85.1257
0.25	53.6006
0.25	16.1049
0.25	60.6479
0.25	-162.6
0.25	-117.121
0.25	72.2365
0.25	150.818
0.25	1.51881
0.25	86.5356
0.25	-146.683
0.25	136.207
0.25	20.7409
0.25	-31.8386
0.25	33.8518
0.25	108.755
0.25	98.1037
0.25	2.13474
0.25	85.9917
0.25	135.25
0.25	-169.468
0.25	-12.3013
0.25	-18.9924
0.25	-114.301
0.25	-138.677
0.25	141.132
0.25	-113.335
0.25	68.6375
0.25	27.7812
0.25	41.0436
0.25	-125.787
0.25	36.7127
0.25	136.778
0.25	78.8883
0.25	143.564
0.25	-35.2803
0.25	-109.478
0.25	-57.2511
0.25	-164.145
0.25	-108.628
0.25	-143.618
0.25	-108.062
0.25	56.9705
0.25	134.046
0.25	-143.699
0.25	121.724
0.25	67.0318
0.25	7.1818
0.25	136.606
0.25	-4.93353
0.25	-129.268
0.25	-109.273
0.25	56.9864
0.25	25.8704
0.25	-21.5496
0.25	-5.94649
0.25	47.2992
0.25	-140.762
0.25	147.447
0.25	68.6247
0.25	124.815
0.25	-59.4889
0.25	-131.269
0.25	-95.6443
0.25	-128.38
0.25	-112.363
0.25	-167.371
0.25	31.159
0.25	121.267
0.25	-165.643
0.25	69.3464
0.25	80.6112
0.25	10.0832
0.25	37.1959
0.25	-146.778
0.25	-58.5351
0.25	-101.231
0.25	-137.163
0.25	165.436
0.25	-161.064
0.25	-67.4194
0.25	165.718
0.25	17.552
0.25	-4.57014
0.25	-30.4376
0.25	77.7403
0.25	-140.875
0.25	31.9345
0.25	54.7067
0.25	-64.8868
0.25	123.634
0.25	-145.548
0.25	-107.6
0.25	33.9505
0.25	-154
0.25	-23.6258
0.25	-128.108
0.25	-107.978
0.25	33.0602
0.25	-125.304
0.25	-147.926
0.25	93.3035
0.25	-144.224
0.25	168.172
0.25	53.2066
0.25	162.745
0.25	43.4029
0.25	67.8601
0.25	-102.751
0.25	130.908
0.25	37.0904
0.25	-163.924
0.25	120.987
0.25	66.7048
0.25	-135.386
0.25	-14.9454
0.25	-138.199
0.25	166.915
0.25	33.4149
0.25	28.6201
0.25	-115.715
0.25	77.0246
0.25	-110.176
0.25	18.6471
0.25	15.2724
0.25	-176.15
0.25	45.5796
0.25	139.206
0.25	-123.357
0.25	-49.1356
0.25	167.29
0.25	-104.901
0.25	100.021
0.25	142.496
0.25	118.178
0.25	8.99957
0.25	42.4341
0.25	48.9834
0.25	-98.7906
0.25	26.8431
0.25	20.5192
0.25	-114.498
0.25	-98.9943
0.25	-155.56
0.25	157.574
0.25	-139.665
0.25	142.687
0.25	-10.4902
0.25	136.868
0.25	-51.0444
0.25	157.445
0.25	-133.623
0.25	42.2891
0.25	-141.94
0.25	159.08
0.25	-47.5592
0.25	-159.738
0.25	-91.7419
0.25	-130.114
0.25	-120.946
0.25	67.9526
0.25	-47.8649
0.25	56.4099
0.25	-140.212
0.25	86.9987
0.25	-91.4765
0.25	-119.527
0.25	-8.64602
0.25	-32.2268
0.25	135.579
0.25	22.3097
0.25	4.23427
0.25	-9.22175
0.25	-25.5774
0.25	-137.188
0.25	122.654
0.25	-133.518
0.25	155.42
0.25	177.183
0.25	102.127
0.25	36.4478
0.25	71.9683
0.25	-4.71158
0.25	51.842
0.25	149.567
0.25	-48.9829
0.25	24.4514
0.25	113.867
0.25	-17.0699
0.25	165.867
0.25	-48.5944
0.25	39.9985
0.25	134.244
0.25	165.973
0.25	44.8698
0.25	-100.713
0.25	-166.904
0.25	-109.655
0.25	-41.3913
0.25	13.3612
0.25	-152.619
0.25	84.4438
0.25	-14.4695
0.25	23.9879
0.25	-105.639
0.25	115.535
0.25	160.373
0.25	76.1048
0.25	23.5172
0.25	113.466
0.25	30.9478
0.25	3.90965
0.25	24.6785
0.25	-76.603
0.25	-43.576
0.25	78.1144
0.25	111.269
0.25	-138.388
0.25	123.194
0.25	141.469
0.25	170.194
0.25	-53.6608
0.25	25.4858
0.25	-16.5474
0.25	-98.5277
0.25	-55.9505
0.25	174.364
0.25	129.086
0.25	83.3245
0.25	-157.131
0.25	142.387
0.25	50.1012
0.25	-108.435
0.25	-50.4578
0.25	-1.54042
0.25	151.4
0.25	3.21152
0.25	-107.704
0.25	143.219
0.25	176.545
0.25	97.0804
0.25	14.621
0.25	19.3441
0.25	-40.9232
0.25	69.7766
0.25	-63.5119
0.25	91.9363
0.25	137.966
0.25	-134.033
0.25	77.1087
0.25	178.151
0.25	34.2948
0.25	-35.612
0.25	-86.4083
0.25	72.1015
0.25	-119.777
0.25	36.5572
0.25	-63.434
0.25	-118.82
0.25	31.5459
0.25	-88.8014
0.25	51.1214
0.25	130.673
0.25	-68.7098
0.25	3.67935
0.25	-94.5782
0.25	-55.6952
0.25	89.1523
0.25	65.1361
0.25	91.2866
0.25	-127.346
0.25	41.1009
0.25	0.165731
0.25	134.867
0.25	-52.6066
0.25	-53.6888
0.25	99.0765
0.25	-52.1315
0.25	-176.613
0.25	-66.685
0.25	133.463
0.25	-21.4892
0.25	-46.9152
0.25	-164.262
0.25	-177.66
0.25	-116.218
0.25	-56.2861
0.25	-30.7496
0.25	130.426
0.25	111.328
0.25	-165.679
0.25	-167.831
0.25	-8.84919
0.25	106.638
0.25	-179.11
0.25	87.3067
0.25	-6.99173
0.25	89.0088
0.25	38.7638
0.25	-119.33
0.25	-154.614
0.25	-47.2047
0.25	-50.4367
0.25	-21.4135
0.25	51.5888
0.25	-11.4039
0.25	3.36129
0.25	-121.722
0.25	-60.0541
0.25	-57.3611
0.25	-15.529
0.25	140.28
0.25	-68.1664
0.25	33.0204
0.25	-157.489
0.25	159.836
0.25	100.917
0.25	-172.808
0.25	18.8918
0.25	80.0463
0.25	-162.531
0.25	-153.333
0.25	-38.157
0.25	-70.1197
0.25	62.9034
0.25	163.096
0.25	155.807
0.25	-58.9307
0.25	-172.15
0.25	-142.36
0.25	178.429
0.25	-53.5461
0.25	-104.671
0.25	26.8806
0.25	-61.9638
0.25	106.306
0.25	122.782
0.25	94.5713
0.25	-42.6739
0.25	123.529
0.25	52.2545
0.25	9.67884
0.25	-157.664
0.25	-6.48342
0.25	-18.9413
0.25	113.2
0.25	6.79683
0.25	-123.744
0.25	142.097
0.25	92.4251
0.25	-35.2406
0.25	-50.5623
0.25	-28.8734
0.25	-119.921
0.25	-91.9598
0.25	-121.128
0.25	104.21
0.25	-36.8885
0.25	134.771
0.25	-130.644
0.25	123.025
0.25	72.2082
0.25	-166.69
0.25	82.1813
0.25	-111.529
0.25	-160.693
0.25	-53.295
0.25	-63.2646
0.25	169.721
0.25	-120.55
0.25	-6.07051
0.25	141.616
0.25	170.757
0.25	-124.122
0.25	-169.624
0.25	132.48
0.25	-56.544
0.25	-159.495
0.25	13.3192
0.25	14.4302
0.25	-94.9394
0.25	62.9618
0.25	-108.174
0.25	-153.627
0.25	-34.2614
0.25	-32.0585
0.25	96.9958
0.25	178.626
0.25	-147.106
0.25	72.9114
0.25	-124.795
0.25	-157.731
0.25	76.9156
0.25	-47.3635
0.25	-85.8339
0.25	78.3457
0.25	156.597
0.25	-144.398
0.25	15.811
0.25	-17.602
0.25	-7.68974
0.25	-106.046
0.25	18.6565
0.25	157.199
0.25	-93.971
0.25	-140.659
0.25	-134.191
0.25	168.911
0.25	-28.066
0.25	-23.5789
0.25	-76.9399
0.25	41.7606
0.25	-16.2849
0.25	117.11
0.25	136.676
0.25	58.2265
0.25	143.764
0.25	-30.4538
0.25	-79.1808
0.25	-121.157
0.25	-57.16
0.25	114.116
0.25	-23.4842
0.25	-103.969
0.25	136.955
0.25	-145.998
0.25	-72.9491
0.25	-36.3671
