pol	setting	phi
0.3	45	-145.397
0.3	45	104.894
0.3	45	-15.4622
0.3	45	-154.594
0.3	45	-66.2895
0.3	45	-178.356
0.3	45	0.44928
0.3	45	-76.8854
0.3	45	-118.766
0.3	45	-43.7621
0.3	45	-15.8584
0.3	45	132.853
0.3	45	52.8346
0.3	45	44.5275
0.3	45	127.894
0.3	45	-158.69
0.3	45	-60.3901
0.3	45	-66.5939
0.3	45	-177.472
0.3	45	-123.401
0.3	45	115.458
0.3	45	-144.197
0.3	45	21.4522
0.3	45	-165.17
0.3	45	118.947
0.3	45	-109.556
0.3	45	-63.3193
0.3	45	-6.34601
0.3	45	-148.673
0.3	45	44.6198
0.3	45	-4.98494
0.3	45	-91.2736
0.3	45	89.1157
0.3	45	138.128
0.3	45	160.42
0.3	45	-139.802
0.3	45	-153.999
0.3	45	0.0769373
0.3	45	46.2232
0.3	45	-121.099
0.3	45	-148.457
0.3	45	-156.294
0.3	45	-102.034
0.3	45	66.6398
0.3	45	101.939
0.3	45	73.5902
0.3	45	-162.456
0.3	45	-148.683
0.3	45	35.8236
0.3	45	88.4895
0.3	45	-87.2466
0.3	45	68.171
0.3	45	-119.828
0.3	45	96.3899
0.3	45	94.3109
0.3	45	102.192
0.3	45	131.094
0.3	45	144.343
0.3	45	-156.736
0.3	45	-127.111
0.3	45	-78.8084
0.3	45	-74.5146
0.3	45	90.9394
0.3	45	82.5867
0.3	45	-143.732
0.3	45	-44.1693
0.3	45	153.579
0.3	45	-90.4332
0.3	45	-169.43
0.3	45	-151.609
0.3	45	6.7883
0.3	45	-63.904
0.3	45	-95.8318
0.3	45	-137.144
0.3	45	-139.643
0.3	45	123.267
0.3	45	-138.173
0.3	45	-37.7945
0.3	45	157.331
0.3	45	-118.392
0.3	45	106.847
0.3	45	144.542
0.3	45	-95.6806
0.3	45	168.541
0.3	45	-179.506
0.3	45	168.084
0.3	45	107.629
0.3	45	-80.374
0.3	45	-56.5399
0.3	45	-134.352
0.3	45	-131.901
0.3	45	-26.1056
0.3	45	172.189
0.3	45	165.601
0.3	45	160.158
0.3	45	-164.836
0.3	45	71.8447
0.3	45	-21.7303
0.3	45	-62.9223
0.3	45	100.889
0.3	45	-27.3098
0.3	45	54.9204
0.3	45	45.3708
0.3	45	90.9325
0.3	45	-78.5576
0.3	45	-50.3422
0.3	45	33.051
0.3	45	-65.8358
0.3	45	17.7243
0.3	45	-56.138
0.3	45	-155.034
0.3	45	43.6911
0.3	45	-73.4443
0.3	45	-130.506
0.3	45	-120.192
0.3	45	78.6383
0.3	45	-136.026
0.3	45	-32.0166
0.3	45	-79.9926
0.3	45	-33.078
0.3	45	26.529
0.3	45	73.0892
0.3	45	88.0904
0.3	45	58.9312
0.3	45	95.4716
0.3	45	-172.677
0.3	45	130.022
0.3	45	-113.51
0.3	45	96.8988
0.3	45	110.573
0.3	45	-153.535
0.3	45	-26.0958
0.3	45	34.7255
0.3	45	95.8733
0.3	45	-18.9193
0.3	45	68.266
0.3	45	92.0966
0.3	45	4.23442
0.3	45	5.23096
0.3	45	75.2885
0.3	45	178.382
0.3	45	-117.46
0.3	45	68.3516
0.3	45	166.933
0.3	45	164.464
0.3	45	-163.231
0.3	45	-124.757
0.3	45	-58.2306
0.3	45	70.5245
0.3	45	36.9655
0.3	45	13.1992
0.3	45	-64.1947
0.3	45	95.7847
0.3	45	-73.0103
0.3	45	-177.026
0.3	45	109.83
0.3	45	37.1825
0.3	45	-160.399
0.3	45	139.33
0.3	45	-29.4765
0.3	45	127.558
0.3	45	-75.5213
0.3	45	-100.673
0.3	45	-56.2962
0.3	45	-24.9823
0.3	45	-35.0103
0.3	45	164.664
0.3	45	-29.8834
0.3	45	-52.8656
0.3	45	5.20984
0.3	45	54.3216
0.3	45	-51.4351
0.3	45	76.4649
0.3	45	37.1468
0.3	45	-134.078
0.3	45	42.5577
0.3	45	172.018
0.3	45	59.2858
0.3	45	148.506
0.3	45	163.695
0.3	45	99.5585
0.3	45	38.5657
0.3	45	156.195
0.3	45	-74.8843
0.3	45	73.9485
0.3	45	75.3547
0.3	45	-155.092
0.3	45	178.175
0.3	45	64.2655
0.3	45	134.073
0.3	45	110.721
0.3	45	-54.0258
0.3	45	-80.1093
0.3	45	-92.1184
0.3	45	141.609
0.3	45	96.1098
0.3	45	-6.58111
0.3	45	-171.991
0.3	45	97.6009
0.3	45	-143.717
0.3	45	-139.448
0.3	45	101.467
0.3	45	-11.1068
0.3	45	-81.1063
0.3	45	115.606
0.3	45	-126.632
0.3	45	-135.521
0.3	45	111.77
0.3	45	-31.2248
0.3	45	121.968
0.3	45	-83.1381
0.3	45	-58.1903
0.3	45	68.1081
0.3	45	28.1721
0.3	45	139.253
0.3	45	-35.619
0.3	45	127.871
0.3	45	-62.31
0.3	45	-74.7813
0.3	45	12.2206
0.3	45	158.913
0.3	45	-36.8926
0.3	45	-172.084
0.3	45	-153.033
0.3	45	-128.422
0.3	45	82.0501
0.3	45	-34.8279
0.3	45	8.69983
0.3	45	22.2978
0.3	45	50.2647
0.3	45	62.304
0.3	45	-179.044
0.3	45	-65.3549
0.3	45	124.826
0.3	45	112.369
0.3	45	25.7583
0.3	45	138.065
0.3	45	79.3075
0.3	45	55.0083
0.3	45	106.766
0.3	45	-21.3371
0.3	45	71.1098
0.3	45	44.2334
0.3	45	-53.0329
0.3	45	-28.5989
0.3	45	10.5284
0.3	45	151.76
0.3	45	156.617
0.3	45	176.901
0.3	45	-155.393
0.3	45	80.2629
0.3	45	-64.7586
0.3	45	150.827
0.3	45	-72.2483
0.3	45	-71.7192
0.3	45	-133.317
0.3	45	118.42
0.3	45	151.568
0.3	45	-36.1724
0.3	45	-73.7787
0.3	45	-13.9996
0.3	45	177.705
0.3	45	-32.8327
0.3	45	57.1636
0.3	45	-103.975
0.3	45	26.6053
0.3	45	-75.4444
0.3	45	106.226
0.3	45	-9.64389
0.3	45	165.868
0.3	45	-31.038
0.3	45	-75.7166
0.3	45	117.769
0.3	45	80.0609
0.3	45	87.3355
0.3	45	3.15388
0.3	45	-30.5959
0.3	45	5.28246
0.3	45	43.9558
0.3	45	86.1873
0.3	45	39.7872
0.3	45	22.415
0.3	45	-147.517
0.3	45	-66.0478
0.3	45	-74.8397
0.3	45	81.9998
0.3	45	174.228
0.3	45	-148.672
0.3	45	-172.334
0.3	45	35.144
0.3	45	102.525
0.3	45	91.3484
0.3	45	73.6621
0.3	45	-147.048
0.3	45	-3.21342
0.3	45	69.0336
0.3	45	-68.3153
0.3	45	91.1435
0.3	45	-118.127
0.3	45	-19.5712
0.3	45	-74.6283
0.3	45	171.39
0.3	45	41.5036
0.3	45	113.251
0.3	45	129.577
0.3	45	11.4335
0.3	45	164.488
0.3	45	-8.53927
0.3	45	3.00709
0.3	45	73.8277
0.3	45	-96.0896
0.3	45	5.73989
0.3	45	157.153
0.3	45	-72.6267
0.3	45	-173.489
0.3	45	110.254
0.3	45	154.845
0.3	45	-179.321
0.3	45	147.621
0.3	45	83.5082
0.3	45	-13.9366
0.3	45	61.156
0.3	45	-116.082
0.3	45	174.241
0.3	45	-133.896
0.3	45	151.441
0.3	45	-68.5433
0.3	45	71.7868
0.3	45	-15.2671
0.3	45	95.3077
0.3	45	145.136
0.3	45	-6.34853
0.3	45	163.466
0.3	45	-1.47903
0.3	45	31.8024
0.3	45	-170.28
0.3	45	-12.5027
0.3	45	96.423
0.3	45	18.5529
0.3	45	14.7079
0.3	45	53.7305
0.3	45	63.6884
0.3	45	23.4675
0.3	45	-158.918
0.3	45	64.8017
0.3	45	31.6076
0.3	45	149.063
0.3	45	-61.5419
0.3	45	-115.256
0.3	45	108.765
0.3	45	-138.971
0.3	45	16.0614
0.3	45	117.188
0.3	45	-98.0021
0.3	45	-133.569
0.3	45	173.612
0.3	45	100.137
0.3	45	-4.10587
0.3	45	169.492
0.3	45	-162.212
0.3	45	-11.6232
0.3	45	83.6345
0.3	45	143.776
0.3	45	-88.4253
0.3	45	71.1201
0.3	45	-44.2843
0.3	45	-178.376
0.3	45	-16.9483
0.3	45	-83.8914
0.3	45	25.0711
0.3	45	3.32926
0.3	45	-25.2919
0.3	45	-77.9855
0.3	45	-176.259
0.3	45	72.5868
0.3	45	-60.1939
0.3	45	-45.1345
0.3	45	-153.432
0.3	45	-55.0313
0.3	45	83.8901
0.3	45	117.905
0.3	45	92.663
0.3	45	112.373
0.3	45	-171.709
0.3	45	-93.2267
0.3	45	62.8682
0.3	45	-15.8309
0.3	45	75.2553
0.3	45	143.025
0.3	45	-156.267
0.3	45	-170.62
0.3	45	36.8886
0.3	45	114.082
0.3	45	-173.196
0.3	45	60.6858
0.3	45	-28.8678
0.3	45	-85.5635
0.3	45	-25.2412
0.3	45	-114.408
0.3	45	-106.547
0.3	45	161.67
0.3	45	-139.234
0.3	45	-79.3622
0.3	45	-114.891
0.3	45	111.287
0.3	45	31.4486
0.3	45	144.306
0.3	45	-16.1164
0.3	45	-108.387
0.3	45	121.811
0.3	45	133.121
0.3	45	-166.943
0.3	45	48.1136
0.3	45	39.4386
0.3	45	-51.0792
0.3	45	-30.2609
0.3	45	-92.0644
0.3	45	-54.7298
0.3	45	-129.06
0.3	45	-118.144
0.3	45	-50.8222
0.3	45	26.3342
0.3	45	-179.768
0.3	45	109.816
0.3	45	-81.2098
0.3	45	160.759
0.3	45	-145.472
0.3	45	-70.1625
0.3	45	-37.0762
0.3	45	155.11
0.3	45	-163.209
0.3	45	-137.58
0.3	45	7.38779
0.3	45	-54.6484
0.3	45	-90.9461
0.3	45	96.3121
0.3	45	-118.589
0.3	45	-138.022
0.3	45	-168.445
0.3	45	94.8989
0.3	45	-44.3874
0.3	45	83.6557
0.3	45	-139.974
0.3	45	104.214
0.3	45	-122.489
0.3	45	-55.7508
0.3	45	-94.9955
0.3	45	-135.871
0.3	45	-86.2347
0.3	45	-7.54061
0.3	45	-68.5199
0.3	45	-36.7791
0.3	45	55.2965
0.3	45	-14.9177
0.3	45	-57.5825
0.3	45	-2.78505
0.3	45	-140.808
0.3	45	-75.7642
0.3	45	47.3339
0.3	45	-176.602
0.3	45	-28.2399
0.3	45	149.026
0.3	45	143.085
0.3	45	76.2072
0.3	45	13.0876
0.3	45	-157.896
0.3	45	-77.1504
0.3	45	-67.6061
0.3	45	-45.8215
0.3	45	-105.368
0.3	45	17.6005
0.3	45	-155.574
0.3	45	-172.174
0.3	45	5.90057
0.3	45	173.802
0.3	45	-108.327
0.3	45	100.143
0.3	45	-153.36
0.3	45	-86.2346
0.3	45	57.4964
0.3	45	146.175
0.3	45	-179.506
0.3	45	-115.048
0.3	45	31.4422
0.3	45	-124.36
0.3	45	107.412
0.3	45	-21.9824
0.3	45	-59.7007
0.3	45	92.9488
0.3	45	-19.3708
0.3	45	-4.48917
0.3	45	-95.4879
0.3	45	-140.059
0.3	45	-100.144
0.3	45	-173.455
0.3	45	81.2582
0.3	45	49.7968
0.3	45	149.268
0.3	45	-130.785
0.3	45	155.036
0.3	45	-117.479
0.3	45	-167.991
0.3	45	-56.7887
0.3	45	31.29
0.3	45	-77.4686
0.3	45	175.586
0.3	45	-175.735
0.3	45	6.25999
0.3	45	128.038
0.3	45	125.63
0.3	45	174.044
0.3	45	33.6474
0.3	45	-34.6004
0.3	45	172.978
0.3	45	-117.124
0.3	45	-40.803
0.3	45	133.032
0.3	45	178.41
0.3	45	-40.8416
0.3	45	-131.175
0.3	45	-103.377
0.3	45	0.797137
0.3	45	72.2714
0.3	45	26.5975
0.3	45	-141.161
0.3	45	58.1245
0.3	45	-39.5789
0.3	45	-156.139
0.3	45	165.394
0.3	45	113.626
0.3	45	-7.48964
0.3	45	-168.228
0.3	45	-88.2163
0.3	45	168.224
0.3	45	86.9627
0.3	45	24.5988
0.3	45	-70.1763
0.3	45	137.423
0.3	45	77.2854
0.3	45	83.1641
0.3	45	25.0837
0.3	45	123.017
0.3	45	-169.452
0.3	45	-134.579
0.3	45	111.999
0.3	45	-106.137
0.3	45	134.709
0.3	45	47.1271
0.3	45	92.8736
0.3	45	87.0286
0.3	45	-31.1586
0.3	45	-170.98
0.3	45	-56.4787
0.3	45	2.75591
0.3	45	173.843
0.3	45	74.6461
0.3	45	128.906
0.3	45	148.407
0.3	45	175.421
0.3	45	-32.3119
0.3	45	-143.096
0.3	45	161.146
0.3	45	-119.053
0.3	45	63.5967
0.3	45	109.158
0.3	45	141.882
0.3	45	169.987
0.3	45	23.0525
0.3	45	83.16
0.3	45	108.705
0.3	45	-60.4774
0.3	45	-59.984
0.3	45	101.247
0.3	45	38.0752
0.3	45	178.666
0.3	45	-67.266
0.3	45	88.962
0.3	45	129.825
0.3	45	-79.6346
0.3	45	15.7711
0.3	45	57.3537
0.3	45	-14.6728
0.3	45	11.9324
0.3	45	48.7294
0.3	45	85.9329
0.3	45	-96.129
0.3	45	-41.1761
0.3	45	7.97956
0.3	45	70.7656
0.3	45	-59.0917
0.3	45	145.035
0.3	45	113.3
0.3	45	-149.329
0.3	45	94.219
0.3	45	-94.3967
0.3	45	13.0014
0.3	45	172.587
0.3	45	151.851
0.3	45	158.303
0.3	45	134.891
0.3	45	-44.2811
0.3	45	119.88
0.3	45	69.367
0.3	45	-100.16
0.3	45	-67.7347
0.3	45	12.4715
0.3	45	153.705
0.3	45	-126.954
0.3	45	9.87605
0.3	45	69.5784
0.3	45	106.313
0.3	45	-100.882
0.3	45	-137.052
0.3	45	-68.3276
0.3	45	-92.6405
0.3	45	78.0693
0.3	45	-122.103
0.3	45	23.2502
0.3	45	121.709
0.3	45	65.9824
0.3	45	83.3928
0.3	45	135.959
0.3	45	77.8997
0.3	45	148.551
0.3	45	177.502
0.3	45	159.215
0.3	45	-29.1837
0.3	45	115.641
0.3	45	-62.9399
0.3	45	112.013
0.3	45	-0.948422
0.3	45	164.434
0.3	45	56.4337
0.3	45	-162.707
0.3	45	91.4944
0.3	45	134.96
0.3	45	61.8966
0.3	45	144.85
0.3	45	47.6246
0.3	45	-89.5403
0.3	45	117.873
0.3	45	45.2264
0.3	45	92.4906
0.3	45	-77.5092
0.3	45	37.2891
0.3	45	-40.9197
0.3	45	149.011
0.3	45	-93.7827
0.3	45	-1.69764
0.3	45	-11.1151
0.3	45	9.98716
0.3	45	7.33934
0.3	45	-86.9308
0.3	45	0.461561
0.3	45	-123.719
0.3	45	-72.438
0.3	45	-81.0745
0.3	45	-140.312
0.3	45	-11.7254
0.3	45	-178.128
0.3	45	8.13723
0.3	45	149.477
0.3	45	-89.1185
0.3	45	113.716
0.3	45	-18.3455
0.3	45	-172.775
0.3	45	-19.7215
0.3	45	148.889
0.3	45	158.278
0.3	45	-28.3021
0.3	45	140.504
0.3	45	54.3362
0.3	45	59.2025
0.3	45	-143.819
0.3	45	-127.385
0.3	45	16.3139
0.3	45	-60.4984
0.3	45	69.0897
0.3	45	159.288
0.3	45	-98.6045
0.3	45	-64.2689
0.3	45	4.18665
0.3	45	70.6394
0.3	45	-104.063
0.3	45	-123.396
0.3	45	117.252
0.3	45	-168.886
0.3	45	16.2945
0.3	45	88.329
0.3	45	-3.74463
0.3	45	54.5506
0.3	45	108.607
0.3	45	-102.517
0.3	45	-34.8213
0.3	45	153.541
0.3	45	-79.5047
0.3	45	117.511
0.3	45	-79.7843
0.3	45	-46.7684
0.3	45	16.7135
0.3	45	39.4659
0.3	45	-25.3999
0.3	45	71.5149
0.3	45	58.3445
0.3	45	-53.5195
0.3	45	-97.5121
0.3	45	153.027
0.3	45	52.7686
0.3	45	16.2685
0.3	45	59.8209
0.3	45	9.37251
0.3	45	29.808
0.3	45	8.77549
0.3	45	154.119
0.3	45	-46.3535
0.3	45	-115.143
0.3	45	-95.6909
0.3	45	179.041
0.3	45	133.513
0.3	45	-55.1198
0.3	45	-6.05494
0.3	45	-19.5762
0.3	45	40.3432
0.3	45	106.579
0.3	45	-75.8494
0.3	45	125.575
0.3	45	101.079
0.3	45	95.362
0.3	45	145.043
0.3	45	-37.8925
0.3	45	47.9427
0.3	45	-76.973
0.3	45	119.085
0.3	45	17.7056
0.3	45	-88.5195
0.3	45	-48.8847
0.3	45	-91.7453
0.3	45	97.2701
0.3	45	73.4453
0.3	45	-74.3201
0.3	45	53.5348
0.3	45	-146.413
0.3	45	-16.8193
0.3	45	78.8691
0.3	45	-92.5951
0.3	45	47.8596
0.3	45	-75.2627
0.3	45	-7.81509
0.3	45	56.9672
0.3	45	-31.8182
0.3	45	70.4042
0.3	45	72.315
0.3	45	166.307
0.3	45	-19.3762
0.3	45	98.0609
0.3	45	-43.7645
0.3	45	-107.69
0.3	45	-140.282
0.3	45	18.2641
0.3	45	156.849
0.3	45	114.531
0.3	45	71.6792
0.3	45	79.6532
0.3	45	174.552
0.3	45	179.356
0.3	45	-165.074
0.3	45	42.9351
0.3	45	-88.7868
0.3	45	107.706
0.3	45	104.9
0.3	45	79.1484
0.3	45	14.4143
0.3	45	-112.825
0.3	45	-177.537
0.3	45	39.5759
0.3	45	119.083
0.3	45	119.761
0.3	45	105.014
0.3	45	-179.138
0.3	45	20.6863
0.3	45	-36.3863
0.3	45	106.196
0.3	45	-30.4999
0.3	45	-61.8689
0.3	45	-17.4429
0.3	45	154.238
0.3	45	-88.1137
0.3	45	17.7366
0.3	45	23.3947
0.3	45	172.486
0.3	45	107.065
0.3	45	-88.774
0.3	45	22.5423
0.3	45	-123.073
0.3	45	27.0086
0.3	45	-143.786
0.3	45	57.7894
0.3	45	100.097
0.3	45	-110.279
0.3	45	-23.1007
0.3	45	-101.1
0.3	45	-5.0506
0.3	45	-93.4345
0.3	45	48.3988
0.3	45	88.9168
0.3	45	-96.3247
0.3	45	54.7681
0.3	45	-100.158
0.3	45	179.589
0.3	45	-43.2521
0.3	45	63.4808
0.3	45	-44.9313
0.3	45	175.233
0.3	45	-69.7694
0.3	45	-175.517
0.3	45	162.778
0.3	45	107.713
0.3	45	-66.4277
0.3	45	-110.165
0.3	45	-58.0899
0.3	45	-9.05378
0.3	45	-95.8223
0.3	45	18.0364
0.3	45	22.4994
0.3	45	73.5837
0.3	45	165.482
0.3	45	-177.58
0.3	45	10.2808
0.3	45	-36.7925
0.3	45	65.2077
0.3	45	-13.7594
0.3	45	157.624
0.3	45	42.7669
0.3	45	5.07888
0.3	45	44.0308
0.3	45	-49.8745
0.3	45	140.962
0.3	45	-143.678
0.3	45	3.19661
0.3	45	105.633
0.3	45	-51.2326
0.3	45	-149.804
0.3	45	-43.8794
0.3	45	-85.8053
0.3	45	125.013
0.3	45	64.428
0.3	45	-54.2801
0.3	45	65.0532
0.3	45	-107.743
0.3	45	110.524
0.3	45	55.7242
0.3	45	65.3775
0.3	45	62.9937
0.3	45	-25.6378
0.3	45	98.7112
0.3	45	167.037
0.3	45	-94.8359
0.3	45	123.382
0.3	45	132.114
0.3	45	113.311
0.3	45	-82.5349
0.3	45	-37.5568
0.3	45	161.937
0.3	45	75.9318
0.3	45	-24.9298
0.3	45	-101.555
0.3	45	-30.08
0.3	45	-10.7681
0.3	45	-32.5743
0.3	45	-170.555
0.3	45	-166.982
0.3	45	17.3054
0.3	45	70.2144
0.3	45	127.226
0.3	45	-93.5701
0.3	45	-46.7637
0.3	45	-3.48841
0.3	45	3.85107
0.3	45	150.524
0.3	45	179.017
0.3	45	27.7381
0.3	45	54.8607
0.3	45	83.8089
0.3	45	122.873
0.3	45	-115.082
0.3	45	-130.316
0.3	45	-29.8766
0.3	45	127.539
0.3	45	147.891
0.3	45	-107.406
0.3	45	-177.265
0.3	45	170.439
0.3	45	154.643
0.3	45	-31.4725
0.3	45	47.5379
0.3	45	-96.5904
0.3	45	-32.0654
0.3	45	46.108
0.3	45	-109.615
0.3	45	100.134
0.3	45	-73.8222
0.3	45	-167.119
0.3	45	55.0786
0.3	45	155.203
0.3	45	-155.095
0.3	45	175.191
0.3	45	141.812
0.3	45	-97.7815
0.3	45	-155.555
0.3	45	-141.002
0.3	45	109.066
0.3	45	-100.686
0.3	45	-47.831
0.3	45	178.566
0.3	45	-14.4938
0.3	45	-49.5344
0.3	45	-100.531
0.3	45	-117.259
0.3	45	-95.2156
0.3	45	52.9053
0.3	45	21.3742
0.3	45	-173.336
0.3	45	30.441
0.3	45	152.195
0.3	45	-7.28671
0.3	45	121.946
0.3	45	-159.232
0.3	45	29.5683
0.3	45	-54.5812
0.3	45	17.3316
0.3	45	-126.693
0.3	45	-65.8797
0.3	45	83.6147
0.3	45	-98.0273
0.3	45	-48.1811
0.3	45	-50.6726
0.3	45	-47.1811
0.3	45	10.6884
0.3	45	47.9326
0.3	45	160.298
0.3	45	128.163
0.3	45	-156.85
0.3	45	126.027
0.3	45	105.152
0.3	45	-138.585
0.3	45	51.3901
0.3	45	-176.148
0.3	45	149.481
0.3	45	-156.095
0.3	45	150.296
0.3	45	18.9048
0.3	45	-116.836
0.3	45	119.514
0.3	45	-78.8077
0.3	45	-173.15
0.3	45	86.666
0.3	45	164.193
0.3	45	83.3725
0.3	45	117.802
0.3	45	-45.1476
0.3	45	123.826
0.3	45	35.8151
0.3	45	71.7986
0.3	45	78.929
0.3	45	-94.7618
0.3	45	19.2023
0.3	45	138.219
0.3	45	47.1105
0.3	45	-3.80335
0.3	45	118.302
0.3	45	0.975957
0.3	45	10.3668
0.3	45	-47.0795
0.3	45	-84.8079
0.3	45	156.538
0.3	45	-60.1563
0.3	45	93.7475
0.3	45	-168.945
0.3	45	144.233
0.3	45	-91.6636
0.3	45	37.3871
0.3	45	82.7724
0.3	45	9.32264
0.3	45	7.81247
0.3	45	77.2561
0.3	45	-176.795
0.3	45	135.994
0.3	45	-159.068
0.3	45	21.1645
0.3	45	-154.103
0.3	45	72.0312
0.3	45	-103.857
0.3	45	-52.5779
0.3	45	-157.968
0.3	45	-45.3271
0.3	45	109.325
0.3	45	-91.4557
0.3	45	-79.2389
0.3	45	-112.578
0.3	45	102.287
0.25	-45	-161.32
0.25	-45	-7.56341
0.25	-45	89.9409
0.25	-45	-113.251
0.25	-45	-56.9697
0.25	-45	-142.851
0.25	-45	96.1834
0.25	-45	42.8252
0.25	-45	-18.1571
0.25	-45	-158.057
0.25	-45	-179.458
0.25	-45	58.1897
0.25	-45	24.7262
0.25	-45	-119.616
0.25	-45	-138.992
0.25	-45	-96.3689
0.25	-45	-128.609
0.25	-45	-108.593
0.25	-45	-178.011
0.25	-45	178.46
0.25	-45	57.2651
0.25	-45	128.282
0.25	-45	-128.483
0.25	-45	24.0401
0.25	-45	24.1326
0.25	-45	109.349
0.25	-45	60.5797
0.25	-45	103.645
0.25	-45	99.4576
0.25	-45	89.3914
0.25	-45	-118.116
0.25	-45	-11.7416
0.25	-45	80.9218
0.25	-45	77.4618
0.25	-45	-51.8626
0.25	-45	-161.755
0.25	-45	-141.972
0.25	-45	-138.039
0.25	-45	146.445
0.25	-45	-120.578
0.25	-45	-101.397
0.25	-45	-150.387
0.25	-45	-118.598
0.25	-45	-78.2067
0.25	-45	88.7904
0.25	-45	-57.4864
0.25	-45	-91.3247
0.25	-45	50.7778
0.25	-45	97.1045
0.25	-45	-97.2327
0.25	-45	159.226
0.25	-45	-107.027
0.25	-45	14.8244
0.25	-45	161.095
0.25	-45	-117.259
0.25	-45	-25.3565
0.25	-45	38.9593
0.25	-45	-16.6795
0.25	-45	80.9788
0.25	-45	15.8666
0.25	-45	89.2465
0.25	-45	-114.931
0.25	-45	35.1656
0.25	-45	174.351
0.25	-45	108.133
0.25	-45	125.25
0.25	-45	92.0612
0.25	-45	17.6654
0.25	-45	-93.7926
0.25	-45	-102.184
0.25	-45	138.736
0.25	-45	-160.954
0.25	-45	-59.4596
0.25	-45	-156.531
0.25	-45	37.5404
0.25	-45	-154.965
0.25	-45	141.4
0.25	-45	24.6761
0.25	-45	168.434
0.25	-45	67.1032
0.25	-45	133.895
0.25	-45	-77.0059
0.25	-45	-178.724
0.25	-45	-32.9642
0.25	-45	-168.252
0.25	-45	-51.5982
0.25	-45	-55.8494
0.25	-45	-49.3454
0.25	-45	-118.485
0.25	-45	1.45155
0.25	-45	-145.266
0.25	-45	134.128
0.25	-45	-165.303
0.25	-45	44.5969
0.25	-45	-173.744
0.25	-45	145.024
0.25	-45	80.1612
0.25	-45	-122.746
0.25	-45	63.1918
0.25	-45	1.20131
0.25	-45	97.1848
0.25	-45	-11.579
0.25	-45	8.48749
0.25	-45	-174.178
0.25	-45	-162.518
0.25	-45	176.467
0.25	-45	-117.907
0.25	-45	31.0939
0.25	-45	-92.1221
0.25	-45	-147.399
0.25	-45	150.317
0.25	-45	-95.1971
0.25	-45	100.65
0.25	-45	91.4914
0.25	-45	162.526
0.25	-45	-12.7257
0.25	-45	41.8156
0.25	-45	-127.77
0.25	-45	-174.539
0.25	-45	-155.912
0.25	-45	-101.056
0.25	-45	173.375
0.25	-45	148.456
0.25	-45	155.576
0.25	-45	-15.2379
0.25	-45	54.7723
0.25	-45	53.3272
0.25	-45	76.1721
0.25	-45	52.2678
0.25	-45	-172.124
0.25	-45	76.0835
0.25	-45	-132.936
0.25	-45	112.986
0.25	-45	170.367
0.25	-45	26.5404
0.25	-45	-6.6544
0.25	-45	94.142
0.25	-45	-152.257
0.25	-45	51.4371
0.25	-45	1.68274
0.25	-45	8.35333
0.25	-45	-92.4793
0.25	-45	121.59
0.25	-45	10.6722
0.25	-45	-32.1738
0.25	-45	79.5033
0.25	-45	179.904
0.25	-45	176.308
0.25	-45	-87.0794
0.25	-45	43.9127
0.25	-45	138.337
0.25	-45	-65.5493
0.25	-45	-131.339
0.25	-45	46.4524
0.25	-45	172.183
0.25	-45	-11.3845
0.25	-45	14.1838
0.25	-45	-45.5722
0.25	-45	157.047
0.25	-45	-106.528
0.25	-45	130.296
0.25	-45	78.4771
0.25	-45	103.073
0.25	-45	154.876
0.25	-45	115.506
0.25	-45	-136.757
0.25	-45	60.6432
0.25	-45	-5.84987
0.25	-45	12.0301
0.25	-45	120.711
0.25	-45	11.9867
0.25	-45	18.6669
0.25	-45	58.5883
0.25	-45	75.3881
0.25	-45	-25.2502
0.25	-45	64.4668
0.25	-45	118.66
0.25	-45	51.4592
0.25	-45	131.325
0.25	-45	118.909
0.25	-45	-31.9611
0.25	-45	-130.765
0.25	-45	25.1446
0.25	-45	95.9526
0.25	-45	-105.62
0.25	-45	-140.855
0.25	-45	-16.2185
0.25	-45	119.933
0.25	-45	52.8638
0.25	-45	58.0883
0.25	-45	156.653
0.25	-45	-33.1132
0.25	-45	-64.9076
0.25	-45	-155.99
0.25	-45	-37.988
0.25	-45	-164.384
0.25	-45	-134.427
0.25	-45	-151.309
0.25	-45	-28.4494
0.25	-45	-20.1132
0.25	-45	-36.4591
0.25	-45	153.257
0.25	-45	66.6081
0.25	-45	-145.61
0.25	-45	43.5139
0.25	-45	-82.9837
0.25	-45	-23.2651
0.25	-45	-131.978
0.25	-45	-20.4551
0.25	-45	-126.35
0.25	-45	17.7081
0.25	-45	178.454
0.25	-45	158.802
0.25	-45	50.6258
0.25	-45	-173.1
0.25	-45	-33.2023
0.25	-45	-46.11
0.25	-45	69.6331
0.25	-45	-94.6092
0.25	-45	162.633
0.25	-45	104.974
0.25	-45	-179.854
0.25	-45	67.1649
0.25	-45	-116.452
0.25	-45	-71.8825
0.25	-45	167.216
0.25	-45	-18.7229
0.25	-45	109.523
0.25	-45	-149.996
0.25	-45	-48.9003
0.25	-45	-71.7356
0.25	-45	-150.477
0.25	-45	-101.15
0.25	-45	-21.6259
0.25	-45	-73.8386
0.25	-45	106.141
0.25	-45	82.018
0.25	-45	78.1137
0.25	-45	-174.726
0.25	-45	87.1047
0.25	-45	-156.95
0.25	-45	-170.929
0.25	-45	-128.498
0.25	-45	74.2208
0.25	-45	142.789
0.25	-45	22.7807
0.25	-45	-29.2117
0.25	-45	-36.9795
0.25	-45	-59.0619
0.25	-45	71.2824
0.25	-45	-179.654
0.25	-45	103.858
0.25	-45	-142.584
0.25	-45	-80.5715
0.25	-45	92.2152
0.25	-45	149.625
0.25	-45	-118.975
0.25	-45	-52.9602
0.25	-45	-3.98792
0.25	-45	162.271
0.25	-45	117.878
0.25	-45	-85.211
0.25	-45	68.3882
0.25	-45	177.613
0.25	-45	118.352
0.25	-45	-44.3476
0.25	-45	-53.8275
0.25	-45	-172.763
0.25	-45	39.6651
0.25	-45	110.338
0.25	-45	106.298
0.25	-45	-1.43864
0.25	-45	-141.512
0.25	-45	-178.485
0.25	-45	-57.4265
0.25	-45	-0.424849
0.25	-45	22.8367
0.25	-45	-173.418
0.25	-45	33.4883
0.25	-45	52.6972
0.25	-45	4.04551
0.25	-45	159.167
0.25	-45	108.642
0.25	-45	-142.79
0.25	-45	-38.9307
0.25	-45	-103.909
0.25	-45	-126.988
0.25	-45	95.7603
0.25	-45	85.1241
0.25	-45	-79.1117
0.25	-45	-14.1282
0.25	-45	154.183
0.25	-45	97.6725
0.25	-45	-48.5759
0.25	-45	142.4
0.25	-45	-21.3624
0.25	-45	84.262
0.25	-45	174.771
0.25	-45	-174.211
0.25	-45	120.387
0.25	-45	111.483
0.25	-45	61.1875
0.25	-45	-38.5389
0.25	-45	-111.969
0.25	-45	-19.1327
0.25	-45	-49.9487
0.25	-45	-103.883
0.25	-45	64.7439
0.25	-45	158.005
0.25	-45	171.81
0.25	-45	-103.531
0.25	-45	-139.154
0.25	-45	0.0561013
0.25	-45	-114.685
0.25	-45	63.9055
0.25	-45	-134.338
0.25	-45	88.9343
0.25	-45	4.59
0.25	-45	-148.523
0.25	-45	-58.76
0.25	-45	157.96
0.25	-45	-118.353
0.25	-45	170.882
0.25	-45	-56.0713
0.25	-45	-84.2554
0.25	-45	76.7876
0.25	-45	154.31
0.25	-45	162.457
0.25	-45	-15.704
0.25	-45	-64.289
0.25	-45	41.9042
0.25	-45	-20.5432
0.25	-45	-96.9685
0.25	-45	-112.148
0.25	-45	54.6072
0.25	-45	67.532
0.25	-45	74.3199
0.25	-45	79.3767
0.25	-45	-73.8341
0.25	-45	-177.341
0.25	-45	149.389
0.25	-45	-126.298
0.25	-45	23.7631
0.25	-45	-133.293
0.25	-45	-56.2646
0.25	-45	-110.963
0.25	-45	-124.267
0.25	-45	-95.0648
0.25	-45	-137.091
0.25	-45	-92.13
0.25	-45	31.8333
0.25	-45	-121.209
0.25	-45	178.595
0.25	-45	16.64
0.25	-45	-178.362
0.25	-45	165.543
0.25	-45	15.9008
0.25	-45	109.577
0.25	-45	-92.4478
0.25	-45	130.932
0.25	-45	-176.259
0.25	-45	-118.18
0.25	-45	3.51158
0.25	-45	178.056
0.25	-45	100.991
0.25	-45	-155.906
0.25	-45	-161.977
0.25	-45	-75.7399
0.25	-45	12.6025
0.25	-45	144.644
0.25	-45	-162.574
0.25	-45	-102.544
0.25	-45	-78.3932
0.25	-45	70.0131
0.25	-45	-25.0938
0.25	-45	-139.246
0.25	-45	-12.7186
0.25	-45	151.727
0.25	-45	139.669
0.25	-45	112.665
0.25	-45	79.8352
0.25	-45	-91.6577
0.25	-45	18.0652
0.25	-45	-31.2311
0.25	-45	-24.7283
0.25	-45	72.2141
0.25	-45	112.565
0.25	-45	-34.0522
0.25	-45	-135.21
0.25	-45	-31.6004
0.25	-45	-149.348
0.25	-45	60.4436
0.25	-45	-120.113
0.25	-45	-157.144
0.25	-45	71.2938
0.25	-45	114.186
0.25	-45	36.1701
0.25	-45	178.831
0.25	-45	154.185
0.25	-45	25.0856
0.25	-45	-13.1329
0.25	-45	-102.884
0.25	-45	-132.724
0.25	-45	-92.6696
0.25	-45	-162.979
0.25	-45	98.1024
0.25	-45	-47.4185
0.25	-45	61.822
0.25	-45	-69.3195
0.25	-45	-165.844
0.25	-45	88.7005
0.25	-45	-2.6097
0.25	-45	-103.655
0.25	-45	92.5988
0.25	-45	52.0765
0.25	-45	-122
0.25	-45	-15.6468
0.25	-45	-19.1574
0.25	-45	64.3343
0.25	-45	135.334
0.25	-45	112.941
0.25	-45	-28.131
0.25	-45	-153.701
0.25	-45	134.874
0.25	-45	86.2907
0.25	-45	-145.297
0.25	-45	99.9695
0.25	-45	-6.41697
0.25	-45	75.8512
0.25	-45	-171.395
0.25	-45	53.9481
0.25	-45	90.9882
0.25	-45	17.7425
0.25	-45	12.0619
0.25	-45	-20.4602
0.25	-45	130.396
0.25	-45	141.989
0.25	-45	-35.8182
0.25	-45	-109.348
0.25	-45	168.835
0.25	-45	-161.995
0.25	-45	-81.8312
0.25	-45	-169.505
0.25	-45	-148.214
0.25	-45	23.009
0.25	-45	-32.8527
0.25	-45	53.5346
0.25	-45	-18.9169
0.25	-45	69.7419
0.25	-45	99.0831
0.25	-45	63.5703
0.25	-45	-16.1226
0.25	-45	-154.532
0.25	-45	118.604
0.25	-45	-5.9453
0.25	-45	-114.376
0.25	-45	-114.416
0.25	-45	-86.3673
0.25	-45	-5.38537
0.25	-45	-161.236
0.25	-45	-116.902
0.25	-45	-108.298
0.25	-45	-18.6636
0.25	-45	30.5668
0.25	-45	-3.55955
0.25	-45	-92.5048
0.25	-45	-32.2241
0.25	-45	-20.649
0.25	-45	73.091
0.25	-45	-85.8055
0.25	-45	84.691
0.25	-45	64.9433
0.25	-45	-117.247
0.25	-45	29.1603
0.25	-45	85.2341
0.25	-45	155.363
0.25	-45	-101.777
0.25	-45	17.9085
0.25	-45	-146.204
0.25	-45	-146.77
0.25	-45	-169.952
0.25	-45	-13.7685
0.25	-45	-63.8049
0.25	-45	-124.089
0.25	-45	16.1398
0.25	-45	-135.68
0.25	-45	41.1468
0.25	-45	133.052
0.25	-45	30.4629
0.25	-45	-101.506
0.25	-45	117.661
0.25	-45	-107.774
0.25	-45	-81.8856
0.25	-45	22.4262
0.25	-45	-87.6266
0.25	-45	4.08609
0.25	-45	71.9243
0.25	-45	10.9538
0.25	-45	18.8225
0.25	-45	-175.519
0.25	-45	-134.736
0.25	-45	-89.0642
0.25	-45	47.3731
0.25	-45	-19.8454
0.25	-45	-25.8159
0.25	-45	90.6403
0.25	-45	80.7644
0.25	-45	-89.732
0.25	-45	73.2921
0.25	-45	-25.6284
0.25	-45	177.517
0.25	-45	26.2878
0.25	-45	131.636
0.25	-45	135.685
0.25	-45	3.41894
0.25	-45	-38.4337
0.25	-45	-11.2385
0.25	-45	-48.5667
0.25	-45	169.499
0.25	-45	-55.0709
0.25	-45	123.071
0.25	-45	137.502
0.25	-45	98.9828
0.25	-45	150.862
0.25	-45	-88.681
0.25	-45	83.1546
0.25	-45	97.9438
0.25	-45	23.9283
0.25	-45	53.5639
0.25	-45	177.238
0.25	-45	112.453
0.25	-45	-25.2162
0.25	-45	36.0087
0.25	-45	89.9535
0.25	-45	61.4676
0.25	-45	65.4484
0.25	-45	-26.7155
0.25	-45	-45.4394
0.25	-45	106.676
0.25	-45	-133.254
0.25	-45	57.0466
0.25	-45	-141.328
0.25	-45	-84.0194
0.25	-45	-113.492
0.25	-45	92.0063
0.25	-45	-173.315
0.25	-45	-161.941
0.25	-45	-99.835
0.25	-45	121.55
0.25	-45	-65.7018
0.25	-45	-120.19
0.25	-45	106.297
0.25	-45	-22.8609
0.25	-45	164.646
0.25	-45	-136.933
0.25	-45	-148.841
0.25	-45	36.7165
0.25	-45	53.7915
0.25	-45	-71.4796
0.25	-45	-73.097
0.25	-45	-87.1407
0.25	-45	-111.086
0.25	-45	-100.237
0.25	-45	152.869
0.25	-45	-48.524
0.25	-45	50.7998
0.25	-45	68.2455
0.25	-45	-145.05
0.25	-45	95.8245
0.25	-45	-33.1518
0.25	-45	-119.487
0.25	-45	31.7758
0.25	-45	85.6859
0.25	-45	-25.1935
0.25	-45	-120.589
0.25	-45	-121.49
0.25	-45	5.96385
0.25	-45	-33.9136
0.25	-45	-68.4371
0.25	-45	61.5619
0.25	-45	-86.8636
0.25	-45	16.7565
0.25	-45	-110.452
0.25	-45	-28.8216
0.25	-45	97.3362
0.25	-45	43.9693
0.25	-45	136.808
0.25	-45	41.5397
0.25	-45	-56.2207
0.25	-45	-157.264
0.25	-45	79.6648
0.25	-45	-35.9264
0.25	-45	-68.5829
0.25	-45	-90.2932
0.25	-45	-120.763
0.25	-45	-73.0347
0.25	-45	79.2325
0.25	-45	-27.8028
0.25	-45	78.7713
0.25	-45	-150.029
0.25	-45	173.442
0.25	-45	-90.528
0.25	-45	-95.4205
0.25	-45	6.98043
0.25	-45	10.1179
0.25	-45	98.0068
0.25	-45	-24.1868
0.25	-45	81.8159
0.25	-45	124.794
0.25	-45	-113.137
0.25	-45	50.9027
0.25	-45	-117.137
0.25	-45	78.6537
0.25	-45	-108.821
0.25	-45	161.052
0.25	-45	50.571
0.25	-45	-1.11974
0.25	-45	66.905
0.25	-45	160.742
0.25	-45	156.051
0.25	-45	-132.823
0.25	-45	-150.935
0.25	-45	38.1467
0.25	-45	-150.095
0.25	-45	32.3161
0.25	-45	-18.3772
0.25	-45	99.2531
0.25	-45	160.142
0.25	-45	-126.433
0.25	-45	-103.165
0.25	-45	-109.267
0.25	-45	-36.644
0.25	-45	-135.531
0.25	-45	1.50619
0.25	-45	-167.223
0.25	-45	-152.86
0.25	-45	-132.714
0.25	-45	82.4109
0.25	-45	-120.195
0.25	-45	158.842
0.25	-45	-79.7785
0.25	-45	-132.721
0.25	-45	42.4127
0.25	-45	78.0903
0.25	-45	123.69
0.25	-45	-93.2444
0.25	-45	26.4365
0.25	-45	-173.565
0.25	-45	-133.028
0.25	-45	-169.816
0.25	-45	-31.7523
0.25	-45	141.15
0.25	-45	43.2695
0.25	-45	20.2889
0.25	-45	-173.789
0.25	-45	53.0162
0.25	-45	16.5613
0.25	-45	166.132
0.25	-45	-12.7496
0.25	-45	166.93
0.25	-45	-117.223
0.25	-45	-155.185
0.25	-45	6.85743
0.25	-45	-139.413
0.25	-45	-153.435
0.25	-45	-139.301
0.25	-45	49.2091
0.25	-45	-64.3777
0.25	-45	-149.681
0.25	-45	0.467049
0.25	-45	149.647
0.25	-45	-24.6747
0.25	-45	-3.26797
0.25	-45	-62.0039
0.25	-45	-49.0076
0.25	-45	88.7269
0.25	-45	-69.7363
0.25	-45	169.572
0.25	-45	-104.882
0.25	-45	-98.9423
0.25	-45	-122.182
0.25	-45	-94.0038
0.25	-45	109.449
0.25	-45	34.5751
0.25	-45	-35.6764
0.25	-45	144.686
0.25	-45	-10.2661
0.25	-45	64.1469
0.25	-45	69.6639
0.25	-45	17.4304
0.25	-45	52.422
0.25	-45	-19.8277
0.25	-45	132.809
0.25	-45	72.4773
0.25	-45	5.59811
0.25	-45	98.8605
0.25	-45	-80.6161
0.25	-45	90.1245
0.25	-45	-95.9754
0.25	-45	-104.35
0.25	-45	127.657
0.25	-45	111.576
0.25	-45	21.6584
0.25	-45	-18.3396
0.25	-45	-49.7305
0.25	-45	35.3932
0.25	-45	-164.822
0.25	-45	163.566
0.25	-45	-10.1441
0.25	-45	9.62497
0.25	-45	-166.587
0.25	-45	-129.057
0.25	-45	-63.0182
0.25	-45	13.2286
0.25	-45	156.55
0.25	-45	-7.64261
0.25	-45	-23.3727
0.25	-45	-80.4478
0.25	-45	-161.497
0.25	-45	-141.242
0.25	-45	-46.0596
0.25	-45	-179.223
0.25	-45	-169.193
0.25	-45	52.3645
0.25	-45	-72.9099
0.25	-45	166.197
0.25	-45	-91.4379
0.25	-45	179.135
0.25	-45	36.3433
0.25	-45	-43.6501
0.25	-45	23.9409
0.25	-45	-34.4069
0.25	-45	-78.9545
0.25	-45	25.5976
0.25	-45	79.4272
0.25	-45	-43.6856
0.25	-45	56.9585
0.25	-45	-17.7089
0.25	-45	50.4047
0.25	-45	77.6399
0.25	-45	60.1678
0.25	-45	102.914
0.25	-45	-147.711
0.25	-45	89.7233
0.25	-45	115.087
0.25	-45	26.5191
0.25	-45	-118.919
0.25	-45	93.0457
0.25	-45	169.444
0.25	-45	34.1993
0.25	-45	59.3619
0.25	-45	-88.0527
0.25	-45	-117.678
0.25	-45	-105.682
0.25	-45	-170.88
0.25	-45	-116.012
0.25	-45	-14.4089
0.25	-45	22.786
0.25	-45	117.833
0.25	-45	-107.701
0.25	-45	-153.583
0.25	-45	-55.2459
0.25	-45	-18.6779
0.25	-45	113.002
0.25	-45	148.549
0.25	-45	1.00615
0.25	-45	60.6183
0.25	-45	-46.4471
0.25	-45	-166.211
0.25	-45	-4.95508
0.25	-45	139.586
0.25	-45	1.74888
0.25	-45	-159.302
0.25	-45	-101.583
0.25	-45	150.72
0.25	-45	177.836
0.25	-45	159.796
0.25	-45	106.243
0.25	-45	-10.5255
0.25	-45	174.102
0.25	-45	63.1497
0.25	-45	26.4677
0.25	-45	-179.961
0.25	-45	-81.6853
0.25	-45	-108.939
0.25	-45	-116.757
0.25	-45	166.929
0.25	-45	172.92
0.25	-45	-34.6913
0.25	-45	-77.6448
0.25	-45	42.1585
0.25	-45	4.43374
0.25	-45	140.294
0.25	-45	154.209
0.25	-45	13.2334
0.25	-45	148.595
0.25	-45	-163.095
0.25	-45	125.34
0.25	-45	-16.2551
0.25	-45	168.413
