pol	setting	phi
0.3	45	6.71098
0.3	45	-159.723
0.3	45	18.0743
0.3	45	37.6254
0.3	45	-25.3621
0.3	45	54.9723
0.3	45	32.2659
0.3	45	-95.9174
0.3	45	-125.26
0.3	45	-98.5002
0.3	45	75.499
0.3	45	-157.298
0.3	45	-73.1042
0.3	45	-142.56
0.3	45	148.46
0.3	45	70.4885
0.3	45	52.6692
0.3	45	-94.7512
0.3	45	-10.0466
0.3	45	-143.659
0.3	45	-1.21111
0.3	45	80.5004
0.3	45	49.2329
0.3	45	145.836
0.3	45	-0.638703
0.3	45	78.3324
0.3	45	-18.1671
0.3	45	32.8214
0.3	45	78.9348
0.3	45	64.6084
0.3	45	0.238297
0.3	45	120.824
0.3	45	-155.35
0.3	45	-134.26
0.3	45	94.91
0.3	45	-5.2079
0.3	45	165.322
0.3	45	-126.649
0.3	45	-117.954
0.3	45	132.333
0.3	45	-46.1595
0.3	45	-60.8969
0.3	45	-104.242
0.3	45	-51.699
0.3	45	-17.9702
0.3	45	175.004
0.3	45	-158.504
0.3	45	-37.0483
0.3	45	-83.483
0.3	45	-26.8072
0.3	45	116.696
0.3	45	-167.584
0.3	45	87.5259
0.3	45	78.6648
0.3	45	3.44433
0.3	45	10.6183
0.3	45	137.335
0.3	45	104.694
0.3	45	-57.6477
0.3	45	-25.1626
0.3	45	-119.532
0.3	45	50.2409
0.3	45	-170.465
0.3	45	-171.795
0.3	45	-88.3567
0.3	45	99.1489
0.3	45	77.4238
0.3	45	85.2522
0.3	45	11.0869
0.3	45	-148.375
0.3	45	-33.6153
0.3	45	108.373
0.3	45	-111.234
0.3	45	-101.825
0.3	45	123.413
0.3	45	-77.1527
0.3	45	-67.5089
0.3	45	171.32
0.3	45	165.254
0.3	45	171.597
0.3	45	88.93
0.3	45	171.415
0.3	45	-27.9439
0.3	45	-9.32784
0.3	45	-49.8658
0.3	45	60.8314
0.3	45	-156.758
0.3	45	-136.294
0.3	45	-75.7984
0.3	45	-34.7774
0.3	45	27.6652
0.3	45	86.0151
0.3	45	-112.536
0.3	45	-89.338
0.3	45	128.693
0.3	45	1.82398
0.3	45	-54.7953
0.3	45	162.959
0.3	45	-47.918
0.3	45	-42.0857
0.3	45	-36.9834
0.3	45	-36.8048
0.3	45	72.7625
0.3	45	-124.44
0.3	45	-163.943
0.3	45	-28.5374
0.3	45	89.8997
0.3	45	-105.458
0.3	45	147.094
0.3	45	73.3802
0.3	45	-143.123
0.3	45	66.6841
0.3	45	130.46
0.3	45	2.75243
0.3	45	130.496
0.3	45	-10.8176
0.3	45	-23.2732
0.3	45	-18.9183
0.3	45	-173.175
0.3	45	13.8072
0.3	45	154.926
0.3	45	-17.1738
0.3	45	-95.76
0.3	45	-11.8439
0.3	45	77.2512
0.3	45	-33.4605
0.3	45	23.9535
0.3	45	76.1545
0.3	45	-70.1002
0.3	45	141.859
0.3	45	109.444
0.3	45	14.9145
0.3	45	126.11
0.3	45	19.8204
0.3	45	-84.5105
0.3	45	-140.7
0.3	45	-66.2798
0.3	45	-136.95
0.3	45	58.0098
0.3	45	-178.865
0.3	45	169.935
0.3	45	-127.33
0.3	45	-30.8926
0.3	45	116.87
0.3	45	-27.7093
0.3	45	-52.8735
0.3	45	111.786
0.3	45	54.8415
0.3	45	-5.68085
0.3	45	-46.7136
0.3	45	-82.1848
0.3	45	89.2028
0.3	45	85.9931
0.3	45	155.466
0.3	45	102.975
0.3	45	-135.837
0.3	45	132.457
0.3	45	-10.8105
0.3	45	165.815
0.3	45	-114.899
0.3	45	-153.789
0.3	45	-104.367
0.3	45	-119.694
0.3	45	-91.917
0.3	45	-41.2802
0.3	45	-75.1062
0.3	45	22.8008
0.3	45	-166.077
0.3	45	119.751
0.3	45	-86.812
0.3	45	31.0263
0.3	45	-120.751
0.3	45	66.4353
0.3	45	-148.04
0.3	45	-99.2627
0.3	45	-137.979
0.3	45	-67.6066
0.3	45	67.6969
0.3	45	-71.9552
0.3	45	-175.48
0.3	45	159.497
0.3	45	28.1803
0.3	45	-125.749
0.3	45	110.148
0.3	45	-128.62
0.3	45	-122.774
0.3	45	153.967
0.3	45	57.3076
0.3	45	37.6545
0.3	45	156.343
0.3	45	98.2156
0.3	45	-46.4742
0.3	45	-112.517
0.3	45	-121.008
0.3	45	-96.6319
0.3	45	152.918
0.3	45	141.541
0.3	45	-21.4808
0.3	45	106.482
0.3	45	-44.3079
0.3	45	93.2768
0.3	45	135.356
0.3	45	-95.3563
0.3	45	56.2648
0.3	45	47.76
0.3	45	-88.4896
0.3	45	39.7706
0.3	45	106.996
0.3	45	32.5857
0.3	45	-152.491
0.3	45	77.8255
0.3	45	-39.8231
0.3	45	87.6495
0.3	45	-121.797
0.3	45	-122.172
0.3	45	-155.114
0.3	45	-153.495
0.3	45	-91.037
0.3	45	132.007
0.3	45	62.0444
0.3	45	-17.5731
0.3	45	-45.7865
0.3	45	20.7418
0.3	45	-7.79646
0.3	45	111.075
0.3	45	137.779
0.3	45	-26.7074
0.3	45	-33.5634
0.3	45	133.461
0.3	45	-94.0113
0.3	45	-133.162
0.3	45	3.51795
0.3	45	-135.942
0.3	45	-96.7324
0.3	45	-68.4409
0.3	45	35.5381
0.3	45	132.759
0.3	45	158.834
0.3	45	-8.54975
0.3	45	171.655
0.3	45	-139.657
0.3	45	-67.4637
0.3	45	-26.5849
0.3	45	126.462
0.3	45	-126.673
0.3	45	-165.098
0.3	45	21.93
0.3	45	-23.9223
0.3	45	-1.73916
0.3	45	124.304
0.3	45	118.243
0.3	45	-23.9717
0.3	45	-163.39
0.3	45	-130.574
0.3	45	155.268
0.3	45	-140.893
0.3	45	118.34
0.3	45	137.85
0.3	45	-50.8539
0.3	45	-62.38
0.3	45	-168.709
0.3	45	110.688
0.3	45	-152.043
0.3	45	47.3187
0.3	45	106.277
0.3	45	147.41
0.3	45	-83.5102
0.3	45	-85.2174
0.3	45	138.081
0.3	45	-165.928
0.3	45	114.537
0.3	45	-80.7991
0.3	45	-170.214
0.3	45	-105.363
0.3	45	76.9994
0.3	45	-99.9682
0.3	45	157.008
0.3	45	46.5889
0.3	45	-44.0257
0.3	45	62.0489
0.3	45	111.947
0.3	45	-67.9158
0.3	45	12.1938
0.3	45	144.151
0.3	45	-66.0423
0.3	45	143.136
0.3	45	143.51
0.3	45	27.6145
0.3	45	-104.84
0.3	45	175.236
0.3	45	111.821
0.3	45	-21.4692
0.3	45	-162.433
0.3	45	-30.7203
0.3	45	-62.9078
0.3	45	-132.828
0.3	45	165.903
0.3	45	-72.0933
0.3	45	-18.241
0.3	45	9.93342
0.3	45	147.281
0.3	45	70.9385
0.3	45	58.4804
0.3	45	-1.20935
0.3	45	5.711
0.3	45	-163.368
0.3	45	-88.2105
0.3	45	146.213
0.3	45	-150.911
0.3	45	150.451
0.3	45	-39.5833
0.3	45	100.519
0.3	45	128.975
0.3	45	-178.229
0.3	45	-127.433
0.3	45	4.45751
0.3	45	-163.975
0.3	45	70.3272
0.3	45	49.9038
0.3	45	105.624
0.3	45	-149.673
0.3	45	162.677
0.3	45	-29.6894
0.3	45	-150.22
0.3	45	-103.973
0.3	45	-101.126
0.3	45	-177.722
0.3	45	135.384
0.3	45	65.1462
0.3	45	103.84
0.3	45	100.414
0.3	45	46.0128
0.3	45	-115.082
0.3	45	102.772
0.3	45	-82.1903
0.3	45	127.615
0.3	45	-106.485
0.3	45	77.2881
0.3	45	138.873
0.3	45	108.982
0.3	45	-167.328
0.3	45	153.095
0.3	45	-28.7396
0.3	45	-177.087
0.3	45	107.545
0.3	45	-65.0239
0.3	45	-71.1817
0.3	45	-98.0237
0.3	45	-116.955
0.3	45	169.295
0.3	45	-9.69764
0.3	45	-64.3933
0.3	45	-100.539
0.3	45	-73.8903
0.3	45	40.0716
0.3	45	-33.8626
0.3	45	64.526
0.3	45	-100.429
0.3	45	44.3898
0.3	45	10.983
0.3	45	-68.9304
0.3	45	60.7165
0.3	45	-72.3134
0.3	45	-114.672
0.3	45	-175.743
0.3	45	41.2745
0.3	45	123.515
0.3	45	-91.4033
0.3	45	178.679
0.3	45	-113.118
0.3	45	82.2954
0.3	45	124.864
0.3	45	-28.6666
0.3	45	66.0805
0.3	45	69.3047
0.3	45	69.0414
0.3	45	14.0597
0.3	45	80.2532
0.3	45	44.6071
0.3	45	142.505
0.3	45	62.2599
0.3	45	-86.6847
0.3	45	-9.09281
0.3	45	-97.4408
0.3	45	119.583
0.3	45	79.8688
0.3	45	-41.9304
0.3	45	57.5903
0.3	45	-31.1988
0.3	45	-90.1034
0.3	45	1.98667
0.3	45	-43.2593
0.3	45	83.8825
0.3	45	-75.603
0.3	45	-24.842
0.3	45	56.8826
0.3	45	64.3878
0.3	45	-163.495
0.3	45	-152.896
0.3	45	-174.032
0.3	45	-165.534
0.3	45	29.1163
0.3	45	139.975
0.3	45	-129.483
0.3	45	81.7911
0.3	45	-17.3361
0.3	45	176.109
0.3	45	142.665
0.3	45	-112.702
0.3	45	109.516
0.3	45	-160.367
0.3	45	-10.7273
0.3	45	-117.628
0.3	45	-157.633
0.3	45	105.793
0.3	45	-97.4845
0.3	45	-27.127
0.3	45	-16.4814
0.3	45	-111.762
0.3	45	-104.542
0.3	45	137.131
0.3	45	-0.978288
0.3	45	-36.3188
0.3	45	105.446
0.3	45	-13.0234
0.3	45	78.1395
0.3	45	66.8378
0.3	45	57.8987
0.3	45	125.324
0.3	45	120.893
0.3	45	-10.5281
0.3	45	-74.0261
0.3	45	66.3372
0.3	45	-12.6428
0.3	45	-178.646
0.3	45	154.59
0.3	45	121.032
0.3	45	62.7323
0.3	45	-25.5368
0.3	45	-165.69
0.3	45	101.979
0.3	45	106.029
0.3	45	141.286
0.3	45	48.619
0.3	45	8.14443
0.3	45	-141.787
0.3	45	136.382
0.3	45	171.716
0.3	45	-93.5369
0.3	45	39.2226
0.3	45	-41.5685
0.3	45	5.18407
0.3	45	-176.036
0.3	45	-46.6645
0.3	45	-133.061
0.3	45	22.7778
0.3	45	43.6496
0.3	45	-140.255
0.3	45	-158.713
0.3	45	124.308
0.3	45	-62.2591
0.3	45	63.7471
0.3	45	8.392
0.3	45	-129.138
0.3	45	84.4681
0.3	45	-127.56
0.3	45	-162.384
0.3	45	28.1402
0.3	45	-33.415
0.3	45	-3.08629
0.3	45	-51.7379
0.3	45	37.2205
0.3	45	116.767
0.3	45	30.6237
0.3	45	-90.4545
0.3	45	86.4598
0.3	45	-12.5683
0.3	45	60.4474
0.3	45	-67.3999
0.3	45	177.883
0.3	45	-102.936
0.3	45	-71.909
0.3	45	-20.2571
0.3	45	72.9907
0.3	45	-15.9576
0.3	45	157.747
0.3	45	-66.8286
0.3	45	17.1472
0.3	45	173.364
0.3	45	-23.1947
0.3	45	-156.856
0.3	45	106.972
0.3	45	112.53
0.3	45	-138.405
0.3	45	18.1525
0.3	45	4.54821
0.3	45	115.127
0.3	45	-62.875
0.3	45	72.0595
0.3	45	-169.67
0.3	45	123.485
0.3	45	-141.179
0.3	45	63.046
0.3	45	28.986
0.3	45	82.0593
0.3	45	36.4023
0.3	45	-52.5015
0.3	45	29.0261
0.3	45	-5.13735
0.3	45	69.2275
0.3	45	85.2312
0.3	45	37.0821
0.3	45	-33.0371
0.3	45	174.446
0.3	45	-161.814
0.3	45	-110.481
0.3	45	23.9974
0.3	45	-112.689
0.3	45	-126.485
0.3	45	24.0528
0.3	45	91.8063
0.3	45	124.56
0.3	45	-19.6649
0.3	45	-43.3863
0.3	45	124.626
0.3	45	154.322
0.3	45	-73.2645
0.3	45	-72.9737
0.3	45	-124.032
0.3	45	-67.2811
0.3	45	-29.6723
0.3	45	61.886
0.3	45	67.3044
0.3	45	-109.964
0.3	45	103.206
0.3	45	177.951
0.3	45	-23.9869
0.3	45	69.5211
0.3	45	71.8894
0.3	45	-153.476
0.3	45	25.9567
0.3	45	143.174
0.3	45	-77.0764
0.3	45	128.695
0.3	45	102.205
0.3	45	-52.7234
0.3	45	87.9359
0.3	45	133.155
0.3	45	170.119
0.3	45	159.642
0.3	45	151.563
0.3	45	64.655
0.3	45	131.31
0.3	45	82.4827
0.3	45	-128.799
0.3	45	-167.922
0.3	45	-68.0918
0.3	45	-20.9846
0.3	45	162.056
0.3	45	7.64126
0.3	45	2.28255
0.3	45	159.787
0.3	45	160.621
0.3	45	42.3932
0.3	45	86.3233
0.3	45	151.922
0.3	45	-166.781
0.3	45	-18.287
0.3	45	74.282
0.3	45	-11.9333
0.3	45	-98.0447
0.3	45	28.641
0.3	45	-63.8063
0.3	45	77.1452
0.3	45	110.694
0.3	45	-104.493
0.3	45	-90.6457
0.3	45	99.0094
0.3	45	165.161
0.3	45	-23.7739
0.3	45	131.888
0.3	45	168.609
0.3	45	156.431
0.3	45	3.21341
0.3	45	-122.307
0.3	45	-124.684
0.3	45	-104.145
0.3	45	-115.182
0.3	45	143.402
0.3	45	-174.184
0.3	45	-8.9851
0.3	45	69.1282
0.3	45	-145.056
0.3	45	139.923
0.3	45	-28.5237
0.3	45	12.9017
0.3	45	111.36
0.3	45	-98.7506
0.3	45	45.012
0.3	45	27.3714
0.3	45	70.7979
0.3	45	-19.2056
0.3	45	-156.464
0.3	45	-54.4658
0.3	45	-30.8381
0.3	45	145.597
0.3	45	-52.2289
0.3	45	43.9258
0.3	45	-167.447
0.3	45	-76.2997
0.3	45	155.176
0.3	45	-159.716
0.3	45	-175.512
0.3	45	-157.677
0.3	45	-33.9329
0.3	45	-9.92492
0.3	45	-7.11393
0.3	45	63.0685
0.3	45	-120.734
0.3	45	139.616
0.3	45	3.09967
0.3	45	-26.9978
0.3	45	-2.83254
0.3	45	72.2475
0.3	45	145.004
0.3	45	148.264
0.3	45	104.78
0.3	45	110.007
0.3	45	130.073
0.3	45	-86.7339
0.3	45	104.59
0.3	45	100.333
0.3	45	-4.92201
0.3	45	-100.699
0.3	45	-65.3183
0.3	45	-46.5384
0.3	45	44.9337
0.3	45	-68.8698
0.3	45	174.754
0.3	45	-84.6597
0.3	45	-164.574
0.3	45	141.667
0.3	45	152.343
0.3	45	-165.409
0.3	45	-57.5093
0.3	45	-64.0874
0.3	45	74.4538
0.3	45	120.34
0.3	45	82.0753
0.3	45	49.3962
0.3	45	51.4826
0.3	45	59.1657
0.3	45	-72.6608
0.3	45	-22.5239
0.3	45	120.664
0.3	45	-133.757
0.3	45	132.553
0.3	45	99.6432
0.3	45	-79.6003
0.3	45	-27.1815
0.3	45	-33.6651
0.3	45	154.235
0.3	45	-176.932
0.3	45	144.539
0.3	45	2.72692
0.3	45	-159.327
0.3	45	-0.786931
0.3	45	-125.046
0.3	45	-73.7357
0.3	45	166.573
0.3	45	124.501
0.3	45	162.24
0.3	45	114.309
0.3	45	-43.6763
0.3	45	99.7989
0.3	45	-75.352
0.3	45	-30.5035
0.3	45	127.187
0.3	45	-136.947
0.3	45	9.86991
0.3	45	116.359
0.3	45	-41.3003
0.3	45	35.037
0.3	45	96.3888
0.3	45	-177.667
0.3	45	-78.1749
0.3	45	-97.8929
0.3	45	-144.211
0.3	45	-68.438
0.3	45	-107.647
0.3	45	34.4596
0.3	45	115.947
0.3	45	-23.4817
0.3	45	-67.1638
0.3	45	-131.876
0.3	45	127.63
0.3	45	-119.381
0.3	45	29.8635
0.3	45	-34.1828
0.3	45	139.673
0.3	45	-36.58
0.3	45	109.183
0.3	45	83.9971
0.3	45	152.09
0.3	45	30.3693
0.3	45	22.0139
0.3	45	-159.462
0.3	45	73.3789
0.3	45	-165.788
0.3	45	141.836
0.3	45	-11.3016
0.3	45	118.29
0.3	45	-101.478
0.3	45	118.31
0.3	45	178.308
0.3	45	104.627
0.3	45	61.2999
0.3	45	138.584
0.3	45	37.9194
0.3	45	-87.5306
0.3	45	78.4821
0.3	45	-13.2636
0.3	45	145.546
0.3	45	-164.223
0.3	45	-0.630807
0.3	45	179.783
0.3	45	-49.8798
0.3	45	23.0521
0.3	45	-96.5324
0.3	45	-171.973
0.3	45	47.6279
0.3	45	87.0723
0.3	45	-22.1716
0.3	45	-170.119
0.3	45	42.2972
0.3	45	141.156
0.3	45	66.7122
0.3	45	-58.22
0.3	45	-79.1758
0.3	45	-38.0921
0.3	45	177.553
0.3	45	-74.7928
0.3	45	40.9531
0.3	45	-18.7793
0.3	45	-3.22012
0.3	45	34.5708
0.3	45	-114.446
0.3	45	62.3661
0.3	45	-89.1027
0.3	45	151.159
0.3	45	-33.8528
0.3	45	-93.6586
0.3	45	94.9025
0.3	45	129.657
0.3	45	-47.787
0.3	45	-81.5182
0.3	45	94.8315
0.3	45	43.8553
0.3	45	-176.05
0.3	45	-36.4371
0.3	45	-175.996
0.3	45	159.994
0.3	45	77.596
0.3	45	102.442
0.3	45	118.305
0.3	45	-90.2809
0.3	45	-78.8552
0.3	45	-15.1357
0.3	45	100.067
0.3	45	-108.976
0.3	45	164.148
0.3	45	-60.5034
0.3	45	76.2479
0.3	45	141.098
0.3	45	-32.7283
0.3	45	62.2779
0.3	45	56.8994
0.3	45	54.8429
0.3	45	151.996
0.3	45	23.9617
0.3	45	-123.879
0.3	45	113.118
0.3	45	146.001
0.3	45	161.244
0.3	45	-173.207
0.3	45	51.9358
0.3	45	-36.2673
0.3	45	-28.4647
0.3	45	145.333
0.3	45	117.864
0.3	45	104.21
0.3	45	79.1569
0.3	45	157.897
0.3	45	-135.652
0.3	45	-43.6697
0.3	45	71.0845
0.3	45	-98.9429
0.3	45	33.4302
0.3	45	57.6161
0.3	45	-13.3506
0.3	45	-6.31997
0.3	45	178.65
0.3	45	-41.7281
0.3	45	78.614
0.3	45	152.701
0.3	45	-133.303
0.3	45	-107.792
0.3	45	132.506
0.3	45	-67.6274
0.3	45	-61.5278
0.3	45	-157.454
0.3	45	-10.102
0.3	45	153.976
0.3	45	39.4748
0.3	45	-81.7461
0.3	45	-21.4783
0.3	45	86.8262
0.3	45	112.223
0.3	45	-71.314
0.3	45	100.826
0.3	45	65.5089
0.3	45	-159.339
0.3	45	-56.405
0.3	45	-109.969
0.3	45	-68.5495
0.3	45	-136.633
0.3	45	-165.195
0.3	45	8.69
0.3	45	-163.863
0.3	45	135.748
0.3	45	-178.532
0.3	45	-38.0554
0.3	45	19.328
0.3	45	-16.2201
0.3	45	135.879
0.3	45	-62.4563
0.3	45	16.3979
0.3	45	-25.9385
0.3	45	138.43
0.3	45	78.4127
0.3	45	-63.5216
0.3	45	164.455
0.3	45	53.8758
0.3	45	146.979
0.3	45	-163.571
0.3	45	-37.0417
0.3	45	-4.10632
0.3	45	-44.7744
0.3	45	71.0996
0.3	45	-165.951
0.3	45	-15.2982
0.3	45	98.9
0.3	45	-128.833
0.3	45	-155.894
0.3	45	114.036
0.3	45	112.807
0.3	45	-22.1713
0.3	45	130.912
0.3	45	176.907
0.3	45	-123.532
0.3	45	-113.94
0.3	45	68.7394
0.3	45	-107.295
0.3	45	-101.799
0.3	45	-168.79
0.3	45	170.572
0.3	45	21.7075
0.3	45	11.7723
0.3	45	111.783
0.3	45	-61.9961
0.3	45	178.274
0.3	45	13.5919
0.3	45	-135.712
0.3	45	105.712
0.3	45	111.956
0.3	45	-105.165
0.3	45	30.5949
0.3	45	44.6024
0.3	45	-56.1918
0.3	45	-24.5497
0.3	45	9.00849
0.3	45	68.863
0.3	45	84.4128
0.3	45	171.061
0.3	45	100.727
0.3	45	-156.586
0.3	45	-120.382
0.3	45	-45.359
0.3	45	1.71722
0.3	45	-80.1634
0.3	45	67.9718
0.3	45	-129.342
0.3	45	-45.5386
0.3	45	-79.222
0.3	45	124.842
0.3	45	27.8983
0.3	45	-128.448
0.3	45	130.614
0.3	45	-88.5668
0.3	45	-48.3302
0.3	45	86.6396
0.3	45	176.947
0.3	45	-73.2289
0.3	45	122.341
0.3	45	60.3202
0.3	45	133.517
0.3	45	-91.8782
0.3	45	89.9619
0.3	45	-81.8779
0.3	45	160.265
0.3	45	165.783
0.3	45	139.897
0.3	45	31.6583
0.3	45	-63.5416
0.3	45	-160.279
0.3	45	35.821
0.3	45	86.5937
0.3	45	-14.3538
0.3	45	-134.095
0.3	45	108.399
0.3	45	-150.171
0.3	45	118.215
0.3	45	57.7118
0.3	45	27.7845
0.3	45	49.7105
0.3	45	15.0777
0.3	45	-110.526
0.3	45	-68.6194
0.3	45	166.424
0.3	45	-72.4939
0.3	45	-33.441
0.3	45	-103.559
0.3	45	68.3211
0.3	45	-89.6306
0.3	45	-103.333
0.3	45	-76.3173
0.3	45	33.9829
0.3	45	-155.707
0.3	45	78.7049
0.3	45	97.2576
0.3	45	-111.196
0.3	45	-72.5136
0.3	45	-93.8672
0.3	45	-108.806
0.3	45	-143.707
0.3	45	-175.238
0.3	45	62.1814
0.3	45	-159.372
0.3	45	-82.6154
0.3	45	118.417
0.3	45	9.71666
0.3	45	-61.3884
0.3	45	59.711
0.3	45	52.2556
0.3	45	-80.2103
0.3	45	-60.014
0.3	45	163.469
0.3	45	86.1329
0.3	45	-164.452
0.3	45	-6.40806
0.3	45	114.559
0.3	45	6.7806
0.3	45	78.9436
0.3	45	-36.4508
0.3	45	-20.6565
0.3	45	66.8438
0.3	45	24.0062
0.3	45	-83.2388
0.3	45	-77.4488
0.3	45	148.431
0.3	45	-141.487
0.3	45	-37.8184
0.3	45	44.9388
0.3	45	-64.3668
0.3	45	147.979
0.3	45	20.9434
0.3	45	170.8
0.3	45	-67.9309
0.3	45	116.535
0.3	45	-45.9633
0.3	45	35.1407
0.3	45	-56.7787
0.3	45	-15.9761
0.3	45	-20.1438
0.3	45	-3.13254
0.3	45	44.994
0.3	45	-179.53
0.3	45	-170.487
0.3	45	-162.08
0.3	45	128.356
0.3	45	119.559
0.3	45	161.924
0.3	45	141.099
0.3	45	-171.283
0.3	45	-162.524
0.3	45	-108.162
0.3	45	120.486
0.3	45	170.12
0.3	45	137.793
0.3	45	169.847
0.25	-45	-118.179
0.25	-45	-58.771
0.25	-45	18.5323
0.25	-45	-107.353
0.25	-45	94.9597
0.25	-45	54.9641
0.25	-45	-156.588
0.25	-45	45.2988
0.25	-45	92.3758
0.25	-45	-76.8994
0.25	-45	-53.3938
0.25	-45	19.4883
0.25	-45	73.5003
0.25	-45	26.9804
0.25	-45	41.5517
0.25	-45	65.0511
0.25	-45	162.766
0.25	-45	41.3512
0.25	-45	83.9351
0.25	-45	109.676
0.25	-45	-156.221
0.25	-45	66.0208
0.25	-45	-167.495
0.25	-45	159.209
0.25	-45	168.678
0.25	-45	-170.68
0.25	-45	115.053
0.25	-45	121.742
0.25	-45	-71.0966
0.25	-45	-122.512
0.25	-45	48.6226
0.25	-45	124.599
0.25	-45	-19.8565
0.25	-45	90.0202
0.25	-45	89.718
0.25	-45	-28.1587
0.25	-45	15.2282
0.25	-45	-33.1027
0.25	-45	-11.2833
0.25	-45	-124.439
0.25	-45	-60.6252
0.25	-45	51.0202
0.25	-45	-24.9449
0.25	-45	-84.9829
0.25	-45	-134.656
0.25	-45	27.4567
0.25	-45	-13.4537
0.25	-45	-134.926
0.25	-45	167.328
0.25	-45	43.1132
0.25	-45	-91.0182
0.25	-45	153.101
0.25	-45	155.985
0.25	-45	73.8722
0.25	-45	104.651
0.25	-45	-14.6528
0.25	-45	-175.018
0.25	-45	131.155
0.25	-45	31.4291
0.25	-45	14.7906
0.25	-45	80.8718
0.25	-45	-47.0218
0.25	-45	142.351
0.25	-45	-168.121
0.25	-45	141.914
0.25	-45	-49.0188
0.25	-45	-89.7686
0.25	-45	21.0162
0.25	-45	-130.571
0.25	-45	119.018
0.25	-45	-65.0397
0.25	-45	-126.287
0.25	-45	-15.076
0.25	-45	-123.498
0.25	-45	58.2568
0.25	-45	133.144
0.25	-45	-98.1143
0.25	-45	8.77993
0.25	-45	-95.6007
0.25	-45	88.8194
0.25	-45	-5.31904
0.25	-45	34.6178
0.25	-45	-50.3342
0.25	-45	170.854
0.25	-45	15.4792
0.25	-45	110.098
0.25	-45	67.156
0.25	-45	147.956
0.25	-45	58.3657
0.25	-45	27.2926
0.25	-45	137.169
0.25	-45	-142.912
0.25	-45	-38.1549
0.25	-45	-56.1941
0.25	-45	155.55
0.25	-45	115.565
0.25	-45	158.426
0.25	-45	79.317
0.25	-45	-105.894
0.25	-45	-100.641
0.25	-45	55.0723
0.25	-45	176.919
0.25	-45	-176.686
0.25	-45	114.119
0.25	-45	-66.261
0.25	-45	38.7015
0.25	-45	-147.84
0.25	-45	-106.112
0.25	-45	29.8865
0.25	-45	-59.4747
0.25	-45	21.4294
0.25	-45	-164.485
0.25	-45	-177.007
0.25	-45	-94.7992
0.25	-45	148.885
0.25	-45	38.3362
0.25	-45	-45.2559
0.25	-45	-158.483
0.25	-45	-10.0656
0.25	-45	56.509
0.25	-45	-36.4967
0.25	-45	-20.9873
0.25	-45	127.18
0.25	-45	103.25
0.25	-45	97.5025
0.25	-45	-97.5524
0.25	-45	72.7278
0.25	-45	86.3625
0.25	-45	-43.8243
0.25	-45	137.918
0.25	-45	-111.43
0.25	-45	-79.9844
0.25	-45	72.2273
0.25	-45	3.76012
0.25	-45	-80.4137
0.25	-45	163.546
0.25	-45	44.0594
0.25	-45	9.20797
0.25	-45	45.8381
0.25	-45	-50.2082
0.25	-45	169.008
0.25	-45	-69.8763
0.25	-45	42.3834
0.25	-45	103.324
0.25	-45	-176.887
0.25	-45	131.449
0.25	-45	-159.661
0.25	-45	-168.845
0.25	-45	109.832
0.25	-45	-177.304
0.25	-45	-103.205
0.25	-45	36.8493
0.25	-45	-42.8044
0.25	-45	159.833
0.25	-45	-176.735
0.25	-45	165.383
0.25	-45	77.1637
0.25	-45	165.645
0.25	-45	-10.8038
0.25	-45	-120.63
0.25	-45	-118.111
0.25	-45	-170.679
0.25	-45	42.0873
0.25	-45	-146.203
0.25	-45	72.2063
0.25	-45	-144.749
0.25	-45	51.1771
0.25	-45	107.841
0.25	-45	92.8178
0.25	-45	178.673
0.25	-45	-111.532
0.25	-45	-144.171
0.25	-45	47.5133
0.25	-45	-169.083
0.25	-45	-93.3695
0.25	-45	-103.395
0.25	-45	-126.347
0.25	-45	173.767
0.25	-45	76.0682
0.25	-45	73.072
0.25	-45	-101.468
0.25	-45	-114.609
0.25	-45	-138.325
0.25	-45	-173.702
0.25	-45	158.864
0.25	-45	50.3518
0.25	-45	-59.6958
0.25	-45	-54.6979
0.25	-45	88.3696
0.25	-45	62.6907
0.25	-45	52.5475
0.25	-45	-46.2294
0.25	-45	-92.2668
0.25	-45	-27.4994
0.25	-45	36.6261
0.25	-45	19.7297
0.25	-45	-102.528
0.25	-45	-44.0864
0.25	-45	63.5692
0.25	-45	-166.993
0.25	-45	67.5163
0.25	-45	-84.6221
0.25	-45	-32.258
0.25	-45	-64.0368
0.25	-45	-60.1444
0.25	-45	-82.821
0.25	-45	157.284
0.25	-45	-62.0325
0.25	-45	-19.8619
0.25	-45	129.837
0.25	-45	-116.266
0.25	-45	-105.759
0.25	-45	-161.169
0.25	-45	-140.863
0.25	-45	-126.119
0.25	-45	93.5402
0.25	-45	108.173
0.25	-45	150.298
0.25	-45	-137.674
0.25	-45	176.288
0.25	-45	40.6749
0.25	-45	69.8264
0.25	-45	-175.386
0.25	-45	-16.0548
0.25	-45	44.5357
0.25	-45	-157.753
0.25	-45	163.031
0.25	-45	110.733
0.25	-45	-52.6801
0.25	-45	-24.1061
0.25	-45	118.13
0.25	-45	166.09
0.25	-45	-92.3933
0.25	-45	-62.7828
0.25	-45	-51.3887
0.25	-45	2.59404
0.25	-45	-15.9612
0.25	-45	157.39
0.25	-45	-146.639
0.25	-45	35.3867
0.25	-45	10.9095
0.25	-45	-82.4225
0.25	-45	167.954
0.25	-45	133.084
0.25	-45	-41.4771
0.25	-45	-59.6924
0.25	-45	108.492
0.25	-45	63.3241
0.25	-45	125.766
0.25	-45	-36.3297
0.25	-45	51.1802
0.25	-45	-175.815
0.25	-45	-164.927
0.25	-45	-4.72538
0.25	-45	-152.194
0.25	-45	-26.4024
0.25	-45	-150.569
0.25	-45	152.709
0.25	-45	55.7534
0.25	-45	93.228
0.25	-45	-154.167
0.25	-45	-25.7097
0.25	-45	-163.207
0.25	-45	-176.046
0.25	-45	-56.403
0.25	-45	-41.7798
0.25	-45	-59.077
0.25	-45	59.252
0.25	-45	-127.705
0.25	-45	167.031
0.25	-45	-146.603
0.25	-45	95.2586
0.25	-45	166.143
0.25	-45	69.5663
0.25	-45	-38.4973
0.25	-45	147.899
0.25	-45	-91.5574
0.25	-45	162.368
0.25	-45	-51.1938
0.25	-45	-24.9295
0.25	-45	-83.808
0.25	-45	-135.167
0.25	-45	37.2835
0.25	-45	-11.3756
0.25	-45	-145.655
0.25	-45	44.5201
0.25	-45	38.1758
0.25	-45	-101.234
0.25	-45	127.041
0.25	-45	-29.4427
0.25	-45	125.551
0.25	-45	87.2185
0.25	-45	-128.676
0.25	-45	-153.577
0.25	-45	-172.92
0.25	-45	39.1297
0.25	-45	-164.028
0.25	-45	28.4491
0.25	-45	59.6776
0.25	-45	-8.20018
0.25	-45	-24.5995
0.25	-45	-115.757
0.25	-45	43.9143
0.25	-45	98.7184
0.25	-45	42.5906
0.25	-45	96.5267
0.25	-45	-110.817
0.25	-45	-95.9251
0.25	-45	37.7741
0.25	-45	81.7248
0.25	-45	-52.0419
0.25	-45	120.199
0.25	-45	49.2221
0.25	-45	0.20498
0.25	-45	149.365
0.25	-45	-16.7946
0.25	-45	-172.326
0.25	-45	16.5936
0.25	-45	61.1856
0.25	-45	115.049
0.25	-45	-8.85894
0.25	-45	-150.398
0.25	-45	-170.208
0.25	-45	66.0115
0.25	-45	-49.4774
0.25	-45	124.605
0.25	-45	88.31
0.25	-45	64.6762
0.25	-45	112.092
0.25	-45	7.92946
0.25	-45	40.5359
0.25	-45	-120.97
0.25	-45	-107.775
0.25	-45	129.451
0.25	-45	-8.15294
0.25	-45	18.3631
0.25	-45	81.4498
0.25	-45	-91.052
0.25	-45	-129.758
0.25	-45	-49.4234
0.25	-45	-82.8405
0.25	-45	109.508
0.25	-45	62.7149
0.25	-45	6.26425
0.25	-45	-157.147
0.25	-45	-119.855
0.25	-45	59.6184
0.25	-45	-5.25536
0.25	-45	-150.201
0.25	-45	-133.082
0.25	-45	-150.753
0.25	-45	-64.8043
0.25	-45	98.1726
0.25	-45	-59.6283
0.25	-45	-146.92
0.25	-45	-147.157
0.25	-45	58.8671
0.25	-45	117.695
0.25	-45	104.476
0.25	-45	-82.0112
0.25	-45	-140.199
0.25	-45	76.2152
0.25	-45	127.581
0.25	-45	76.867
0.25	-45	-146.856
0.25	-45	12.6941
0.25	-45	-79.2026
0.25	-45	-59.083
0.25	-45	74.4081
0.25	-45	105.248
0.25	-45	-79.4489
0.25	-45	68.5729
0.25	-45	-114.039
0.25	-45	152.493
0.25	-45	36.4052
0.25	-45	161.285
0.25	-45	-57.7984
0.25	-45	44.9315
0.25	-45	24.2301
0.25	-45	145.918
0.25	-45	104.308
0.25	-45	33.5453
0.25	-45	-124.089
0.25	-45	-36.4869
0.25	-45	-150.617
0.25	-45	-88.5824
0.25	-45	-119.8
0.25	-45	-31.1309
0.25	-45	154.854
0.25	-45	-92.2746
0.25	-45	8.62243
0.25	-45	-100.32
0.25	-45	-107.301
0.25	-45	-7.78268
0.25	-45	-135.439
0.25	-45	170.669
0.25	-45	-67.4746
0.25	-45	65.8176
0.25	-45	71.9467
0.25	-45	169.959
0.25	-45	64.1025
0.25	-45	-94.3356
0.25	-45	9.41097
0.25	-45	178.903
0.25	-45	-158.715
0.25	-45	-51.258
0.25	-45	-103.305
0.25	-45	15.6105
0.25	-45	68.4977
0.25	-45	122.783
0.25	-45	-159.788
0.25	-45	-47.7096
0.25	-45	-120.412
0.25	-45	-116.598
0.25	-45	2.90466
0.25	-45	120.797
0.25	-45	-86.4197
0.25	-45	-131.465
0.25	-45	-18.8932
0.25	-45	-40.9201
0.25	-45	0.392988
0.25	-45	-173.056
0.25	-45	149.455
0.25	-45	-92.8155
0.25	-45	132.103
0.25	-45	116.727
0.25	-45	95.1043
0.25	-45	-108.212
0.25	-45	-54.6886
0.25	-45	29.6937
0.25	-45	53.8137
0.25	-45	-71.6132
0.25	-45	-2.8338
0.25	-45	-165.72
0.25	-45	15.2797
0.25	-45	175.095
0.25	-45	-43.0278
0.25	-45	-133.142
0.25	-45	80.3103
0.25	-45	160.801
0.25	-45	78.9214
0.25	-45	101.539
0.25	-45	-71.1184
0.25	-45	168.234
0.25	-45	112.079
0.25	-45	54.4588
0.25	-45	-177.586
0.25	-45	-137.751
0.25	-45	116.421
0.25	-45	56.024
0.25	-45	-116.231
0.25	-45	-101.992
0.25	-45	115.438
0.25	-45	27.6477
0.25	-45	69.9029
0.25	-45	157.219
0.25	-45	-37.9177
0.25	-45	96.852
0.25	-45	-141.339
0.25	-45	-26.9687
0.25	-45	-47.426
0.25	-45	30.7705
0.25	-45	126.616
0.25	-45	-55.2385
0.25	-45	78.5205
0.25	-45	99.0676
0.25	-45	-78.5127
0.25	-45	-171.317
0.25	-45	-136.03
0.25	-45	97.0581
0.25	-45	-115.445
0.25	-45	-135.551
0.25	-45	151.86
0.25	-45	167.349
0.25	-45	22.0802
0.25	-45	92.4187
0.25	-45	122.335
0.25	-45	168.385
0.25	-45	17.5362
0.25	-45	-114.278
0.25	-45	65.6247
0.25	-45	-109.33
0.25	-45	6.28494
0.25	-45	59.676
0.25	-45	34.6915
0.25	-45	-54.2194
0.25	-45	-89.9736
0.25	-45	-82.7375
0.25	-45	164.457
0.25	-45	74.7488
0.25	-45	5.97189
0.25	-45	-156.929
0.25	-45	-126.06
0.25	-45	51.6405
0.25	-45	-93.3886
0.25	-45	26.0869
0.25	-45	19.2573
0.25	-45	-11.7497
0.25	-45	-124.434
0.25	-45	66.8497
0.25	-45	100.789
0.25	-45	-97.7137
0.25	-45	-135.647
0.25	-45	-16.1067
0.25	-45	120.626
0.25	-45	53.7708
0.25	-45	169.677
0.25	-45	59.7351
0.25	-45	131.803
0.25	-45	-131.24
0.25	-45	142.33
0.25	-45	-0.349812
0.25	-45	-153.864
0.25	-45	-65.9957
0.25	-45	-44.35
0.25	-45	-9.95193
0.25	-45	-8.10025
0.25	-45	126.166
0.25	-45	-59.8436
0.25	-45	15.948
0.25	-45	-101.525
0.25	-45	-104.853
0.25	-45	28.854
0.25	-45	0.672444
0.25	-45	50.9316
0.25	-45	-31.2323
0.25	-45	-38.4532
0.25	-45	70.9891
0.25	-45	174.575
0.25	-45	-48.9824
0.25	-45	-51.1387
0.25	-45	178.566
0.25	-45	171.6
0.25	-45	-86.4171
0.25	-45	133.814
0.25	-45	-3.81707
0.25	-45	-82.0325
0.25	-45	54.488
0.25	-45	-81.9076
0.25	-45	169.399
0.25	-45	136.792
0.25	-45	-1.46518
0.25	-45	-156.977
0.25	-45	-95.2015
0.25	-45	48.4293
0.25	-45	177.161
0.25	-45	34.8418
0.25	-45	-74.3401
0.25	-45	-26.3391
0.25	-45	33.0247
0.25	-45	-34.5326
0.25	-45	-119.122
0.25	-45	32.7068
0.25	-45	-79.6135
0.25	-45	-91.081
0.25	-45	-4.87126
0.25	-45	-4.80187
0.25	-45	31.6311
0.25	-45	99.3563
0.25	-45	-126.204
0.25	-45	-120.978
0.25	-45	8.82778
0.25	-45	132.758
0.25	-45	65.5995
0.25	-45	-6.44604
0.25	-45	-33.6566
0.25	-45	125.394
0.25	-45	-167.336
0.25	-45	23.869
0.25	-45	36.5011
0.25	-45	-127.122
0.25	-45	-173.094
0.25	-45	-157.293
0.25	-45	65.3499
0.25	-45	-173.897
0.25	-45	56.4828
0.25	-45	-173.732
0.25	-45	-77.9733
0.25	-45	-84.2641
0.25	-45	65.459
0.25	-45	-47.7909
0.25	-45	59.2325
0.25	-45	168.618
0.25	-45	108.623
0.25	-45	132.304
0.25	-45	-134.183
0.25	-45	-123.648
0.25	-45	61.7402
0.25	-45	-70.9556
0.25	-45	-78.5565
0.25	-45	-62.0322
0.25	-45	-105.124
0.25	-45	-151.271
0.25	-45	126.268
0.25	-45	-145.421
0.25	-45	-75.9244
0.25	-45	81.6665
0.25	-45	-149.263
0.25	-45	53.7282
0.25	-45	111.633
0.25	-45	99.8799
0.25	-45	-1.79808
0.25	-45	40.5498
0.25	-45	-21.5699
0.25	-45	-41.8645
0.25	-45	-176.538
0.25	-45	11.2755
0.25	-45	39.9012
0.25	-45	96.8013
0.25	-45	-159.386
0.25	-45	-105.044
0.25	-45	-31.759
0.25	-45	121.907
0.25	-45	74.7188
0.25	-45	-58.762
0.25	-45	-50.2652
0.25	-45	82.7532
0.25	-45	6.11646
0.25	-45	-103.762
0.25	-45	107.047
0.25	-45	82.7557
0.25	-45	-101.114
0.25	-45	19.8217
0.25	-45	-66.8941
0.25	-45	-13.2338
0.25	-45	-118.33
0.25	-45	-0.3562
0.25	-45	-52.3047
0.25	-45	-68.8545
0.25	-45	-125.867
0.25	-45	-55.4745
0.25	-45	50.4712
0.25	-45	68.9941
0.25	-45	-129.198
0.25	-45	10.4504
0.25	-45	146.044
0.25	-45	70.3978
0.25	-45	55.4139
0.25	-45	98.2074
0.25	-45	-56.558
0.25	-45	-165.552
0.25	-45	-175.726
0.25	-45	104.108
0.25	-45	97.6913
0.25	-45	-19.9689
0.25	-45	-120.878
0.25	-45	131.765
0.25	-45	25.973
0.25	-45	172.334
0.25	-45	-73.0759
0.25	-45	126.751
0.25	-45	121.905
0.25	-45	-47.3968
0.25	-45	-5.88726
0.25	-45	167.209
0.25	-45	77.3648
0.25	-45	-48.9927
0.25	-45	-148.665
0.25	-45	-155.608
0.25	-45	-177.008
0.25	-45	-106.193
0.25	-45	52.6374
0.25	-45	13.443
0.25	-45	168.119
0.25	-45	-67.8435
0.25	-45	-47.051
0.25	-45	65.5969
0.25	-45	95.8548
0.25	-45	150.476
0.25	-45	95.3197
0.25	-45	-156.428
0.25	-45	69.5311
0.25	-45	-52.4451
0.25	-45	119.22
0.25	-45	164.427
0.25	-45	-46.7627
0.25	-45	-56.7152
0.25	-45	146.803
0.25	-45	-37.695
0.25	-45	-58.4288
0.25	-45	-69.3415
0.25	-45	-175.325
0.25	-45	-130.25
0.25	-45	-160.899
0.25	-45	8.66182
0.25	-45	-121.015
0.25	-45	-122.077
0.25	-45	19.89
0.25	-45	-42.8105
0.25	-45	94.8791
0.25	-45	171.026
0.25	-45	-11.6765
0.25	-45	-8.31963
0.25	-45	11.6828
0.25	-45	94.5908
0.25	-45	-142.399
0.25	-45	52.3522
0.25	-45	-14.306
0.25	-45	-28.3383
0.25	-45	162.336
0.25	-45	164.152
0.25	-45	-133.024
0.25	-45	56.2033
0.25	-45	-29.433
0.25	-45	-161.915
0.25	-45	51.6022
0.25	-45	-176.586
0.25	-45	-142.768
0.25	-45	-138.957
0.25	-45	-41.634
0.25	-45	109.338
0.25	-45	21.9901
0.25	-45	140.694
0.25	-45	59.6195
0.25	-45	114.273
0.25	-45	3.71932
0.25	-45	-88.082
0.25	-45	-47.8035
0.25	-45	136.053
0.25	-45	-30.472
0.25	-45	14.021
0.25	-45	-13.3809
0.25	-45	-153.414
0.25	-45	-71.0678
0.25	-45	-23.0052
0.25	-45	-165.966
0.25	-45	-48.4688
0.25	-45	-170.225
0.25	-45	75.128
0.25	-45	94.4042
0.25	-45	-3.56813
0.25	-45	-167.436
0.25	-45	-27.3288
0.25	-45	42.3034
0.25	-45	-24.4314
0.25	-45	2.26301
0.25	-45	-108.535
0.25	-45	-64.7462
0.25	-45	17.0645
0.25	-45	147.413
0.25	-45	64.8929
0.25	-45	-114.791
0.25	-45	46.2694
0.25	-45	165.474
0.25	-45	73.7975
0.25	-45	-21.1839
0.25	-45	47.0504
0.25	-45	100.601
0.25	-45	37.9216
0.25	-45	-33.9971
0.25	-45	-31.9078
0.25	-45	163.151
0.25	-45	153.279
0.25	-45	-144.072
0.25	-45	88.3986
0.25	-45	178.466
0.25	-45	123.386
0.25	-45	79.061
0.25	-45	-104.992
0.25	-45	24.9857
0.25	-45	-147.271
0.25	-45	-24.6806
0.25	-45	64.6654
0.25	-45	91.1416
0.25	-45	-15.5331
0.25	-45	-55.1601
0.25	-45	28.1735
0.25	-45	144.312
0.25	-45	49.0914
0.25	-45	16.4823
0.25	-45	60.2031
0.25	-45	114.599
0.25	-45	-89.321
0.25	-45	-129.668
0.25	-45	170.302
0.25	-45	-9.30462
0.25	-45	125.351
0.25	-45	-175.086
0.25	-45	0.873936
0.25	-45	-139.696
0.25	-45	153.552
0.25	-45	75.8889
0.25	-45	-29.5257
0.25	-45	-29.2066
0.25	-45	59.5912
0.25	-45	-162.324
0.25	-45	71.553
0.25	-45	161.899
0.25	-45	126.858
0.25	-45	-162.69
0.25	-45	30.3006
0.25	-45	97.5063
0.25	-45	-172.389
0.25	-45	99.9837
0.25	-45	146.616
0.25	-45	18.9937
0.25	-45	142.752
0.25	-45	144.644
0.25	-45	-51.2766
0.25	-45	64.9975
