pol	setting	phi
0.3	45	119.275
0.3	45	-48.6576
0.3	45	-101.006
0.3	45	-91.1181
0.3	45	61.7187
0.3	45	162.428
0.3	45	-44.9948
0.3	45	-158.763
0.3	45	145.928
0.3	45	-101.397
0.3	45	-86.3862
0.3	45	104.867
0.3	45	-166.784
0.3	45	137.811
0.3	45	160.489
0.3	45	174.955
0.3	45	133.26
0.3	45	-141.166
0.3	45	-72.8652
0.3	45	37.7325
0.3	45	30.7223
0.3	45	74.1678
0.3	45	-54.1806
0.3	45	-67.0331
0.3	45	21.9175
0.3	45	110.739
0.3	45	146.406
0.3	45	145.955
0.3	45	37.2256
0.3	45	-67.6355
0.3	45	-19.2598
0.3	45	129.754
0.3	45	142.356
0.3	45	-33.6092
0.3	45	-179.333
0.3	45	-87.3699
0.3	45	171.041
0.3	45	145.912
0.3	45	-41.5687
0.3	45	-48.1092
0.3	45	130.134
0.3	45	149.977
0.3	45	28.3648
0.3	45	-36.2085
0.3	45	62.836
0.3	45	178.079
0.3	45	-68.1606
0.3	45	32.7138
0.3	45	15.6984
0.3	45	90.983
0.3	45	-71.3336
0.3	45	-81.5868
0.3	45	179.704
0.3	45	-75.8867
0.3	45	51.2366
0.3	45	-102.551
0.3	45	130.691
0.3	45	20.315
0.3	45	109.45
0.3	45	-58.3415
0.3	45	-92.6358
0.3	45	-18.7085
0.3	45	-75.2605
0.3	45	-123.769
0.3	45	111.602
0.3	45	130.333
0.3	45	85.0273
0.3	45	-154.462
0.3	45	155.219
0.3	45	173.43
0.3	45	-87.4743
0.3	45	161.141
0.3	45	166.46
0.3	45	-60.15
0.3	45	98.896
0.3	45	61.9912
0.3	45	170.938
0.3	45	-28.7399
0.3	45	12.2082
0.3	45	-26.8287
0.3	45	-169.178
0.3	45	29.9597
0.3	45	-47.3173
0.3	45	-155.753
0.3	45	-6.52694
0.3	45	112.801
0.3	45	100.338
0.3	45	59.2468
0.3	45	-171.65
0.3	45	12.1063
0.3	45	3.38531
0.3	45	-128.307
0.3	45	121.578
0.3	45	145.685
0.3	45	76.0243
0.3	45	58.5962
0.3	45	30.9515
0.3	45	-150.551
0.3	45	25.5305
0.3	45	61.3212
0.3	45	164.64
0.3	45	100.298
0.3	45	95.5866
0.3	45	-39.2903
0.3	45	148.205
0.3	45	-143.548
0.3	45	-34.4388
0.3	45	166.932
0.3	45	-79.4738
0.3	45	103.373
0.3	45	-154.405
0.3	45	-21.9426
0.3	45	-148.688
0.3	45	-98.1823
0.3	45	-27.5478
0.3	45	145.909
0.3	45	-70.3496
0.3	45	92.5252
0.3	45	31.8823
0.3	45	179.993
0.3	45	128.496
0.3	45	-160.041
0.3	45	-157.228
0.3	45	148.501
0.3	45	60.9891
0.3	45	-19.8575
0.3	45	93.5762
0.3	45	-28.5343
0.3	45	-74.3839
0.3	45	-40.9903
0.3	45	43.5026
0.3	45	-167.18
0.3	45	27.9877
0.3	45	-96.1813
0.3	45	107.146
0.3	45	-104.589
0.3	45	114.887
0.3	45	172.161
0.3	45	-156.491
0.3	45	-19.9154
0.3	45	142.603
0.3	45	-58.3407
0.3	45	110.422
0.3	45	99.2816
0.3	45	-155.822
0.3	45	-100.313
0.3	45	-62.1715
0.3	45	-68.674
0.3	45	140.715
0.3	45	-32.7058
0.3	45	-39.382
0.3	45	-158.348
0.3	45	61.8462
0.3	45	-178.677
0.3	45	-149.869
0.3	45	-155.992
0.3	45	-20.0681
0.3	45	123.624
0.3	45	49.0139
0.3	45	104.459
0.3	45	-65.186
0.3	45	129.025
0.3	45	82.8235
0.3	45	166.46
0.3	45	104.473
0.3	45	-126.547
0.3	45	59.4967
0.3	45	47.9005
0.3	45	49.005
0.3	45	-116.61
0.3	45	142.643
0.3	45	138.666
0.3	45	-139.093
0.3	45	-17.7441
0.3	45	84.3102
0.3	45	64.1241
0.3	45	-23.2177
0.3	45	2.52222
0.3	45	42.0745
0.3	45	-172.893
0.3	45	139.57
0.3	45	-65.0932
0.3	45	116.916
0.3	45	167.389
0.3	45	-11.6806
0.3	45	-11.5879
0.3	45	83.0239
0.3	45	-45.1116
0.3	45	36.5138
0.3	45	76.8705
0.3	45	-4.90047
0.3	45	-134.382
0.3	45	177.672
0.3	45	169.79
0.3	45	128.288
0.3	45	27.2741
0.3	45	-95.2953
0.3	45	-116.494
0.3	45	-105.127
0.3	45	-55.6012
0.3	45	7.36676
0.3	45	-166.422
0.3	45	176.193
0.3	45	-73.3982
0.3	45	114.605
0.3	45	64.0689
0.3	45	89.7619
0.3	45	62.1593
0.3	45	-106.517
0.3	45	111.51
0.3	45	177.01
0.3	45	-12.0701
0.3	45	-2.54207
0.3	45	-53.6058
0.3	45	97.4919
0.3	45	45.8295
0.3	45	-62.2978
0.3	45	-41.0772
0.3	45	-56.5437
0.3	45	28.4157
0.3	45	78.3632
0.3	45	-147.926
0.3	45	-146.154
0.3	45	-81.7523
0.3	45	-72.1858
0.3	45	-68.7524
0.3	45	114.762
0.3	45	-7.84816
0.3	45	-104.593
0.3	45	-83.5064
0.3	45	-100.954
0.3	45	-1.42864
0.3	45	3.46267
0.3	45	85.7036
0.3	45	-156.115
0.3	45	144.514
0.3	45	125.469
0.3	45	72.0124
0.3	45	109.626
0.3	45	-15.0716
0.3	45	-46.8897
0.3	45	151.129
0.3	45	135.281
0.3	45	144.113
0.3	45	-52.3211
0.3	45	177.106
0.3	45	-2.59521
0.3	45	40.1086
0.3	45	-125.379
0.3	45	123.36
0.3	45	-86.4938
0.3	45	51.6076
0.3	45	178.135
0.3	45	-132.431
0.3	45	80.5857
0.3	45	-143.793
0.3	45	174.284
0.3	45	-29.8626
0.3	45	-101.465
0.3	45	26.6746
0.3	45	161.961
0.3	45	-151.268
0.3	45	15.1478
0.3	45	-1.26886
0.3	45	19.164
0.3	45	81.2934
0.3	45	23.8234
0.3	45	118.431
0.3	45	-109.604
0.3	45	-112.17
0.3	45	-108.889
0.3	45	98.9103
0.3	45	-95.416
0.3	45	-172.708
0.3	45	36.7613
0.3	45	-104.847
0.3	45	87.7189
0.3	45	-25.7859
0.3	45	-62.6325
0.3	45	-124.547
0.3	45	105.089
0.3	45	80.5641
0.3	45	118.48
0.3	45	-147.478
0.3	45	141.196
0.3	45	-1.59267
0.3	45	121.916
0.3	45	-24.8246
0.3	45	123.685
0.3	45	166.623
0.3	45	46.7813
0.3	45	136.123
0.3	45	-162.328
0.3	45	-166.568
0.3	45	-42.3542
0.3	45	105.178
0.3	45	-50.1707
0.3	45	-46.6597
0.3	45	178.623
0.3	45	-6.57495
0.3	45	32.0577
0.3	45	156.348
0.3	45	166.793
0.3	45	-23.1154
0.3	45	-111.904
0.3	45	106.401
0.3	45	-48.7327
0.3	45	81.6059
0.3	45	-67.6792
0.3	45	-46.5264
0.3	45	-91.9476
0.3	45	5.43555
0.3	45	80.7197
0.3	45	-90.3637
0.3	45	150.353
0.3	45	96.7173
0.3	45	-172.239
0.3	45	-25.5208
0.3	45	84.2353
0.3	45	108.929
0.3	45	-50.4693
0.3	45	82.3798
0.3	45	-54.949
0.3	45	-37.6357
0.3	45	65.2425
0.3	45	-107.751
0.3	45	-115.969
0.3	45	-84.3501
0.3	45	-174.557
0.3	45	143.243
0.3	45	-47.6435
0.3	45	-6.80364
0.3	45	-83.8995
0.3	45	148.953
0.3	45	123.368
0.3	45	-126.757
0.3	45	-30.5671
0.3	45	106.469
0.3	45	87.7178
0.3	45	-127.265
0.3	45	-171.846
0.3	45	-105.904
0.3	45	11.2352
0.3	45	9.25724
0.3	45	-88.1831
0.3	45	64.887
0.3	45	-17.962
0.3	45	-126.578
0.3	45	163.853
0.3	45	-148.208
0.3	45	-13.9365
0.3	45	57.6815
0.3	45	76.6502
0.3	45	8.64559
0.3	45	-62.9076
0.3	45	-155.069
0.3	45	126.839
0.3	45	50.1927
0.3	45	-72.1582
0.3	45	-128.701
0.3	45	122.526
0.3	45	73.4564
0.3	45	-168.298
0.3	45	-82.6397
0.3	45	-20.4677
0.3	45	161.061
0.3	45	-146.003
0.3	45	-43.9583
0.3	45	135.809
0.3	45	-116.354
0.3	45	-121.931
0.3	45	170.952
0.3	45	-125.329
0.3	45	123.475
0.3	45	-44.7133
0.3	45	137.35
0.3	45	63.4038
0.3	45	46.3615
0.3	45	159.25
0.3	45	39.4275
0.3	45	29.2065
0.3	45	39.2945
0.3	45	-23.2559
0.3	45	120.783
0.3	45	-48.7528
0.3	45	-86.663
0.3	45	68.1019
0.3	45	79.1969
0.3	45	108.847
0.3	45	-23.7275
0.3	45	20.9001
0.3	45	-50.465
0.3	45	91.0254
0.3	45	-75.235
0.3	45	67.6773
0.3	45	23.6083
0.3	45	132.253
0.3	45	-157.117
0.3	45	158.06
0.3	45	116.519
0.3	45	96.6582
0.3	45	154.255
0.3	45	129.733
0.3	45	-2.06948
0.3	45	-18.6951
0.3	45	96.8482
0.3	45	-19.6936
0.3	45	161.425
0.3	45	-53.1817
0.3	45	4.66383
0.3	45	159.401
0.3	45	52.3753
0.3	45	-120.594
0.3	45	75.6494
0.3	45	14.8944
0.3	45	-22.5635
0.3	45	174.666
0.3	45	22.3371
0.3	45	-174.029
0.3	45	-42.8704
0.3	45	-153.561
0.3	45	-142.313
0.3	45	26.6102
0.3	45	47.5759
0.3	45	-101.724
0.3	45	-111.778
0.3	45	-161.009
0.3	45	-15.8834
0.3	45	-2.45687
0.3	45	-158.551
0.3	45	-126.756
0.3	45	68.3696
0.3	45	160.497
0.3	45	-6.13698
0.3	45	-130.8
0.3	45	-146.165
0.3	45	-173.863
0.3	45	28.9069
0.3	45	65.4139
0.3	45	-43.3942
0.3	45	43.4618
0.3	45	174.189
0.3	45	99.5002
0.3	45	52.8017
0.3	45	78.5994
0.3	45	-114.082
0.3	45	85.3449
0.3	45	-7.5919
0.3	45	-149.422
0.3	45	-31.2743
0.3	45	-159.266
0.3	45	-56.6973
0.3	45	-165.595
0.3	45	133.351
0.3	45	160.94
0.3	45	-77.3176
0.3	45	139.93
0.3	45	13.3286
0.3	45	22.8398
0.3	45	-53.0325
0.3	45	-63.9138
0.3	45	-3.53529
0.3	45	16.2911
0.3	45	-135.809
0.3	45	85.4147
0.3	45	54.0929
0.3	45	-87.7387
0.3	45	41.1396
0.3	45	-94.7581
0.3	45	-36.9357
0.3	45	-138.726
0.3	45	-10.0159
0.3	45	105.239
0.3	45	-170.426
0.3	45	-80.4276
0.3	45	12.2075
0.3	45	-165.136
0.3	45	-172.682
0.3	45	104.489
0.3	45	-68.5781
0.3	45	-76.0884
0.3	45	-132.201
0.3	45	-15.5464
0.3	45	158.004
0.3	45	115.682
0.3	45	117.606
0.3	45	-118.068
0.3	45	-79.362
0.3	45	-21.7598
0.3	45	-37.2979
0.3	45	170.035
0.3	45	-24.5589
0.3	45	117.153
0.3	45	163.909
0.3	45	162.945
0.3	45	177.647
0.3	45	44.7336
0.3	45	-96.9197
0.3	45	131.3
0.3	45	-83.6028
0.3	45	-140.362
0.3	45	84.7002
0.3	45	-22.3664
0.3	45	102.369
0.3	45	72.4159
0.3	45	-86.6491
0.3	45	69.8342
0.3	45	49.3759
0.3	45	-66.0619
0.3	45	164.763
0.3	45	123.926
0.3	45	35.6237
0.3	45	-155.484
0.3	45	-9.01564
0.3	45	95.6242
0.3	45	-120.681
0.3	45	144.666
0.3	45	129.513
0.3	45	46.2933
0.3	45	170.579
0.3	45	-41.6212
0.3	45	-107.023
0.3	45	-168.707
0.3	45	76.8667
0.3	45	178.109
0.3	45	-109.071
0.3	45	-172.418
0.3	45	170.216
0.3	45	17.2678
0.3	45	-86.2725
0.3	45	89.4989
0.3	45	148.503
0.3	45	-63.127
0.3	45	121.017
0.3	45	-141.006
0.3	45	24.6855
0.3	45	-59.1668
0.3	45	176.911
0.3	45	114.686
0.3	45	-44.9202
0.3	45	129.792
0.3	45	-118.811
0.3	45	-99.4585
0.3	45	-137.655
0.3	45	-95.1967
0.3	45	176.661
0.3	45	-159.575
0.3	45	62.6581
0.3	45	-17.7729
0.3	45	88.4484
0.3	45	-55.8334
0.3	45	-57.1842
0.3	45	134.569
0.3	45	174.812
0.3	45	-89.3801
0.3	45	-68.8024
0.3	45	143.621
0.3	45	169.452
0.3	45	-173.64
0.3	45	70.2113
0.3	45	120.935
0.3	45	108.821
0.3	45	-90.0324
0.3	45	-72.2177
0.3	45	-66.3378
0.3	45	97.6552
0.3	45	-94.148
0.3	45	-56.4357
0.3	45	92.6083
0.3	45	-146.15
0.3	45	-68.2536
0.3	45	23.1162
0.3	45	165.526
0.3	45	77.4753
0.3	45	134.598
0.3	45	33.6181
0.3	45	-147.573
0.3	45	-85.6463
0.3	45	-64.7383
0.3	45	21.8725
0.3	45	36.3112
0.3	45	66.8523
0.3	45	156.573
0.3	45	-103.788
0.3	45	-94.3408
0.3	45	-165.451
0.3	45	21.3335
0.3	45	-34.6175
0.3	45	-28.8621
0.3	45	-177.607
0.3	45	24.336
0.3	45	-139.83
0.3	45	136.125
0.3	45	-70.1978
0.3	45	122.812
0.3	45	-115.202
0.3	45	-131.638
0.3	45	110.151
0.3	45	-107.19
0.3	45	-143.543
0.3	45	112.452
0.3	45	70.3371
0.3	45	-46.7145
0.3	45	95.6551
0.3	45	3.75107
0.3	45	-7.00213
0.3	45	19.0629
0.3	45	-176.222
0.3	45	-86.5764
0.3	45	48.5983
0.3	45	-167.848
0.3	45	110.52
0.3	45	131.745
0.3	45	101.217
0.3	45	100.85
0.3	45	47.5772
0.3	45	147.614
0.3	45	73.2894
0.3	45	44.6192
0.3	45	158.881
0.3	45	-34.8586
0.3	45	142.202
0.3	45	104.665
0.3	45	54.028
0.3	45	122.197
0.3	45	-30.636
0.3	45	-58.5045
0.3	45	-136.464
0.3	45	-2.13076
0.3	45	-33.2976
0.3	45	147.136
0.3	45	49.1177
0.3	45	-75.3995
0.3	45	-48.1034
0.3	45	74.2791
0.3	45	105.299
0.3	45	-124.629
0.3	45	22.627
0.3	45	41.2505
0.3	45	-57.0961
0.3	45	-74.3709
0.3	45	-57.2599
0.3	45	25.2704
0.3	45	140.269
0.3	45	116.273
0.3	45	-14.8375
0.3	45	-13.3603
0.3	45	1.11794
0.3	45	-5.92459
0.3	45	48.7863
0.3	45	-26.7718
0.3	45	-10.1746
0.3	45	-171.203
0.3	45	47.2168
0.3	45	114.252
0.3	45	-9.50243
0.3	45	-38.1333
0.3	45	52.4102
0.3	45	30.3502
0.3	45	-80.4724
0.3	45	157.444
0.3	45	-105.314
0.3	45	165.433
0.3	45	-1.31761
0.3	45	-32.8155
0.3	45	155.336
0.3	45	153.255
0.3	45	-49.5123
0.3	45	36.4789
0.3	45	36.1293
0.3	45	-78.5601
0.3	45	160.015
0.3	45	-108.338
0.3	45	-119.738
0.3	45	132.796
0.3	45	-163.579
0.3	45	-8.34272
0.3	45	92.0054
0.3	45	179.483
0.3	45	-148.683
0.3	45	-179.237
0.3	45	6.08179
0.3	45	-2.71638
0.3	45	163.061
0.3	45	-49.4015
0.3	45	-52.7835
0.3	45	-127.714
0.3	45	-67.8589
0.3	45	70.2574
0.3	45	158.108
0.3	45	-77.9417
0.3	45	-141.064
0.3	45	-55.7678
0.3	45	149.733
0.3	45	166.705
0.3	45	-117.945
0.3	45	-158.347
0.3	45	-43.8953
0.3	45	-134.201
0.3	45	128.873
0.3	45	31.5902
0.3	45	135.328
0.3	45	87.5231
0.3	45	-30.7301
0.3	45	-33.6121
0.3	45	120.269
0.3	45	-26.5662
0.3	45	100.289
0.3	45	74.3166
0.3	45	60.3584
0.3	45	73.4613
0.3	45	141.458
0.3	45	-148.894
0.3	45	7.72672
0.3	45	-25.3264
0.3	45	12.654
0.3	45	165.275
0.3	45	-141.154
0.3	45	-171.054
0.3	45	171.082
0.3	45	166.869
0.3	45	162.372
0.3	45	4.02258
0.3	45	129.615
0.3	45	-178.362
0.3	45	-29.2935
0.3	45	-117.856
0.3	45	-106.653
0.3	45	-138.508
0.3	45	51.3302
0.3	45	175.964
0.3	45	-106.426
0.3	45	-104.392
0.3	45	-72.6849
0.3	45	127.654
0.3	45	-43.5554
0.3	45	-133.498
0.3	45	-120.498
0.3	45	-59.0705
0.3	45	110.192
0.3	45	70.1611
0.3	45	164.341
0.3	45	-92.7916
0.3	45	-168.211
0.3	45	93.5533
0.3	45	-118.417
0.3	45	161.997
0.3	45	24.2363
0.3	45	-21.433
0.3	45	42.4893
0.3	45	7.87757
0.3	45	176.41
0.3	45	-117.787
0.3	45	-36.3773
0.3	45	-27.3464
0.3	45	82.1636
0.3	45	96.4367
0.3	45	93.4806
0.3	45	-138.607
0.3	45	-160.514
0.3	45	-93.0694
0.3	45	-59.4126
0.3	45	46.5517
0.3	45	-2.37439
0.3	45	104.346
0.3	45	162.25
0.3	45	-155.627
0.3	45	169.877
0.3	45	135.77
0.3	45	-63.41
0.3	45	-72.3769
0.3	45	12.6037
0.3	45	-133.373
0.3	45	36.5777
0.3	45	152.039
0.3	45	173.941
0.3	45	-166.868
0.3	45	-28.9994
0.3	45	50.7369
0.3	45	174.088
0.3	45	132.617
0.3	45	100.145
0.3	45	-90.9113
0.3	45	127.247
0.3	45	-10.0281
0.3	45	-26.9749
0.3	45	-164.826
0.3	45	124.084
0.3	45	-84.3779
0.3	45	-68.7569
0.3	45	75.3455
0.3	45	55.6521
0.3	45	19.6798
0.3	45	-11.2027
0.3	45	-71.582
0.3	45	78.8361
0.3	45	22.147
0.3	45	-128.238
0.3	45	-34.1329
0.3	45	-9.73201
0.3	45	144.277
0.3	45	-148.533
0.3	45	-38.7505
0.3	45	-29.4991
0.3	45	-43.1315
0.3	45	-50.3654
0.3	45	-58.0305
0.3	45	40.0842
0.3	45	-48.7957
0.3	45	-66.6082
0.3	45	-19.665
0.3	45	114.863
0.3	45	-161.12
0.3	45	-16.5764
0.3	45	-46.4397
0.3	45	97.453
0.3	45	-86.6154
0.3	45	23.3098
0.3	45	59.5771
0.3	45	-7.82959
0.3	45	-31.9159
0.3	45	60.8436
0.3	45	132.824
0.3	45	68.0931
0.3	45	-28.6508
0.3	45	34.8647
0.3	45	-75.5666
0.3	45	-133.899
0.3	45	171.008
0.3	45	18.2353
0.3	45	100.028
0.3	45	-70.9777
0.3	45	176.88
0.3	45	140.267
0.3	45	-25.1536
0.3	45	-34.5977
0.3	45	-30.5724
0.3	45	-177.312
0.3	45	-140.429
0.3	45	-164.134
0.3	45	-12.9051
0.3	45	166.932
0.3	45	-114.254
0.3	45	-155.204
0.3	45	-62.9895
0.3	45	95.4486
0.3	45	-122.679
0.3	45	55.7427
0.3	45	58.663
0.3	45	119.053
0.3	45	164.769
0.3	45	-3.16586
0.3	45	33.1806
0.3	45	154.667
0.3	45	12.3128
0.3	45	-178.784
0.3	45	-148.837
0.3	45	141.07
0.3	45	-128.282
0.3	45	-90.2161
0.3	45	116.315
0.3	45	-148.863
0.3	45	68.3705
0.3	45	-52.7687
0.3	45	86.7974
0.3	45	89.1231
0.3	45	-170.575
0.3	45	-30.2765
0.3	45	-46.3154
0.3	45	32.3201
0.3	45	122.979
0.3	45	-49.1875
0.3	45	147.643
0.3	45	-88.1604
0.3	45	-43.9262
0.3	45	30.6774
0.3	45	142.857
0.3	45	-45.4019
0.3	45	-68.3262
0.3	45	151.225
0.3	45	14.7153
0.3	45	-78.4251
0.3	45	161.804
0.3	45	-28.5953
0.3	45	-115.233
0.3	45	15.8296
0.3	45	130.395
0.3	45	-64.7044
0.3	45	135.548
0.3	45	-9.30273
0.3	45	-132.418
0.3	45	-112.511
0.3	45	-54.0519
0.3	45	13.7837
0.3	45	46.8654
0.3	45	106.372
0.3	45	-42.8513
0.3	45	38.9051
0.3	45	-50.6665
0.3	45	-106.467
0.3	45	154.995
0.3	45	-172.312
0.3	45	-17.639
0.3	45	74.0893
0.3	45	174.346
0.3	45	125.545
0.3	45	101.213
0.3	45	120.053
0.3	45	-138.056
0.3	45	7.06569
0.3	45	66.4203
0.3	45	-23.6029
0.3	45	174.335
0.3	45	-41.8099
0.3	45	78.5562
0.3	45	-27.047
0.3	45	25.3078
0.3	45	-81.4506
0.3	45	69.9414
0.3	45	107.758
0.3	45	130.36
0.3	45	60.4045
0.3	45	-57.7453
0.3	45	154.473
0.3	45	-17.2828
0.3	45	-96.1278
0.3	45	-136.891
0.3	45	6.54465
0.3	45	-3.01993
0.3	45	110.045
0.3	45	157.307
0.3	45	163.357
0.3	45	-87.7437
0.3	45	-27.5603
0.3	45	-72.5222
0.3	45	45.2077
0.3	45	-123.745
0.3	45	41.1656
0.3	45	12.8127
0.3	45	-137.696
0.3	45	94.0243
0.3	45	148.68
0.3	45	-106.025
0.3	45	-116.399
0.3	45	-99.1723
0.3	45	99.252
0.3	45	-29.3133
0.3	45	-112.558
0.3	45	-119.204
0.3	45	-102.139
0.3	45	-27.1586
0.3	45	66.5796
0.3	45	-38.6291
0.3	45	-40.2677
0.3	45	56.3099
0.3	45	41.2399
0.3	45	169.327
0.3	45	66.374
0.3	45	-2.24711
0.3	45	-18.5139
0.3	45	150.611
0.3	45	-82.6545
0.3	45	125.193
0.3	45	97.8393
0.3	45	-152.876
0.3	45	-58.6013
0.3	45	2.58729
0.3	45	105.053
0.3	45	161.424
0.3	45	-152.355
0.3	45	-52.1874
0.3	45	-96.8549
0.3	45	-78.9964
0.3	45	-172.661
0.3	45	171.136
0.3	45	117.986
0.3	45	3.67888
0.3	45	-112.166
0.3	45	-33.7835
0.3	45	105.342
0.3	45	51.2835
0.3	45	-37.2573
0.3	45	112.639
0.3	45	-20.6858
0.3	45	-25.7933
0.3	45	-81.2145
0.3	45	-43.0831
0.3	45	26.1233
0.3	45	-92.0263
0.3	45	117.863
0.3	45	105.151
0.3	45	164.301
0.3	45	-113
0.3	45	86.2149
0.3	45	151.738
0.3	45	177.581
0.3	45	118.063
0.3	45	-42.6759
0.3	45	87.5739
0.3	45	72.5445
0.25	-45	9.66648
0.25	-45	46.0657
0.25	-45	-117.733
0.25	-45	74.6435
0.25	-45	-1.02875
0.25	-45	-70.0055
0.25	-45	105.625
0.25	-45	21.5997
0.25	-45	-107.23
0.25	-45	102.305
0.25	-45	-104.795
0.25	-45	-147.456
0.25	-45	-13.6186
0.25	-45	37.1986
0.25	-45	55.787
0.25	-45	48.7201
0.25	-45	154.005
0.25	-45	-103.544
0.25	-45	173.309
0.25	-45	-109.539
0.25	-45	-16.7298
0.25	-45	-20.5193
0.25	-45	-107.939
0.25	-45	-156.208
0.25	-45	-110.643
0.25	-45	-166.121
0.25	-45	71.6297
0.25	-45	102.24
0.25	-45	-112.487
0.25	-45	-29.9653
0.25	-45	143.377
0.25	-45	-55.9634
0.25	-45	-150.575
0.25	-45	-38.7206
0.25	-45	173.255
0.25	-45	-160.123
0.25	-45	94.6058
0.25	-45	-125.967
0.25	-45	30.2566
0.25	-45	-138.455
0.25	-45	59.9443
0.25	-45	-169.106
0.25	-45	-120.163
0.25	-45	-23.8118
0.25	-45	77.794
0.25	-45	-169.189
0.25	-45	-154.017
0.25	-45	116.467
0.25	-45	116.136
0.25	-45	171.363
0.25	-45	29.7007
0.25	-45	-58.4512
0.25	-45	-83.8733
0.25	-45	5.5582
0.25	-45	-31.6278
0.25	-45	-142.915
0.25	-45	-129.73
0.25	-45	-25.5917
0.25	-45	65.9736
0.25	-45	-42.6246
0.25	-45	-113.458
0.25	-45	-28.1286
0.25	-45	-154.56
0.25	-45	-0.528219
0.25	-45	3.8892
0.25	-45	27.3747
0.25	-45	-28.3699
0.25	-45	57.0433
0.25	-45	131.06
0.25	-45	88.5401
0.25	-45	-44.9403
0.25	-45	-60.9749
0.25	-45	89.6786
0.25	-45	-59.5037
0.25	-45	-127.177
0.25	-45	25.9871
0.25	-45	-150.723
0.25	-45	14.4314
0.25	-45	-2.63756
0.25	-45	-151.054
0.25	-45	3.67517
0.25	-45	89.655
0.25	-45	-121.271
0.25	-45	-72.1966
0.25	-45	-114.764
0.25	-45	-66.484
0.25	-45	143.13
0.25	-45	-14.1409
0.25	-45	-160.214
0.25	-45	143.042
0.25	-45	-61.7785
0.25	-45	-45.1019
0.25	-45	-143.859
0.25	-45	-44.3539
0.25	-45	67.9499
0.25	-45	-168.896
0.25	-45	141.037
0.25	-45	-26.7869
0.25	-45	-83.4036
0.25	-45	-10.2901
0.25	-45	18.8157
0.25	-45	-64.7781
0.25	-45	162.881
0.25	-45	-57.0471
0.25	-45	-160.273
0.25	-45	-69.1941
0.25	-45	-4.85476
0.25	-45	89.4464
0.25	-45	-102.055
0.25	-45	-165.376
0.25	-45	73.3918
0.25	-45	99.7517
0.25	-45	140.779
0.25	-45	-10.1496
0.25	-45	3.36814
0.25	-45	-83.2555
0.25	-45	-129.022
0.25	-45	-103.665
0.25	-45	-154.076
0.25	-45	172.763
0.25	-45	-130.876
0.25	-45	101.995
0.25	-45	18.4328
0.25	-45	80.012
0.25	-45	121.409
0.25	-45	-30.9332
0.25	-45	-163.363
0.25	-45	64.8244
0.25	-45	79.595
0.25	-45	-2.1193
0.25	-45	81.9853
0.25	-45	3.37635
0.25	-45	176.021
0.25	-45	178.476
0.25	-45	100.944
0.25	-45	-39.1031
0.25	-45	-41.1812
0.25	-45	35.7874
0.25	-45	-154.081
0.25	-45	-170.688
0.25	-45	-5.81236
0.25	-45	83.6656
0.25	-45	120.048
0.25	-45	65.0982
0.25	-45	85.2623
0.25	-45	-45.6108
0.25	-45	-52.3372
0.25	-45	122.071
0.25	-45	72.3114
0.25	-45	27.7049
0.25	-45	138.545
0.25	-45	156.479
0.25	-45	156.199
0.25	-45	-16.3581
0.25	-45	109.527
0.25	-45	-16.5054
0.25	-45	-122.311
0.25	-45	-122.391
0.25	-45	-27.9677
0.25	-45	-129.134
0.25	-45	-18.0369
0.25	-45	64.1745
0.25	-45	-144.841
0.25	-45	152.499
0.25	-45	-127.804
0.25	-45	36.1167
0.25	-45	96.3274
0.25	-45	146.154
0.25	-45	-20.8414
0.25	-45	33.764
0.25	-45	58.3038
0.25	-45	-161.028
0.25	-45	76.278
0.25	-45	-133.857
0.25	-45	119.96
0.25	-45	-24.129
0.25	-45	-93.3634
0.25	-45	-117.373
0.25	-45	-118.194
0.25	-45	-128.77
0.25	-45	98.095
0.25	-45	76.0416
0.25	-45	-33.7204
0.25	-45	84.083
0.25	-45	-33.6857
0.25	-45	106.278
0.25	-45	36.3502
0.25	-45	-15.4713
0.25	-45	45.6413
0.25	-45	-85.4895
0.25	-45	-91.2784
0.25	-45	-3.37448
0.25	-45	57.7473
0.25	-45	-128.856
0.25	-45	-162.651
0.25	-45	139.323
0.25	-45	33.3811
0.25	-45	-81.6683
0.25	-45	-75.8818
0.25	-45	2.88514
0.25	-45	67.1891
0.25	-45	71.647
0.25	-45	-7.94669
0.25	-45	24.5088
0.25	-45	-163.957
0.25	-45	37.6836
0.25	-45	-165.397
0.25	-45	155.817
0.25	-45	-128.698
0.25	-45	-146.464
0.25	-45	-168.857
0.25	-45	-83.4937
0.25	-45	74.5899
0.25	-45	-130.562
0.25	-45	-59.2472
0.25	-45	113.86
0.25	-45	80.3083
0.25	-45	107.397
0.25	-45	-29.2458
0.25	-45	138.691
0.25	-45	132.752
0.25	-45	63.2564
0.25	-45	-63.3041
0.25	-45	107.002
0.25	-45	-158.197
0.25	-45	85.8479
0.25	-45	77.6811
0.25	-45	-76.3468
0.25	-45	164.084
0.25	-45	-51.1213
0.25	-45	152.966
0.25	-45	-37.056
0.25	-45	126.046
0.25	-45	-111.753
0.25	-45	-137.254
0.25	-45	174.78
0.25	-45	88.4932
0.25	-45	-93.9138
0.25	-45	155.075
0.25	-45	175.919
0.25	-45	19.0216
0.25	-45	-145.853
0.25	-45	-15.0804
0.25	-45	111.071
0.25	-45	48.5498
0.25	-45	178.933
0.25	-45	112.244
0.25	-45	-92.6567
0.25	-45	0.719424
0.25	-45	148.091
0.25	-45	-116.59
0.25	-45	-57.5143
0.25	-45	-78.7595
0.25	-45	-8.07468
0.25	-45	-145.401
0.25	-45	167.251
0.25	-45	-102.458
0.25	-45	-91.1998
0.25	-45	-78.4936
0.25	-45	126.706
0.25	-45	100.794
0.25	-45	-78.8091
0.25	-45	-95.3751
0.25	-45	-140.102
0.25	-45	68.4447
0.25	-45	-50.8998
0.25	-45	-114.813
0.25	-45	-107.349
0.25	-45	113.441
0.25	-45	-64.8773
0.25	-45	158.615
0.25	-45	91.2335
0.25	-45	55.7903
0.25	-45	-20.2015
0.25	-45	149.206
0.25	-45	-86.1333
0.25	-45	26.6791
0.25	-45	-152.97
0.25	-45	-3.04676
0.25	-45	-114.756
0.25	-45	58.9759
0.25	-45	3.90836
0.25	-45	-174.916
0.25	-45	127.978
0.25	-45	-27.3198
0.25	-45	-113.47
0.25	-45	145.817
0.25	-45	-140.983
0.25	-45	-68.7358
0.25	-45	-156.084
0.25	-45	-178.54
0.25	-45	-141.065
0.25	-45	30.6487
0.25	-45	-92.0532
0.25	-45	-130.908
0.25	-45	42.7024
0.25	-45	-147.065
0.25	-45	173.47
0.25	-45	11.4459
0.25	-45	-116.436
0.25	-45	69.8549
0.25	-45	133.024
0.25	-45	-177.317
0.25	-45	-7.60942
0.25	-45	-137.186
0.25	-45	109.934
0.25	-45	-79.5828
0.25	-45	-77.8471
0.25	-45	-68.3215
0.25	-45	46.9654
0.25	-45	-156.591
0.25	-45	-58.2524
0.25	-45	-127.201
0.25	-45	49.1541
0.25	-45	-167.767
0.25	-45	-98.3408
0.25	-45	-176.928
0.25	-45	-5.3755
0.25	-45	-3.86235
0.25	-45	27.943
0.25	-45	100.096
0.25	-45	-61.657
0.25	-45	19.4778
0.25	-45	-111.212
0.25	-45	144.814
0.25	-45	122.023
0.25	-45	-94.7829
0.25	-45	-29.314
0.25	-45	153.267
0.25	-45	-167.699
0.25	-45	-165.454
0.25	-45	-119.021
0.25	-45	-94.4905
0.25	-45	55.3347
0.25	-45	106.014
0.25	-45	-151.164
0.25	-45	-37.8596
0.25	-45	-102.869
0.25	-45	-48.0183
0.25	-45	120.633
0.25	-45	-99.9418
0.25	-45	25.0175
0.25	-45	-111.799
0.25	-45	-102.492
0.25	-45	-158.507
0.25	-45	-73.51
0.25	-45	-147.306
0.25	-45	84.1547
0.25	-45	-170.45
0.25	-45	153.827
0.25	-45	-139.435
0.25	-45	-123.898
0.25	-45	-12.3204
0.25	-45	-102.63
0.25	-45	-83.268
0.25	-45	79.7925
0.25	-45	-168.206
0.25	-45	107.754
0.25	-45	87.3774
0.25	-45	-177.541
0.25	-45	132.083
0.25	-45	10.951
0.25	-45	59.9906
0.25	-45	-119.307
0.25	-45	-98.5441
0.25	-45	142.778
0.25	-45	148.422
0.25	-45	-144.577
0.25	-45	80.2093
0.25	-45	108.593
0.25	-45	130.546
0.25	-45	-117.207
0.25	-45	63.8512
0.25	-45	18.9808
0.25	-45	146.893
0.25	-45	147.233
0.25	-45	24.8918
0.25	-45	-88.3201
0.25	-45	-91.4137
0.25	-45	156.871
0.25	-45	179.954
0.25	-45	143.887
0.25	-45	-39.6548
0.25	-45	58.3724
0.25	-45	-2.70332
0.25	-45	81.3898
0.25	-45	-31.7685
0.25	-45	25.6313
0.25	-45	135.175
0.25	-45	29.0268
0.25	-45	36.5207
0.25	-45	-44.7654
0.25	-45	177.434
0.25	-45	29.683
0.25	-45	57.9181
0.25	-45	68.1642
0.25	-45	-62.2393
0.25	-45	175.45
0.25	-45	31.6442
0.25	-45	-1.62592
0.25	-45	-35.1489
0.25	-45	70.7859
0.25	-45	-40.8685
0.25	-45	-47.2094
0.25	-45	-128.437
0.25	-45	127.453
0.25	-45	-35.1698
0.25	-45	-58.8334
0.25	-45	179.653
0.25	-45	-90.6409
0.25	-45	-44.529
0.25	-45	-83.0585
0.25	-45	54.4201
0.25	-45	-106.726
0.25	-45	-90.1041
0.25	-45	-68.5422
0.25	-45	21.3448
0.25	-45	-164.22
0.25	-45	161.129
0.25	-45	55.8276
0.25	-45	-136.776
0.25	-45	160.098
0.25	-45	58.7654
0.25	-45	-35.3872
0.25	-45	45.1943
0.25	-45	-77.2859
0.25	-45	-154.333
0.25	-45	-143.234
0.25	-45	-51.6957
0.25	-45	77.3003
0.25	-45	166.248
0.25	-45	-109.016
0.25	-45	106.176
0.25	-45	-77.9196
0.25	-45	158.248
0.25	-45	69.4646
0.25	-45	20.9046
0.25	-45	81.0917
0.25	-45	56.5974
0.25	-45	-30.0815
0.25	-45	40.4178
0.25	-45	74.9815
0.25	-45	-33.904
0.25	-45	170.731
0.25	-45	-37.9859
0.25	-45	82.4541
0.25	-45	-129.865
0.25	-45	60.1054
0.25	-45	29.2947
0.25	-45	-82.4439
0.25	-45	104.253
0.25	-45	-176.71
0.25	-45	-153.5
0.25	-45	-120.403
0.25	-45	124.507
0.25	-45	139.992
0.25	-45	-32.6077
0.25	-45	59.4175
0.25	-45	-174.718
0.25	-45	-97.9223
0.25	-45	-0.966516
0.25	-45	110.825
0.25	-45	-81.2713
0.25	-45	13.4159
0.25	-45	8.57154
0.25	-45	157.174
0.25	-45	97.3405
0.25	-45	-69.5068
0.25	-45	-128.557
0.25	-45	-120.727
0.25	-45	-105.691
0.25	-45	-48.8364
0.25	-45	-47.4626
0.25	-45	95.2435
0.25	-45	-13.3548
0.25	-45	57.8852
0.25	-45	-170.345
0.25	-45	-138.575
0.25	-45	154.996
0.25	-45	-129.266
0.25	-45	-100.956
0.25	-45	154.832
0.25	-45	161.988
0.25	-45	-86.3799
0.25	-45	-85.2438
0.25	-45	-156.013
0.25	-45	145.174
0.25	-45	-83.0086
0.25	-45	142.807
0.25	-45	109.551
0.25	-45	-79.0694
0.25	-45	87.719
0.25	-45	-8.84174
0.25	-45	23.6742
0.25	-45	65.7128
0.25	-45	-28.5046
0.25	-45	48.0425
0.25	-45	127.451
0.25	-45	119.056
0.25	-45	61.0003
0.25	-45	-34.2563
0.25	-45	47.9616
0.25	-45	-163.975
0.25	-45	40.9886
0.25	-45	-135.173
0.25	-45	-175.816
0.25	-45	-110.385
0.25	-45	37.6424
0.25	-45	-169.861
0.25	-45	120.652
0.25	-45	142.194
0.25	-45	87.9711
0.25	-45	-18.5908
0.25	-45	24.1769
0.25	-45	134.68
0.25	-45	55.3629
0.25	-45	-87.2696
0.25	-45	-151.878
0.25	-45	-112.852
0.25	-45	-43.0088
0.25	-45	-80.8148
0.25	-45	169.333
0.25	-45	55.7487
0.25	-45	-14.9304
0.25	-45	23.9008
0.25	-45	86.9826
0.25	-45	176.546
0.25	-45	60.1437
0.25	-45	1.26355
0.25	-45	81.7876
0.25	-45	48.8372
0.25	-45	49.3756
0.25	-45	16.2107
0.25	-45	-170.646
0.25	-45	-101.559
0.25	-45	-0.973173
0.25	-45	75.2452
0.25	-45	3.27155
0.25	-45	-48.1344
0.25	-45	176.462
0.25	-45	-80.607
0.25	-45	-14.1214
0.25	-45	-170.019
0.25	-45	92.8727
0.25	-45	3.53997
0.25	-45	126.952
0.25	-45	64.6096
0.25	-45	21.5396
0.25	-45	83.2157
0.25	-45	64.2555
0.25	-45	-98.0533
0.25	-45	-54.6005
0.25	-45	44.931
0.25	-45	7.14925
0.25	-45	-79.0578
0.25	-45	-115.77
0.25	-45	-132.716
0.25	-45	-159.319
0.25	-45	174.962
0.25	-45	97.8996
0.25	-45	-79.4797
0.25	-45	-16.3051
0.25	-45	-138.381
0.25	-45	-149.204
0.25	-45	-87.1783
0.25	-45	-18.4021
0.25	-45	-2.56502
0.25	-45	-73.9947
0.25	-45	54.7717
0.25	-45	-114.538
0.25	-45	13.9375
0.25	-45	-64.6505
0.25	-45	-3.33594
0.25	-45	-146.28
0.25	-45	-122.96
0.25	-45	-32.6944
0.25	-45	-67.8919
0.25	-45	-84.425
0.25	-45	141.208
0.25	-45	122.634
0.25	-45	69.3988
0.25	-45	-102.556
0.25	-45	-154.561
0.25	-45	55.0666
0.25	-45	-29.045
0.25	-45	153.146
0.25	-45	29.1525
0.25	-45	165.381
0.25	-45	-28.8275
0.25	-45	51.0177
0.25	-45	-55.6059
0.25	-45	-21.7676
0.25	-45	152.174
0.25	-45	-103.578
0.25	-45	126.909
0.25	-45	36.3447
0.25	-45	-27.9313
0.25	-45	-9.78118
0.25	-45	18.4903
0.25	-45	178.557
0.25	-45	-33.9142
0.25	-45	-86.9841
0.25	-45	-126.315
0.25	-45	-109.616
0.25	-45	58.1143
0.25	-45	107.514
0.25	-45	5.99403
0.25	-45	-7.66804
0.25	-45	166.708
0.25	-45	-145.106
0.25	-45	-12.5491
0.25	-45	-78.8631
0.25	-45	11.0189
0.25	-45	-169.246
0.25	-45	125.281
0.25	-45	19.3294
0.25	-45	169.235
0.25	-45	-72.4105
0.25	-45	126.7
0.25	-45	-121.435
0.25	-45	9.77617
0.25	-45	-86.3851
0.25	-45	159.063
0.25	-45	-110.389
0.25	-45	-151.933
0.25	-45	67.883
0.25	-45	80.2231
0.25	-45	-15.1686
0.25	-45	-171.093
0.25	-45	70.0464
0.25	-45	-75.6231
0.25	-45	90.3985
0.25	-45	130.867
0.25	-45	-31.5728
0.25	-45	-5.61243
0.25	-45	-27.0748
0.25	-45	158.384
0.25	-45	168.124
0.25	-45	92.9165
0.25	-45	135.692
0.25	-45	-60.4864
0.25	-45	-131.965
0.25	-45	113.689
0.25	-45	54.6457
0.25	-45	15.202
0.25	-45	-150.445
0.25	-45	177.889
0.25	-45	-22.0359
0.25	-45	-104.136
0.25	-45	116.152
0.25	-45	147.779
0.25	-45	155.382
0.25	-45	164.852
0.25	-45	146.793
0.25	-45	47.1391
0.25	-45	61.5603
0.25	-45	-13.3641
0.25	-45	103.642
0.25	-45	116.865
0.25	-45	102.618
0.25	-45	-67.8348
0.25	-45	47.5074
0.25	-45	-167.952
0.25	-45	6.7709
0.25	-45	-43.045
0.25	-45	-85.9457
0.25	-45	-142.405
0.25	-45	151.579
0.25	-45	54.9748
0.25	-45	90.1527
0.25	-45	-4.21706
0.25	-45	-18.9003
0.25	-45	-146.964
0.25	-45	-143.906
0.25	-45	8.26226
0.25	-45	-22.4893
0.25	-45	-92.0262
0.25	-45	156.425
0.25	-45	150.656
0.25	-45	-44.0658
0.25	-45	-156.54
0.25	-45	53.8877
0.25	-45	-118.65
0.25	-45	37.8618
0.25	-45	-167.387
0.25	-45	148.167
0.25	-45	-116.888
0.25	-45	-65.4884
0.25	-45	164.548
0.25	-45	-136.028
0.25	-45	-90.2081
0.25	-45	-157.126
0.25	-45	144.444
0.25	-45	5.36781
0.25	-45	66.7656
0.25	-45	-170.828
0.25	-45	-79.3842
0.25	-45	-74.5111
0.25	-45	151.252
0.25	-45	77.2216
0.25	-45	-150.505
0.25	-45	-134.975
0.25	-45	-142.863
0.25	-45	167.592
0.25	-45	22.1654
0.25	-45	-149.847
0.25	-45	-169.789
0.25	-45	-11.8014
0.25	-45	-140.455
0.25	-45	-97.8994
0.25	-45	-76.502
0.25	-45	-131.11
0.25	-45	-73.3028
0.25	-45	97.6681
0.25	-45	-146.816
0.25	-45	49.9251
0.25	-45	-101.078
0.25	-45	-155.878
0.25	-45	-114.682
0.25	-45	-24.0564
0.25	-45	100.471
0.25	-45	-172.863
0.25	-45	78.0379
0.25	-45	-13.6735
0.25	-45	-68.9766
0.25	-45	-21.4667
0.25	-45	71.5174
0.25	-45	39.8046
0.25	-45	75.7162
0.25	-45	-100.817
0.25	-45	-124.977
0.25	-45	-151.81
0.25	-45	-157.009
0.25	-45	83.2762
0.25	-45	163.19
0.25	-45	-5.44367
0.25	-45	81.4539
0.25	-45	167.18
0.25	-45	-134.835
0.25	-45	27.3774
0.25	-45	94.5496
0.25	-45	-137.104
0.25	-45	49.2818
0.25	-45	50.9593
0.25	-45	80.5318
0.25	-45	-174.3
0.25	-45	163.093
0.25	-45	-172.51
0.25	-45	81.6524
0.25	-45	-104.527
0.25	-45	-32.6555
0.25	-45	-6.4016
0.25	-45	118.571
0.25	-45	10.9679
0.25	-45	-106.462
0.25	-45	-21.4817
0.25	-45	125.413
0.25	-45	134.9
0.25	-45	177.808
0.25	-45	74.2349
0.25	-45	18.3101
0.25	-45	-8.92864
0.25	-45	-163.135
0.25	-45	-69.5082
0.25	-45	107.477
0.25	-45	-96.7602
0.25	-45	-57.8168
0.25	-45	57.0528
0.25	-45	33.9858
0.25	-45	-109.221
0.25	-45	-94.6942
0.25	-45	-39.5613
0.25	-45	10.0544
0.25	-45	-96.8469
0.25	-45	106.146
0.25	-45	-119.871
0.25	-45	64.9969
0.25	-45	103.799
0.25	-45	-55.4731
0.25	-45	-66.1533
0.25	-45	92.2022
0.25	-45	-72.7971
0.25	-45	0.234819
0.25	-45	145.901
0.25	-45	125.691
0.25	-45	-11.3017
0.25	-45	-13.5162
0.25	-45	-153.241
0.25	-45	-174.606
0.25	-45	-129.848
0.25	-45	-55.1764
0.25	-45	142.774
0.25	-45	-168.548
0.25	-45	-13.218
0.25	-45	44.014
0.25	-45	-175.427
0.25	-45	79.2742
0.25	-45	71.9809
0.25	-45	75.2479
0.25	-45	101.649
