pol	phi
0.3	118.034
0.3	41.1309
0.3	-21.2441
0.3	-34.419
0.3	-88.8115
0.3	-71.4232
0.3	149.776
0.3	92.1012
0.3	166.732
0.3	109.704
0.3	-139.648
0.3	-107.34
0.3	133.217
0.3	-11.2481
0.3	-26.9895
0.3	-31.3552
0.3	-144.931
0.3	142.748
0.3	9.50419
0.3	-31.8194
0.3	-53.8024
0.3	16.246
0.3	145.437
0.3	-50.5156
0.3	-32.2494
0.3	114.694
0.3	49.1553
0.3	-70.5419
0.3	-95.6819
0.3	156.27
0.3	18.3219
0.3	-170.353
0.3	-66.8136
0.3	114.783
0.3	105.222
0.3	70.8082
0.3	-27.5436
0.3	153.538
0.3	176.968
0.3	-115.946
0.3	-121.545
0.3	-76.1892
0.3	-131.629
0.3	73.6462
0.3	-136.797
0.3	-131.085
0.3	-124.888
0.3	58.9429
0.3	-103.349
0.3	126.595
0.3	117.589
0.3	-28.6449
0.3	73.7433
0.3	119.765
0.3	-56.4087
0.3	-64.7627
0.3	79.193
0.3	169.369
0.3	-138.09
0.3	-51.5208
0.3	73.3306
0.3	-82.7348
0.3	-161.72
0.3	95.9131
0.3	-50.1338
0.3	42.8501
0.3	148.611
0.3	1.65105
0.3	97.4859
0.3	-42.8859
0.3	-53.3727
0.3	98.4273
0.3	-128.103
0.3	10.2619
0.3	-37.61
0.3	117.671
0.3	82.6488
0.3	-152.933
0.3	95.6993
0.3	-23.659
0.3	127.471
0.3	-6.91083
0.3	-147.243
0.3	97.2403
0.3	-105.499
0.3	168.714
0.3	12.9704
0.3	-106.059
0.3	43.3706
0.3	-119.82
0.3	137.172
0.3	-91.8611
0.3	-89.9272
0.3	-102.9
0.3	102.662
0.3	-81.475
0.3	80.2237
0.3	130.904
0.3	169.456
0.3	-118.117
0.3	-43.293
0.3	46.4697
0.3	-124.138
0.3	-49.0289
0.3	-42.705
0.3	-1.74791
0.3	-141.372
0.3	13.7133
0.3	154.875
0.3	-106.791
0.3	84.6493
0.3	148.719
0.3	-26.4937
0.3	166.771
0.3	-60.3645
0.3	-70.6121
0.3	-105.407
0.3	111.36
0.3	104.446
0.3	-161.845
0.3	103.234
0.3	141.899
0.3	-51.3549
0.3	120.333
0.3	50.1038
0.3	47.4277
0.3	-50.9986
0.3	120.208
0.3	15.0262
0.3	141.111
0.3	116.711
0.3	-38.1508
0.3	71.8281
0.3	97.817
0.3	142.628
0.3	-163.763
0.3	66.1189
0.3	4.87209
0.3	151.927
0.3	78.2616
0.3	-150.624
0.3	95.6106
0.3	-19.8006
0.3	-98.4412
0.3	102.534
0.3	-55.173
0.3	-125.588
0.3	-152.187
0.3	-93.7823
0.3	17.1807
0.3	91.6479
0.3	33.6441
0.3	-61.9681
0.3	-55.9281
0.3	-103.994
0.3	122.41
0.3	-5.98665
0.3	-48.7272
0.3	63.7005
0.3	-109.862
0.3	149.134
0.3	-24.0236
0.3	-56.7434
0.3	-85.0685
0.3	-39.8397
0.3	-112.376
0.3	-13.5671
0.3	-66.5189
0.3	61.4944
0.3	-76.9428
0.3	19.1933
0.3	74.9523
0.3	173.474
0.3	-16.8625
0.3	-132.97
0.3	-32.9553
0.3	-84.9201
0.3	-116.742
0.3	120.309
0.3	-105.38
0.3	21.2818
0.3	-29.8958
0.3	-54.9402
0.3	112.433
0.3	107.548
0.3	92.3315
0.3	7.11607
0.3	-3.50153
0.3	-115.256
0.3	7.52512
0.3	70.5347
0.3	178.294
0.3	159.567
0.3	-47.5605
0.3	88.0689
0.3	174.638
0.3	122.694
0.3	-43.0316
0.3	-140.353
0.3	131.681
0.3	154.236
0.3	108.598
0.3	-39.7468
0.3	-95.3985
0.3	25.3748
0.3	-28.4531
0.3	71.1722
0.3	-115.407
0.3	-68.3346
0.3	151.034
0.3	155.854
0.3	170.692
0.3	-91.5507
0.3	150.434
0.3	10.0203
0.3	-65.6105
0.3	25.4637
0.3	-97.5411
0.3	60.0441
0.3	-150.368
0.3	166.485
0.3	-59.9958
0.3	87.8271
0.3	-54.1085
0.3	110.382
0.3	102.442
0.3	110.283
0.3	-116.555
0.3	-109.486
0.3	-97.3353
0.3	151.739
0.3	89.2748
0.3	64.9989
0.3	132.145
0.3	176.519
0.3	123.491
0.3	-94.6288
0.3	53.6349
0.3	-17.3068
0.3	124.247
0.3	-133.966
0.3	-105.409
0.3	-20.6862
0.3	4.25605
0.3	-21.696
0.3	-144.808
0.3	87.2429
0.3	94.8876
0.3	99.0089
0.3	80.3368
0.3	111.578
0.3	-144.119
0.3	54.1971
0.3	90.0345
0.3	-29.0039
0.3	94.334
0.3	175.802
0.3	-2.71088
0.3	142.088
0.3	14.9392
0.3	140.697
0.3	105.663
0.3	-23.3854
0.3	-145.03
0.3	-87.2881
0.3	-27.4722
0.3	-20.9679
0.3	77.0021
0.3	112.067
0.3	-11.4822
0.3	-148.398
0.3	106.436
0.3	-40.8098
0.3	-18.5554
0.3	51.9721
0.3	163.922
0.3	47.1384
0.3	98.9639
0.3	-142.745
0.3	-51.1433
0.3	-40.2137
0.3	-69.74
0.3	118.013
0.3	-178.022
0.3	-55.3549
0.3	-103.85
0.3	94.6057
0.3	-93.063
0.3	110.267
0.3	176.183
0.3	-149.806
0.3	-70.8965
0.3	139.169
0.3	-80.5011
0.3	-6.96591
0.3	-116.177
0.3	-117.446
0.3	-134.516
0.3	-56.25
0.3	147.901
0.3	115.724
0.3	-7.09843
0.3	-84.8913
0.3	-16.3158
0.3	25.4067
0.3	-121.021
0.3	125.835
0.3	161.606
0.3	-36.7054
0.3	-152.466
0.3	-142.981
0.3	-61.0097
0.3	-97.4526
0.3	108.207
0.3	12.7949
0.3	77.0433
0.3	-52.1552
0.3	-116.5
0.3	115.111
0.3	-157.76
0.3	148.01
0.3	-95.7753
0.3	-152.538
0.3	89.4638
0.3	-60.9151
0.3	-49.5364
0.3	106.484
0.3	-29.933
0.3	15.072
0.3	82.2499
0.3	-87.6294
0.3	7.13895
0.3	-136.178
0.3	99.4682
0.3	0.0680823
0.3	122.459
0.3	-18.2763
0.3	152.161
0.3	50.1792
0.3	92.0113
0.3	-92.2365
0.3	-75.2842
0.3	-63.8553
0.3	-16.6885
0.3	69.6191
0.3	-6.99116
0.3	107.191
0.3	166.209
0.3	161.175
0.3	108.888
0.3	107.119
0.3	158.965
0.3	-43.5321
0.3	-31.0919
0.3	-27.3697
0.3	135.336
0.3	-105.691
0.3	-25.52
0.3	171.207
0.3	-163.54
0.3	119.795
0.3	-171.401
0.3	169.835
0.3	-9.93049
0.3	0.697889
0.3	29.7614
0.3	73.0299
0.3	105.992
0.3	100.084
0.3	-23.7212
0.3	13.0197
0.3	134.14
0.3	179.294
0.3	-4.72635
0.3	34.0794
0.3	-117.164
0.3	14.0209
0.3	78.0518
0.3	-46.6403
0.3	-103.759
0.3	-129.206
0.3	-144.837
0.3	67.3276
0.3	172.792
0.3	43.2759
0.3	-59.3477
0.3	-145.839
0.3	112.055
0.3	-120.218
0.3	80.9473
0.3	80.6302
0.3	-135.146
0.3	84.3372
0.3	36.8277
0.3	81.7556
0.3	166.297
0.3	-119.601
0.3	-120.955
0.3	-47.3797
0.3	132.275
0.3	-102.231
0.3	-158.91
0.3	125.428
0.3	-38.1071
0.3	150.436
0.3	15.484
0.3	118.723
0.3	-170.807
0.3	-41.5422
0.3	171.841
0.3	95.4276
0.3	-156.234
0.3	-2.57757
0.3	38.658
0.3	-136.058
0.3	-25.004
0.3	39.1578
0.3	-55.8967
0.3	148.107
0.3	-96.1964
0.3	151.193
0.3	177.179
0.3	-29.5972
0.3	-7.4649
0.3	96.8493
0.3	-117.799
0.3	39.6873
0.3	179.004
0.3	115.597
0.3	-96.5188
0.3	-170.186
0.3	-159.934
0.3	-154.247
0.3	-67.5242
0.3	57.2012
0.3	129.154
0.3	169.173
0.3	-94.721
0.3	-115.34
0.3	-85.0428
0.3	-5.94228
0.3	43.9437
0.3	173.802
0.3	-108.64
0.3	-142.541
0.3	-108.442
0.3	173.272
0.3	22.5367
0.3	110.06
0.3	133.684
0.3	-128.999
0.3	42.9784
0.3	146.373
0.3	-177.44
0.3	-174.066
0.3	159.927
0.3	-64.3285
0.3	131.417
0.3	-107.878
0.3	-149.474
0.3	47.9714
0.3	-29.6981
0.3	126.498
0.3	-121.405
0.3	133.788
0.3	-17.8861
0.3	76.7316
0.3	62.8409
0.3	142.943
0.3	-150.256
0.3	128.54
0.3	-34.8733
0.3	22.3861
0.3	115.208
0.3	138.515
0.3	125.716
0.3	-159.677
0.3	-45.0216
0.3	-68.5012
0.3	53.8243
0.3	91.7427
0.3	5.77788
0.3	115.24
0.3	90.2157
0.3	-106.932
0.3	55.1364
0.3	100.185
0.3	112.114
0.3	-57.5718
0.3	-124.884
0.3	-149.87
0.3	-101.402
0.3	137.149
0.3	19.9729
0.3	-106.24
0.3	126.879
0.3	133.589
0.3	-163.149
0.3	85.308
0.3	-72.5248
0.3	108.617
0.3	95.2008
0.3	-89.3411
0.3	59.2658
0.3	-33.635
0.3	55.9385
0.3	106.954
0.3	-34.39
0.3	129.632
0.3	92.4082
0.3	-151.935
0.3	-50.4975
0.3	52.8837
0.3	173.964
0.3	-84.526
0.3	35.1793
0.3	-10.9583
0.3	130.046
0.3	-94.615
0.3	-105.565
0.3	-36.4474
0.3	-91.4748
0.3	-3.64105
0.3	-30.3687
0.3	61.7557
0.3	139.744
0.3	51.729
0.3	-42.2928
0.3	-179.323
0.3	-25.8222
0.3	-34.949
0.3	-24.9506
0.3	-177.852
0.3	73.4849
0.3	95.9272
0.3	36.34
0.3	-167.855
0.3	90.3414
0.3	120.824
0.3	127.236
0.3	-51.1886
0.3	-150.617
0.3	38.1733
0.3	58.2788
0.3	19.1714
0.3	-46.5705
0.3	-38.174
0.3	58.7416
0.3	-13.8127
0.3	-105.631
0.3	76.4123
0.3	-130.364
0.3	-90.9462
0.3	-163.91
0.3	151.087
0.3	162.308
0.3	153.12
0.3	92.6628
0.3	179.745
0.3	115.708
0.3	6.72098
0.3	92.9281
0.3	-118.051
0.3	167.394
0.3	-76.4012
0.3	101.807
0.3	105.378
0.3	4.00607
0.3	-93.4135
0.3	124.036
0.3	159.692
0.3	18.5829
0.3	-98.1334
0.3	17.1323
0.3	-1.86005
0.3	22.3564
0.3	-99.6605
0.3	-126.333
0.3	-161.735
0.3	-91.0224
0.3	147.884
0.3	120.794
0.3	-120.191
0.3	96.2979
0.3	-95.9613
0.3	-157.014
0.3	-130.502
0.3	51.6904
0.3	-22.6245
0.3	100.879
0.3	56.1619
0.3	78.9747
0.3	119.298
0.3	173.794
0.3	57.2014
0.3	145.137
0.3	-56.8853
0.3	-53.7849
0.3	11.205
0.3	-99.4744
0.3	60.1112
0.3	52.1965
0.3	134.949
0.3	147.315
0.3	95.5957
0.3	124.099
0.3	-55.8088
0.3	135.233
0.3	55.5286
0.3	-118.632
0.3	-56.7059
0.3	-46.2346
0.3	-78.0271
0.3	-153.929
0.3	64.6041
0.3	-1.38078
0.3	101.849
0.3	-135.336
0.3	-64.9516
0.3	-12.0419
0.3	-72.238
0.3	-130.152
0.3	99.6529
0.3	134.545
0.3	153.083
0.3	68.5342
0.3	-155.084
0.3	153.236
0.3	151.984
0.3	-62.1037
0.3	53.7346
0.3	-40.9566
0.3	-32.1129
0.3	-90.5292
0.3	-81.8545
0.3	-83.5106
0.3	-54.6762
0.3	-141.339
0.3	-5.76626
0.3	134.04
0.3	-59.1315
0.3	-146.583
0.3	-8.94911
0.3	171.668
0.3	90.274
0.3	105.04
0.3	-95.5902
0.3	-42.2257
0.3	-30.2626
0.3	179.168
0.3	122.145
0.3	-163.665
0.3	-101.687
0.3	110.824
0.3	-69.9276
0.3	-19.224
0.3	88.9349
0.3	11.7428
0.3	-10.0733
0.3	169.707
0.3	-14.9259
0.3	-172.841
0.3	167.31
0.3	144.7
0.3	-178.046
0.3	-107.612
0.3	-166.612
0.3	109.842
0.3	-151.323
0.3	70.3864
0.3	-30.8628
0.3	-56.3835
0.3	-85.9434
0.3	-174.058
0.3	38.1681
0.3	5.24958
0.3	152.782
0.3	-160.182
0.3	155.967
0.3	173.954
0.3	-117.399
0.3	-39.6381
0.3	43.4259
0.3	14.648
0.3	29.0052
0.3	52.0593
0.3	148.466
0.3	-78.4017
0.3	159.69
0.3	-8.41153
0.3	164.875
0.3	-172.063
0.3	139.939
0.3	40.8283
0.3	-133.497
0.3	168.061
0.3	160.943
0.3	-147.721
0.3	-129.005
0.3	0.903655
0.3	43.2475
0.3	172.335
0.3	-18.5333
0.3	80.2364
0.3	10.4905
0.3	-179.401
0.3	44.1074
0.3	-139.859
0.3	-93.1308
0.3	-64.7615
0.3	89.3645
0.3	17.1705
0.3	175.788
0.3	170.266
0.3	125.929
0.3	-173.882
0.3	83.6195
0.3	-45.9937
0.3	-155.506
0.3	-28.199
0.3	66.935
0.3	-179.501
0.3	163.524
0.3	26.5282
0.3	75.1146
0.3	71.6212
0.3	-77.7297
0.3	-59.0996
0.3	48.4878
0.3	4.29362
0.3	104.594
0.3	27.0258
0.3	30.9202
0.3	-8.61918
0.3	57.7208
0.3	170.257
0.3	96.0519
0.3	91.3305
0.3	49.5923
0.3	-6.19797
0.3	39.5048
0.3	1.27194
0.3	-144.257
0.3	160.546
0.3	-90.1592
0.3	-89.7636
0.3	121.778
0.3	-176.909
0.3	168.902
0.3	-57.2588
0.3	-126.037
0.3	162.385
0.3	149.97
0.3	1.7555
0.3	105.727
0.3	45.158
0.3	-108.809
0.3	-43.6232
0.3	179.643
0.3	75.3775
0.3	69.0859
0.3	-105.555
0.3	155.623
0.3	-50.6821
0.3	-50.6871
0.3	-101.282
0.3	37.1121
0.3	-146.974
0.3	34.4669
0.3	142.235
0.3	-52.4544
0.3	178.192
0.3	30.2345
0.3	53.8413
0.3	161.353
0.3	94.8204
0.3	52.5675
0.3	49.963
0.3	-88.6061
0.3	-137.489
0.3	-36.799
0.3	33.2203
0.3	-88.2619
0.3	31.7971
0.3	109.754
0.3	15.3258
0.3	11.2165
0.3	115.007
0.3	170.201
0.3	153.337
0.3	113.719
0.3	112.921
0.3	-96.578
0.3	-76.2408
0.3	38.8285
0.3	2.88542
0.3	-147.609
0.3	161.194
0.3	-92.6555
0.3	-54.6621
0.3	-128.098
0.3	-46.2509
0.3	-98.4365
0.3	-42.0091
0.3	124.412
0.3	179.437
0.3	-141.484
0.3	23.829
0.3	103.788
0.3	-147.714
0.3	148.862
0.3	-1.44836
0.3	-108.729
0.3	-50.2243
0.3	-175.613
0.3	-21.3799
0.3	97.1958
0.3	61.4495
0.3	172.673
0.3	-124.43
0.3	-60.6433
0.3	118.976
0.3	-75.7975
0.3	15.867
0.3	118.717
0.3	-56.0821
0.3	-128.852
0.3	-148.002
0.3	-16.0446
0.3	-17.3355
0.3	-148.896
0.3	21.374
0.3	-60.9356
0.3	-147.798
0.3	-138.124
0.3	147.902
0.3	60.4493
0.3	109.394
0.3	104.979
0.3	47.1233
0.3	-86.8995
0.3	0.313334
0.3	44.6566
0.3	-60.6657
0.3	48.871
0.3	-165.173
0.3	-125.19
0.3	-156.982
0.3	119.603
0.3	-130.258
0.3	-140.012
0.3	127.647
0.3	-28.3178
0.3	1.59184
0.3	2.36667
0.3	-172.46
0.3	134.309
0.3	-147.176
0.3	-8.15217
0.3	104.255
0.3	-146.781
0.3	-46.9603
0.3	125.2
0.3	-144.864
0.3	-52.4912
0.3	-38.805
0.3	-107.706
0.3	-129.258
0.3	47.1323
0.3	141.194
0.3	110.29
0.3	-54.7159
0.3	107.875
0.3	-119.4
0.3	-176.852
0.3	-65.2001
0.3	-160.555
0.3	31.111
0.3	-19.0113
0.3	-15.3534
0.3	-40.6387
0.3	91.6334
0.3	170.3
0.3	-49.0526
0.3	167.789
0.3	-16.1468
0.3	102.504
0.3	117.005
0.3	171.93
0.3	51.119
0.3	-42.4066
0.3	-171.305
0.3	9.57379
0.3	148.04
0.3	-153.574
0.3	138.069
0.3	-79.2269
0.3	139.23
0.3	-81.5221
0.3	145.916
0.3	11.7666
0.3	-34.8524
0.3	-30.8623
0.3	163.165
0.3	-70.1034
0.3	135.209
0.3	-36.5434
0.3	70.407
0.3	-165.693
0.3	45.8758
0.3	-6.36114
0.3	-81.8686
0.3	117.747
0.3	113.839
0.3	75.47
0.3	60.2842
0.3	50.9808
0.3	-146.503
0.3	-50.4528
0.3	-39.8977
0.3	-63.0831
0.3	-104.799
0.3	-3.06228
0.3	-95.5145
0.3	123.318
0.3	-125.348
0.3	1.27004
0.3	35.2538
0.3	-99.6628
0.3	71.6732
0.3	153.463
0.3	6.9001
0.3	-11.2225
0.3	157.539
0.3	-152.473
0.3	-158.218
0.3	86.925
0.3	-111.265
0.3	80.471
0.3	159.255
0.3	-177.559
0.3	74.6224
0.3	78.4138
0.3	162.374
0.3	24.3961
0.3	-66.2031
0.3	-10.0729
0.3	119.009
0.3	-84.8443
0.3	-85.0109
0.3	-178.517
0.3	62.9399
0.3	-74.8929
0.3	178.467
0.3	39.3917
0.3	-124.031
0.3	-42.86
0.3	43.3904
0.3	-85.9046
0.3	105.213
0.3	-106.695
0.3	-134.126
0.3	-109.358
0.3	111.166
0.3	-98.1436
0.3	45.4049
0.3	71.0719
0.3	55.5857
0.3	-118.856
0.3	-151.665
0.3	-124.173
0.3	-174.485
0.3	76.4452
0.3	103.736
0.3	174.753
0.3	-163.17
0.3	-144.152
0.3	1.9092
0.3	-82.1332
0.3	103.141
0.3	2.09394
0.3	-23.6167
0.3	118.395
0.3	27.1211
0.3	4.44577
0.3	106.349
0.3	72.6924
0.3	-54.017
0.3	-169.72
0.3	-59.2122
0.3	148.113
0.3	-151.244
0.3	-89.388
0.3	-74.6998
0.3	42.6882
0.3	33.5182
0.3	45.3115
0.3	-132.109
0.3	-157.516
0.3	-160.193
0.3	-172.888
0.3	161.959
0.3	120.629
0.3	140.004
0.3	13.8634
0.3	-24.9628
0.3	102.03
0.3	74.5826
0.3	139.919
0.3	162.416
0.3	147.436
0.3	-31.8117
0.3	-95.7612
0.3	48.9067
0.3	24.1401
0.3	-130.527
0.3	-110.359
0.3	-87.6979
0.3	-142.632
0.3	140.702
0.3	144.354
0.3	106.753
0.3	-148.282
0.3	-14.1532
0.3	131.884
0.3	-157.498
0.3	136.609
0.3	139.644
0.3	-110.858
0.3	-0.154367
0.3	136.253
0.3	-155.04
0.3	-54.1528
0.3	-159.396
0.3	25.808
0.3	143.943
0.3	5.80896
0.3	-60.6832
0.3	152.467
0.3	-91.7105
0.3	176.817
0.3	-53.1369
0.3	138.283
0.3	-116.274
0.3	-49.189
0.3	106.612
0.3	54.2138
0.3	-0.553403
0.3	119.908
0.3	76.8452
0.3	93.7489
0.3	-54.1327
0.3	-95.0682
0.3	-18.9673
0.3	88.9572
0.3	-174.278
0.3	112.763
0.3	-116.004
0.3	-73.7252
0.3	112.587
0.3	137.403
0.3	-78.9079
0.3	-83.5086
0.3	78.5374
0.3	-86.2277
0.3	165.002
0.3	-3.03069
0.3	84.7876
0.3	12.5455
0.3	130.658
0.3	-174.904
0.3	-110.264
0.3	-151.883
0.3	159.105
0.3	178.055
0.3	103.913
0.3	27.433
0.3	-50.9049
0.3	81.8394
0.3	-124.45
0.3	74.1564
0.3	125.57
0.3	67.2486
0.3	22.0678
0.3	-2.68166
0.3	-19.747
0.3	-44.4694
0.3	-170.034
0.3	-38.9655
0.3	163.28
0.3	12.5989
0.3	-36.263
0.3	-16.7913
0.3	-34.6547
0.3	61.1779
0.3	-113.884
0.3	101.142
0.3	11.6968
0.3	92.4119
0.3	119.977
0.3	-64.8657
0.3	124.752
0.3	-94.065
0.3	-75.409
0.3	69.734
0.3	24.0312
0.3	-66.0465
0.3	-179.092
0.3	-166.486
0.3	-173.211
0.3	3.2501
0.3	-150.343
0.3	-59.3723
0.3	-4.64255
0.3	87.3482
0.3	13.2293
0.3	-107.982
0.3	-71.2438
0.3	69.1194
0.3	-152.739
0.3	-14.1319
0.3	-105.858
0.3	177.83
0.3	72.0224
0.3	-16.4756
0.3	-118.795
0.3	-78.1034
0.3	-116.233
0.3	-6.30617
0.3	-85.8841
0.3	-79.6554
0.3	-71.6894
0.3	-113.796
0.3	-5.37016
0.3	-83.528
0.3	-160.322
0.3	102.642
0.3	166.468
0.3	90.808
0.3	-96.5244
0.3	-44.7474
0.3	-115.487
0.3	-88.1651
0.3	101.896
0.3	132.122
0.3	-38.6182
0.3	-81.283
0.3	-85.4056
0.3	170.179
0.3	74.8169
0.3	60.7446
0.3	166.38
0.3	85.159
0.3	157.676
0.3	172.099
0.3	155.11
0.3	80.253
0.3	65.1695
0.3	-22.0746
0.3	-23.3732
0.3	25.5302
0.3	-168.112
0.3	62.8216
0.3	176.867
0.3	-92.6741
0.3	-9.71749
0.3	126.878
0.3	37.3641
0.3	-142.897
0.3	1.90794
0.3	152.619
0.3	-169.499
0.3	-133.206
0.3	-99.3545
0.3	58.8626
0.3	-143.519
0.3	-62.319
0.3	95.8953
0.3	167
0.3	-65.8636
0.3	-96.5145
0.3	95.2143
0.3	-132.99
0.3	-56.2131
0.3	166.094
0.3	109.597
0.3	-83.1174
0.3	148.812
0.3	116.561
0.3	73.5828
0.3	137.891
0.3	-115.281
0.3	108.685
0.3	-71.3526
0.3	46.0597
0.3	77.5209
0.3	153.195
0.3	-144.02
0.3	-90.4388
0.3	-32.6631
0.3	-24.5118
0.3	-53.0421
0.3	79.9064
0.3	145.808
0.3	52.3438
0.3	-98.9757
0.3	-127.224
0.3	12.5935
0.3	155.651
0.3	13.3299
0.3	-109.609
0.3	53.4249
0.3	-29.5993
0.3	-1.8404
0.3	131.188
0.3	-27.7628
0.3	129.349
0.3	-75.3949
0.3	-175.778
0.3	-70.3079
0.3	-29.8587
0.3	-26.4501
0.3	155.865
0.3	-23.952
0.3	117.778
0.3	-49.0261
0.3	-122.489
0.3	174.701
0.3	146.484
0.3	31.3743
0.3	50.7832
0.3	50.2059
0.3	50.1894
0.3	55.5917
0.3	-73.9377
0.3	94.1177
0.3	-43.3407
0.3	-53.1482
0.3	-39.2198
0.3	-103.854
0.3	-148.413
0.3	-22.8013
0.3	8.0043
0.3	-36.4556
0.3	153.252
0.3	-6.1969
0.3	-119.282
0.3	137.461
0.3	-4.84078
0.3	169.131
0.3	-174.683
0.3	33.7612
0.3	18.8085
0.3	63.4908
0.3	-39.2553
0.3	62.0031
0.3	161.861
0.3	87.968
0.3	-163.308
0.3	-178.281
0.3	123.922
0.3	-76.3195
0.3	-165.445
0.3	-74.3854
0.3	-113.42
0.3	-104.548
0.3	-132.635
0.3	12.2052
0.3	47.742
0.3	-144.535
0.3	125.837
0.3	2.97947
0.3	159.615
0.3	-4.948
0.3	116.836
0.3	31.962
0.3	112.478
0.3	-27.5906
0.3	-51.4913
0.3	42.5484
0.3	116.682
0.3	136.347
0.3	-166.95
0.3	-91.5602
0.3	44.1835
0.3	1.13936
0.3	89.4866
0.3	-162.358
0.3	-90.8871
0.3	96.3186
0.3	-128.805
0.3	-62.5031
0.3	-151.012
0.3	50.8677
0.3	-111.924
0.3	104.99
0.3	-9.3479
0.3	-50.7633
0.3	132.867
0.3	30.2897
0.3	-55.1465
0.3	-47.3652
0.3	3.68937
0.3	-34.5222
0.3	-88.9302
0.3	13.4751
0.3	14.423
0.3	-91.9076
0.3	-170.59
0.3	25.4436
0.3	-107.457
0.3	-21.9016
0.3	-5.33914
0.3	56.2242
0.3	130.814
0.3	33.5992
0.3	100.006
0.3	154.276
0.3	-41.7382
0.3	-117.897
0.3	-102.058
0.3	139.823
0.3	148.649
0.3	-60.5519
0.3	74.0074
0.3	178.114
0.3	-99.3348
0.3	154.018
0.3	14.1144
0.3	96.5729
0.3	122.956
0.3	-14.3535
0.3	127.684
0.3	-22.1417
0.3	82.0956
0.3	-19.5803
0.3	140.089
0.3	-166.722
0.3	49.4429
0.3	-136.483
0.3	-155.164
0.3	-178.741
0.3	-40.3229
0.3	123.473
0.3	66.7127
0.3	133.106
0.3	6.98738
0.3	62.8941
0.3	38.2185
0.3	-45.2755
0.3	146.135
0.3	-116.51
0.3	75.1015
0.3	133.443
0.3	18.0888
0.3	153.819
0.3	84.5585
0.3	-137.798
0.3	41.253
0.3	-91.2413
0.3	-161.123
0.3	-175.094
0.3	-33.4081
0.3	27.7956
0.3	52.2592
0.3	-91.3945
0.3	166.304
0.3	116.141
0.3	117.128
0.3	-93.3533
0.3	-63.7693
0.3	-131.563
0.3	72.6895
0.3	132.929
0.3	150.197
0.3	-178.012
0.3	153.282
0.3	165.095
0.3	-140.463
0.3	4.79117
0.3	99.0499
0.3	-95.3269
0.3	140.19
0.3	8.66783
0.3	-57.1942
0.3	136.867
0.3	-17.9855
0.3	-28.1575
0.3	37.9695
0.3	-82.0084
0.3	29.2327
0.3	1.3189
0.3	-65.3116
0.3	-137.717
0.3	154.137
0.3	-73.0788
0.3	42.4262
0.3	-31.1603
0.3	-152.697
0.3	65.13
0.3	102.662
0.3	-70.816
0.3	39.3329
0.3	-23.9366
0.3	-48.7138
0.3	-11.3166
0.3	-90.3008
0.3	143.558
0.3	140.061
0.3	137.604
0.3	75.0618
0.3	-11.1761
0.3	-133.036
0.3	61.1575
0.3	5.38912
0.3	112.431
0.3	133.729
0.3	-75.6447
0.3	144.643
0.3	-53.6825
0.3	-62.8216
0.3	-46.0443
0.3	118.772
0.3	-46.4047
0.3	-52.8357
0.3	120.974
0.3	133.758
0.3	146.845
0.3	-63.9418
0.3	-107.88
0.3	-120.086
0.3	-25.8404
0.3	-126.031
0.3	-174.736
0.3	-52.7189
0.3	-9.67869
0.3	77.0503
0.3	30.0587
0.3	37.9883
0.3	163.724
0.3	162.26
0.3	30.1692
0.3	-49.8198
0.3	81.4141
0.3	109.312
0.3	-5.62452
0.3	-120.761
0.3	31.0883
0.3	107.88
0.3	120.484
0.3	-162.467
0.3	76.6781
0.3	5.27711
0.3	132.256
0.3	179.547
0.3	24.9334
0.3	-143.788
0.3	30.241
0.3	126.396
0.3	-68.0441
0.3	-7.19184
0.3	131.072
0.3	-92.9266
0.3	-119.227
0.3	114.283
0.3	-84.1841
0.3	24.9499
0.3	-164.197
0.3	-23.3583
0.3	173.798
0.3	-141.218
0.3	98.8991
0.3	119.079
0.3	141.671
0.3	118.259
0.3	-33.1733
0.3	176.339
0.3	-66.135
0.3	170.376
0.3	-65.5512
0.3	-47.4523
0.3	-95.189
0.3	76.0474
0.3	-125.998
0.3	-64.4783
0.3	65.2356
0.3	-112.681
0.3	-31.8672
0.3	-106.034
0.3	75.8786
0.3	-139.496
0.3	1.17157
0.3	155.803
0.3	85.9837
0.3	-24.0613
0.3	-10.9227
0.3	-117.383
0.3	64.9552
0.3	-171.139
0.3	139.697
0.3	165.877
0.3	168.17
0.3	111.822
0.3	-42.6962
0.3	-142.661
0.3	36.8685
0.3	-84.4864
0.3	-162.711
0.3	159.636
0.3	160.287
0.3	-99.9763
0.3	-156.994
0.3	-179.985
0.3	-159.138
0.3	-65.437
0.3	-104.344
0.3	-99.7508
0.3	-91.1663
0.3	-19.1269
0.3	29.2441
0.3	-104.79
0.3	-128.022
0.3	21.0118
0.3	32.3289
0.3	-63.2563
0.3	25.5158
0.3	150.799
0.3	176.247
0.3	57.9346
0.3	167.287
0.3	8.93566
0.3	-90.1818
0.3	20.9338
0.3	-82.8074
0.3	-146.432
0.3	-35.9544
0.3	120.372
0.3	164.793
0.3	-96.6704
0.3	-142.814
0.3	100.444
0.3	-4.97864
0.3	-133.104
0.3	65.5384
0.3	126.604
0.3	-105.605
0.3	71.8461
0.3	-67.859
0.3	-53.4431
0.3	158.834
0.3	27.0998
0.3	-46.2975
0.3	-50.9721
0.3	162.402
0.3	-33.6293
0.3	30.3109
0.3	-61.1389
0.3	-35.5643
0.3	61.994
0.3	-77.7884
0.3	102.569
0.3	-77.4986
0.3	128.744
0.3	-64.5457
0.3	-85.7355
0.3	167.178
0.3	-11.2789
0.3	-30.5142
0.3	-49.7615
0.3	-115.308
0.3	99.8779
0.3	-97.6344
0.3	42.1136
0.3	18.5648
0.3	-104.606
0.3	-135.663
0.3	-42.4543
0.3	-25.8783
0.3	-4.73328
0.3	116.744
0.3	87.702
0.3	36.743
0.3	-148.552
0.3	-89.4898
0.3	37.22
0.3	-128.366
0.3	-174.554
0.3	-91.1679
0.3	136.726
0.3	166.786
0.3	-81.4642
0.3	-17.2316
0.3	-31.9899
0.3	-137.626
0.3	-31.2804
0.3	89.8665
0.3	77.8635
0.3	57.2461
0.3	-134.95
0.3	-63.4227
0.3	-12.0655
0.3	-0.196134
0.3	-136.144
0.3	179.986
0.3	117.06
0.3	-43.4924
0.3	90.4044
0.3	129.338
0.3	14.9106
0.3	12.3712
0.3	13.5809
0.3	93.3781
0.3	173.345
0.3	162.439
0.3	-92.9509
0.3	-9.53642
0.3	133.438
0.3	168.182
0.3	4.3517
0.3	156.224
0.3	59.6598
0.3	-127.757
0.3	-111.293
0.3	-53.6513
0.3	-54.8553
0.3	11.6116
0.3	152.872
0.3	4.34993
0.3	126.886
0.3	162.109
0.3	60.0676
0.3	-44.1149
0.3	37.6719
0.3	36.2291
0.3	5.03698
0.3	-112.24
0.3	-154.829
0.3	-155.277
0.3	-100.334
0.3	129.757
0.3	-4.62974
0.3	62.368
0.3	67.6558
0.3	-46.7471
0.3	-59.717
0.3	-5.34267
0.3	79.4533
0.3	99.5907
0.3	124.339
0.3	146.859
0.3	-20.778
0.3	151.743
0.3	9.18649
0.3	-155.557
0.3	-99.2296
0.3	-73.204
0.3	130.024
0.3	-28.93
0.3	-131.097
0.3	45.8758
0.3	61.5094
0.3	-160.238
0.3	-166.244
0.3	-110.971
0.3	88.5637
0.3	169.229
0.3	-19.9238
0.3	103.418
0.3	77.6013
0.3	121.426
0.3	-158.833
0.3	-53.6694
0.3	126.121
0.3	162.638
0.3	-72.5397
0.3	-46.7525
0.3	-23.8128
0.3	120.184
0.3	127.479
0.3	53.7487
0.3	74.1221
0.3	142.505
0.3	-130.696
0.3	72.1461
0.3	107.564
0.3	-176.248
0.3	-21.3972
0.3	157.918
0.3	88.063
0.3	35.7172
0.3	83.862
0.3	-163.832
0.3	-56.926
0.3	169.376
0.3	33.6526
0.3	156.508
0.3	150.292
0.3	-100.083
0.3	-19.34
0.3	-67.0214
0.3	154.142
0.3	-79.7969
0.3	-107.643
0.3	164.41
0.3	-111.626
0.3	-55.2717
0.3	142.946
0.3	74.7464
0.3	-88.1567
0.3	-28.9634
0.3	65.4709
0.3	129.939
0.3	-74.868
0.3	-113.343
0.3	34.5511
0.3	159.892
0.3	-170.748
0.3	-136.094
0.3	-77.2496
0.3	-150.362
0.3	-81.3632
0.3	-145.629
0.3	169.357
0.3	13.8306
0.3	147.439
0.3	-141.979
0.3	116.613
0.3	-1.53666
0.3	149.318
0.3	134.633
0.3	131.211
0.3	-92.9344
0.3	10.7094
0.3	24.7982
0.3	42.9726
0.3	63.8233
0.3	18.3425
0.3	176.451
0.3	89.4443
0.3	-28.3236
0.3	24.3871
0.3	76.5316
0.3	149.58
0.3	166.278
0.3	-94.3963
0.3	-14.0367
0.3	160.945
0.3	87.6666
0.3	-97.4648
0.3	60.7688
0.3	-18.2147
0.3	72.7873
0.3	148.995
0.3	-59.9574
0.3	-9.61254
0.3	-33.2194
0.3	58.6217
0.3	172.589
0.3	140.894
0.3	120.528
0.3	108.315
0.3	118.317
0.3	-45.0686
0.3	-35.9129
0.3	-26.0252
0.3	-98.3663
0.3	-77.5065
0.3	122.779
0.3	49.3896
0.3	-171.631
0.3	-79.5688
0.3	39.8441
0.3	-40.8767
0.3	-1.62125
0.3	-127.494
0.3	-128.944
0.3	22.8749
0.3	-102.609
0.3	128.072
0.3	-103.476
0.3	-63.3827
0.3	150.235
0.3	12.7499
0.3	-26.4991
0.3	-99.6992
0.3	-52.2728
0.3	16.977
0.3	82.6287
0.3	-12.7561
0.3	-68.0119
0.3	65.5246
0.3	146.639
0.3	63.2708
0.3	-123.34
0.3	-89.7019
0.3	89.121
0.3	151.927
0.3	-42.8101
0.3	81.6095
0.3	-68.9308
0.3	139.642
0.3	-2.53961
0.3	-121.971
0.3	-90.6754
0.3	83.8853
0.3	36.4145
0.3	97.5662
0.3	-94.9275
0.3	111.15
0.3	-52.1576
0.3	167.388
0.3	-66.5837
0.3	-87.3531
0.3	158.064
0.3	128.541
0.3	46.1771
0.3	118.825
0.3	-72.7858
0.3	76.7262
0.3	-166.468
0.3	158.897
0.3	-126.703
0.3	-128.314
0.3	114.232
0.3	-13.7198
0.3	-176.053
0.3	161.152
0.3	94.193
0.3	-168.573
0.3	-95.4456
0.3	6.12501
0.3	160.686
0.3	-147.9
0.3	142.745
0.3	116.394
0.3	-4.18352
0.3	66.7515
0.3	-51.7047
0.3	115.29
0.3	-28.5388
0.3	14.4222
0.3	103.694
0.3	-81.7252
0.3	85.2542
0.3	23.5765
0.3	43.6483
0.3	12.6365
0.3	88.7192
0.3	117.439
0.3	-92.8047
0.3	128.191
0.3	67.1832
0.3	33.8414
0.3	139.335
0.3	102.709
0.3	14.2954
0.3	-99.2651
0.3	49.6044
0.3	-19.7785
0.3	-34.2276
0.3	-19.872
0.3	-58.7913
0.3	-74.5295
0.3	-91.8011
0.3	11.1537
0.3	-62.6551
0.3	-113.712
0.3	124.869
0.3	-59.5022
0.3	-13.0616
0.3	8.53841
0.3	135.314
0.3	99.4377
0.3	167.606
0.3	36.3587
0.3	24.6002
0.3	-161.994
0.3	171.508
0.3	-166.084
0.3	39.3225
0.3	85.2425
0.3	-48.3081
0.3	-129.289
0.3	166.093
0.3	-105.547
0.3	-94.2828
0.3	-111.233
0.3	120.912
0.3	-143.261
0.3	-70.9863
0.3	-45.6117
0.3	36.8752
0.3	0.152098
0.3	134.987
0.3	-2.46694
0.3	42.0587
0.3	-115.832
0.3	-149.462
0.3	41.7843
0.3	50.0178
0.3	-74.9644
0.3	-46.1829
0.3	-105.106
0.3	14.3334
0.3	-142.959
0.3	172.241
0.3	156.68
0.3	-145.807
0.3	-35.8868
0.3	118.035
0.3	-130.499
0.3	-68.8947
0.3	-118.039
0.3	-95.3455
0.3	112.53
0.3	53.9034
0.3	-133.111
0.3	-113.542
0.3	-154.196
0.3	-22.1734
0.3	122.504
0.3	64.3165
0.3	120.232
0.3	13.52
0.3	-11.7024
0.3	-106.015
0.3	-174.866
0.3	90.8822
0.3	45.6961
0.3	139.616
0.3	-127.436
0.3	-6.56673
0.3	10.4028
0.3	3.26105
0.3	59.3956
0.3	173.547
0.3	-174.453
0.3	2.36779
0.3	-38.6356
0.3	67.5627
0.3	88.9802
0.3	-68.4541
0.3	-70.028
0.3	-10.2487
0.3	101.244
0.3	34.2988
0.3	134.002
0.3	-66.2464
0.3	120.894
0.3	72.2381
0.3	32.7111
0.3	93.1519
0.3	-162.553
0.3	-150.219
0.3	-146.187
0.3	67.1305
0.3	44.8723
0.3	-33.0916
0.3	-74.7534
0.3	-127.003
0.3	156.866
0.3	22.963
0.3	-92.7519
0.3	-12.0202
0.3	-107.794
0.3	156.077
0.3	158.17
0.3	-87.1762
0.3	-7.0864
0.3	109.934
0.3	113.479
0.3	129.685
0.3	150.008
0.3	92.9956
0.3	-58.524
0.3	6.31262
0.3	179.329
0.3	-64.48
0.3	177.268
0.3	96.2207
0.3	-44.2086
0.3	126.97
0.3	-40.8237
0.3	117.41
0.3	114.582
0.3	-67.4346
0.3	137.449
0.3	44.162
0.3	150.264
0.3	89.6125
0.3	-121.766
0.3	-54.7545
0.3	-44.6071
0.3	104.278
0.3	-178.666
0.3	-31.6235
0.3	-177.026
0.3	35.6206
0.3	130.163
0.3	85.3583
0.25	123.617
0.25	142.134
0.25	-83.3135
0.25	-5.16663
0.25	-138.063
0.25	-160.763
0.25	86.017
0.25	-88.2223
0.25	-85.1651
0.25	-179.307
0.25	166.678
0.25	138.338
0.25	-3.16713
0.25	71.9142
0.25	-57.2572
0.25	148.09
0.25	-119.778
0.25	-150.322
0.25	-119.688
0.25	69.1762
0.25	118.535
0.25	-10.1548
0.25	156.578
0.25	115.611
0.25	36.6387
0.25	36.8232
0.25	154.605
0.25	-158.835
0.25	83.3692
0.25	148.562
0.25	139.121
0.25	-121.693
0.25	-42.0222
0.25	-65.4029
0.25	152.213
0.25	-152.949
0.25	5.48044
0.25	137.253
0.25	159.012
0.25	-19.1318
0.25	81.1562
0.25	-13.8276
0.25	-11.2333
0.25	-42.7236
0.25	-82.682
0.25	-67.8909
0.25	-35.4214
0.25	-127.909
0.25	-71.3767
0.25	57.3392
0.25	-143.1
0.25	68.1528
0.25	109.565
0.25	70.2302
0.25	45.6309
0.25	161.206
0.25	-41.2176
0.25	-69.0596
0.25	-11.4338
0.25	105.51
0.25	-156.251
0.25	104.413
0.25	90.0271
0.25	-71.7994
0.25	-172.275
0.25	141.024
0.25	85.839
0.25	-75.9499
0.25	56.5144
0.25	61.1652
0.25	-89.6342
0.25	162.232
0.25	92.4739
0.25	-62.9138
0.25	24.9543
0.25	-130.029
0.25	52.3598
0.25	115.536
0.25	103.606
0.25	-168.136
0.25	-113.873
0.25	-143.149
0.25	-62.7393
0.25	-120.267
0.25	-112.864
0.25	146.798
0.25	55.2653
0.25	-48.8491
0.25	151.196
0.25	-8.83329
0.25	45.1532
0.25	29.5659
0.25	-146.045
0.25	84.5916
0.25	-40.2976
0.25	-86.5379
0.25	-158.574
0.25	71.0849
0.25	35.0674
0.25	60.5629
0.25	177.72
0.25	1.62547
0.25	60.1711
0.25	-102.259
0.25	-18.5918
0.25	29.0681
0.25	-52.7584
0.25	-8.38065
0.25	130.719
0.25	47.8516
0.25	71.2221
0.25	97.3967
0.25	64.2114
0.25	124.143
0.25	168.94
0.25	-34.5762
0.25	-73.9603
0.25	62.7158
0.25	163.651
0.25	17.1176
0.25	142.139
0.25	-96.8448
0.25	-168.637
0.25	-12.5557
0.25	-44.5845
0.25	88.3461
0.25	169.174
0.25	18.8828
0.25	-9.39241
0.25	26.1394
0.25	-36.2441
0.25	-156.076
0.25	-149.292
0.25	-42.4833
0.25	-98.7768
0.25	115.133
0.25	69.728
0.25	-161.229
0.25	-5.76179
0.25	4.34525
0.25	24.1888
0.25	154.233
0.25	-174.12
0.25	15.6291
0.25	-113.659
0.25	175.314
0.25	178.98
0.25	-147.275
0.25	-160.682
0.25	-96.4148
0.25	120.908
0.25	142.561
0.25	-7.18994
0.25	73.1977
0.25	5.57125
0.25	16.1806
0.25	31.6158
0.25	62.9005
0.25	142.567
0.25	-90.6959
0.25	124.592
0.25	147.148
0.25	149.549
0.25	2.13712
0.25	133.819
0.25	127.033
0.25	-21.9575
0.25	105.15
0.25	7.10313
0.25	60.9128
0.25	-98.8349
0.25	-162.916
0.25	-24.105
0.25	128.185
0.25	156.915
0.25	-139.442
0.25	172.707
0.25	-74.5214
0.25	71.7823
0.25	-108.803
0.25	96.1612
0.25	34.1437
0.25	-117.444
0.25	51.4255
0.25	60.7185
0.25	-178.013
0.25	17.7615
0.25	18.177
0.25	-120.581
0.25	20.0917
0.25	-174.093
0.25	110.298
0.25	-147.086
0.25	133.127
0.25	-139.52
0.25	179.303
0.25	-122.135
0.25	136.836
0.25	-118.281
0.25	-0.699398
0.25	8.88127
0.25	116.333
0.25	-10.444
0.25	-166.531
0.25	-152.337
0.25	38.5848
0.25	-17.7613
0.25	153.77
0.25	-176.061
0.25	-56.7183
0.25	97.4936
0.25	-53.2629
0.25	40.3094
0.25	115.839
0.25	-177.598
0.25	-157.498
0.25	175.318
0.25	164.695
0.25	142.068
0.25	-23.7824
0.25	74.4112
0.25	74.4158
0.25	139.348
0.25	-33.3926
0.25	2.77746
0.25	-19.7963
0.25	-67.7273
0.25	-26.1082
0.25	-66.3169
0.25	174.486
0.25	-102.189
0.25	147.206
0.25	-170.212
0.25	169.878
0.25	154.874
0.25	-11.0385
0.25	61.4058
0.25	169.148
0.25	-141.128
0.25	-109.799
0.25	103.83
0.25	151.312
0.25	143.214
0.25	-131.491
0.25	-72.8586
0.25	95.3555
0.25	51.114
0.25	-107.41
0.25	-135.027
0.25	112.234
0.25	175.244
0.25	27.1473
0.25	-174.374
0.25	-101.656
0.25	160.08
0.25	79.0371
0.25	-55.2945
0.25	45.2584
0.25	-109.176
0.25	93.6976
0.25	83.8837
0.25	-70.3091
0.25	81.4471
0.25	-159.293
0.25	-150.669
0.25	50.1713
0.25	34.2685
0.25	20.2736
0.25	-40.7723
0.25	-56.2852
0.25	-135.531
0.25	74.3198
0.25	30.848
0.25	-144.298
0.25	153.971
0.25	177.314
0.25	-118.642
0.25	77.3856
0.25	-23.4319
0.25	-72.7473
0.25	45.6756
0.25	34.8967
0.25	20.2176
0.25	-158.561
0.25	-138.031
0.25	-30.3705
0.25	176.417
0.25	-113.43
0.25	-168.082
0.25	-4.06112
0.25	-11.1075
0.25	17.3316
0.25	-45.9167
0.25	0.764459
0.25	101.794
0.25	60.1225
0.25	-159.99
0.25	80.7046
0.25	120.148
0.25	54.3031
0.25	87.7209
0.25	-156.153
0.25	169.503
0.25	-155.617
0.25	-69.0954
0.25	9.65376
0.25	-115.471
0.25	141.545
0.25	76.8375
0.25	37.2183
0.25	154.57
0.25	-170.563
0.25	-160.452
0.25	-98.2713
0.25	-145.573
0.25	-47.69
0.25	12.8744
0.25	153.676
0.25	22.8126
0.25	61.6452
0.25	-85.1701
0.25	8.85378
0.25	-58.8647
0.25	-49.0519
0.25	-15.0928
0.25	-150.532
0.25	169.829
0.25	177.097
0.25	-136.61
0.25	-4.3291
0.25	5.89719
0.25	-108.432
0.25	-139.564
0.25	174.732
0.25	-13.4433
0.25	31.227
0.25	101.386
0.25	17.4628
0.25	-145.261
0.25	127.742
0.25	86.3446
0.25	141.582
0.25	110.396
0.25	-75.6136
0.25	39.0339
0.25	-34.3899
0.25	148.156
0.25	115.368
0.25	50.983
0.25	77.617
0.25	-30.5515
0.25	115.478
0.25	-142.486
0.25	-167.572
0.25	48.8127
0.25	-129.233
0.25	-109.387
0.25	147.105
0.25	60.157
0.25	-8.39652
0.25	147.131
0.25	3.90426
0.25	75.434
0.25	2.23758
0.25	62.1275
0.25	16.2358
0.25	-12.1016
0.25	133.498
0.25	68.2188
0.25	-99.486
0.25	175.821
0.25	-136.989
0.25	-94.0046
0.25	-78.1851
0.25	177.395
0.25	121.133
0.25	101.865
0.25	132.069
0.25	-16.6233
0.25	-18.4933
0.25	38.3325
0.25	-125.306
0.25	-17.8551
0.25	-171.86
0.25	52.5277
0.25	-133.109
0.25	-17.9594
0.25	-153.845
0.25	-131.28
0.25	17.2293
0.25	164.805
0.25	88.7919
0.25	-41.4402
0.25	-50.2101
0.25	175.3
0.25	124.087
0.25	48.1286
0.25	-87.2734
0.25	-63.7544
0.25	174.934
0.25	148.855
0.25	-135.299
0.25	-128.889
0.25	-65.5865
0.25	-56.5094
0.25	101.144
0.25	-129.712
0.25	-51.333
0.25	-37.4596
0.25	174.478
0.25	-50.8705
0.25	-46.9773
0.25	-178.576
0.25	-11.0551
0.25	-138.989
0.25	13.744
0.25	69.6849
0.25	-14.0707
0.25	-24.7913
0.25	-112.819
0.25	-160.271
0.25	14.4004
0.25	87.7996
0.25	123.851
0.25	-172.545
0.25	-144.938
0.25	-83.7406
0.25	-69.1255
0.25	-121.489
0.25	31.5136
0.25	-75.1237
0.25	-83.1082
0.25	29.4042
0.25	40.0631
0.25	-108.52
0.25	-158.194
0.25	29.0286
0.25	148.693
0.25	-75.61
0.25	122.443
0.25	42.3306
0.25	48.9628
0.25	158.204
0.25	98.9971
0.25	91.8166
0.25	96.2624
0.25	42.3428
0.25	24.4647
0.25	90.245
0.25	-43.0084
0.25	60.4439
0.25	55.1643
0.25	70.3748
0.25	-93.4008
0.25	74.7713
0.25	101.415
0.25	13.9845
0.25	-88.2749
0.25	-138.197
0.25	-2.64591
0.25	-9.25372
0.25	-177.705
0.25	95.554
0.25	10.3002
0.25	168.933
0.25	154.696
0.25	175.164
0.25	-115.79
0.25	-44.3737
0.25	31.762
0.25	96.468
0.25	-68.6625
0.25	-89.6791
0.25	151.929
0.25	97.0208
0.25	-151.137
0.25	-169.592
0.25	19.4091
0.25	41.4225
0.25	86.2665
0.25	-19.8161
0.25	-78.8832
0.25	6.42698
0.25	-175.356
0.25	94.5876
0.25	-58.7023
0.25	127.605
0.25	-158.863
0.25	-50.9543
0.25	35.8792
0.25	-100.83
0.25	-133.286
0.25	58.7158
0.25	52.3527
0.25	10.7128
0.25	-28.6011
0.25	133.735
0.25	-127.984
0.25	-68.2015
0.25	-154.919
0.25	152.753
0.25	165.074
0.25	40.9786
0.25	19.8877
0.25	172.597
0.25	60.397
0.25	-148.359
0.25	150.911
0.25	8.65567
0.25	-139.628
0.25	-95.4054
0.25	74.3314
0.25	-101.166
0.25	96.2929
0.25	-158.592
0.25	-143.784
0.25	65.7574
0.25	-21.8785
0.25	69.0268
0.25	-111.665
0.25	5.01715
0.25	161.458
0.25	50.7657
0.25	-91.8494
0.25	144.552
0.25	-37.9079
0.25	-142.229
0.25	-56.5513
0.25	-73.3193
0.25	179.486
0.25	1.35327
0.25	-37.6481
0.25	-169.002
0.25	168.844
0.25	45.3935
0.25	-50.3589
0.25	36.3911
0.25	6.19684
0.25	96.5275
0.25	-23.7077
0.25	-124.496
0.25	-38.0393
0.25	114.273
0.25	27.6664
0.25	86.7775
0.25	92.3632
0.25	-18.8257
0.25	159.22
0.25	-89.4891
0.25	73.7516
0.25	-104.353
0.25	43.5084
0.25	40.5335
0.25	157.738
0.25	178.104
0.25	-46.0001
0.25	18.5059
0.25	69.0629
0.25	-144.863
0.25	-100.691
0.25	120.86
0.25	-11.9873
0.25	-161.521
0.25	-25.0884
0.25	88.4532
0.25	174.802
0.25	147.405
0.25	14.4884
0.25	-172.259
0.25	-139.23
0.25	-3.98826
0.25	35.1942
0.25	-81.3274
0.25	-133.983
0.25	150.911
0.25	60.0541
0.25	44.7679
0.25	10.0867
0.25	60.1586
0.25	134.66
0.25	91.3683
0.25	54.9967
0.25	129.977
0.25	-131.317
0.25	50.6999
0.25	-54.2037
0.25	27.0282
0.25	118.104
0.25	-113.018
0.25	-97.9497
0.25	64.9836
0.25	13.194
0.25	85.8794
0.25	19.5178
0.25	-103.342
0.25	-156.569
0.25	-106.475
0.25	-2.64687
0.25	-12.807
0.25	-83.9861
0.25	-54.0746
0.25	-88.7022
0.25	128.26
0.25	-80.9316
0.25	58.5671
0.25	-146.925
0.25	108.399
0.25	-113.352
0.25	60.5578
0.25	53.4097
0.25	-51.4941
0.25	-89.3168
0.25	-101.411
0.25	164.083
0.25	83.6241
0.25	-145.757
0.25	-107.19
0.25	164.984
0.25	163.521
0.25	-178.372
0.25	-137.047
0.25	-126.533
0.25	-171.919
0.25	-127.688
0.25	129.263
0.25	61.4227
0.25	-98.6404
0.25	-26.0353
0.25	53.2003
0.25	153.426
0.25	-129.64
0.25	-160.485
0.25	-71.4996
0.25	130.266
0.25	-158.942
0.25	-163.384
0.25	125.367
0.25	167.781
0.25	-22.7709
0.25	165.711
0.25	154.043
0.25	-143.481
0.25	163.152
0.25	80.1516
0.25	87.6667
0.25	-54.875
0.25	-85.0854
0.25	63.5247
0.25	-131.783
0.25	90.8067
0.25	120.435
0.25	2.98178
0.25	17.1821
0.25	79.5319
0.25	-99.7461
0.25	-21.5834
0.25	-89.4538
0.25	-92.4342
0.25	167.997
0.25	-95.3348
0.25	86.8981
0.25	-15.7613
0.25	-1.58612
0.25	18.0452
0.25	133.456
0.25	-33.2672
0.25	47.4202
0.25	-162.467
0.25	-125.185
0.25	-51.6828
0.25	41.0018
0.25	-79.6755
0.25	-35.8147
0.25	-39.1619
0.25	154.418
0.25	-97.8178
0.25	-23.7774
0.25	-16.1717
0.25	158.109
0.25	-69.1792
0.25	132.108
0.25	-91.5274
0.25	-93.0364
0.25	-61.338
0.25	-157.473
0.25	50.2903
0.25	-87.6366
0.25	73.6856
0.25	61.8289
0.25	-160.186
0.25	-153.15
0.25	-140.19
0.25	139.021
0.25	123.439
0.25	-154.45
0.25	-34.2234
0.25	41.502
0.25	-24.9103
0.25	36.0717
0.25	-92.0442
0.25	121.376
0.25	72.2538
0.25	-6.81846
0.25	-143.374
0.25	45.0452
0.25	126.973
0.25	74.6114
0.25	10.0509
0.25	121.367
0.25	110.183
0.25	-103.789
0.25	105.33
0.25	-164.223
0.25	-90.0176
0.25	-112.043
0.25	150.979
0.25	139.059
0.25	113.583
0.25	-3.67079
0.25	-83.5105
0.25	112.975
0.25	-156.151
0.25	54.9962
0.25	-164.359
0.25	27.6741
0.25	80.3876
0.25	-168.022
0.25	24.7043
0.25	-156.863
0.25	-167.28
0.25	-27.8569
0.25	-25.0324
0.25	-60.3485
0.25	110.375
0.25	4.01827
0.25	-104.056
0.25	-50.3837
0.25	51.4879
0.25	140.819
0.25	44.084
0.25	-26.1272
0.25	-153.821
0.25	-109.715
0.25	13.812
0.25	81.6346
0.25	31.9097
0.25	-57.71
0.25	14.3402
0.25	97.5754
0.25	-62.9528
0.25	-21.1069
0.25	-86.6944
0.25	92.4507
0.25	148.623
0.25	-137.244
0.25	114.251
0.25	-55.8429
0.25	-51.2871
0.25	33.6381
0.25	24.1709
0.25	112.818
0.25	176.801
0.25	66.6695
0.25	-109.885
0.25	-127.06
0.25	45.5349
0.25	19.3258
0.25	36.3858
0.25	-157.162
0.25	-112.02
0.25	-62.0274
0.25	17.8526
0.25	36.9139
0.25	-147.01
0.25	-83.5001
0.25	141.132
0.25	-132.691
0.25	-178.125
0.25	-9.50579
0.25	140.387
0.25	40.0968
0.25	-130.42
0.25	162.742
0.25	-39.5354
0.25	133.924
0.25	2.08934
0.25	162.417
0.25	109.91
0.25	28.8549
0.25	131.95
0.25	145.06
0.25	112.427
0.25	-62.0114
0.25	179.348
0.25	150.354
0.25	5.13139
0.25	74.137
0.25	-169.69
0.25	-120.068
0.25	-92.1492
0.25	-51.8966
0.25	-73.4094
0.25	-13.5816
0.25	107.788
0.25	-156.697
0.25	-50.1339
0.25	-123.484
0.25	1.97563
0.25	-133.192
0.25	-92.3858
0.25	136.023
0.25	-64.9968
0.25	-176.244
0.25	-106.783
0.25	-54.2527
0.25	-88.0647
0.25	-76.132
0.25	114.12
0.25	101.7
0.25	19.3593
0.25	116.829
0.25	150.758
0.25	70.6793
0.25	140.05
0.25	80.8502
0.25	89.4402
0.25	114.889
0.25	64.4343
0.25	133.42
0.25	22.2674
0.25	140.947
0.25	-57.5366
0.25	157.025
0.25	35.4841
0.25	-33.4877
0.25	43.5563
0.25	-168.19
0.25	-122.617
0.25	167.41
0.25	54.3112
0.25	-43.2182
0.25	46.3855
0.25	-21.0332
0.25	-114.124
0.25	95.1135
0.25	-58.5982
0.25	16.8579
0.25	153.727
0.25	-179.962
0.25	-108.798
0.25	-167.747
0.25	-12.3963
0.25	13.666
0.25	150.092
0.25	-26.3927
0.25	-10.1108
0.25	-140.871
0.25	135.4
0.25	67.3469
0.25	44.6121
0.25	134.487
0.25	-140.835
0.25	156.241
0.25	-135.112
0.25	32.571
0.25	53.8149
0.25	-100.418
0.25	104.805
0.25	97.9756
0.25	105.585
0.25	-108.648
0.25	94.2172
0.25	-133.787
0.25	42.0867
0.25	167.581
0.25	-46.8648
0.25	-18.6938
0.25	-125.882
0.25	-144.301
0.25	-27.0123
0.25	-56.9649
0.25	-127.06
0.25	-27.2999
0.25	-28.5594
0.25	-161.38
0.25	-81.4909
0.25	-85.9518
0.25	10.9858
0.25	-152.109
0.25	163.896
0.25	39.8536
0.25	-54.6812
0.25	-11.6834
0.25	-32.3607
0.25	14.2788
0.25	15.4785
0.25	-52.7572
0.25	-150.815
0.25	-86.1859
0.25	-17.1368
0.25	33.8911
0.25	84.0278
0.25	5.94699
0.25	54.2337
0.25	63.9997
0.25	-6.94316
0.25	73.8257
0.25	-124.617
0.25	-50.248
0.25	-138.356
0.25	26.9458
0.25	71.7928
0.25	162.229
0.25	-67.1252
0.25	-163.569
0.25	75.6947
0.25	124.306
0.25	-47.9808
0.25	138.176
0.25	3.70805
0.25	-109.17
0.25	-153.475
0.25	-17.0512
0.25	-83.3522
0.25	-150.039
0.25	128.498
0.25	-98.0992
0.25	-40.9985
0.25	-138.326
0.25	-149.27
0.25	-63.382
0.25	-107.643
0.25	-130.201
0.25	-102.705
0.25	55.2307
0.25	119.961
0.25	35.4129
0.25	87.0666
0.25	73.2192
0.25	82.8144
0.25	119.949
0.25	-108.603
0.25	-154.016
0.25	-125.222
0.25	-65.3635
0.25	23.0132
0.25	-8.89343
0.25	-126.377
0.25	-131.833
0.25	-179.018
0.25	-128.554
0.25	136.892
0.25	111.384
0.25	66.0625
0.25	127.995
0.25	68.2394
0.25	38.7208
0.25	-6.48509
0.25	10.5124
0.25	-14.0635
0.25	70.1766
0.25	-135.307
0.25	-15.2245
0.25	132.579
0.25	-16.604
0.25	97.8622
0.25	-70.455
0.25	-115.572
0.25	-177.371
0.25	-137.574
0.25	-171.673
0.25	56.6544
0.25	-12.945
0.25	68.7438
0.25	15.1502
0.25	-112.153
0.25	-143.095
0.25	63.5184
0.25	22.7476
0.25	-145.671
0.25	-110.568
0.25	-160.199
0.25	139.635
0.25	143.614
0.25	-124.581
0.25	-133.05
0.25	-110.363
0.25	42.7626
0.25	159.473
0.25	-111.673
0.25	-9.73336
0.25	61.5345
0.25	19.0327
0.25	-56.0582
0.25	113.941
0.25	-22.7806
0.25	-40.236
0.25	-8.02457
0.25	-59.2054
0.25	134.989
0.25	-82.9212
0.25	-120.67
0.25	-26.9731
0.25	-90.4718
0.25	-82.3984
0.25	-31.4791
0.25	81.5059
0.25	-109.7
0.25	9.09221
0.25	-91.0762
0.25	59.6395
0.25	-136.669
0.25	-161.052
0.25	2.15761
0.25	162.882
0.25	64.088
0.25	177.738
0.25	-147.923
0.25	84.7141
0.25	174.142
0.25	138.597
0.25	-76.8468
0.25	145.596
0.25	158.353
0.25	116.836
0.25	52.4779
0.25	40.5957
0.25	106.264
0.25	83.7581
0.25	-146.852
0.25	-69.1639
0.25	-63.0317
0.25	123.517
0.25	127.225
0.25	32.9595
0.25	-147.545
0.25	47.9873
0.25	51.7105
0.25	-16.5287
0.25	15.9357
0.25	23.9089
0.25	-28.8051
0.25	-71.0718
0.25	-87.7777
0.25	166.041
0.25	-46.7117
0.25	165.215
0.25	29.5316
0.25	66.6779
0.25	-174.02
0.25	-6.74999
0.25	48.4828
0.25	174.127
0.25	165.834
0.25	-16.2583
0.25	-111.927
0.25	-23.9843
0.25	-179.497
0.25	38.2553
0.25	112.444
0.25	-162.284
0.25	-66.2767
0.25	14.2076
0.25	86.3425
0.25	-17.2434
0.25	104.788
0.25	-32.6938
0.25	-114.807
0.25	-142.44
0.25	-48.2843
0.25	11.0984
0.25	79.6465
0.25	55.1005
0.25	-120.432
0.25	3.7436
0.25	-122.385
0.25	23.0771
0.25	-81.2144
0.25	-22.0457
0.25	34.928
0.25	0.767185
0.25	141.45
0.25	151.168
0.25	142.614
0.25	-52.4066
0.25	84.8262
0.25	76.3823
0.25	22.8564
0.25	84.1517
0.25	120.218
0.25	80.4689
0.25	0.0742165
0.25	-18.3231
0.25	117.588
0.25	-63.2254
0.25	-39.6258
0.25	14.3733
0.25	-118.707
0.25	-116.31
0.25	-128.078
0.25	-124.014
0.25	80.3526
0.25	-168.344
0.25	-117.686
0.25	-17.2856
0.25	23.272
0.25	117.652
0.25	31.8972
0.25	-77.6412
0.25	-162.92
0.25	-156.262
0.25	48.6912
0.25	32.591
0.25	82.2634
0.25	56.2993
0.25	46.6499
0.25	115.243
0.25	-95.6793
0.25	-46.7306
0.25	148.901
0.25	-159.565
0.25	89.1321
0.25	-6.55365
0.25	71.8088
0.25	-178.753
0.25	63.6765
0.25	-19.0229
0.25	68.5138
0.25	98.2343
0.25	-81.1685
0.25	32.492
0.25	118.642
0.25	35.4232
0.25	141.831
0.25	58.1874
0.25	-156.358
0.25	-12.2039
0.25	-34.2238
0.25	-121.006
0.25	105.433
0.25	87.7378
0.25	-159.791
0.25	25.5749
0.25	-103.783
0.25	-4.1478
0.25	62.6677
0.25	106.889
0.25	42.5129
0.25	108.741
0.25	-111.988
0.25	-88.7068
0.25	160.154
0.25	117.297
0.25	-101.488
0.25	-23.0057
0.25	-162.816
0.25	-23.8706
0.25	179.066
0.25	71.8415
0.25	-46.0134
0.25	-118.186
0.25	-156.537
0.25	113.082
0.25	110.253
0.25	-90.2643
0.25	-9.04275
0.25	-88.3154
0.25	-105.139
0.25	-51.0734
0.25	-112.03
0.25	-30.7477
0.25	-128.71
0.25	-52.8523
0.25	-134.986
0.25	-80.2678
0.25	168.014
0.25	97.3157
0.25	149.371
0.25	-64.9321
0.25	-34.7176
0.25	31.567
0.25	156.066
0.25	69.7504
0.25	1.19989
0.25	-147.358
0.25	65.1149
0.25	81.0379
0.25	24.8977
0.25	-128.623
0.25	-115.295
0.25	-170.175
0.25	12.9073
0.25	-113.217
0.25	-172.255
0.25	-75.5509
0.25	4.39295
0.25	29.6569
0.25	67.8078
0.25	-4.95727
0.25	-157.119
0.25	-26.827
0.25	-156.513
0.25	-100.389
0.25	-72.6966
0.25	165.393
0.25	-159.855
0.25	122.078
0.25	-83.924
0.25	20.3042
0.25	175.136
0.25	81.7085
0.25	-169.146
0.25	-53.0753
0.25	-157.514
0.25	135.721
0.25	-163.71
0.25	-177.986
0.25	69.3003
0.25	-71.0579
0.25	92.4292
0.25	-143.779
0.25	7.92973
0.25	-165.15
0.25	-77.661
0.25	-118.452
0.25	38.9949
0.25	123.627
0.25	-124.164
0.25	-165.881
0.25	43.932
0.25	91.6647
0.25	163.226
0.25	-150.497
0.25	-77.8868
0.25	113.144
0.25	34.1053
0.25	78.92
0.25	-149.184
0.25	-88.289
0.25	141.065
0.25	-100.74
0.25	179.681
0.25	75.7445
0.25	88.714
0.25	44.8487
0.25	4.51842
0.25	106.567
0.25	-179.769
0.25	-112.705
0.25	92.3437
0.25	-158.238
0.25	-160.722
0.25	-136.181
0.25	124.292
0.25	-136.559
0.25	153.51
0.25	48.5664
0.25	-23.8326
0.25	-95.341
0.25	-64.2518
0.25	-81.2327
0.25	174.716
0.25	130.952
0.25	6.42853
0.25	178.09
0.25	-49.939
0.25	-105.748
0.25	-85.2671
0.25	39.078
0.25	95.7949
0.25	-7.99133
0.25	-90.9209
0.25	46.7865
0.25	170.81
0.25	-147.626
0.25	-83.427
0.25	-8.5333
0.25	36.588
0.25	-128.969
0.25	-155.459
0.25	60.4121
0.25	59.7407
0.25	66.8268
0.25	18.6989
0.25	76.2861
0.25	-0.831043
0.25	104.675
0.25	40.7701
0.25	23.1492
0.25	-129.025
0.25	174.118
0.25	-34.7979
0.25	-177.739
0.25	-32.4643
0.25	115.519
0.25	131.824
0.25	-88.9005
0.25	-93.8808
0.25	-48.2222
0.25	104.723
0.25	87.4655
0.25	131.041
0.25	-64.9575
0.25	157.222
0.25	-25.8961
0.25	126.024
0.25	144.386
0.25	139.842
0.25	9.14594
0.25	111.461
0.25	12.1383
0.25	76.2869
0.25	-9.8133
0.25	117.323
0.25	-106.646
0.25	-112.565
0.25	-148.92
0.25	-6.61193
0.25	-46.1279
0.25	93.2517
0.25	85.1303
0.25	108.194
0.25	-146.214
0.25	-4.5921
0.25	130.676
0.25	-83.9357
0.25	-95.9222
0.25	32.6118
0.25	159.858
0.25	156.885
0.25	-107.269
0.25	-173.267
0.25	-151.276
0.25	-131.785
0.25	-159.865
0.25	39.874
0.25	120.876
0.25	56.0482
0.25	-38.9129
0.25	90.1924
0.25	82.406
0.25	-77.4585
0.25	179.892
0.25	-138.503
0.25	-94.891
0.25	-84.8539
0.25	-43.5402
0.25	148.703
0.25	-158.366
0.25	-167.134
0.25	41.6988
0.25	-5.65952
0.25	-144.15
0.25	171.04
0.25	-69.4641
0.25	-115.535
0.25	28.0833
0.25	-112.63
0.25	-167.143
0.25	176.702
0.25	-60.4338
0.25	64.9058
0.25	114.201
0.25	80.953
0.25	112.366
0.25	-76.2131
0.25	18.2036
0.25	117.986
0.25	-41.4006
0.25	110.777
0.25	-29.0391
0.25	2.0219
0.25	-6.19713
0.25	-124.108
0.25	85.2905
0.25	-137.551
0.25	-100.495
0.25	152.699
0.25	-25.9052
0.25	105.705
0.25	19.7863
0.25	46.069
0.25	57.1649
0.25	63.6836
0.25	95.5143
0.25	-3.21353
0.25	138.22
0.25	-125.877
0.25	-101.621
0.25	-114.245
0.25	-43.8496
0.25	139.143
0.25	-81.2894
0.25	-128.338
0.25	-13.1704
0.25	94.1378
0.25	119.84
0.25	-143.48
0.25	93.9581
0.25	58.4603
0.25	-123.232
0.25	105.541
0.25	151.948
0.25	84.36
0.25	132.813
0.25	-169.072
0.25	-176.065
0.25	-98.4992
0.25	104.156
0.25	138.966
0.25	-147.303
0.25	63.2334
0.25	-162.981
0.25	-141.232
0.25	124.217
0.25	-58.0327
0.25	-55.598
0.25	-15.5969
0.25	-123.834
0.25	133.013
0.25	-165.951
0.25	-113.927
0.25	-52.6276
0.25	0.499445
0.25	-160.875
0.25	59.5549
0.25	-51.7185
0.25	-53.5746
0.25	-113.648
0.25	111.036
0.25	-23.2984
0.25	-135.247
0.25	115.362
0.25	129.158
0.25	120.278
0.25	-41.9199
0.25	13.6106
0.25	165.384
0.25	131.363
0.25	152.441
0.25	-131.047
0.25	-138.27
0.25	37.2844
0.25	-140.427
0.25	155.999
0.25	-74.4641
0.25	-140.711
0.25	-27.0584
0.25	-116.032
0.25	-47.0985
0.25	-36.9558
0.25	92.675
0.25	-72.2023
0.25	-95.3908
0.25	1.6779
0.25	-176.105
0.25	15.7575
0.25	-77.3072
0.25	-173.133
0.25	122.785
0.25	3.90623
0.25	-74.9464
0.25	100.841
0.25	-138.185
0.25	178.834
0.25	-78.7931
0.25	47.1778
0.25	-146.331
0.25	120.993
0.25	122.459
0.25	93.5192
0.25	70.2736
0.25	-179.464
0.25	5.29775
0.25	-153.27
0.25	179.955
0.25	-1.78277
0.25	178.109
0.25	147.867
0.25	-17.9019
0.25	171.558
0.25	72.6493
0.25	-5.77116
0.25	28.4037
0.25	70.34
0.25	37.4289
0.25	-72.5557
0.25	92.2646
0.25	-43.0937
0.25	-124.584
0.25	-170.177
0.25	-157.112
0.25	-126.539
0.25	-137.731
0.25	55.5846
0.25	-141.066
0.25	55.9146
0.25	-11.8302
0.25	39.0553
0.25	41.7852
0.25	156.29
0.25	130.826
0.25	46.9538
0.25	86.4845
0.25	35.2022
0.25	-107.796
0.25	-82.783
0.25	-14.1532
0.25	42.6344
0.25	42.1666
0.25	-144.724
0.25	159.824
0.25	-81.6399
0.25	42.0313
0.25	-147.051
0.25	167.583
0.25	-158.984
0.25	157.121
0.25	-119.87
0.25	-172.784
0.25	137.113
0.25	25.819
0.25	4.4484
0.25	59.5918
0.25	-70.1608
0.25	109.714
0.25	171.831
0.25	-57.3946
0.25	-33.3095
0.25	115.271
0.25	141.412
0.25	-52.0001
0.25	3.80899
0.25	47.3152
0.25	-69.6927
0.25	-78.0513
0.25	-70.2561
0.25	100.756
0.25	79.3763
0.25	160.675
0.25	110.032
0.25	-179.726
0.25	16.7916
0.25	84.7327
0.25	169.472
0.25	-154.788
0.25	132.307
0.25	106.024
0.25	55.0833
0.25	126.503
0.25	-139.894
0.25	-134.484
0.25	-151.108
0.25	-28.1167
0.25	-60.441
0.25	-153.786
0.25	-178.469
0.25	106.853
0.25	-56.7074
0.25	98.8072
0.25	-73.4694
0.25	49.7304
0.25	-141.276
0.25	86.0303
0.25	141.936
0.25	-125.26
0.25	-102.915
0.25	60.597
0.25	-80.7177
0.25	170.46
0.25	-41.6254
0.25	93.6745
0.25	-92.671
0.25	64.2525
0.25	-8.09596
0.25	-107.903
0.25	-122.918
0.25	-15.8973
0.25	154.508
0.25	2.82744
0.25	-75.739
0.25	-125.51
0.25	54.7942
0.25	45.6484
0.25	-90.7539
0.25	168.539
0.25	-103.045
0.25	-115.585
0.25	39.1586
0.25	-7.59199
0.25	61.3868
0.25	-68.0129
0.25	-159.751
0.25	47.1992
0.25	-18.8234
0.25	65.4063
0.25	-117.186
0.25	102.003
0.25	118.765
0.25	51.8767
