pol	setting	phi
0.3	45	-78.3675
0.3	45	161.081
0.3	45	111.673
0.3	45	47.7645
0.3	45	-113.191
0.3	45	129.131
0.3	45	-106.076
0.3	45	-170.801
0.3	45	-177.525
0.3	45	156.655
0.3	45	121.547
0.3	45	-103.706
0.3	45	-43.2729
0.3	45	-82.4251
0.3	45	-172.084
0.3	45	36.0565
0.3	45	-28.095
0.3	45	44.6307
0.3	45	-129.812
0.3	45	9.99128
0.3	45	54.4805
0.3	45	88.6388
0.3	45	136.043
0.3	45	155.717
0.3	45	102.7
0.3	45	-122.072
0.3	45	-92.907
0.3	45	-21.8423
0.3	45	-166.981
0.3	45	-45.5153
0.3	45	81.6492
0.3	45	-75.2395
0.3	45	25.9176
0.3	45	46.4981
0.3	45	76.2523
0.3	45	-32.4868
0.3	45	-46.4717
0.3	45	-132.69
0.3	45	-171.675
0.3	45	22.3858
0.3	45	-69.6014
0.3	45	122.274
0.3	45	-114.982
0.3	45	-14.5673
0.3	45	115.837
0.3	45	-92.9529
0.3	45	46.0384
0.3	45	102.391
0.3	45	-38.401
0.3	45	72.925
0.3	45	-45.1442
0.3	45	105.243
0.3	45	-85.6662
0.3	45	165.362
0.3	45	-141.845
0.3	45	158.804
0.3	45	-60.1669
0.3	45	123.229
0.3	45	69.5651
0.3	45	80.1987
0.3	45	-0.290644
0.3	45	-153.859
0.3	45	-112.691
0.3	45	46.4437
0.3	45	-58.4973
0.3	45	168.677
0.3	45	-76.1627
0.3	45	-163.505
0.3	45	26.4974
0.3	45	-1.54649
0.3	45	-125.85
0.3	45	-16.6706
0.3	45	26.0433
0.3	45	-50.8506
0.3	45	-70.5004
0.3	45	-139.412
0.3	45	-47.7495
0.3	45	-86.7997
0.3	45	-71.1375
0.3	45	80.9486
0.3	45	104.987
0.3	45	127.663
0.3	45	36.447
0.3	45	79.0307
0.3	45	155.099
0.3	45	50.2035
0.3	45	20.7386
0.3	45	5.69083
0.3	45	165.275
0.3	45	-112.936
0.3	45	177.422
0.3	45	103.606
0.3	45	177.264
0.3	45	159.275
0.3	45	-151.536
0.3	45	71.0527
0.3	45	-168.767
0.3	45	-90.276
0.3	45	105.611
0.3	45	-178.296
0.3	45	8.27048
0.3	45	22.551
0.3	45	0.302227
0.3	45	-131.238
0.3	45	62.6495
0.3	45	97.1792
0.3	45	-6.98944
0.3	45	69.5844
0.3	45	-111.64
0.3	45	86.962
0.3	45	85.1297
0.3	45	124.469
0.3	45	-147.493
0.3	45	-119.226
0.3	45	90.4753
0.3	45	-157.855
0.3	45	171.342
0.3	45	-80.4432
0.3	45	-13.6436
0.3	45	147.442
0.3	45	-90.9666
0.3	45	-32.5368
0.3	45	119.727
0.3	45	-77.5485
0.3	45	-168.971
0.3	45	165.096
0.3	45	101.692
0.3	45	15.3773
0.3	45	-52.4606
0.3	45	-170.921
0.3	45	50.0657
0.3	45	-87.3496
0.3	45	127.305
0.3	45	145.519
0.3	45	-116.189
0.3	45	-43.9996
0.3	45	-69.1792
0.3	45	26.8172
0.3	45	79.1368
0.3	45	19.5436
0.3	45	-41.3452
0.3	45	-155.609
0.3	45	108.954
0.3	45	78.741
0.3	45	17.1633
0.3	45	137.811
0.3	45	-48.2436
0.3	45	50.3128
0.3	45	6.29867
0.3	45	-21.0191
0.3	45	120.053
0.3	45	-101.972
0.3	45	106.881
0.3	45	-13.8163
0.3	45	68.4083
0.3	45	-21.911
0.3	45	-109.097
0.3	45	25.2533
0.3	45	76.9513
0.3	45	34.5077
0.3	45	96.0544
0.3	45	-37.7559
0.3	45	-137.725
0.3	45	153.72
0.3	45	64.2356
0.3	45	-162.56
0.3	45	19.0312
0.3	45	-179.619
0.3	45	-167.326
0.3	45	40.9336
0.3	45	143.453
0.3	45	116.74
0.3	45	-124.89
0.3	45	42.4389
0.3	45	-68.2383
0.3	45	-34.5449
0.3	45	-168.43
0.3	45	-92.355
0.3	45	-144.809
0.3	45	-110.958
0.3	45	-68.7648
0.3	45	-166.6
0.3	45	-59.6866
0.3	45	26.0707
0.3	45	-24.3951
0.3	45	138.396
0.3	45	9.31987
0.3	45	-156.382
0.3	45	-102.61
0.3	45	26.3686
0.3	45	143.562
0.3	45	154.856
0.3	45	123.875
0.3	45	-77.732
0.3	45	-9.67889
0.3	45	25.8825
0.3	45	42.4758
0.3	45	-115.654
0.3	45	149.866
0.3	45	108.727
0.3	45	12.963
0.3	45	163.207
0.3	45	130.304
0.3	45	-177.6
0.3	45	54.2269
0.3	45	-174.064
0.3	45	-102.916
0.3	45	58.661
0.3	45	87.415
0.3	45	-176.057
0.3	45	-2.10833
0.3	45	-146.498
0.3	45	158.67
0.3	45	-32.2297
0.3	45	113.433
0.3	45	77.3257
0.3	45	-175.345
0.3	45	-60.0546
0.3	45	-75.7314
0.3	45	55.6665
0.3	45	154.92
0.3	45	168.981
0.3	45	-160.79
0.3	45	-146.196
0.3	45	-89.9877
0.3	45	-158.244
0.3	45	128.04
0.3	45	-13.4967
0.3	45	-93.2267
0.3	45	-115.366
0.3	45	48.0207
0.3	45	-170.876
0.3	45	-73.2607
0.3	45	-112.107
0.3	45	131.937
0.3	45	-124.03
0.3	45	-21.2804
0.3	45	-58.0968
0.3	45	81.2277
0.3	45	147.176
0.3	45	119.322
0.3	45	-109.447
0.3	45	-34.4059
0.3	45	-99.4521
0.3	45	106.279
0.3	45	-92.9353
0.3	45	90.3269
0.3	45	176.477
0.3	45	-158.802
0.3	45	15.6587
0.3	45	66.4403
0.3	45	100.909
0.3	45	99.7307
0.3	45	156.002
0.3	45	-54.141
0.3	45	164.503
0.3	45	-33.9374
0.3	45	117.857
0.3	45	-6.98785
0.3	45	12.1809
0.3	45	123.003
0.3	45	-121.14
0.3	45	81.4631
0.3	45	-42.2859
0.3	45	-164.807
0.3	45	164.68
0.3	45	142.809
0.3	45	114.905
0.3	45	-114.784
0.3	45	52.7363
0.3	45	170.639
0.3	45	22.1175
0.3	45	62.8612
0.3	45	106.836
0.3	45	11.5924
0.3	45	88.8189
0.3	45	-166.004
0.3	45	64.4868
0.3	45	-148.844
0.3	45	-87.7134
0.3	45	104.022
0.3	45	151.25
0.3	45	-105.422
0.3	45	104.494
0.3	45	98.882
0.3	45	98.323
0.3	45	158.633
0.3	45	59.8806
0.3	45	-29.2919
0.3	45	-174.242
0.3	45	-0.772442
0.3	45	148.516
0.3	45	102.952
0.3	45	118.458
0.3	45	60.7965
0.3	45	-102.332
0.3	45	25.4971
0.3	45	105.468
0.3	45	-57.9251
0.3	45	-34.536
0.3	45	-58.0964
0.3	45	-22.8736
0.3	45	-101.97
0.3	45	137.738
0.3	45	9.5702
0.3	45	-46.2342
0.3	45	48.5679
0.3	45	-149.435
0.3	45	-36.5461
0.3	45	-118.475
0.3	45	-139.416
0.3	45	105.057
0.3	45	61.9289
0.3	45	57.5664
0.3	45	8.86484
0.3	45	136.109
0.3	45	-21.6627
0.3	45	-167.176
0.3	45	109.073
0.3	45	-164.224
0.3	45	65.3078
0.3	45	-82.4227
0.3	45	160.827
0.3	45	-116.926
0.3	45	-162.088
0.3	45	-56.9364
0.3	45	-84.553
0.3	45	33.2194
0.3	45	94.6133
0.3	45	-0.319576
0.3	45	-170.209
0.3	45	-120.984
0.3	45	72.803
0.3	45	167.3
0.3	45	-117.667
0.3	45	170.132
0.3	45	167.174
0.3	45	-93.0543
0.3	45	-13.6443
0.3	45	-15.8856
0.3	45	-110.384
0.3	45	-105.517
0.3	45	-58.498
0.3	45	-127.568
0.3	45	-126.18
0.3	45	-110.168
0.3	45	-67.5901
0.3	45	-166.993
0.3	45	80.2873
0.3	45	4.85054
0.3	45	-59.3997
0.3	45	-136.567
0.3	45	114.873
0.3	45	-152.602
0.3	45	101.281
0.3	45	15.4465
0.3	45	42.4753
0.3	45	169.211
0.3	45	-157.984
0.3	45	-114.051
0.3	45	-166.274
0.3	45	130.637
0.3	45	-168.614
0.3	45	-63.6067
0.3	45	-44.9036
0.3	45	-92.9867
0.3	45	-14.4967
0.3	45	-143.026
0.3	45	-124.372
0.3	45	-83.7558
0.3	45	-88.7502
0.3	45	60.0028
0.3	45	-163.169
0.3	45	-108.396
0.3	45	-113.43
0.3	45	2.82824
0.3	45	67.8052
0.3	45	115.879
0.3	45	-130.055
0.3	45	64.5676
0.3	45	101.717
0.3	45	-103.809
0.3	45	128.775
0.3	45	-32.395
0.3	45	164.887
0.3	45	-172.181
0.3	45	85.4559
0.3	45	136.646
0.3	45	64.3941
0.3	45	164.884
0.3	45	126.446
0.3	45	-41.4754
0.3	45	175.62
0.3	45	-59.7106
0.3	45	-63.4135
0.3	45	-139.1
0.3	45	103.493
0.3	45	-25.1226
0.3	45	97.6728
0.3	45	93.8755
0.3	45	-121.694
0.3	45	-85.1089
0.3	45	21.7245
0.3	45	63.1292
0.3	45	-4.25416
0.3	45	-121.393
0.3	45	-134.683
0.3	45	-138.533
0.3	45	-179.071
0.3	45	58.631
0.3	45	-142.214
0.3	45	156.877
0.3	45	106.749
0.3	45	-80.8517
0.3	45	88.3611
0.3	45	28.6463
0.3	45	125.089
0.3	45	121.672
0.3	45	-8.12204
0.3	45	156.107
0.3	45	-115.99
0.3	45	-31.1188
0.3	45	-95.2836
0.3	45	139.885
0.3	45	-97.0039
0.3	45	169.285
0.3	45	83.462
0.3	45	-149.469
0.3	45	-77.167
0.3	45	-155.752
0.3	45	-101.749
0.3	45	81.8135
0.3	45	26.9871
0.3	45	-139.365
0.3	45	172.066
0.3	45	-39.0955
0.3	45	134.607
0.3	45	-114.281
0.3	45	-81.8826
0.3	45	154.942
0.3	45	43.6832
0.3	45	82.0004
0.3	45	-12.5365
0.3	45	-2.37177
0.3	45	-143.62
0.3	45	49.7329
0.3	45	137.746
0.3	45	75.61
0.3	45	131.432
0.3	45	79.5029
0.3	45	2.55042
0.3	45	66.3006
0.3	45	-171.987
0.3	45	-109.898
0.3	45	-93.7542
0.3	45	-42.6646
0.3	45	96.8826
0.3	45	-8.57134
0.3	45	99.744
0.3	45	88.1978
0.3	45	-112.4
0.3	45	2.32441
0.3	45	100.891
0.3	45	64.9519
0.3	45	-69.9407
0.3	45	-58.2456
0.3	45	59.3608
0.3	45	-37.9606
0.3	45	-16.3363
0.3	45	-158.267
0.3	45	141.869
0.3	45	-120.608
0.3	45	24.8375
0.3	45	-126.287
0.3	45	51.9339
0.3	45	92.3651
0.3	45	-69.9767
0.3	45	-98.8732
0.3	45	27.5369
0.3	45	-20.9215
0.3	45	118.643
0.3	45	-54.7343
0.3	45	-114.415
0.3	45	145.753
0.3	45	-104.197
0.3	45	-179.876
0.3	45	161.493
0.3	45	89.6437
0.3	45	-78.0698
0.3	45	123.682
0.3	45	84.1785
0.3	45	-38.8706
0.3	45	-125.562
0.3	45	-15.0074
0.3	45	135.803
0.3	45	-175.747
0.3	45	23.646
0.3	45	-107.666
0.3	45	150.557
0.3	45	-60.71
0.3	45	-154.794
0.3	45	112.527
0.3	45	84.3885
0.3	45	167.976
0.3	45	-151.067
0.3	45	-165.375
0.3	45	-13.7032
0.3	45	-80.2676
0.3	45	-140.22
0.3	45	135.535
0.3	45	-87.3661
0.3	45	120.147
0.3	45	95.5835
0.3	45	-130.819
0.3	45	-17.0226
0.3	45	-137.96
0.3	45	-141.891
0.3	45	-132.748
0.3	45	-51.5927
0.3	45	165.161
0.3	45	-159.614
0.3	45	-74.4609
0.3	45	-19.5262
0.3	45	-45.3035
0.3	45	-69.917
0.3	45	124.797
0.3	45	-39.1478
0.3	45	102.565
0.3	45	-71.1665
0.3	45	-18.0163
0.3	45	-0.678973
0.3	45	158.207
0.3	45	42.9831
0.3	45	-154.526
0.3	45	-74.1905
0.3	45	-56.1791
0.3	45	-158.333
0.3	45	36.5731
0.3	45	125.225
0.3	45	-53.9095
0.3	45	-162.5
0.3	45	164.76
0.3	45	145.275
0.3	45	-99.8896
0.3	45	-6.99397
0.3	45	116.641
0.3	45	169.056
0.3	45	118.255
0.3	45	-136.132
0.3	45	-144.893
0.3	45	-9.22682
0.3	45	152.773
0.3	45	-144.744
0.3	45	-178.278
0.3	45	-171.359
0.3	45	62.0133
0.3	45	-128.995
0.3	45	125.48
0.3	45	-25.9653
0.3	45	-83.2624
0.3	45	132.828
0.3	45	-64.6058
0.3	45	164.996
0.3	45	99.6129
0.3	45	32.6708
0.3	45	-146.338
0.3	45	-87.229
0.3	45	152.574
0.3	45	-1.50584
0.3	45	81.3459
0.3	45	-158.195
0.3	45	2.70556
0.3	45	-154.401
0.3	45	33.3542
0.3	45	3.57792
0.3	45	80.8138
0.3	45	-93.2976
0.3	45	66.1378
0.3	45	111.355
0.3	45	13.2143
0.3	45	94.2026
0.3	45	-2.92504
0.3	45	86.1667
0.3	45	106.561
0.3	45	95.4338
0.3	45	-48.5618
0.3	45	-20.1355
0.3	45	14.2008
0.3	45	-113.365
0.3	45	65.1103
0.3	45	-89.4509
0.3	45	-67.1088
0.3	45	105.114
0.3	45	-70.954
0.3	45	65.9638
0.3	45	-115.018
0.3	45	65.7188
0.3	45	-9.10684
0.3	45	158.296
0.3	45	135.197
0.3	45	-106.465
0.3	45	-158.088
0.3	45	104.047
0.3	45	128.082
0.3	45	74.1406
0.3	45	151.565
0.3	45	-72.5362
0.3	45	156.691
0.3	45	32.2086
0.3	45	-44.0425
0.3	45	-26.4313
0.3	45	3.6934
0.3	45	103.69
0.3	45	88.0217
0.3	45	138.383
0.3	45	-101.487
0.3	45	156.537
0.3	45	-123.145
0.3	45	-105.321
0.3	45	37.3537
0.3	45	144.876
0.3	45	122.131
0.3	45	173.153
0.3	45	-93.7206
0.3	45	130
0.3	45	77.4625
0.3	45	-75.9931
0.3	45	103.346
0.3	45	134.808
0.3	45	139.701
0.3	45	10.5062
0.3	45	38.1211
0.3	45	-45.4041
0.3	45	-44.1319
0.3	45	128.228
0.3	45	142.621
0.3	45	131.591
0.3	45	-83.754
0.3	45	-159.772
0.3	45	-44.2463
0.3	45	130.744
0.3	45	69.3659
0.3	45	-91.0098
0.3	45	21.3481
0.3	45	163.845
0.3	45	73.7991
0.3	45	94.137
0.3	45	-26.7019
0.3	45	156.643
0.3	45	-39.7833
0.3	45	64.668
0.3	45	-71.0892
0.3	45	83.8985
0.3	45	51.9037
0.3	45	34.2523
0.3	45	-24.4422
0.3	45	135.529
0.3	45	-64.4641
0.3	45	-40.7047
0.3	45	-61.1072
0.3	45	-14.203
0.3	45	38.4924
0.3	45	161.369
0.3	45	-48.6803
0.3	45	-96.9428
0.3	45	118.296
0.3	45	107.239
0.3	45	54.3593
0.3	45	85.4007
0.3	45	127.368
0.3	45	66.4529
0.3	45	118.802
0.3	45	41.9757
0.3	45	53.2834
0.3	45	4.41038
0.3	45	-22.1939
0.3	45	68.4396
0.3	45	48.3063
0.3	45	94.1364
0.3	45	-49.4881
0.3	45	130.813
0.3	45	62.0842
0.3	45	25.7982
0.3	45	167.431
0.3	45	2.39005
0.3	45	94.4132
0.3	45	-51.8948
0.3	45	-91.0572
0.3	45	-85.0852
0.3	45	156.595
0.3	45	42.1068
0.3	45	-26.6511
0.3	45	179.463
0.3	45	141.291
0.3	45	-174.274
0.3	45	28.6186
0.3	45	-76.9502
0.3	45	96.8356
0.3	45	10.3959
0.3	45	40.2359
0.3	45	-103.947
0.3	45	-45.4275
0.3	45	-5.40071
0.3	45	78.9055
0.3	45	-12.5678
0.3	45	-95.8348
0.3	45	-121.924
0.3	45	-13.3092
0.3	45	120.598
0.3	45	149.381
0.3	45	-94.4781
0.3	45	59.6793
0.3	45	58.0801
0.3	45	113.516
0.3	45	88.9101
0.3	45	-76.0801
0.3	45	-135.057
0.3	45	-99.23
0.3	45	-55.1723
0.3	45	-179.92
0.3	45	-106.31
0.3	45	60.1564
0.3	45	-43.6516
0.3	45	21.908
0.3	45	54.2903
0.3	45	-85.4402
0.3	45	-163.463
0.3	45	81.8251
0.3	45	-126.521
0.3	45	98.3192
0.3	45	-37.9915
0.3	45	-158.269
0.3	45	-30.7996
0.3	45	56.2984
0.3	45	127.298
0.3	45	34.8851
0.3	45	162.741
0.3	45	-105.456
0.3	45	-62.8823
0.3	45	176.94
0.3	45	-136.261
0.3	45	-86.3095
0.3	45	32.0225
0.3	45	166.426
0.3	45	-128.192
0.3	45	125.335
0.3	45	-144.123
0.3	45	122.531
0.3	45	-78.5653
0.3	45	-11.3729
0.3	45	-148.904
0.3	45	96.4557
0.3	45	165.131
0.3	45	-152.963
0.3	45	158.915
0.3	45	140.769
0.3	45	-75.2863
0.3	45	151.158
0.3	45	50.5088
0.3	45	90.6699
0.3	45	-132.211
0.3	45	79.2109
0.3	45	120.658
0.3	45	-161.848
0.3	45	60.9426
0.3	45	-147.672
0.3	45	170.089
0.3	45	-58.2957
0.3	45	-70.7933
0.3	45	-5.32665
0.3	45	172.224
0.3	45	12.2543
0.3	45	103.72
0.3	45	-109.987
0.3	45	161.221
0.3	45	-139.46
0.3	45	-107.038
0.3	45	89.8357
0.3	45	-79.8286
0.3	45	-75.4496
0.3	45	101.485
0.3	45	32.9205
0.3	45	176.263
0.3	45	-58.9228
0.3	45	66.7828
0.3	45	-102.212
0.3	45	-93.4731
0.3	45	-119.771
0.3	45	-154.619
0.3	45	-155.71
0.3	45	-29.1046
0.3	45	-128.327
0.3	45	4.93809
0.3	45	125.507
0.3	45	157.192
0.3	45	71.1214
0.3	45	77.0593
0.3	45	173.523
0.3	45	-61.8128
0.3	45	-112.115
0.3	45	-15.2977
0.3	45	23.8739
0.3	45	-91.5793
0.3	45	64.4748
0.3	45	139.158
0.3	45	-52.4943
0.3	45	109.704
0.3	45	145.629
0.3	45	-122.35
0.3	45	-137.663
0.3	45	-73.1755
0.3	45	-65.4327
0.3	45	161.762
0.3	45	122.291
0.3	45	-54.1207
0.3	45	146.155
0.3	45	25.2894
0.3	45	88.2036
0.3	45	137.437
0.3	45	-119.014
0.3	45	-63.8339
0.3	45	-32.7194
0.3	45	56.9999
0.3	45	-78.9373
0.3	45	108.916
0.3	45	-100.183
0.3	45	25.7046
0.3	45	74.0069
0.3	45	172.777
0.3	45	-176.543
0.3	45	-27.3113
0.3	45	145.691
0.3	45	12.3087
0.3	45	147.637
0.3	45	150.898
0.3	45	41.2048
0.3	45	13.3518
0.3	45	126.332
0.3	45	48.982
0.3	45	-150.768
0.3	45	-97.548
0.3	45	114.481
0.3	45	-5.75592
0.3	45	157.479
0.3	45	41.3711
0.3	45	-18.8237
0.3	45	-55.1685
0.3	45	-52.7236
0.3	45	-32.269
0.3	45	33.173
0.3	45	-66.6986
0.3	45	-172.995
0.3	45	-112.748
0.3	45	-145.07
0.3	45	86.2616
0.3	45	-33.3758
0.3	45	70.5374
0.3	45	-97.8957
0.3	45	35.2134
0.3	45	157.931
0.3	45	47.7336
0.3	45	172.873
0.3	45	134.65
0.3	45	-159.959
0.3	45	131.973
0.3	45	-170.611
0.3	45	-83.3854
0.3	45	149.016
0.3	45	-39.1458
0.3	45	-176.033
0.3	45	139.39
0.3	45	99.6117
0.3	45	-115.308
0.3	45	3.32809
0.3	45	-76.1522
0.3	45	-121.011
0.3	45	-113.947
0.3	45	107.921
0.3	45	-134.171
0.3	45	127.895
0.3	45	117.465
0.3	45	148.88
0.3	45	-176.819
0.3	45	-147.567
0.3	45	-20.0659
0.3	45	168.586
0.3	45	179.46
0.3	45	42.9932
0.3	45	-11.9518
0.3	45	127.42
0.3	45	71.6386
0.3	45	3.73512
0.3	45	-159.364
0.3	45	-91.8074
0.3	45	-136.952
0.3	45	-22.9119
0.3	45	-130.377
0.3	45	143.366
0.3	45	-49.2424
0.3	45	160.848
0.3	45	104.472
0.3	45	68.0758
0.3	45	-126.761
0.3	45	-68.3237
0.3	45	73.1633
0.3	45	60.9138
0.3	45	141.503
0.3	45	53.8346
0.3	45	-172.883
0.3	45	-47.7424
0.3	45	-109.103
0.3	45	-138.056
0.3	45	52.3364
0.3	45	179.479
0.3	45	-127.426
0.3	45	-40.9094
0.3	45	-27.7678
0.3	45	115.9
0.3	45	-125.187
0.3	45	-132.604
0.3	45	-154.926
0.3	45	-101.73
0.3	45	-10.5063
0.3	45	-30.1843
0.3	45	-25.7213
0.3	45	75.4278
0.3	45	-20.6798
0.3	45	126.247
0.3	45	-62.2536
0.3	45	27.729
0.3	45	-162.035
0.3	45	-151.027
0.3	45	12.8102
0.3	45	117.406
0.3	45	-178.286
0.3	45	101.544
0.3	45	-0.663841
0.3	45	-168.568
0.3	45	124.139
0.3	45	-149.381
0.3	45	110.003
0.3	45	-104.878
0.3	45	16.7521
0.3	45	-146.867
0.3	45	75.1935
0.3	45	23.1777
0.3	45	-126.397
0.3	45	176.227
0.3	45	109.611
0.3	45	142.825
0.3	45	92.3858
0.3	45	138.701
0.3	45	-136.467
0.3	45	-14.1589
0.3	45	-30.1668
0.3	45	8.17077
0.3	45	-95.791
0.3	45	-159.647
0.3	45	-76.0038
0.3	45	2.01139
0.3	45	-170.815
0.3	45	-100.693
0.3	45	111.646
0.3	45	109.904
0.3	45	138.62
0.3	45	-84.4672
0.3	45	-6.34364
0.3	45	174.278
0.3	45	129.471
0.3	45	-132.096
0.3	45	63.6298
0.3	45	-77.0439
0.3	45	157.093
0.3	45	-130.853
0.3	45	177.975
0.3	45	166.055
0.3	45	-141.08
0.3	45	166.597
0.3	45	-23.7165
0.3	45	77.0755
0.3	45	-63.1194
0.3	45	-20.6554
0.3	45	-174.066
0.3	45	88.6304
0.3	45	26.0227
0.3	45	23.0847
0.3	45	39.7217
0.3	45	-47.8034
0.3	45	40.6214
0.3	45	100.445
0.3	45	-150.094
0.3	45	64.643
0.3	45	-142.44
0.3	45	-3.42102
0.3	45	57.2455
0.3	45	124.038
0.3	45	80.7464
0.3	45	78.2559
0.3	45	174.609
0.3	45	-33.301
0.25	-45	58.1613
0.25	-45	87.3346
0.25	-45	142.147
0.25	-45	-91.0819
0.25	-45	114.998
0.25	-45	-170.585
0.25	-45	112.163
0.25	-45	-100.497
0.25	-45	70.015
0.25	-45	18.7586
0.25	-45	-84.1191
0.25	-45	-176.943
0.25	-45	-2.44488
0.25	-45	-144.69
0.25	-45	-126.282
0.25	-45	50.3476
0.25	-45	157.514
0.25	-45	75.0243
0.25	-45	-28.8594
0.25	-45	105.12
0.25	-45	51.9103
0.25	-45	120.435
0.25	-45	-52.2593
0.25	-45	-159.002
0.25	-45	-54.7933
0.25	-45	46.7181
0.25	-45	-47.937
0.25	-45	-161.151
0.25	-45	-62.2098
0.25	-45	-42.5521
0.25	-45	4.23426
0.25	-45	-23.4243
0.25	-45	-44.6325
0.25	-45	-159.541
0.25	-45	134.444
0.25	-45	153.88
0.25	-45	-19.9819
0.25	-45	51.0609
0.25	-45	104.553
0.25	-45	-127.467
0.25	-45	143.189
0.25	-45	12.9507
0.25	-45	42.61
0.25	-45	-68.9327
0.25	-45	7.21661
0.25	-45	-109.697
0.25	-45	168.44
0.25	-45	85.8793
0.25	-45	178.163
0.25	-45	-137.46
0.25	-45	-51.4637
0.25	-45	-103.311
0.25	-45	36.0127
0.25	-45	62.3184
0.25	-45	-112.896
0.25	-45	65.6833
0.25	-45	54.9839
0.25	-45	-116.768
0.25	-45	-169.974
0.25	-45	-53.9167
0.25	-45	162.33
0.25	-45	-122.522
0.25	-45	-90.944
0.25	-45	41.0027
0.25	-45	-72.4566
0.25	-45	-64.8245
0.25	-45	-10.2926
0.25	-45	-166.138
0.25	-45	-144.498
0.25	-45	47.7164
0.25	-45	100.305
0.25	-45	-53.6706
0.25	-45	-118.597
0.25	-45	122.356
0.25	-45	13.588
0.25	-45	-20.8
0.25	-45	23.2408
0.25	-45	171.381
0.25	-45	53.3323
0.25	-45	112.941
0.25	-45	-129.627
0.25	-45	-17.9443
0.25	-45	98.5386
0.25	-45	65.6772
0.25	-45	16.3935
0.25	-45	-144.507
0.25	-45	-162.471
0.25	-45	-164.84
0.25	-45	159.096
0.25	-45	172.392
0.25	-45	110.573
0.25	-45	-139.379
0.25	-45	60.8554
0.25	-45	-105.175
0.25	-45	92.562
0.25	-45	-170.39
0.25	-45	-109.3
0.25	-45	-151.584
0.25	-45	123.932
0.25	-45	-27.5069
0.25	-45	-101.698
0.25	-45	31.9962
0.25	-45	9.94864
0.25	-45	145.747
0.25	-45	-104.198
0.25	-45	-31.4823
0.25	-45	-41.2205
0.25	-45	-74.6534
0.25	-45	35.8105
0.25	-45	-49.0867
0.25	-45	112.97
0.25	-45	22.2573
0.25	-45	-131.978
0.25	-45	-32.1242
0.25	-45	153.883
0.25	-45	-178.521
0.25	-45	-22.198
0.25	-45	15.0369
0.25	-45	-56.5973
0.25	-45	71.0163
0.25	-45	6.67928
0.25	-45	153.378
0.25	-45	177.483
0.25	-45	155.834
0.25	-45	122.415
0.25	-45	174.47
0.25	-45	-22.2238
0.25	-45	52.2261
0.25	-45	-40.7651
0.25	-45	51.0821
0.25	-45	44.1108
0.25	-45	138.688
0.25	-45	-148.812
0.25	-45	151.266
0.25	-45	109.053
0.25	-45	-172.646
0.25	-45	-149.924
0.25	-45	87.5159
0.25	-45	-61.9459
0.25	-45	120.807
0.25	-45	165.411
0.25	-45	-14.8583
0.25	-45	-12.567
0.25	-45	-67.5491
0.25	-45	8.13565
0.25	-45	-95.4176
0.25	-45	130.943
0.25	-45	-151.19
0.25	-45	68.4577
0.25	-45	-97.3102
0.25	-45	-23.2082
0.25	-45	-149.594
0.25	-45	-114.248
0.25	-45	117.674
0.25	-45	-108.926
0.25	-45	-72.5691
0.25	-45	-50.9754
0.25	-45	121.877
0.25	-45	23.5129
0.25	-45	-105.363
0.25	-45	119.065
0.25	-45	17.9341
0.25	-45	-175.226
0.25	-45	168.898
0.25	-45	66.8009
0.25	-45	44.5028
0.25	-45	171.645
0.25	-45	-15.9652
0.25	-45	59.9183
0.25	-45	-77.6485
0.25	-45	-164.142
0.25	-45	26.7878
0.25	-45	-150.788
0.25	-45	-38.7333
0.25	-45	108.612
0.25	-45	96.8892
0.25	-45	-139.971
0.25	-45	-177.067
0.25	-45	72.6434
0.25	-45	9.78627
0.25	-45	-5.00598
0.25	-45	105.316
0.25	-45	35.8925
0.25	-45	38.6251
0.25	-45	-114.554
0.25	-45	-7.55337
0.25	-45	-75.44
0.25	-45	-166.473
0.25	-45	-38.3764
0.25	-45	62.8794
0.25	-45	92.6405
0.25	-45	-150.967
0.25	-45	-145.155
0.25	-45	45.4362
0.25	-45	-25.9688
0.25	-45	148.018
0.25	-45	-120.834
0.25	-45	49.6852
0.25	-45	-157.009
0.25	-45	-177.04
0.25	-45	113.77
0.25	-45	4.91586
0.25	-45	-63.2126
0.25	-45	21.8326
0.25	-45	98.2391
0.25	-45	-68.2769
0.25	-45	-96.818
0.25	-45	90.1093
0.25	-45	89.7091
0.25	-45	76.6789
0.25	-45	-37.3224
0.25	-45	59.5226
0.25	-45	58.3836
0.25	-45	60.2548
0.25	-45	-123.561
0.25	-45	-1.85755
0.25	-45	-8.67441
0.25	-45	-6.81986
0.25	-45	-88.5765
0.25	-45	76.5073
0.25	-45	-155.947
0.25	-45	109.428
0.25	-45	-148.9
0.25	-45	-97.0836
0.25	-45	-48.9669
0.25	-45	5.80061
0.25	-45	60.0831
0.25	-45	-0.691849
0.25	-45	-20.2273
0.25	-45	25.354
0.25	-45	132.257
0.25	-45	168.556
0.25	-45	-70.4719
0.25	-45	-147.113
0.25	-45	-168.701
0.25	-45	-101.227
0.25	-45	-167.358
0.25	-45	119.788
0.25	-45	-99.0466
0.25	-45	-90.6793
0.25	-45	56.4694
0.25	-45	-172.997
0.25	-45	-153.516
0.25	-45	-59.3403
0.25	-45	34.5511
0.25	-45	-73.3816
0.25	-45	-149.865
0.25	-45	81.8599
0.25	-45	25.0848
0.25	-45	-106.813
0.25	-45	-36.2379
0.25	-45	-76.1955
0.25	-45	-170.265
0.25	-45	163.635
0.25	-45	75.1382
0.25	-45	131.218
0.25	-45	29.2316
0.25	-45	140.991
0.25	-45	28.4664
0.25	-45	-134.503
0.25	-45	-131.989
0.25	-45	-179.24
0.25	-45	-54.7034
0.25	-45	54.4062
0.25	-45	96.2351
0.25	-45	-45.8864
0.25	-45	-9.21564
0.25	-45	-104.816
0.25	-45	-149.51
0.25	-45	-96.1288
0.25	-45	-26.4876
0.25	-45	6.30374
0.25	-45	-169.481
0.25	-45	-146.271
0.25	-45	-100.086
0.25	-45	-8.21034
0.25	-45	19.1673
0.25	-45	21.5748
0.25	-45	61.8962
0.25	-45	-20.2106
0.25	-45	-117.368
0.25	-45	-155.406
0.25	-45	159.746
0.25	-45	-82.261
0.25	-45	67.0075
0.25	-45	-122.905
0.25	-45	-125.895
0.25	-45	111.276
0.25	-45	-169.984
0.25	-45	-59.2189
0.25	-45	30.5022
0.25	-45	97.3415
0.25	-45	101.589
0.25	-45	-163.321
0.25	-45	112.149
0.25	-45	-0.802275
0.25	-45	-139.974
0.25	-45	-125.568
0.25	-45	-168.525
0.25	-45	17.1496
0.25	-45	87.3814
0.25	-45	48.6153
0.25	-45	-154.515
0.25	-45	-170.977
0.25	-45	106.889
0.25	-45	37.2717
0.25	-45	-177.205
0.25	-45	73.602
0.25	-45	-166.994
0.25	-45	-110.454
0.25	-45	-54.6554
0.25	-45	-164.315
0.25	-45	128.014
0.25	-45	-150.625
0.25	-45	149.061
0.25	-45	-130.232
0.25	-45	-5.37634
0.25	-45	-73.1848
0.25	-45	46.6498
0.25	-45	9.87288
0.25	-45	-28.3489
0.25	-45	-71.4371
0.25	-45	-135.365
0.25	-45	-139.069
0.25	-45	-173.117
0.25	-45	-90.1046
0.25	-45	46.0588
0.25	-45	-131.495
0.25	-45	-107.563
0.25	-45	22.2124
0.25	-45	-87.2021
0.25	-45	127.73
0.25	-45	116.456
0.25	-45	158.267
0.25	-45	-160.057
0.25	-45	48.7941
0.25	-45	-25.3883
0.25	-45	-77.2954
0.25	-45	-102.796
0.25	-45	-125.716
0.25	-45	-11.7487
0.25	-45	-87.317
0.25	-45	-136.049
0.25	-45	39.3829
0.25	-45	-145.316
0.25	-45	138.01
0.25	-45	-67.2602
0.25	-45	60.2476
0.25	-45	-68.4386
0.25	-45	105.104
0.25	-45	65.3377
0.25	-45	115.579
0.25	-45	176.785
0.25	-45	136.379
0.25	-45	-173.529
0.25	-45	-7.14216
0.25	-45	-155.646
0.25	-45	-56.9904
0.25	-45	-141.285
0.25	-45	74.5855
0.25	-45	-68.1788
0.25	-45	-44.9552
0.25	-45	-87.3285
0.25	-45	-10.2645
0.25	-45	-28.2173
0.25	-45	-26.8781
0.25	-45	-30.6079
0.25	-45	-37.6255
0.25	-45	109.522
0.25	-45	-58.8339
0.25	-45	-98.4409
0.25	-45	-44.0964
0.25	-45	81.4036
0.25	-45	-102.896
0.25	-45	-50.3872
0.25	-45	-165.903
0.25	-45	-124.459
0.25	-45	-158.35
0.25	-45	93.3707
0.25	-45	-150.551
0.25	-45	114.624
0.25	-45	77.2699
0.25	-45	29.2028
0.25	-45	98.7835
0.25	-45	-58.1903
0.25	-45	-72.6067
0.25	-45	166.415
0.25	-45	35.8634
0.25	-45	125.917
0.25	-45	-92.669
0.25	-45	152.965
0.25	-45	-61.4785
0.25	-45	150.011
0.25	-45	101.095
0.25	-45	-145.588
0.25	-45	18.4833
0.25	-45	92.6117
0.25	-45	-163.502
0.25	-45	27.4173
0.25	-45	178.191
0.25	-45	27.23
0.25	-45	26.1429
0.25	-45	144.55
0.25	-45	61.5558
0.25	-45	175.007
0.25	-45	127.086
0.25	-45	146.659
0.25	-45	-132.707
0.25	-45	2.67389
0.25	-45	-164.54
0.25	-45	175.188
0.25	-45	-20.8384
0.25	-45	88.0143
0.25	-45	138.66
0.25	-45	147.696
0.25	-45	59.5626
0.25	-45	-25.1988
0.25	-45	-60.9955
0.25	-45	37.2013
0.25	-45	34.7302
0.25	-45	75.2517
0.25	-45	33.0875
0.25	-45	59.7821
0.25	-45	-91.6848
0.25	-45	80.0366
0.25	-45	-16.0982
0.25	-45	114.502
0.25	-45	34.8479
0.25	-45	-0.981856
0.25	-45	145.049
0.25	-45	105.786
0.25	-45	173.681
0.25	-45	31.9609
0.25	-45	-116.938
0.25	-45	25.3105
0.25	-45	-179.131
0.25	-45	-168.012
0.25	-45	-143.812
0.25	-45	113.352
0.25	-45	116.902
0.25	-45	-153.51
0.25	-45	75.0597
0.25	-45	-149.72
0.25	-45	-106.461
0.25	-45	19.5142
0.25	-45	-26.9759
0.25	-45	133.676
0.25	-45	95.1299
0.25	-45	153.292
0.25	-45	-163.142
0.25	-45	-164.164
0.25	-45	93.4595
0.25	-45	-146.254
0.25	-45	7.34086
0.25	-45	43.2817
0.25	-45	98.5659
0.25	-45	109.228
0.25	-45	108.207
0.25	-45	-108.372
0.25	-45	161.042
0.25	-45	-81.9102
0.25	-45	59.5704
0.25	-45	51.9773
0.25	-45	-82.4267
0.25	-45	47.2235
0.25	-45	159.24
0.25	-45	-42.1674
0.25	-45	152.863
0.25	-45	173.278
0.25	-45	72.2168
0.25	-45	-83.8081
0.25	-45	-145.387
0.25	-45	27.6385
0.25	-45	-24.7783
0.25	-45	144.872
0.25	-45	71.031
0.25	-45	107.558
0.25	-45	90.9907
0.25	-45	-48.5061
0.25	-45	13.0943
0.25	-45	69.8726
0.25	-45	-105.073
0.25	-45	0.653818
0.25	-45	-47.3583
0.25	-45	116.743
0.25	-45	156.34
0.25	-45	89.7579
0.25	-45	-115.455
0.25	-45	49.0259
0.25	-45	17.3351
0.25	-45	-146.538
0.25	-45	57.4356
0.25	-45	94.5126
0.25	-45	32.1039
0.25	-45	-15.5313
0.25	-45	-12.9754
0.25	-45	71.1337
0.25	-45	145.909
0.25	-45	53.7621
0.25	-45	-120.81
0.25	-45	115.034
0.25	-45	-36.0587
0.25	-45	161.27
0.25	-45	38.2709
0.25	-45	64.0081
0.25	-45	-169.99
0.25	-45	162.499
0.25	-45	-95.7734
0.25	-45	41.9266
0.25	-45	-99.9929
0.25	-45	-85.3544
0.25	-45	-7.18464
0.25	-45	-94.6302
0.25	-45	-7.98744
0.25	-45	-102.052
0.25	-45	-50.7665
0.25	-45	33.5333
0.25	-45	-25.7838
0.25	-45	-149.28
0.25	-45	-101.007
0.25	-45	99.5436
0.25	-45	-101.025
0.25	-45	174.218
0.25	-45	-176.435
0.25	-45	-118.71
0.25	-45	-65.331
0.25	-45	32.1336
0.25	-45	83.8829
0.25	-45	-79.5614
0.25	-45	100.153
0.25	-45	20.1905
0.25	-45	-156.25
0.25	-45	59.2522
0.25	-45	40.7906
0.25	-45	-27.9398
0.25	-45	-118.189
0.25	-45	-127.996
0.25	-45	171.425
0.25	-45	-28.1837
0.25	-45	-104.536
0.25	-45	30.8259
0.25	-45	131.388
0.25	-45	-119.836
0.25	-45	-124.384
0.25	-45	-120.995
0.25	-45	116.892
0.25	-45	73.3078
0.25	-45	27.6345
0.25	-45	5.58833
0.25	-45	-66.0243
0.25	-45	-85.1477
0.25	-45	51.0571
0.25	-45	-168.691
0.25	-45	-158.123
0.25	-45	-7.20092
0.25	-45	-6.58767
0.25	-45	85.7787
0.25	-45	-170.392
0.25	-45	-167.42
0.25	-45	47.888
0.25	-45	-65.0008
0.25	-45	20.9014
0.25	-45	-151.425
0.25	-45	116.314
0.25	-45	131.518
0.25	-45	161.159
0.25	-45	-135.454
0.25	-45	46.0987
0.25	-45	53.2284
0.25	-45	87.2423
0.25	-45	-153.54
0.25	-45	-130.143
0.25	-45	-164.074
0.25	-45	-125.818
0.25	-45	-26.8515
0.25	-45	19.2012
0.25	-45	-5.54163
0.25	-45	-62.523
0.25	-45	-169.104
0.25	-45	76.0015
0.25	-45	87.944
0.25	-45	-113.495
0.25	-45	-53.033
0.25	-45	-24.7658
0.25	-45	156.777
0.25	-45	23.8205
0.25	-45	-169.917
0.25	-45	-0.53104
0.25	-45	83.4719
0.25	-45	-28.3729
0.25	-45	-62.6557
0.25	-45	-134.61
0.25	-45	104.623
0.25	-45	-55.0507
0.25	-45	166.673
0.25	-45	41.4953
0.25	-45	-155.339
0.25	-45	131.542
0.25	-45	-125.844
0.25	-45	-90.0817
0.25	-45	147.251
0.25	-45	2.9256
0.25	-45	-168.359
0.25	-45	-40.453
0.25	-45	-152.714
0.25	-45	105.192
0.25	-45	-172.155
0.25	-45	-133.268
0.25	-45	100.423
0.25	-45	92.6973
0.25	-45	-138.875
0.25	-45	-123.386
0.25	-45	-169.577
0.25	-45	3.05311
0.25	-45	105.177
0.25	-45	-9.02644
0.25	-45	131.233
0.25	-45	72.1732
0.25	-45	35.4682
0.25	-45	-61.0331
0.25	-45	27.6972
0.25	-45	87.494
0.25	-45	48.6137
0.25	-45	-106.695
0.25	-45	-171.475
0.25	-45	114.109
0.25	-45	-141.814
0.25	-45	141.331
0.25	-45	165.758
0.25	-45	85.0874
0.25	-45	95.5451
0.25	-45	116.938
0.25	-45	22.7906
0.25	-45	119.519
0.25	-45	-3.80271
0.25	-45	-47.661
0.25	-45	-109.944
0.25	-45	-114.265
0.25	-45	-138.547
0.25	-45	141.133
0.25	-45	73.1066
0.25	-45	-46.8414
0.25	-45	133.148
0.25	-45	-176.472
0.25	-45	110.162
0.25	-45	-73.8154
0.25	-45	-146.05
0.25	-45	67.3813
0.25	-45	169.045
0.25	-45	107.742
0.25	-45	-155.121
0.25	-45	129.231
0.25	-45	-129.503
0.25	-45	48.5426
0.25	-45	-98.709
0.25	-45	-144.808
0.25	-45	-146.961
0.25	-45	63.7709
0.25	-45	53.9544
0.25	-45	-104.337
0.25	-45	-85.9469
0.25	-45	114.064
0.25	-45	111.715
0.25	-45	-164.611
0.25	-45	50.1149
0.25	-45	-50.2961
0.25	-45	82.3243
0.25	-45	-155.702
0.25	-45	43.6692
0.25	-45	-68.7625
0.25	-45	35.1306
0.25	-45	114.313
0.25	-45	14.1412
0.25	-45	171.888
0.25	-45	-32.474
0.25	-45	-157.866
0.25	-45	177.027
0.25	-45	-76.6015
0.25	-45	155.746
0.25	-45	116.257
0.25	-45	-52.5007
0.25	-45	118.321
0.25	-45	174.2
0.25	-45	15.598
0.25	-45	-164.88
0.25	-45	24.2815
0.25	-45	-67.4838
0.25	-45	171.979
0.25	-45	-125.921
0.25	-45	-100.577
0.25	-45	-157.433
0.25	-45	-147.076
0.25	-45	141.858
0.25	-45	-176.78
0.25	-45	-165.329
0.25	-45	-112.498
0.25	-45	-15.6947
0.25	-45	-130.007
0.25	-45	-67.72
0.25	-45	26.3661
0.25	-45	-100.715
0.25	-45	170.907
0.25	-45	-7.33224
0.25	-45	-99.1265
0.25	-45	173.402
0.25	-45	49.025
0.25	-45	-100.074
0.25	-45	66.3054
0.25	-45	-70.4815
0.25	-45	2.50367
0.25	-45	-167.033
0.25	-45	-15.6755
0.25	-45	-165.593
0.25	-45	-121.696
0.25	-45	-145.355
0.25	-45	146.285
0.25	-45	145.152
0.25	-45	45.2672
0.25	-45	20.7742
0.25	-45	117.77
0.25	-45	-132.72
0.25	-45	-92.9652
0.25	-45	178.602
0.25	-45	116.085
0.25	-45	-91.8511
0.25	-45	-61.204
0.25	-45	-54.2812
0.25	-45	-30.2658
0.25	-45	-18.8181
0.25	-45	-36.785
0.25	-45	61.4035
0.25	-45	43.6046
0.25	-45	109.776
0.25	-45	-0.0728008
0.25	-45	67.89
0.25	-45	58.8827
0.25	-45	75.1941
0.25	-45	-129.887
0.25	-45	-107.209
0.25	-45	-140.643
0.25	-45	55.1142
0.25	-45	135.24
0.25	-45	-126.009
0.25	-45	40.9931
0.25	-45	-111.97
0.25	-45	90.3376
0.25	-45	96.6071
0.25	-45	-102.241
0.25	-45	72.9711
0.25	-45	72.0709
0.25	-45	-65.0277
0.25	-45	173.259
0.25	-45	-6.73927
0.25	-45	172.331
0.25	-45	-32.614
0.25	-45	-164.504
0.25	-45	8.23118
0.25	-45	166.545
0.25	-45	85.6201
0.25	-45	35.1378
0.25	-45	64.0448
0.25	-45	176.083
0.25	-45	178.656
0.25	-45	20.5306
0.25	-45	133.401
0.25	-45	39.0013
0.25	-45	27.1788
0.25	-45	112.699
0.25	-45	169.426
0.25	-45	-95.7445
0.25	-45	129.201
0.25	-45	132.814
0.25	-45	29.8186
0.25	-45	175.055
0.25	-45	129.521
0.25	-45	-82.011
0.25	-45	-164.709
0.25	-45	41.3032
0.25	-45	-166.52
0.25	-45	-82.1792
0.25	-45	-173.63
0.25	-45	-72.4425
0.25	-45	-69.8534
0.25	-45	25.0171
0.25	-45	-151.757
0.25	-45	-139.688
0.25	-45	111.27
0.25	-45	126.702
0.25	-45	-163.872
0.25	-45	126.312
0.25	-45	-7.4708
0.25	-45	176.038
0.25	-45	-95.2182
0.25	-45	-28.6613
0.25	-45	33.9264
0.25	-45	57.8288
0.25	-45	176.239
0.25	-45	24.0011
0.25	-45	131.801
0.25	-45	24.7557
