pol	phi
0.3	-176.952
0.3	48.1349
0.3	-15.4802
0.3	94.4301
0.3	35.5613
0.3	24.6009
0.3	159.535
0.3	-82.9437
0.3	65.3624
0.3	-86.4445
0.3	-134.546
0.3	-64.8401
0.3	127.868
0.3	133.203
0.3	34.0244
0.3	-15.1609
0.3	55.7026
0.3	-119.152
0.3	97.6407
0.3	88.2565
0.3	-19.3374
0.3	-29.7319
0.3	76.3049
0.3	-161.028
0.3	-20.0664
0.3	104.333
0.3	157.347
0.3	60.2352
0.3	-106.599
0.3	4.03867
0.3	-112.379
0.3	161.476
0.3	122.635
0.3	98.1508
0.3	-99.6343
0.3	126.549
0.3	132.651
0.3	-137.99
0.3	61.6438
0.3	92.4761
0.3	-98.7983
0.3	76.3144
0.3	-110.941
0.3	-148.123
0.3	-175.074
0.3	145.659
0.3	171.417
0.3	135.729
0.3	149.572
0.3	-134.411
0.3	-155.204
0.3	73.6421
0.3	-83.5512
0.3	143.563
0.3	-173.684
0.3	144.878
0.3	94.3318
0.3	62.1348
0.3	-64.7447
0.3	166.273
0.3	114.143
0.3	38.9608
0.3	80.4119
0.3	59.273
0.3	109.21
0.3	-169.304
0.3	-15.4032
0.3	177.717
0.3	143.313
0.3	-37.6984
0.3	135.379
0.3	-107.832
0.3	-124.133
0.3	117.127
0.3	-101.868
0.3	-153.742
0.3	103.143
0.3	61.5012
0.3	-157.7
0.3	-97.2959
0.3	-13.9205
0.3	175.304
0.3	-90.2508
0.3	-102.256
0.3	54.6347
0.3	49.349
0.3	98.951
0.3	137.065
0.3	-135.867
0.3	-138.676
0.3	35.3953
0.3	-62.852
0.3	-122.688
0.3	0.979641
0.3	-134.033
0.3	-56.4139
0.3	117.627
0.3	-124.399
0.3	1.28605
0.3	-175.556
0.3	-33.6521
0.3	-176.3
0.3	-70.0788
0.3	38.2464
0.3	-11.1891
0.3	13.794
0.3	104.783
0.3	-149.883
0.3	-47.2546
0.3	101.29
0.3	65.1846
0.3	169.555
0.3	75.3653
0.3	-95.1696
0.3	-175.947
0.3	-166.259
0.3	-153.026
0.3	150.256
0.3	-128.264
0.3	-47.7759
0.3	-60.8462
0.3	42.9294
0.3	-118.813
0.3	-28.0267
0.3	1.03317
0.3	16.6213
0.3	15.2684
0.3	-129.073
0.3	41.055
0.3	-49.929
0.3	-40.6169
0.3	172.705
0.3	-51.0244
0.3	117.611
0.3	-70.3686
0.3	-110.145
0.3	146.564
0.3	-33.859
0.3	-164.674
0.3	-27.128
0.3	-81.4355
0.3	137.715
0.3	-94.3078
0.3	171.926
0.3	128.532
0.3	76.946
0.3	-42.7603
0.3	160.543
0.3	50.2343
0.3	127.329
0.3	85.1935
0.3	28.6033
0.3	-127.109
0.3	-48.7126
0.3	23.1976
0.3	92.1609
0.3	-113.797
0.3	-106.658
0.3	-137.758
0.3	171.927
0.3	-87.0657
0.3	158.363
0.3	50.012
0.3	131.396
0.3	47.6697
0.3	-171.985
0.3	85.446
0.3	141.059
0.3	-139.806
0.3	28.3217
0.3	91.8191
0.3	-6.89224
0.3	-32.8475
0.3	-38.4438
0.3	153.337
0.3	-71.6022
0.3	-67.0338
0.3	47.3526
0.3	-31.4021
0.3	-46.8742
0.3	10.9513
0.3	-153.605
0.3	-6.29401
0.3	175.188
0.3	156.331
0.3	127.652
0.3	-53.8599
0.3	34.9104
0.3	-67.0513
0.3	-26.6766
0.3	15.1241
0.3	23.4496
0.3	-24.7272
0.3	137.443
0.3	-73.1019
0.3	55.4828
0.3	118.784
0.3	34.6489
0.3	-62.3028
0.3	93.4722
0.3	37.1285
0.3	175.201
0.3	23.4253
0.3	-97.2835
0.3	112.56
0.3	-12.678
0.3	127.855
0.3	92.1361
0.3	69.9457
0.3	-55.0283
0.3	128.058
0.3	-27.8054
0.3	17.3089
0.3	-178.716
0.3	21.8339
0.3	80.1721
0.3	20.6644
0.3	-94.0992
0.3	-176.34
0.3	111.027
0.3	-21.785
0.3	55.69
0.3	154.935
0.3	-32.3906
0.3	20.8787
0.3	147.033
0.3	9.81103
0.3	-112.255
0.3	150.706
0.3	52.3874
0.3	-77.729
0.3	34.1716
0.3	-112.748
0.3	-18.0404
0.3	-58.0133
0.3	-51.571
0.3	-155.618
0.3	-104.279
0.3	-164.202
0.3	-95.4264
0.3	163.005
0.3	-135.686
0.3	-41.3484
0.3	146.724
0.3	-54.7536
0.3	133.696
0.3	-39.3546
0.3	109.709
0.3	-61.8943
0.3	124.007
0.3	-162.399
0.3	59.0011
0.3	173.06
0.3	-3.18498
0.3	-82.2239
0.3	167.923
0.3	44.1933
0.3	-12.6764
0.3	-23.7202
0.3	17.1208
0.3	111.704
0.3	-101.103
0.3	161.139
0.3	133.637
0.3	116.65
0.3	-21.6567
0.3	-138.582
0.3	49.4926
0.3	149.44
0.3	139.888
0.3	115.806
0.3	-30.8796
0.3	-53.1806
0.3	-150.005
0.3	-35.5615
0.3	168.938
0.3	146.596
0.3	-29.6054
0.3	-11.5357
0.3	-177.385
0.3	-22.9769
0.3	117.615
0.3	6.50177
0.3	-157.403
0.3	169.485
0.3	61.8972
0.3	-98.8415
0.3	26.4821
0.3	-168.396
0.3	106.504
0.3	178.237
0.3	-173.712
0.3	56.8313
0.3	13.5417
0.3	19.2787
0.3	-153.271
0.3	-178.334
0.3	142.581
0.3	70.8119
0.3	-70.9137
0.3	158.32
0.3	-28.9084
0.3	118.628
0.3	169.555
0.3	111.567
0.3	6.44694
0.3	30.593
0.3	60.0082
0.3	124.001
0.3	-64.7729
0.3	0.792134
0.3	96.0878
0.3	-17.8143
0.3	66.1756
0.3	144.116
0.3	102.214
0.3	-175.87
0.3	-5.79252
0.3	-138.71
0.3	-12.3713
0.3	150.155
0.3	15.5133
0.3	-60.5745
0.3	87.813
0.3	-54.2603
0.3	-18.4502
0.3	-79.9591
0.3	33.5804
0.3	67.8076
0.3	-28.1205
0.3	30.5778
0.3	105.536
0.3	37.6912
0.3	151.724
0.3	-113.65
0.3	-106.229
0.3	130.486
0.3	-128.978
0.3	-171.29
0.3	-162.443
0.3	173.811
0.3	-32.1842
0.3	101.195
0.3	147.516
0.3	-45.4775
0.3	1.23391
0.3	136.302
0.3	-154.191
0.3	132.547
0.3	127.33
0.3	-79.0367
0.3	145.896
0.3	21.5302
0.3	94.614
0.3	-96.742
0.3	-160.536
0.3	-128.931
0.3	0.561163
0.3	-23.3451
0.3	-64.7474
0.3	43.2857
0.3	-40.5812
0.3	172.696
0.3	124.361
0.3	-135.478
0.3	-0.368799
0.3	-44.9267
0.3	-26.0154
0.3	126.096
0.3	-76.9639
0.3	57.3142
0.3	-3.36628
0.3	-175.305
0.3	148.43
0.3	163.84
0.3	-132.63
0.3	-159.28
0.3	-145.84
0.3	-7.14378
0.3	-141.602
0.3	29.1266
0.3	-69.5805
0.3	111.2
0.3	-14.4273
0.3	129.515
0.3	-46.9545
0.3	-108.721
0.3	141.691
0.3	31.8665
0.3	-53.2232
0.3	173.064
0.3	97.7028
0.3	155.356
0.3	-41.3886
0.3	-117.361
0.3	141.262
0.3	154.693
0.3	-73.5491
0.3	102.544
0.3	39.8473
0.3	-99.5722
0.3	-82.6396
0.3	13.9351
0.3	-84.0363
0.3	-164.612
0.3	63.5931
0.3	-107.545
0.3	164.763
0.3	14.7071
0.3	-96.0639
0.3	-67.4298
0.3	-18.016
0.3	36.2528
0.3	57.2736
0.3	60.0857
0.3	113.232
0.3	15.4517
0.3	-104.381
0.3	149.119
0.3	-176.481
0.3	123.43
0.3	159.696
0.3	-165.642
0.3	77.175
0.3	-76.9167
0.3	-142.242
0.3	-102.517
0.3	-40.3041
0.3	-20.4911
0.3	-145.179
0.3	-1.1461
0.3	-88.6834
0.3	65.3138
0.3	-19.0784
0.3	3.21389
0.3	144.215
0.3	51.0149
0.3	109.221
0.3	149.705
0.3	118.561
0.3	134.072
0.3	49.4282
0.3	-120.898
0.3	-115.853
0.3	37.9245
0.3	104.602
0.3	127.261
0.3	28.7626
0.3	-87.7607
0.3	127.227
0.3	-55.0017
0.3	-174.696
0.3	174.906
0.3	-109.058
0.3	-92.5398
0.3	134.751
0.3	35.3029
0.3	-66.0598
0.3	31.4451
0.3	-18.6568
0.3	144.781
0.3	137.701
0.3	-23.6427
0.3	-86.0518
0.3	127.028
0.3	144.624
0.3	138.363
0.3	87.3035
0.3	-31.6622
0.3	-57.8086
0.3	81.6273
0.3	-40.5812
0.3	-142.038
0.3	179.128
0.3	-9.79118
0.3	115.009
0.3	-173.133
0.3	-25.0665
0.3	55.8381
0.3	74.0663
0.3	-18.4458
0.3	179.32
0.3	36.2697
0.3	41.9888
0.3	95.7195
0.3	12.8548
0.3	172.443
0.3	-64.904
0.3	-133.467
0.3	-62.058
0.3	-157.93
0.3	-165.652
0.3	-60.9407
0.3	-138.122
0.3	131.502
0.3	167.9
0.3	104.773
0.3	58.1241
0.3	-75.0247
0.3	115.306
0.3	-175.876
0.3	-145.579
0.3	116.46
0.3	-174.403
0.3	100.36
0.3	30.2029
0.3	-124.311
0.3	127.945
0.3	138.281
0.3	-44.3625
0.3	-135.971
0.3	-149.343
0.3	-2.0165
0.3	-38.3867
0.3	86.7406
0.3	-53.3633
0.3	-46.4489
0.3	136.726
0.3	-95.1293
0.3	-15.1235
0.3	166.952
0.3	-127.078
0.3	90.0264
0.3	85.7141
0.3	55.7957
0.3	144.724
0.3	-158.118
0.3	-79.6915
0.3	-56.9999
0.3	139.583
0.3	84.885
0.3	-93.7589
0.3	125.141
0.3	129.613
0.3	-129.326
0.3	-12.8539
0.3	-113.748
0.3	143.851
0.3	-52.1404
0.3	167.52
0.3	-49.2138
0.3	-141.821
0.3	-132.01
0.3	-62.3539
0.3	5.28402
0.3	66.1194
0.3	128.395
0.3	88.698
0.3	-61.9578
0.3	-76.2356
0.3	-36.8024
0.3	-12.3814
0.3	-54.0166
0.3	40.568
0.3	-43.6585
0.3	-172.855
0.3	153.992
0.3	-4.81037
0.3	91.7965
0.3	36.282
0.3	93.8438
0.3	88.3304
0.3	170.791
0.3	98.6114
0.3	-111.652
0.3	137.499
0.3	-95.5113
0.3	22.3432
0.3	98.9876
0.3	27.026
0.3	98.0132
0.3	59.6756
0.3	140.682
0.3	-35.6808
0.3	-128.651
0.3	99.4382
0.3	17.6643
0.3	-98.4594
0.3	60.2865
0.3	-88.2926
0.3	24.6183
0.3	-47.9857
0.3	-100.907
0.3	133.973
0.3	-178.867
0.3	-13.9615
0.3	-33.2321
0.3	12.695
0.3	126.029
0.3	-95.9711
0.3	156.758
0.3	-1.37888
0.3	117.528
0.3	148.83
0.3	-161.823
0.3	-177.421
0.3	-58.3318
0.3	-123.967
0.3	-15.0218
0.3	3.71809
0.3	140.03
0.3	27.4921
0.3	-62.0782
0.3	130.368
0.3	175.257
0.3	154.567
0.3	73.8193
0.3	21.949
0.3	-110.476
0.3	-103.494
0.3	-147.222
0.3	10.5173
0.3	-33.3341
0.3	30.4556
0.3	32.232
0.3	82.7259
0.3	8.90837
0.3	-11.9759
0.3	72.3002
0.3	34.939
0.3	91.6366
0.3	-174.491
0.3	146.556
0.3	120.619
0.3	-167.256
0.3	-7.30532
0.3	134.878
0.3	-45.2557
0.3	-126.604
0.3	138.62
0.3	41.3096
0.3	51.6374
0.3	-25.3005
0.3	112.439
0.3	-107.288
0.3	20.4019
0.3	171.682
0.3	35.1324
0.3	-106.235
0.3	98.1853
0.3	26.4068
0.3	-9.41183
0.3	-89.8664
0.3	73.1761
0.3	-51.1424
0.3	-67.4062
0.3	-131.196
0.3	169.439
0.3	92.0352
0.3	-18.0308
0.3	-174.174
0.3	-60.0047
0.3	-40.1545
0.3	-107.66
0.3	-168.02
0.3	-43.8255
0.3	160.571
0.3	-70.2603
0.3	91.6406
0.3	-13.9957
0.3	-23.7913
0.3	-12.5269
0.3	146.844
0.3	-5.45267
0.3	133.217
0.3	141.67
0.3	132.607
0.3	138.427
0.3	174.248
0.3	176.266
0.3	147.933
0.3	-92.4063
0.3	-109.917
0.3	39.9073
0.3	-150.782
0.3	15.2129
0.3	6.86789
0.3	-16.6634
0.3	-27.8828
0.3	145.457
0.3	9.25206
0.3	132.223
0.3	-176.864
0.3	52.4653
0.3	133.217
0.3	-37.2459
0.3	133.235
0.3	-53.3525
0.3	173.61
0.3	-61.1477
0.3	121.761
0.3	78.1693
0.3	-73.7577
0.3	16.048
0.3	55.1204
0.3	100.062
0.3	-126.004
0.3	-89.3429
0.3	51.5397
0.3	7.62581
0.3	-43.1385
0.3	89.8259
0.3	40.6444
0.3	-84.2192
0.3	-163.08
0.3	82.8246
0.3	-13.5017
0.3	-142.688
0.3	53.7742
0.3	-116.845
0.3	157.407
0.3	-173.049
0.3	-28.5697
0.3	-13.5425
0.3	-94.2164
0.3	-4.02423
0.3	-160.861
0.3	46.4707
0.3	-119.503
0.3	105.986
0.3	-145.605
0.3	58.0609
0.3	99.5841
0.3	3.9666
0.3	84.0107
0.3	21.1808
0.3	151.623
0.3	139.906
0.3	-88.9719
0.3	147.997
0.3	172.794
0.3	-3.92336
0.3	136.978
0.3	-155.209
0.3	128.371
0.3	40.8894
0.3	119.285
0.3	-131.336
0.3	-7.5748
0.3	-34.6678
0.3	-26.4624
0.3	17.3554
0.3	12.9773
0.3	159.533
0.3	-148.117
0.3	153.088
0.3	-78.4548
0.3	-137.389
0.3	-92.6261
0.3	77.2966
0.3	-172.804
0.3	-0.655542
0.3	-163.394
0.3	88.4135
0.3	-176.176
0.3	35.0332
0.3	168.458
0.3	65.0329
0.3	-91.0761
0.3	128.862
0.3	-148.121
0.3	127.185
0.3	79.4731
0.3	104.435
0.3	-114.554
0.3	51.6165
0.3	0.580408
0.3	149.616
0.3	142.456
0.3	171.913
0.3	144.831
0.3	16.0709
0.3	-153.111
0.3	-21.8433
0.3	34.9519
0.3	-70.7335
0.3	31.4578
0.3	-0.393473
0.3	137.985
0.3	116.163
0.3	-82.2075
0.3	94.263
0.3	52.4178
0.3	137.448
0.3	60.1003
0.3	-58.0919
0.3	-35.4722
0.3	-175.339
0.3	57.2646
0.3	50.0154
0.3	-27.0386
0.3	105.624
0.3	110.032
0.3	41.7069
0.3	47.8116
0.3	-53.5923
0.3	-129.691
0.3	-18.514
0.3	71.3961
0.3	-132.392
0.3	160.801
0.3	-145.577
0.3	-169.044
0.3	95.6428
0.3	-58.0257
0.3	-115.757
0.3	-3.59979
0.3	11.5201
0.3	56.2355
0.3	133.339
0.3	73.9646
0.3	-100.338
0.3	-66.2736
0.3	-14.8587
0.3	35.3196
0.3	-132.239
0.3	4.04623
0.3	150.715
0.3	170.926
0.3	-6.0099
0.3	25.5489
0.3	-9.35971
0.3	149.238
0.3	134.917
0.3	-28.1706
0.3	-174.81
0.3	-65.6405
0.3	-124.3
0.3	-26.5323
0.3	-60.2355
0.3	-176.143
0.3	-22.1707
0.3	1.31779
0.3	-116.27
0.3	177.972
0.3	153.118
0.3	-73.8929
0.3	-29.3686
0.3	-0.058959
0.3	-15.2517
0.3	157.077
0.3	2.60764
0.3	5.21099
0.3	17.3032
0.3	-23.4512
0.3	-70.7602
0.3	-133.904
0.3	140.308
0.3	-166.34
0.3	174.405
0.3	119.733
0.3	92.7196
0.3	-74.0862
0.3	5.48457
0.3	171.232
0.3	5.45482
0.3	79.2857
0.3	-104.926
0.3	162.491
0.3	155.144
0.3	77.975
0.3	124.541
0.3	-83.2838
0.3	125.905
0.3	-97.9951
0.3	-35.4494
0.3	-30.3704
0.3	128.414
0.3	144.05
0.3	125.245
0.3	-71.5102
0.3	5.08211
0.3	135.994
0.3	111.304
0.3	-17.1522
0.3	-28.6762
0.3	-30.2049
0.3	58.3644
0.3	93.111
0.3	43.188
0.3	104.462
0.3	166.117
0.3	-64.3688
0.3	-74.4581
0.3	-29.0718
0.3	-38.6614
0.3	-136.607
0.3	57.0182
0.3	-28.4019
0.3	154.017
0.3	110.386
0.3	-161.359
0.3	-20.5141
0.3	83.8792
0.3	176.004
0.3	-160.365
0.3	-170.63
0.3	-12.0431
0.3	7.38147
0.3	-64.5943
0.3	42.8393
0.3	-35.2557
0.3	163.513
0.3	-153.365
0.3	115.094
0.3	94.3868
0.3	-37.1293
0.3	-72.8935
0.3	69.6118
0.3	-6.28832
0.3	106.349
0.3	154.935
0.3	100.229
0.3	-136.964
0.3	-149.074
0.3	14.446
0.3	8.48534
0.3	53.4412
0.3	-141.06
0.3	107.086
0.3	11.5024
0.3	162.39
0.3	58.825
0.3	-98.2933
0.3	-10.7975
0.3	149.815
0.3	179.315
0.3	-79.2813
0.3	-97.8787
0.3	-0.451864
0.3	-132.614
0.3	12.6147
0.3	-131.445
0.3	-68.5803
0.3	-159.917
0.3	112.465
0.3	64.3283
0.3	97.4115
0.3	120.403
0.3	-75.8236
0.3	82.2857
0.3	81.1208
0.3	-12.8131
0.3	-122.836
0.3	162.793
0.3	-18.7577
0.3	-47.7454
0.3	-79.9664
0.3	-77.2526
0.3	103.229
0.3	-45.013
0.3	-45.4213
0.3	-154.77
0.3	118.635
0.3	-31.3997
0.3	-66.2181
0.3	114.614
0.3	-82.0831
0.3	145.017
0.3	112.286
0.3	-58.6199
0.3	104.728
0.3	-176.858
0.3	-61.1174
0.3	-31.0666
0.3	76.5332
0.3	118.022
0.3	-9.02305
0.3	10.2007
0.3	165.961
0.3	-134.55
0.3	130.839
0.3	-133.758
0.3	-95.8959
0.3	51.8346
0.3	-166.985
0.3	20.4641
0.3	-131.471
0.3	140.406
0.3	14.1963
0.3	-109.752
0.3	-59.8666
0.3	83.59
0.3	-103.609
0.3	-74.9452
0.3	-79.2073
0.3	-23.1523
0.3	143.454
0.3	-75.2933
0.3	58.6169
0.3	-71.7799
0.3	173.229
0.3	128.588
0.3	-38.3435
0.3	-18.7807
0.3	-67.5416
0.3	-98.1674
0.3	76.8975
0.3	-4.10744
0.3	-91.2877
0.25	51.4776
0.25	11.2191
0.25	-11.9064
0.25	-37.6933
0.25	60.0901
0.25	-152.455
0.25	116.16
0.25	141.735
0.25	117.086
0.25	-84.5974
0.25	-17.4183
0.25	-172.451
0.25	48.2731
0.25	103.537
0.25	78.5584
0.25	-61.3678
0.25	-146.514
0.25	148.154
0.25	-177.039
0.25	-126.73
0.25	-92.6079
0.25	-35.7203
0.25	37.8964
0.25	43.2504
0.25	173.958
0.25	-119.319
0.25	-34.397
0.25	-172.959
0.25	40.0498
0.25	160.768
0.25	108.406
0.25	-113.609
0.25	8.37951
0.25	-62.4455
0.25	30.9535
0.25	86.4726
0.25	158.54
0.25	-119.435
0.25	55.201
0.25	132.583
0.25	-110.894
0.25	94.9805
0.25	-151.361
0.25	-68.9627
0.25	6.2994
0.25	26.8562
0.25	-154.522
0.25	29.5544
0.25	-80.7763
0.25	-60.5622
0.25	-176.757
0.25	-78.6126
0.25	46.446
0.25	22.291
0.25	-74.0492
0.25	119.112
0.25	-87.1991
0.25	60.237
0.25	-90.9482
0.25	-18.7277
0.25	-31.1636
0.25	75.7592
0.25	101.476
0.25	-50.7172
0.25	-98.3598
0.25	-68.4093
0.25	-13.8611
0.25	76.2985
0.25	-55.925
0.25	30.0179
0.25	-168.532
0.25	-77.4793
0.25	-21.9782
0.25	122.808
0.25	30.6961
0.25	-128.036
0.25	-126.131
0.25	156.88
0.25	-76.8902
0.25	38.1336
0.25	87.8304
0.25	-17.7935
0.25	-125.805
0.25	-75.0055
0.25	57.9648
0.25	64.6363
0.25	122.936
0.25	-16.5828
0.25	-178.878
0.25	-6.67852
0.25	142.142
0.25	-101.003
0.25	81.6581
0.25	135.348
0.25	-88.9011
0.25	149.596
0.25	-18.9913
0.25	-86.2789
0.25	37.0121
0.25	-121.87
0.25	-62.4295
0.25	-0.0246023
0.25	-108.386
0.25	-80.1443
0.25	29.435
0.25	155.635
0.25	147.707
0.25	-111.468
0.25	116.028
0.25	-152.419
0.25	-113.457
0.25	165.251
0.25	142.68
0.25	-82.1401
0.25	11.7483
0.25	54.3975
0.25	-66.9601
0.25	-27.7635
0.25	-90.7605
0.25	57.5916
0.25	-150.376
0.25	-161.654
0.25	113.345
0.25	-34.0482
0.25	113.248
0.25	79.7956
0.25	4.73535
0.25	-117.785
0.25	37.7061
0.25	-136.483
0.25	108.553
0.25	-7.55262
0.25	145.688
0.25	-138.131
0.25	-170.342
0.25	106.021
0.25	-174.477
0.25	-127.952
0.25	1.9627
0.25	20.7327
0.25	-80.7011
0.25	-94.4673
0.25	16.2233
0.25	-64.4651
0.25	61.7832
0.25	90.9459
0.25	-1.01078
0.25	1.09657
0.25	-78.8329
0.25	-64.4437
0.25	-122.09
0.25	-27.5869
0.25	-147.192
0.25	-63.9897
0.25	-106.726
0.25	119.199
0.25	-13.718
0.25	83.0816
0.25	-164.208
0.25	106.463
0.25	8.43884
0.25	-66.118
0.25	-21.0355
0.25	24.1819
0.25	23.6113
0.25	-101.715
0.25	25.1822
0.25	-28.4144
0.25	82.2896
0.25	71.2378
0.25	82.7505
0.25	-125.302
0.25	-141.673
0.25	28.5951
0.25	-102.489
0.25	114.103
0.25	-100.718
0.25	147.651
0.25	58.8091
0.25	54.7629
0.25	-81.0707
0.25	90.8121
0.25	83.8599
0.25	11.7632
0.25	-135.284
0.25	109.275
0.25	37.8356
0.25	129.711
0.25	26.5491
0.25	-56.2133
0.25	-82.1344
0.25	112.873
0.25	81.3751
0.25	36.5948
0.25	156.557
0.25	136.394
0.25	30.5315
0.25	-174.011
0.25	52.9591
0.25	11.4175
0.25	-88.2516
0.25	-149.38
0.25	176.883
0.25	-136.128
0.25	124.625
0.25	-48.4175
0.25	6.54771
0.25	-111.149
0.25	82.6944
0.25	-41.2037
0.25	-159.3
0.25	101.183
0.25	-167.8
0.25	9.43049
0.25	-33.3938
0.25	-148.454
0.25	-102.702
0.25	127.178
0.25	-57.466
0.25	-115.966
0.25	-118.47
0.25	35.6118
0.25	-47.1444
0.25	-94.8606
0.25	-34.0132
0.25	167.353
0.25	-91.8036
0.25	-26.4515
0.25	35.5995
0.25	-61.6488
0.25	102.822
0.25	159.734
0.25	-88.2588
0.25	122.745
0.25	-9.63987
0.25	25.4312
0.25	-108.395
0.25	121.665
0.25	32.577
0.25	2.61079
0.25	79.5112
0.25	-93.93
0.25	-39.7228
0.25	-144.13
0.25	76.2889
0.25	-49.3752
0.25	-128.322
0.25	96.018
0.25	81.6897
0.25	134.687
0.25	-3.78897
0.25	16.038
0.25	108.379
0.25	-20.731
0.25	4.96371
0.25	128.967
0.25	-125.036
0.25	16.2991
0.25	-107.217
0.25	-39.5703
0.25	-159.567
0.25	-89.7604
0.25	-2.95881
0.25	-137.284
0.25	123.172
0.25	16.0761
0.25	31.5889
0.25	30.9442
0.25	-0.0457897
0.25	-71.5875
0.25	96.4251
0.25	50.6015
0.25	-23.9022
0.25	110.075
0.25	-6.01542
0.25	-44.0768
0.25	53.3677
0.25	97.8502
0.25	-7.01924
0.25	103.879
0.25	-98.5919
0.25	-139.581
0.25	9.1267
0.25	177.326
0.25	-168.185
0.25	-44.0832
0.25	161.104
0.25	-158.11
0.25	-31.7487
0.25	136.681
0.25	34.1588
0.25	5.26157
0.25	70.5571
0.25	-19.498
0.25	-99.9479
0.25	13.8551
0.25	146.25
0.25	60.7324
0.25	-41.1008
0.25	-63.0402
0.25	160.413
0.25	-103.448
0.25	-43.3316
0.25	-58.2465
0.25	19.0257
0.25	119.57
0.25	-141.321
0.25	61.6565
0.25	15.3883
0.25	122.7
0.25	64.2983
0.25	-80.9007
0.25	-147.659
0.25	-3.15029
0.25	59.3781
0.25	-15.0827
0.25	-17.6506
0.25	-32.2119
0.25	42.7973
0.25	-1.89337
0.25	44.7706
0.25	59.5551
0.25	-2.03152
0.25	-25.9982
0.25	50.3028
0.25	-117.866
0.25	49.9476
0.25	-105.257
0.25	21.6602
0.25	142.857
0.25	39.6927
0.25	-138.776
0.25	176.62
0.25	-34.339
0.25	-21.2531
0.25	136.606
0.25	-38.8753
0.25	143.881
0.25	138.376
0.25	26.8271
0.25	57.4096
0.25	-70.6034
0.25	-172.577
0.25	4.2792
0.25	29.0695
0.25	35.146
0.25	132.915
0.25	-123.541
0.25	-0.999199
0.25	-64.4509
0.25	170.558
0.25	-100.313
0.25	61.9321
0.25	-68.7423
0.25	37.8092
0.25	88.4753
0.25	7.35621
0.25	54.8921
0.25	173.95
0.25	-42.4627
0.25	150.324
0.25	-170.939
0.25	2.59278
0.25	-103.423
0.25	63.7313
0.25	-56.5403
0.25	15.9837
0.25	141.489
0.25	175.586
0.25	-25.854
0.25	20.9998
0.25	-161.124
0.25	41.7372
0.25	-163.442
0.25	-95.6077
0.25	-147.497
0.25	65.3572
0.25	-81.7485
0.25	-78.0674
0.25	-163.271
0.25	79.3947
0.25	-35.6818
0.25	163.73
0.25	105.611
0.25	-115.746
0.25	63.8849
0.25	132.725
0.25	-14.7558
0.25	-132.803
0.25	170.228
0.25	-140.303
0.25	106.309
0.25	140.858
0.25	120.341
0.25	91.0641
0.25	-82.6134
0.25	-119.068
0.25	63.6068
0.25	99.5125
0.25	-118.612
0.25	9.32043
0.25	106.485
0.25	35.5536
0.25	56.7781
0.25	148.597
0.25	92.6615
0.25	116.107
0.25	119.702
0.25	-161.492
0.25	-123.735
0.25	-57.1541
0.25	106.749
0.25	-34.9433
0.25	31.1257
0.25	-160.986
0.25	-156.511
0.25	102.261
0.25	0.678706
0.25	-81.2112
0.25	-132.92
0.25	75.6537
0.25	84.6052
0.25	66.4214
0.25	173.386
0.25	-152.744
0.25	156.918
0.25	-111.927
0.25	58.7311
0.25	60.7918
0.25	-134.771
0.25	127.441
0.25	-56.9179
0.25	-14.5735
0.25	81.5213
0.25	165.247
0.25	68.5621
0.25	-108.536
0.25	-78.4854
0.25	77.3917
0.25	-78.4637
0.25	-23.2094
0.25	92.386
0.25	27.7787
0.25	63.2835
0.25	-90.8421
0.25	48.8236
0.25	105.761
0.25	36.2185
0.25	118.899
0.25	61.2487
0.25	64.0966
0.25	-79.6478
0.25	-33.4266
0.25	-134.461
0.25	79.8243
0.25	144.746
0.25	-118.432
0.25	106.323
0.25	-165.447
0.25	-136.757
0.25	-127.008
0.25	-176.332
0.25	99.3691
0.25	114.177
0.25	-35.0113
0.25	73.3096
0.25	-46.2908
0.25	54.1967
0.25	-20.5629
0.25	-112.771
0.25	-125.858
0.25	19.848
0.25	-84.8966
0.25	116.236
0.25	-93.571
0.25	-25.9755
0.25	-179.462
0.25	-164.378
0.25	-135.961
0.25	24.1936
0.25	-51.8528
0.25	107.312
0.25	120.081
0.25	59.8663
0.25	89.8998
0.25	-169.814
0.25	-4.44581
0.25	-40.3294
0.25	-58.464
0.25	-39.4169
0.25	2.32241
0.25	-107.567
0.25	83.0853
0.25	-82.4598
0.25	37.4592
0.25	-91.6687
0.25	-19.4237
0.25	136.304
0.25	-13.4518
0.25	-2.40402
0.25	-49.224
0.25	-59.1701
0.25	155.842
0.25	-134.27
0.25	162.531
0.25	-121.25
0.25	-82.7457
0.25	-60.3235
0.25	-127.825
0.25	-162.763
0.25	100.73
0.25	-87.4094
0.25	29.4341
0.25	58.8023
0.25	135.662
0.25	29.1302
0.25	-97.8347
0.25	47.4335
0.25	85.1395
0.25	-126.956
0.25	23.2457
0.25	178.123
0.25	-19.0496
0.25	123.251
0.25	-113.489
0.25	81.9476
0.25	-167.847
0.25	-94.5499
0.25	-51.9032
0.25	-47.0443
0.25	40.5207
0.25	-42.0574
0.25	79.4906
0.25	-60.3599
0.25	45.6229
0.25	-125.344
0.25	-19.022
0.25	17.3054
0.25	169.528
0.25	46.1467
0.25	-7.82677
0.25	93.0108
0.25	48.8815
0.25	-155.634
0.25	-76.8213
0.25	76.1637
0.25	-62.4002
0.25	-99.3961
0.25	24.2383
0.25	29.6161
0.25	74.2217
0.25	-18.2989
0.25	-119.924
0.25	116.891
0.25	167.528
0.25	119.074
0.25	-174.546
0.25	-120.265
0.25	141.449
0.25	-81.7758
0.25	7.52677
0.25	65.1432
0.25	2.78582
0.25	67.1309
0.25	69.7344
0.25	124.63
0.25	-2.49718
0.25	165.936
0.25	-130.627
0.25	-111.748
0.25	-35.2144
0.25	-80.439
0.25	131.573
0.25	19.3557
0.25	139.926
0.25	-4.27127
0.25	152.784
0.25	-25.3403
0.25	165.268
0.25	63.0862
0.25	-141.243
0.25	56.22
0.25	63.1062
0.25	95.8515
0.25	-126.954
0.25	82.9037
0.25	153.311
0.25	0.348212
0.25	110.325
0.25	-90.9829
0.25	-175.649
0.25	-9.49631
0.25	-88.5358
0.25	6.84234
0.25	-28.5429
0.25	-94.2349
0.25	8.95498
0.25	116.753
0.25	-46.1138
0.25	115.196
0.25	82.1897
0.25	-55.9089
0.25	131.252
0.25	-4.91106
0.25	101.959
0.25	-174.602
0.25	48.8683
0.25	-174.931
0.25	-162.26
0.25	-131.179
0.25	27.8004
0.25	-9.89074
0.25	128.636
0.25	64.1083
0.25	70.8913
0.25	13.2137
0.25	-69.3471
0.25	-35.5851
0.25	47.4383
0.25	22.511
0.25	-105.805
0.25	35.7018
0.25	-142.857
0.25	-142.222
0.25	115.035
0.25	-13.6343
0.25	69.8382
0.25	178.332
0.25	-54.0943
0.25	164.89
0.25	89.864
0.25	-15.7695
0.25	162.328
0.25	111.35
0.25	151.179
0.25	164.371
0.25	30.3357
0.25	96.3478
0.25	-3.57482
0.25	-116.962
0.25	28.5647
0.25	-31.3153
0.25	61.1351
0.25	172.575
0.25	53.8089
0.25	-73.6098
0.25	74.6297
0.25	-41.1563
0.25	143.35
0.25	-144.273
0.25	-129.231
0.25	-152.836
0.25	-163.876
0.25	159.777
0.25	-90.1574
0.25	151.589
0.25	96.1697
0.25	62.5163
0.25	163.664
0.25	-160.209
0.25	84.1543
0.25	171.924
0.25	87.3015
0.25	-51.0551
0.25	89.1469
0.25	-135.659
0.25	-151.427
0.25	-23.9166
0.25	121.562
0.25	-147.785
0.25	-171.856
0.25	115.58
0.25	176.38
0.25	26.9287
0.25	-121.066
0.25	8.45722
0.25	-177.136
0.25	-79.4165
0.25	121.906
0.25	-61.2163
0.25	-126.036
0.25	-75.7644
0.25	-174.916
0.25	-142.285
0.25	116.577
0.25	1.5401
0.25	171.105
0.25	-161.168
0.25	143.173
0.25	105.402
0.25	96.2715
0.25	-53.7481
0.25	90.545
0.25	-38.2755
0.25	47.0976
0.25	164.553
0.25	-171.076
0.25	133.917
0.25	-135.345
0.25	122.023
0.25	60.3506
0.25	-27.4031
0.25	28.0181
0.25	-65.4045
0.25	-170.113
0.25	153.567
0.25	5.34128
0.25	-166.675
0.25	-163.071
0.25	-169.107
0.25	-100.061
0.25	73.2597
0.25	-148.17
0.25	-62.3008
0.25	-135.638
0.25	140.005
0.25	18.2551
0.25	144.542
0.25	-5.24583
0.25	7.06971
0.25	-153.262
0.25	98.3651
0.25	127.049
0.25	-174.113
0.25	-104.037
0.25	86.1437
0.25	-167.131
0.25	-177.285
0.25	-40.1188
0.25	66.8287
0.25	-32.2655
0.25	73.3911
0.25	-38.2819
0.25	96.4724
0.25	77.4836
0.25	150.31
0.25	118.819
0.25	124.471
0.25	12.4672
0.25	-127.347
0.25	-110.106
0.25	141.719
0.25	170.453
0.25	73.3456
0.25	-11.7951
0.25	-85.1621
0.25	124.801
0.25	83.5696
0.25	-84.1608
0.25	-36.5081
0.25	48.724
0.25	154.198
0.25	119.286
0.25	33.0479
0.25	71.9825
0.25	53.7293
0.25	-70.778
0.25	-147.899
0.25	122.375
0.25	26.893
0.25	72.9413
0.25	139.469
0.25	-150.995
0.25	163.286
0.25	-175.442
0.25	-32.6925
0.25	147.416
0.25	-103.526
0.25	-84.0223
0.25	38.9949
0.25	64.2415
0.25	156.959
0.25	98.9529
0.25	-25.1478
0.25	148.569
0.25	-75.4562
0.25	90.4551
0.25	-15.7149
0.25	4.24513
0.25	142.014
0.25	177.186
0.25	6.76269
0.25	75.5089
0.25	81.735
0.25	57.7153
0.25	-160.493
0.25	83.1948
0.25	-133.281
0.25	48.4112
0.25	170.971
0.25	60.5509
0.25	-78.767
0.25	-139.138
0.25	-167.555
0.25	78.7071
0.25	71.8585
0.25	-78.1168
0.25	19.2345
0.25	157.292
0.25	17.8563
