pol	setting	phi
0.3	45	-88.8092
0.3	45	-147.361
0.3	45	-140.522
0.3	45	-147.17
0.3	45	67.9369
0.3	45	5.87537
0.3	45	-171.683
0.3	45	122.082
0.3	45	-172.712
0.3	45	162.594
0.3	45	96.5254
0.3	45	-174.736
0.3	45	163.147
0.3	45	-23.8553
0.3	45	67.798
0.3	45	172.467
0.3	45	34.977
0.3	45	-61.3458
0.3	45	-177.502
0.3	45	-3.50947
0.3	45	147.546
0.3	45	-144.875
0.3	45	139.623
0.3	45	-113.232
0.3	45	101.573
0.3	45	-165.808
0.3	45	-51.2561
0.3	45	-141.732
0.3	45	-35.741
0.3	45	2.65697
0.3	45	-18.3114
0.3	45	102.698
0.3	45	176.763
0.3	45	160.724
0.3	45	30.778
0.3	45	-100.959
0.3	45	144.006
0.3	45	-4.05173
0.3	45	40.2543
0.3	45	-85.0599
0.3	45	-126.007
0.3	45	16.8939
0.3	45	-32.6248
0.3	45	-147.345
0.3	45	-20.388
0.3	45	-92.0477
0.3	45	135.769
0.3	45	149.598
0.3	45	46.897
0.3	45	-151.163
0.3	45	149.339
0.3	45	-49.9146
0.3	45	43.951
0.3	45	151.179
0.3	45	120.87
0.3	45	-58.7007
0.3	45	151.239
0.3	45	40.5928
0.3	45	-59.8394
0.3	45	79.5298
0.3	45	129.247
0.3	45	81.747
0.3	45	-132.586
0.3	45	-131.177
0.3	45	-126.05
0.3	45	140.307
0.3	45	8.16886
0.3	45	-149.3
0.3	45	111.838
0.3	45	18.6355
0.3	45	87.3647
0.3	45	-154.536
0.3	45	-40.8152
0.3	45	-159.492
0.3	45	174.883
0.3	45	58.3978
0.3	45	-65.3839
0.3	45	-165.981
0.3	45	162.346
0.3	45	58.1864
0.3	45	94.5274
0.3	45	46.9016
0.3	45	171.651
0.3	45	-54.4688
0.3	45	-11.0187
0.3	45	-107.479
0.3	45	91.7095
0.3	45	-101.522
0.3	45	-54.9576
0.3	45	-32.9035
0.3	45	-128.387
0.3	45	79.8588
0.3	45	55.1864
0.3	45	12.9713
0.3	45	-4.22
0.3	45	-83.1175
0.3	45	140.686
0.3	45	-159.691
0.3	45	108.158
0.3	45	119.09
0.3	45	129.657
0.3	45	-55.5335
0.3	45	-65.6982
0.3	45	-178.981
0.3	45	37.0746
0.3	45	-23.223
0.3	45	-58.0807
0.3	45	95.2945
0.3	45	154.526
0.3	45	-39.9008
0.3	45	116.498
0.3	45	60.4097
0.3	45	-63.7325
0.3	45	-156.043
0.3	45	80.7147
0.3	45	-62.5053
0.3	45	-129.125
0.3	45	-19.6814
0.3	45	156.685
0.3	45	111.261
0.3	45	-11.7202
0.3	45	-138.212
0.3	45	-86.5445
0.3	45	175.153
0.3	45	26.2429
0.3	45	138.645
0.3	45	71.6984
0.3	45	28.7865
0.3	45	-116.957
0.3	45	176.054
0.3	45	-122.035
0.3	45	-42.6337
0.3	45	-108.648
0.3	45	-148.733
0.3	45	-64.1271
0.3	45	-134.774
0.3	45	-25.1841
0.3	45	131.478
0.3	45	-164.348
0.3	45	133.014
0.3	45	-83.7255
0.3	45	-35.2477
0.3	45	4.6786
0.3	45	156.986
0.3	45	25.791
0.3	45	-59.7909
0.3	45	-106.955
0.3	45	83.1199
0.3	45	-44.347
0.3	45	54.3192
0.3	45	68.9709
0.3	45	-22.3301
0.3	45	43.8047
0.3	45	86.967
0.3	45	50.8198
0.3	45	-85.8085
0.3	45	139.391
0.3	45	-77.3614
0.3	45	79.2895
0.3	45	-70.11
0.3	45	55.4869
0.3	45	-91.3907
0.3	45	150.224
0.3	45	-129.958
0.3	45	-41.5067
0.3	45	-24.9653
0.3	45	-0.645152
0.3	45	171.93
0.3	45	-172.051
0.3	45	-42.2649
0.3	45	-112.064
0.3	45	5.46143
0.3	45	111.122
0.3	45	-120.377
0.3	45	-130.133
0.3	45	44.8144
0.3	45	93.6412
0.3	45	92.9134
0.3	45	-10.1028
0.3	45	156.759
0.3	45	-164.729
0.3	45	84.3854
0.3	45	89.1126
0.3	45	-18.3083
0.3	45	121.038
0.3	45	-24.3908
0.3	45	167.713
0.3	45	-26.7325
0.3	45	-19.4998
0.3	45	50.3971
0.3	45	-174.281
0.3	45	-0.281074
0.3	45	117.845
0.3	45	8.19669
0.3	45	62.1445
0.3	45	-156.717
0.3	45	116.434
0.3	45	-169.845
0.3	45	-122.45
0.3	45	109.369
0.3	45	-165.918
0.3	45	-15.162
0.3	45	11.0078
0.3	45	136.642
0.3	45	54.0551
0.3	45	123.508
0.3	45	129.293
0.3	45	-91.6633
0.3	45	117.819
0.3	45	-162.557
0.3	45	-11.3675
0.3	45	-75.575
0.3	45	173.159
0.3	45	-173.98
0.3	45	-70.1988
0.3	45	163.351
0.3	45	-68.7999
0.3	45	74.1676
0.3	45	-32.4026
0.3	45	150.689
0.3	45	-178.375
0.3	45	-131.729
0.3	45	3.79026
0.3	45	88.0242
0.3	45	48.7644
0.3	45	5.81832
0.3	45	-158.789
0.3	45	157.892
0.3	45	98.3648
0.3	45	27.6387
0.3	45	14.6167
0.3	45	-96.9862
0.3	45	153.113
0.3	45	65.5723
0.3	45	-179.632
0.3	45	78.5115
0.3	45	8.32756
0.3	45	63.1578
0.3	45	-115.041
0.3	45	-132.063
0.3	45	9.56575
0.3	45	-1.18713
0.3	45	38.9275
0.3	45	146.641
0.3	45	-25.4591
0.3	45	81.5639
0.3	45	172.756
0.3	45	61.0758
0.3	45	114.822
0.3	45	80.8743
0.3	45	-0.228207
0.3	45	144.498
0.3	45	119.759
0.3	45	164.335
0.3	45	-103.432
0.3	45	-10.8884
0.3	45	-169.009
0.3	45	-26.0896
0.3	45	138.397
0.3	45	-23.4348
0.3	45	-99.7855
0.3	45	-26.8647
0.3	45	24.3851
0.3	45	123.429
0.3	45	-82.9405
0.3	45	9.68745
0.3	45	-105.627
0.3	45	100.114
0.3	45	-81.2484
0.3	45	-146.534
0.3	45	177.675
0.3	45	-55.5852
0.3	45	62.0085
0.3	45	177.812
0.3	45	-15.7081
0.3	45	52.123
0.3	45	-59.2191
0.3	45	52.2965
0.3	45	-15.2259
0.3	45	19.184
0.3	45	-70.9975
0.3	45	-132.167
0.3	45	-171.433
0.3	45	-12.3943
0.3	45	-27.0465
0.3	45	-112.972
0.3	45	-36.0542
0.3	45	48.3135
0.3	45	90.0502
0.3	45	175.938
0.3	45	-55.2069
0.3	45	-40.0802
0.3	45	-27.2371
0.3	45	-127.423
0.3	45	57.3051
0.3	45	-95.218
0.3	45	-172.64
0.3	45	102.859
0.3	45	156.429
0.3	45	-106.502
0.3	45	-159.076
0.3	45	-114.411
0.3	45	172.891
0.3	45	7.43996
0.3	45	-104.945
0.3	45	-175.881
0.3	45	-90.6387
0.3	45	170.175
0.3	45	-142.989
0.3	45	58.6429
0.3	45	-168.288
0.3	45	73.6517
0.3	45	66.5199
0.3	45	-104.166
0.3	45	-146.234
0.3	45	37.1796
0.3	45	0.594117
0.3	45	141.858
0.3	45	-166.793
0.3	45	137.811
0.3	45	-11.1148
0.3	45	101.281
0.3	45	-112.587
0.3	45	-78.7652
0.3	45	53.8754
0.3	45	106.159
0.3	45	-6.77404
0.3	45	-65.1905
0.3	45	5.30033
0.3	45	-100.548
0.3	45	-93.9201
0.3	45	46.782
0.3	45	5.0303
0.3	45	-125.415
0.3	45	-46.0345
0.3	45	3.68669
0.3	45	172.794
0.3	45	-21.8241
0.3	45	-65.5633
0.3	45	10.1862
0.3	45	-101.015
0.3	45	-2.62137
0.3	45	84.8194
0.3	45	-54.4974
0.3	45	10.6605
0.3	45	-74.9532
0.3	45	-52.9217
0.3	45	10.7332
0.3	45	8.84948
0.3	45	129.6
0.3	45	-146.684
0.3	45	13.5971
0.3	45	-106.175
0.3	45	-15.4206
0.3	45	-3.87669
0.3	45	-44.7682
0.3	45	128.605
0.3	45	112.796
0.3	45	-121.965
0.3	45	72.9492
0.3	45	-126.999
0.3	45	-132.363
0.3	45	-139.374
0.3	45	78.6198
0.3	45	-65.4765
0.3	45	-88.1495
0.3	45	70.9496
0.3	45	-42.6929
0.3	45	-26.5836
0.3	45	-128.536
0.3	45	-168.394
0.3	45	-74.323
0.3	45	-159.98
0.3	45	27.0382
0.3	45	-73.7764
0.3	45	15.1398
0.3	45	107.038
0.3	45	58.9035
0.3	45	-51.4724
0.3	45	58.1216
0.3	45	71.9126
0.3	45	145.895
0.3	45	-160.249
0.3	45	-144.838
0.3	45	-97.2775
0.3	45	-70.4813
0.3	45	-114.138
0.3	45	-124.653
0.3	45	-138.451
0.3	45	-124.972
0.3	45	159.462
0.3	45	78.7328
0.3	45	54.7317
0.3	45	-30.5163
0.3	45	78.4279
0.3	45	97.9575
0.3	45	-47.0898
0.3	45	-132.047
0.3	45	-120.391
0.3	45	140.502
0.3	45	129.809
0.3	45	-17.869
0.3	45	-154.802
0.3	45	-8.98048
0.3	45	154.339
0.3	45	134.894
0.3	45	48.8502
0.3	45	-91.5973
0.3	45	-70.5277
0.3	45	33.9156
0.3	45	-93.2146
0.3	45	-141.377
0.3	45	55.5939
0.3	45	-128.429
0.3	45	5.92404
0.3	45	176.297
0.3	45	113.302
0.3	45	-154.261
0.3	45	69.4635
0.3	45	-60.4489
0.3	45	-154.152
0.3	45	96.1723
0.3	45	-77.2085
0.3	45	-12.4682
0.3	45	-163.371
0.3	45	179.981
0.3	45	-131.887
0.3	45	-9.11471
0.3	45	-66.3494
0.3	45	-53.7849
0.3	45	153.212
0.3	45	24.9391
0.3	45	-67.3641
0.3	45	-108.278
0.3	45	-79.1518
0.3	45	139.785
0.3	45	-150.282
0.3	45	-166.802
0.3	45	-155.393
0.3	45	-54.4645
0.3	45	-32.4893
0.3	45	103.847
0.3	45	70.6946
0.3	45	-154.563
0.3	45	-21.5431
0.3	45	-84.7207
0.3	45	84.0617
0.3	45	-18.8643
0.3	45	-9.67393
0.3	45	-54.7186
0.3	45	-152.248
0.3	45	-35.6497
0.3	45	-56.8652
0.3	45	-117.071
0.3	45	-84.4423
0.3	45	126.408
0.3	45	-168.646
0.3	45	138.832
0.3	45	-78.0336
0.3	45	39.7759
0.3	45	77.739
0.3	45	-33.67
0.3	45	84.2257
0.3	45	-13.2261
0.3	45	-151.952
0.3	45	29.5541
0.3	45	-165.166
0.3	45	118.397
0.3	45	51.2719
0.3	45	-85.4995
0.3	45	-72.9119
0.3	45	-140.298
0.3	45	-8.84405
0.3	45	-55.1792
0.3	45	101.715
0.3	45	51.6493
0.3	45	137.266
0.3	45	80.2306
0.3	45	11.6903
0.3	45	161.959
0.3	45	179.916
0.3	45	-99.26
0.3	45	7.94535
0.3	45	114.707
0.3	45	-29.0967
0.3	45	-89.3958
0.3	45	142.772
0.3	45	-100.795
0.3	45	-66.8643
0.3	45	102.792
0.3	45	-102.668
0.3	45	-97.6169
0.3	45	43.7229
0.3	45	178.198
0.3	45	-106.699
0.3	45	137.694
0.3	45	45.619
0.3	45	-11.6101
0.3	45	129.436
0.3	45	142.761
0.3	45	-30.1977
0.3	45	89.6253
0.3	45	-52.5619
0.3	45	-106.983
0.3	45	172.462
0.3	45	128.385
0.3	45	164.884
0.3	45	-56.9314
0.3	45	175.226
0.3	45	-156.363
0.3	45	136.789
0.3	45	-153.031
0.3	45	82.4091
0.3	45	-164.445
0.3	45	-58.5152
0.3	45	-164.602
0.3	45	-135.166
0.3	45	66.2926
0.3	45	-46.9239
0.3	45	74.9027
0.3	45	-95.2504
0.3	45	121.325
0.3	45	-116.036
0.3	45	-78.7022
0.3	45	-106.809
0.3	45	-83.3553
0.3	45	-20.223
0.3	45	11.0502
0.3	45	73.1794
0.3	45	-115.133
0.3	45	96.5705
0.3	45	-23.75
0.3	45	149.288
0.3	45	-105.948
0.3	45	-122.571
0.3	45	-63.9856
0.3	45	-136.376
0.3	45	-72.0602
0.3	45	26.1857
0.3	45	-74.2809
0.3	45	-175.979
0.3	45	-63.4117
0.3	45	158.545
0.3	45	5.85807
0.3	45	-19.2346
0.3	45	3.25991
0.3	45	-6.29004
0.3	45	-110.298
0.3	45	-148.179
0.3	45	162.977
0.3	45	-173.989
0.3	45	94.5455
0.3	45	-22.2682
0.3	45	-173.613
0.3	45	-153.063
0.3	45	-55.2235
0.3	45	6.1534
0.3	45	121.634
0.3	45	131.896
0.3	45	172.552
0.3	45	22.4834
0.3	45	-47.8277
0.3	45	54.3967
0.3	45	80.5292
0.3	45	171.677
0.3	45	-98.2454
0.3	45	-27.2662
0.3	45	168.723
0.3	45	-124.038
0.3	45	125.198
0.3	45	91.2449
0.3	45	-154.178
0.3	45	84.4623
0.3	45	-12.102
0.3	45	46.9206
0.3	45	68.883
0.3	45	-179.004
0.3	45	-127.415
0.3	45	41.7537
0.3	45	-31.1326
0.3	45	-68.5686
0.3	45	-158.916
0.3	45	-167.739
0.3	45	12.8499
0.3	45	-30.8299
0.3	45	-59.3067
0.3	45	-91.524
0.3	45	-125.713
0.3	45	-154.891
0.3	45	-78.8759
0.3	45	126.947
0.3	45	-147.356
0.3	45	-11.8524
0.3	45	134.298
0.3	45	-27.1234
0.3	45	-42.2444
0.3	45	37.8587
0.3	45	45.2833
0.3	45	144.443
0.3	45	112.031
0.3	45	-137.587
0.3	45	-52.8051
0.3	45	-121.993
0.3	45	102.529
0.3	45	94.9183
0.3	45	137.183
0.3	45	1.40638
0.3	45	-121.066
0.3	45	-125.46
0.3	45	71.2739
0.3	45	-122.215
0.3	45	97.8463
0.3	45	24.0546
0.3	45	92.3738
0.3	45	-40.8874
0.3	45	-15.0205
0.3	45	-55.4291
0.3	45	44.671
0.3	45	-105.076
0.3	45	52.8245
0.3	45	-84.7499
0.3	45	16.0275
0.3	45	-46.9435
0.3	45	-153.863
0.3	45	163.383
0.3	45	-63.7965
0.3	45	5.57728
0.3	45	-3.73357
0.3	45	-22.8363
0.3	45	-115.322
0.3	45	61.5532
0.3	45	-42.431
0.3	45	148.011
0.3	45	-54.8274
0.3	45	78.4428
0.3	45	-84.3407
0.3	45	4.75011
0.3	45	156.434
0.3	45	-114.076
0.3	45	43.8532
0.3	45	26.8063
0.3	45	-33.1537
0.3	45	108.797
0.3	45	-85.1284
0.3	45	57.8154
0.3	45	-84.625
0.3	45	-28.3634
0.3	45	-17.8984
0.3	45	116.763
0.3	45	6.84361
0.3	45	-61.4834
0.3	45	123.463
0.3	45	-145.645
0.3	45	-13.0245
0.3	45	-118.725
0.3	45	91.8399
0.3	45	68.0903
0.3	45	-120.166
0.3	45	149.842
0.3	45	141.588
0.3	45	114.228
0.3	45	-105.45
0.3	45	119.097
0.3	45	148.306
0.3	45	112.618
0.3	45	102.73
0.3	45	-55.358
0.3	45	-39.7996
0.3	45	90.5635
0.3	45	87.703
0.3	45	77.434
0.3	45	170.211
0.3	45	163.53
0.3	45	33.1337
0.3	45	-167.689
0.3	45	-112.339
0.3	45	-26.0424
0.3	45	-106.576
0.3	45	-11.5534
0.3	45	129.707
0.3	45	127.288
0.3	45	42.9035
0.3	45	-107.426
0.3	45	42.8936
0.3	45	158.331
0.3	45	-27.551
0.3	45	39.0491
0.3	45	9.82459
0.3	45	-152.89
0.3	45	120.867
0.3	45	-69.5874
0.3	45	-55.7364
0.3	45	4.78
0.3	45	-40.2819
0.3	45	-162.075
0.3	45	-19.0149
0.3	45	116.735
0.3	45	69.0444
0.3	45	131.021
0.3	45	-74.9948
0.3	45	55.5491
0.3	45	25.5944
0.3	45	-34.7506
0.3	45	-49.1375
0.3	45	49.4653
0.3	45	-63.1058
0.3	45	126.313
0.3	45	59.8629
0.3	45	-139.129
0.3	45	39.3645
0.3	45	-64.7362
0.3	45	28.7347
0.3	45	176.132
0.3	45	23.316
0.3	45	32.7516
0.3	45	104.231
0.3	45	-98.1209
0.3	45	-11.9347
0.3	45	125.533
0.3	45	-25.5419
0.3	45	162.256
0.3	45	-39.4342
0.3	45	155.674
0.3	45	154.878
0.3	45	-162.303
0.3	45	125.708
0.3	45	112.852
0.3	45	-141.221
0.3	45	49.4729
0.3	45	15.5767
0.3	45	112.27
0.3	45	-83.8779
0.3	45	18.188
0.3	45	-51.1876
0.3	45	-111.799
0.3	45	-119.843
0.3	45	-137.071
0.3	45	-165.236
0.3	45	-42.5653
0.3	45	71.068
0.3	45	60.858
0.3	45	132.604
0.3	45	-72.564
0.3	45	-105.931
0.3	45	-26.1094
0.3	45	170.462
0.3	45	-49.7428
0.3	45	149.929
0.3	45	38.8648
0.3	45	-77.1282
0.3	45	142.522
0.3	45	5.63022
0.3	45	-88.832
0.3	45	99.6371
0.3	45	-0.984397
0.3	45	6.3495
0.3	45	-121.494
0.3	45	-152.373
0.3	45	-104.711
0.3	45	-106.597
0.3	45	130.554
0.3	45	11.7616
0.3	45	-78.9558
0.3	45	-2.83388
0.3	45	-67.0804
0.3	45	0.72612
0.3	45	121.064
0.3	45	121.972
0.3	45	-19.3412
0.3	45	8.91335
0.3	45	-146.173
0.3	45	166.224
0.3	45	-76.9684
0.3	45	-107.987
0.3	45	169.119
0.3	45	-122.834
0.3	45	8.09225
0.3	45	38.7079
0.3	45	-150.767
0.3	45	-128.816
0.3	45	-62.9588
0.3	45	125.573
0.3	45	-176.742
0.3	45	-56.472
0.3	45	7.36978
0.3	45	-44.8773
0.3	45	171.761
0.3	45	114.34
0.3	45	-63.7928
0.3	45	135.386
0.3	45	-136.829
0.3	45	156.915
0.3	45	141.111
0.3	45	129.641
0.3	45	15.4515
0.3	45	54.1938
0.3	45	-117.226
0.3	45	-149.488
0.3	45	137.805
0.3	45	90.3621
0.3	45	-70.1354
0.3	45	94.3613
0.3	45	4.91191
0.3	45	-34.6473
0.3	45	162.22
0.3	45	-118.26
0.3	45	162.166
0.3	45	86.5835
0.3	45	-57.5439
0.3	45	51.1539
0.3	45	156.561
0.3	45	-98.0537
0.3	45	118.758
0.3	45	-62.4067
0.3	45	-177.814
0.3	45	-59.7921
0.3	45	171.144
0.3	45	138.462
0.3	45	-127.052
0.3	45	3.04837
0.3	45	-135.686
0.3	45	126.947
0.3	45	78.765
0.3	45	-11.6558
0.3	45	-134.351
0.3	45	-129.948
0.3	45	153.499
0.3	45	25.8836
0.3	45	109.104
0.3	45	53.7752
0.3	45	114.735
0.3	45	140.3
0.3	45	136
0.3	45	-6.84312
0.3	45	-22.7688
0.3	45	-84.264
0.3	45	-70.4664
0.3	45	-56.073
0.3	45	9.57303
0.3	45	-24.7338
0.3	45	-111.667
0.3	45	-129.542
0.3	45	73.7575
0.3	45	-43.9454
0.3	45	-152.647
0.3	45	146.358
0.3	45	-66.1663
0.3	45	56.1248
0.3	45	47.3224
0.3	45	-39.4758
0.3	45	-133.985
0.3	45	-130.737
0.3	45	-144.466
0.3	45	115.69
0.3	45	-15.2731
0.3	45	-15.1283
0.3	45	-76.1534
0.3	45	8.32135
0.3	45	3.08623
0.3	45	-149.104
0.3	45	114.569
0.3	45	-165.719
0.3	45	152.297
0.3	45	-52.4673
0.3	45	-3.09877
0.3	45	-46.7689
0.3	45	160.484
0.3	45	-85.1908
0.3	45	-25.627
0.3	45	145.656
0.3	45	-143.096
0.3	45	49.8682
0.3	45	148.391
0.3	45	-0.764196
0.3	45	-121.877
0.3	45	66.5165
0.3	45	165.892
0.3	45	-156.297
0.3	45	96.8457
0.3	45	166.367
0.3	45	-3.28175
0.3	45	1.6636
0.3	45	59.3018
0.3	45	100.383
0.3	45	-172.216
0.3	45	-87.2698
0.3	45	-110.616
0.3	45	-18.7841
0.3	45	-76.2494
0.3	45	53.0209
0.3	45	-88.884
0.3	45	107.811
0.3	45	139
0.3	45	-178.19
0.3	45	-175.468
0.3	45	93.5083
0.3	45	-81.8051
0.3	45	169.909
0.3	45	-159.96
0.3	45	-0.781434
0.3	45	121.635
0.3	45	-79.2411
0.3	45	-27.0537
0.3	45	-66.3019
0.3	45	157.891
0.3	45	-158.414
0.3	45	81.5614
0.3	45	-11.6238
0.3	45	-86.725
0.3	45	114.739
0.3	45	21.5352
0.3	45	-85.2182
0.3	45	18.6401
0.3	45	-119.252
0.3	45	-91.3414
0.3	45	48.2468
0.3	45	-24.476
0.3	45	57.9529
0.3	45	-74.0885
0.3	45	-48.8789
0.3	45	-26.3983
0.3	45	-176.297
0.3	45	-146.328
0.3	45	8.41638
0.3	45	117.581
0.3	45	111.385
0.3	45	-112.309
0.3	45	49.032
0.3	45	138.223
0.3	45	-37.8035
0.3	45	-18.8091
0.3	45	152.706
0.3	45	-52.6358
0.3	45	-133.6
0.3	45	127.711
0.3	45	157.024
0.3	45	-9.19394
0.3	45	23.8995
0.3	45	159.024
0.3	45	50.8003
0.3	45	-43.778
0.3	45	57.8545
0.3	45	-25.2727
0.3	45	-117.219
0.3	45	111.477
0.3	45	39.4196
0.3	45	-134.403
0.3	45	81.3801
0.3	45	-88.9082
0.3	45	126.289
0.3	45	-19.8406
0.3	45	162.798
0.3	45	-49.1758
0.3	45	154.072
0.3	45	26.8902
0.3	45	52.5031
0.3	45	119.606
0.3	45	137.441
0.3	45	135.002
0.3	45	-16.379
0.3	45	-135.961
0.3	45	-41.7509
0.3	45	-22.8021
0.3	45	162.635
0.3	45	112.922
0.3	45	93.6628
0.3	45	-74.9208
0.3	45	90.4485
0.3	45	106.05
0.3	45	95.9596
0.3	45	155.283
0.3	45	-80.8643
0.3	45	54.5609
0.3	45	162.968
0.3	45	37.9995
0.3	45	90.8116
0.3	45	176.817
0.3	45	106.007
0.3	45	-72.3771
0.3	45	6.40827
0.3	45	81.9256
0.3	45	-108.205
0.3	45	41.0376
0.3	45	-100.714
0.3	45	-52.5142
0.3	45	126.728
0.3	45	-113.311
0.3	45	-75.0073
0.3	45	-70.0667
0.3	45	140.172
0.3	45	-78.8038
0.3	45	-160.428
0.3	45	-7.71155
0.3	45	121.973
0.3	45	-98.7892
0.3	45	-32.797
0.3	45	165.547
0.3	45	-83.9449
0.3	45	11.7841
0.3	45	43.0062
0.25	-45	28.8741
0.25	-45	36.2154
0.25	-45	-104.68
0.25	-45	-175.989
0.25	-45	51.973
0.25	-45	-116.752
0.25	-45	139.455
0.25	-45	-151.528
0.25	-45	-78.6337
0.25	-45	76.7756
0.25	-45	-151.093
0.25	-45	42.1497
0.25	-45	77.0216
0.25	-45	-88.8708
0.25	-45	94.4035
0.25	-45	152.038
0.25	-45	175.179
0.25	-45	-91.7085
0.25	-45	85.2145
0.25	-45	-113.793
0.25	-45	-82.7202
0.25	-45	78.5315
0.25	-45	120.225
0.25	-45	-135.337
0.25	-45	109.997
0.25	-45	75.6635
0.25	-45	-155.177
0.25	-45	-50.7556
0.25	-45	-12.505
0.25	-45	-50.7425
0.25	-45	143.786
0.25	-45	155.013
0.25	-45	-12.1441
0.25	-45	49.2539
0.25	-45	-169.915
0.25	-45	-14.3678
0.25	-45	-35.6238
0.25	-45	167.722
0.25	-45	-60.5091
0.25	-45	-72.5241
0.25	-45	40.7391
0.25	-45	-70.831
0.25	-45	169.997
0.25	-45	-52.8139
0.25	-45	-139.979
0.25	-45	-81.7068
0.25	-45	-178.5
0.25	-45	64.819
0.25	-45	-155.634
0.25	-45	-155.889
0.25	-45	70.9396
0.25	-45	-32.836
0.25	-45	42.6139
0.25	-45	-147.902
0.25	-45	2.68811
0.25	-45	-34.7852
0.25	-45	-56.6217
0.25	-45	-129.134
0.25	-45	127.33
0.25	-45	-31.748
0.25	-45	166.654
0.25	-45	29.7318
0.25	-45	-89.4427
0.25	-45	60.1722
0.25	-45	105.385
0.25	-45	-79.4914
0.25	-45	78.7389
0.25	-45	-149.553
0.25	-45	157.195
0.25	-45	64.5845
0.25	-45	-137.229
0.25	-45	-132.612
0.25	-45	39.6548
0.25	-45	-57.9822
0.25	-45	-172.354
0.25	-45	123.491
0.25	-45	-44.8681
0.25	-45	-160.356
0.25	-45	4.08031
0.25	-45	117.352
0.25	-45	-59.889
0.25	-45	-14.9032
0.25	-45	-97.7621
0.25	-45	-125.91
0.25	-45	-131.545
0.25	-45	-130.903
0.25	-45	89.6045
0.25	-45	-164.965
0.25	-45	166.69
0.25	-45	94.2013
0.25	-45	67.5091
0.25	-45	173.032
0.25	-45	-146.011
0.25	-45	-166.923
0.25	-45	-106.208
0.25	-45	-155.088
0.25	-45	-116.257
0.25	-45	-84.8993
0.25	-45	106.507
0.25	-45	64.1128
0.25	-45	-124.261
0.25	-45	161.705
0.25	-45	-125.82
0.25	-45	112.262
0.25	-45	119.757
0.25	-45	-165.171
0.25	-45	-121.352
0.25	-45	159.076
0.25	-45	78.0024
0.25	-45	166.045
0.25	-45	35.692
0.25	-45	-24.8098
0.25	-45	14.6183
0.25	-45	-67.9426
0.25	-45	137.541
0.25	-45	-24.701
0.25	-45	176.888
0.25	-45	-168.952
0.25	-45	59.3225
0.25	-45	-67.195
0.25	-45	-102.388
0.25	-45	-17.264
0.25	-45	-114.207
0.25	-45	-82.1488
0.25	-45	173.603
0.25	-45	-0.502501
0.25	-45	101.622
0.25	-45	42.062
0.25	-45	-66.1389
0.25	-45	106.929
0.25	-45	-48.6427
0.25	-45	-35.9578
0.25	-45	142.704
0.25	-45	-23.1776
0.25	-45	118.941
0.25	-45	163.185
0.25	-45	-86.2699
0.25	-45	-171.492
0.25	-45	4.67293
0.25	-45	92.9597
0.25	-45	-97.7355
0.25	-45	122.898
0.25	-45	-97.18
0.25	-45	-51.2243
0.25	-45	22.0443
0.25	-45	-12.477
0.25	-45	119.866
0.25	-45	96.158
0.25	-45	-117.69
0.25	-45	-57.672
0.25	-45	-59.4943
0.25	-45	135.242
0.25	-45	-73.5045
0.25	-45	-86.3028
0.25	-45	-35.7097
0.25	-45	48.9438
0.25	-45	-127.946
0.25	-45	88.3483
0.25	-45	-148.427
0.25	-45	153.814
0.25	-45	-102.283
0.25	-45	160.249
0.25	-45	110.641
0.25	-45	62.4458
0.25	-45	87.5108
0.25	-45	-99.1879
0.25	-45	-124.889
0.25	-45	119.722
0.25	-45	172.884
0.25	-45	-128.173
0.25	-45	38.2771
0.25	-45	21.8898
0.25	-45	116.452
0.25	-45	-147.468
0.25	-45	-95.161
0.25	-45	158.141
0.25	-45	-106.46
0.25	-45	-70.8303
0.25	-45	36.3346
0.25	-45	79.6861
0.25	-45	-28.9779
0.25	-45	170.441
0.25	-45	47.3165
0.25	-45	-115.727
0.25	-45	40.1598
0.25	-45	101.236
0.25	-45	-157.735
0.25	-45	-141.847
0.25	-45	168.982
0.25	-45	102.506
0.25	-45	-49.7876
0.25	-45	-167.539
0.25	-45	125.464
0.25	-45	-38.8481
0.25	-45	72.37
0.25	-45	-175.244
0.25	-45	58.5226
0.25	-45	142.881
0.25	-45	-98.9339
0.25	-45	65.6773
0.25	-45	88.7139
0.25	-45	-108.706
0.25	-45	169.85
0.25	-45	43.67
0.25	-45	-170.944
0.25	-45	86.2078
0.25	-45	-50.4467
0.25	-45	112.907
0.25	-45	-136.951
0.25	-45	140.96
0.25	-45	-7.32575
0.25	-45	-56.6917
0.25	-45	-108.095
0.25	-45	124.65
0.25	-45	-74.2438
0.25	-45	136.759
0.25	-45	-105.508
0.25	-45	160.391
0.25	-45	81.9453
0.25	-45	163.173
0.25	-45	-49.6841
0.25	-45	50.096
0.25	-45	30.5388
0.25	-45	-156.332
0.25	-45	40.9863
0.25	-45	-12.3859
0.25	-45	17.9217
0.25	-45	-74.3258
0.25	-45	133.174
0.25	-45	154.342
0.25	-45	101.407
0.25	-45	-116.892
0.25	-45	153.521
0.25	-45	-25.6809
0.25	-45	-10.3711
0.25	-45	-119.172
0.25	-45	-105.06
0.25	-45	0.693122
0.25	-45	-126.737
0.25	-45	-166.927
0.25	-45	-122.719
0.25	-45	-137.589
0.25	-45	-0.842882
0.25	-45	-52.1708
0.25	-45	-40.8959
0.25	-45	124.097
0.25	-45	-105.596
0.25	-45	-86.7371
0.25	-45	125.224
0.25	-45	82.0901
0.25	-45	15.4154
0.25	-45	-14.1396
0.25	-45	-139.27
0.25	-45	172.848
0.25	-45	-43.3479
0.25	-45	20.6039
0.25	-45	154.978
0.25	-45	-146.343
0.25	-45	-137.739
0.25	-45	167.504
0.25	-45	-114.577
0.25	-45	-170.211
0.25	-45	141.01
0.25	-45	49.0565
0.25	-45	-71.6663
0.25	-45	9.87806
0.25	-45	21.8025
0.25	-45	116.606
0.25	-45	-35.1173
0.25	-45	155.085
0.25	-45	-99.3069
0.25	-45	-101.083
0.25	-45	-132.455
0.25	-45	106.424
0.25	-45	6.22973
0.25	-45	51.2144
0.25	-45	-77.7721
0.25	-45	-136.33
0.25	-45	30.3026
0.25	-45	-173.634
0.25	-45	124.993
0.25	-45	177.826
0.25	-45	114.828
0.25	-45	52.0264
0.25	-45	-61.1266
0.25	-45	84.1993
0.25	-45	-74.7881
0.25	-45	-78.7026
0.25	-45	-81.9296
0.25	-45	-119.897
0.25	-45	75.882
0.25	-45	152.686
0.25	-45	137.011
0.25	-45	-145.541
0.25	-45	-19.5336
0.25	-45	91.1293
0.25	-45	-168.807
0.25	-45	-144.08
0.25	-45	-51.2043
0.25	-45	22.1387
0.25	-45	125.333
0.25	-45	111.837
0.25	-45	-18.9047
0.25	-45	45.0752
0.25	-45	-178.166
0.25	-45	72.1465
0.25	-45	-126.354
0.25	-45	106.745
0.25	-45	176.394
0.25	-45	81.4012
0.25	-45	39.1144
0.25	-45	126.517
0.25	-45	47.4617
0.25	-45	4.19721
0.25	-45	7.35528
0.25	-45	127.744
0.25	-45	70.0757
0.25	-45	100.48
0.25	-45	-14.85
0.25	-45	-68.4461
0.25	-45	136.329
0.25	-45	74.2537
0.25	-45	93.0055
0.25	-45	-74.1773
0.25	-45	22.7378
0.25	-45	125.468
0.25	-45	-163.985
0.25	-45	75.9064
0.25	-45	155.222
0.25	-45	87.5243
0.25	-45	-38.3383
0.25	-45	-138.279
0.25	-45	150.108
0.25	-45	-160.846
0.25	-45	-51.2241
0.25	-45	154.295
0.25	-45	-135.787
0.25	-45	154.915
0.25	-45	-56.848
0.25	-45	-86.9711
0.25	-45	22.4736
0.25	-45	99.8036
0.25	-45	-164.878
0.25	-45	-140.257
0.25	-45	-10.9948
0.25	-45	0.42687
0.25	-45	96.6705
0.25	-45	162.44
0.25	-45	23.9901
0.25	-45	175.372
0.25	-45	-57.4617
0.25	-45	55.0077
0.25	-45	-106.041
0.25	-45	47.6269
0.25	-45	14.981
0.25	-45	29.0661
0.25	-45	97.0889
0.25	-45	132.453
0.25	-45	162.173
0.25	-45	-44.9833
0.25	-45	4.17588
0.25	-45	-61.0208
0.25	-45	14.2967
0.25	-45	93.3989
0.25	-45	-81.4823
0.25	-45	-30.0713
0.25	-45	53.0593
0.25	-45	-47.4542
0.25	-45	-69.1287
0.25	-45	-88.3251
0.25	-45	-105.357
0.25	-45	53.006
0.25	-45	-93.5954
0.25	-45	-26.2679
0.25	-45	-134.666
0.25	-45	77.7558
0.25	-45	-61.4371
0.25	-45	-46.2187
0.25	-45	139.575
0.25	-45	55.6421
0.25	-45	-172.98
0.25	-45	-115.908
0.25	-45	128.02
0.25	-45	63.7244
0.25	-45	-167.851
0.25	-45	-157.36
0.25	-45	-108.962
0.25	-45	-36.9057
0.25	-45	-46.653
0.25	-45	-43.9941
0.25	-45	72.4664
0.25	-45	-113.908
0.25	-45	67.3661
0.25	-45	88.5135
0.25	-45	-124.42
0.25	-45	3.45671
0.25	-45	145.974
0.25	-45	-88.8884
0.25	-45	143.13
0.25	-45	-178.553
0.25	-45	-78.8671
0.25	-45	112.873
0.25	-45	-172.414
0.25	-45	-134.21
0.25	-45	-93.3891
0.25	-45	54.3712
0.25	-45	-162.144
0.25	-45	-113.854
0.25	-45	-6.82335
0.25	-45	13.5072
0.25	-45	119.789
0.25	-45	-135.749
0.25	-45	-89.3054
0.25	-45	166.133
0.25	-45	79.223
0.25	-45	78.0006
0.25	-45	115.989
0.25	-45	-72.2713
0.25	-45	131.124
0.25	-45	-40.0037
0.25	-45	111.022
0.25	-45	125.66
0.25	-45	142.635
0.25	-45	-131.573
0.25	-45	24.9367
0.25	-45	83.2042
0.25	-45	-140.545
0.25	-45	-43.0851
0.25	-45	151.779
0.25	-45	74.6625
0.25	-45	131.718
0.25	-45	-169.721
0.25	-45	-132.161
0.25	-45	-42.4032
0.25	-45	-3.82624
0.25	-45	42.8611
0.25	-45	-177.503
0.25	-45	-110.123
0.25	-45	112.555
0.25	-45	125.378
0.25	-45	53.233
0.25	-45	-107.173
0.25	-45	-13.2472
0.25	-45	60.8804
0.25	-45	133.596
0.25	-45	8.46358
0.25	-45	-95.8647
0.25	-45	-112.11
0.25	-45	17.8196
0.25	-45	-177.731
0.25	-45	-119.796
0.25	-45	-171.813
0.25	-45	131.091
0.25	-45	-123.101
0.25	-45	104.328
0.25	-45	-57.5945
0.25	-45	-65.767
0.25	-45	-130.856
0.25	-45	-43.6517
0.25	-45	69.6727
0.25	-45	-5.79356
0.25	-45	78.8063
0.25	-45	23.6774
0.25	-45	67.3086
0.25	-45	161.184
0.25	-45	125.129
0.25	-45	-54.0665
0.25	-45	111.598
0.25	-45	-171.106
0.25	-45	-144.111
0.25	-45	-23.8857
0.25	-45	-43.1572
0.25	-45	4.8705
0.25	-45	-30.4364
0.25	-45	175.641
0.25	-45	156.183
0.25	-45	161.839
0.25	-45	157.126
0.25	-45	-29.6152
0.25	-45	-8.61928
0.25	-45	-142.179
0.25	-45	157.513
0.25	-45	-74.5064
0.25	-45	-9.91505
0.25	-45	-56.4849
0.25	-45	-81.3908
0.25	-45	76.0147
0.25	-45	-142.233
0.25	-45	-55.5221
0.25	-45	76.2501
0.25	-45	-153.074
0.25	-45	8.8253
0.25	-45	44.6258
0.25	-45	-1.69657
0.25	-45	0.99472
0.25	-45	-169.383
0.25	-45	-120.431
0.25	-45	57.7
0.25	-45	-134.322
0.25	-45	126.907
0.25	-45	84.2748
0.25	-45	-118.958
0.25	-45	32.2911
0.25	-45	-89.7405
0.25	-45	-98.3733
0.25	-45	-128.305
0.25	-45	97.4033
0.25	-45	-162.346
0.25	-45	-54.1979
0.25	-45	84.0446
0.25	-45	98.5674
0.25	-45	148.007
0.25	-45	-66.4035
0.25	-45	83.547
0.25	-45	-131.567
0.25	-45	98.4056
0.25	-45	56.0461
0.25	-45	-63.7326
0.25	-45	-170.219
0.25	-45	-8.5738
0.25	-45	-89.7134
0.25	-45	41.7048
0.25	-45	-58.5978
0.25	-45	-162.741
0.25	-45	-42.0934
0.25	-45	5.00568
0.25	-45	54.3841
0.25	-45	-160.234
0.25	-45	19.2727
0.25	-45	175.659
0.25	-45	-74.8915
0.25	-45	-4.94826
0.25	-45	-28.3469
0.25	-45	66.5372
0.25	-45	177.881
0.25	-45	123.579
0.25	-45	33.1446
0.25	-45	-105.841
0.25	-45	-33.0961
0.25	-45	109.34
0.25	-45	141.533
0.25	-45	112.206
0.25	-45	-68.4577
0.25	-45	86.8096
0.25	-45	-9.11397
0.25	-45	139.31
0.25	-45	-99.0867
0.25	-45	167.667
0.25	-45	-3.63286
0.25	-45	103.799
0.25	-45	-11.0953
0.25	-45	30.7632
0.25	-45	96.3197
0.25	-45	-108.735
0.25	-45	-71.396
0.25	-45	19.0669
0.25	-45	-9.03266
0.25	-45	109.062
0.25	-45	21.1592
0.25	-45	-111.833
0.25	-45	111.713
0.25	-45	103.653
0.25	-45	56.9342
0.25	-45	88.7839
0.25	-45	-111.691
0.25	-45	55.4409
0.25	-45	38.6169
0.25	-45	-107.213
0.25	-45	-68.5383
0.25	-45	-108.084
0.25	-45	-49.8587
0.25	-45	53.4236
0.25	-45	-168.871
0.25	-45	-14.5423
0.25	-45	-16.0834
0.25	-45	152.501
0.25	-45	-31.2919
0.25	-45	30.3742
0.25	-45	-52.5378
0.25	-45	120.659
0.25	-45	-112.916
0.25	-45	166.907
0.25	-45	69.4541
0.25	-45	-153.174
0.25	-45	-28.7418
0.25	-45	95.1557
0.25	-45	-20.8751
0.25	-45	-21.9257
0.25	-45	25.8536
0.25	-45	14.4511
0.25	-45	-172.371
0.25	-45	50.3311
0.25	-45	20.0847
0.25	-45	-62.9238
0.25	-45	60.8286
0.25	-45	157.515
0.25	-45	173.649
0.25	-45	74.037
0.25	-45	99.7041
0.25	-45	22.4947
0.25	-45	-140.06
0.25	-45	-70.1724
0.25	-45	-85.2997
0.25	-45	-177.28
0.25	-45	-19.5764
0.25	-45	34.6752
0.25	-45	85.9042
0.25	-45	82.1792
0.25	-45	21.2017
0.25	-45	-18.5892
0.25	-45	78.4473
0.25	-45	-70.6289
0.25	-45	56.1733
0.25	-45	-80.2898
0.25	-45	-67.9782
0.25	-45	-93.2808
0.25	-45	58.4635
0.25	-45	-99.3728
0.25	-45	-167.267
0.25	-45	175.538
0.25	-45	142.393
0.25	-45	-7.91274
0.25	-45	30.5712
0.25	-45	110.569
0.25	-45	159.911
0.25	-45	-12.9036
0.25	-45	123.659
0.25	-45	-102.61
0.25	-45	-5.51987
0.25	-45	-81.2502
0.25	-45	130.767
0.25	-45	140.603
0.25	-45	-32.1869
0.25	-45	95.9307
0.25	-45	114.781
0.25	-45	46.8025
0.25	-45	-137.616
0.25	-45	101.391
0.25	-45	103.213
0.25	-45	120.085
0.25	-45	-157.293
0.25	-45	-126.148
0.25	-45	-51.6544
0.25	-45	86.6053
0.25	-45	167.688
0.25	-45	-116.365
0.25	-45	49.7646
0.25	-45	8.02916
0.25	-45	174.547
0.25	-45	-64.212
0.25	-45	71.6978
0.25	-45	151.132
0.25	-45	-119.149
0.25	-45	-152.063
0.25	-45	-80.891
0.25	-45	-74.3943
0.25	-45	154.36
0.25	-45	-163.662
0.25	-45	-37.6564
0.25	-45	-3.765
0.25	-45	-0.0875388
0.25	-45	93.6162
0.25	-45	29.0684
0.25	-45	-171.517
0.25	-45	107.252
0.25	-45	-108.722
0.25	-45	-164.151
0.25	-45	133.692
0.25	-45	-77.1887
0.25	-45	-142.332
0.25	-45	-169.588
0.25	-45	150.353
0.25	-45	-100.557
0.25	-45	167.949
0.25	-45	165.914
0.25	-45	116.473
0.25	-45	51.0018
0.25	-45	142.93
0.25	-45	141.242
0.25	-45	-100.007
0.25	-45	161.553
0.25	-45	161.921
0.25	-45	-38.8055
0.25	-45	-7.48351
0.25	-45	73.549
0.25	-45	165.974
0.25	-45	123.166
0.25	-45	51.9883
0.25	-45	119.921
0.25	-45	30.082
0.25	-45	-65.7632
0.25	-45	51.6096
0.25	-45	-78.1349
0.25	-45	170.218
0.25	-45	-97.0617
0.25	-45	62.0655
0.25	-45	148.983
0.25	-45	48.7467
0.25	-45	-122.897
0.25	-45	176.861
0.25	-45	-126.934
0.25	-45	52.6125
0.25	-45	-132.841
0.25	-45	116.43
0.25	-45	53.824
0.25	-45	159.882
0.25	-45	-122.622
0.25	-45	8.15324
0.25	-45	-0.196983
0.25	-45	-50.9533
0.25	-45	-45.2568
0.25	-45	-145.105
0.25	-45	-151.349
0.25	-45	-89.5398
0.25	-45	-178.464
0.25	-45	134.55
0.25	-45	103.364
0.25	-45	-2.33797
0.25	-45	87.1359
0.25	-45	-121.679
0.25	-45	133.011
0.25	-45	-94.8628
0.25	-45	-49.5399
0.25	-45	40.3009
0.25	-45	172.474
0.25	-45	86.6165
0.25	-45	-110.902
0.25	-45	-49.7229
0.25	-45	-139.605
0.25	-45	141.062
0.25	-45	-122.908
0.25	-45	85.2211
0.25	-45	-97.9815
0.25	-45	-38.8786
0.25	-45	67.4502
0.25	-45	150.042
0.25	-45	41.8927
0.25	-45	-93.6517
0.25	-45	-87.7172
0.25	-45	-43.8579
0.25	-45	75.4036
0.25	-45	-172.545
0.25	-45	-53.2456
0.25	-45	-26.5963
0.25	-45	59.8715
0.25	-45	16.4177
0.25	-45	68.8991
0.25	-45	-96.2845
0.25	-45	83.728
0.25	-45	-21.4772
0.25	-45	55.6213
0.25	-45	-150.221
0.25	-45	-45.0576
0.25	-45	174.645
0.25	-45	-7.86372
0.25	-45	135.42
0.25	-45	-175.102
0.25	-45	-84.066
0.25	-45	165.403
0.25	-45	-152.837
0.25	-45	-51.9749
0.25	-45	53.3781
0.25	-45	-173.638
0.25	-45	-16.1952
0.25	-45	130.27
0.25	-45	-151.957
0.25	-45	-132.303
0.25	-45	3.8954
0.25	-45	-140.261
0.25	-45	147.7
0.25	-45	103.763
0.25	-45	165.105
0.25	-45	-96.6482
0.25	-45	-34.1365
0.25	-45	73.1629
0.25	-45	-77.9332
0.25	-45	-128.47
0.25	-45	176.158
0.25	-45	171.888
0.25	-45	129.848
0.25	-45	72.1822
0.25	-45	38.9013
0.25	-45	81.9643
0.25	-45	-14.2712
0.25	-45	171.805
0.25	-45	-52.237
0.25	-45	-169.479
0.25	-45	-50.5697
0.25	-45	-30.9271
0.25	-45	-174.607
0.25	-45	-85.1297
0.25	-45	-67.76
0.25	-45	-31.5666
0.25	-45	95.1114
0.25	-45	91.2059
0.25	-45	101.217
0.25	-45	-64.6193
0.25	-45	-57.6459
0.25	-45	84.2578
0.25	-45	21.3906
