pol	setting	phi
0.3	45	85.0995
0.3	45	-92.7502
0.3	45	79.6096
0.3	45	-144.07
0.3	45	179.305
0.3	45	60.5687
0.3	45	22.396
0.3	45	93.2258
0.3	45	3.37563
0.3	45	-49.979
0.3	45	-162.059
0.3	45	-110.579
0.3	45	-136.555
0.3	45	-174.375
0.3	45	-23.0715
0.3	45	-94.5886
0.3	45	-152.958
0.3	45	-37.9469
0.3	45	-23.4854
0.3	45	-67.1619
0.3	45	-83.2891
0.3	45	136.294
0.3	45	-15.6958
0.3	45	124.291
0.3	45	13.6944
0.3	45	176.707
0.3	45	61.2372
0.3	45	143.478
0.3	45	-151.943
0.3	45	-130.928
0.3	45	135.111
0.3	45	150.298
0.3	45	-78.1343
0.3	45	60.8695
0.3	45	175.001
0.3	45	-161.883
0.3	45	-74.189
0.3	45	-132.19
0.3	45	-132.522
0.3	45	122.695
0.3	45	-178.383
0.3	45	-122.368
0.3	45	-166.803
0.3	45	-81.6761
0.3	45	117.772
0.3	45	82.9715
0.3	45	-129.982
0.3	45	-52.5725
0.3	45	113.855
0.3	45	-34.6207
0.3	45	-77.9371
0.3	45	100.284
0.3	45	137.859
0.3	45	-48.4827
0.3	45	78.3511
0.3	45	-45.6458
0.3	45	35.2475
0.3	45	32.1975
0.3	45	-157.167
0.3	45	-23.8458
0.3	45	-126.189
0.3	45	-99.6694
0.3	45	-80.1749
0.3	45	4.90925
0.3	45	56.6897
0.3	45	-61.5793
0.3	45	-18.8735
0.3	45	-65.0801
0.3	45	-127.311
0.3	45	-89.079
0.3	45	167.913
0.3	45	150.402
0.3	45	57.3285
0.3	45	83.5301
0.3	45	-33.6695
0.3	45	-140.725
0.3	45	-56.0486
0.3	45	-35.6685
0.3	45	12.5292
0.3	45	30.221
0.3	45	141.322
0.3	45	41.9243
0.3	45	73.6385
0.3	45	-158.093
0.3	45	3.88061
0.3	45	9.71075
0.3	45	40.0232
0.3	45	-75.5696
0.3	45	-74.891
0.3	45	164.353
0.3	45	94.2384
0.3	45	-18.719
0.3	45	104.026
0.3	45	-143.521
0.3	45	43.073
0.3	45	-41.2874
0.3	45	-66.3641
0.3	45	87.0444
0.3	45	15.0371
0.3	45	135.943
0.3	45	119.476
0.3	45	160.662
0.3	45	-2.95602
0.3	45	-176.808
0.3	45	-122.582
0.3	45	-143.915
0.3	45	-154.093
0.3	45	115.682
0.3	45	0.43567
0.3	45	-32.2163
0.3	45	-38.3804
0.3	45	-137.496
0.3	45	139.284
0.3	45	118.698
0.3	45	-135.879
0.3	45	-146.386
0.3	45	105.319
0.3	45	41.3041
0.3	45	-1.25945
0.3	45	77.3721
0.3	45	-152.994
0.3	45	116.277
0.3	45	-161.722
0.3	45	82.0345
0.3	45	-7.05252
0.3	45	81.088
0.3	45	-109.106
0.3	45	53.0601
0.3	45	144.591
0.3	45	63.2627
0.3	45	176.561
0.3	45	10.4565
0.3	45	102.777
0.3	45	5.46632
0.3	45	-56.8322
0.3	45	-55.3339
0.3	45	86.911
0.3	45	-54.2151
0.3	45	-165.413
0.3	45	101.165
0.3	45	70.2914
0.3	45	42.3816
0.3	45	117.465
0.3	45	-5.51526
0.3	45	-92.2052
0.3	45	-79.1973
0.3	45	-65.3118
0.3	45	83.009
0.3	45	151.974
0.3	45	113.794
0.3	45	30.5365
0.3	45	27.5645
0.3	45	101.791
0.3	45	-93.4731
0.3	45	130.405
0.3	45	52.2393
0.3	45	-122.962
0.3	45	-97.7357
0.3	45	-66.1212
0.3	45	175.201
0.3	45	-23.5737
0.3	45	10.3448
0.3	45	-52.0875
0.3	45	-58.4695
0.3	45	-118.84
0.3	45	-81.6998
0.3	45	-103.066
0.3	45	-35.5347
0.3	45	102.996
0.3	45	42.8505
0.3	45	133.6
0.3	45	-11.3274
0.3	45	116.042
0.3	45	109.889
0.3	45	-169.714
0.3	45	107.118
0.3	45	149.06
0.3	45	69.0002
0.3	45	171.826
0.3	45	31.5479
0.3	45	-101.912
0.3	45	-51.0029
0.3	45	62.1434
0.3	45	141.711
0.3	45	39.9865
0.3	45	-136.843
0.3	45	75.4778
0.3	45	142.403
0.3	45	82.5297
0.3	45	-109.363
0.3	45	-4.09489
0.3	45	-61.2145
0.3	45	-105.869
0.3	45	-162.092
0.3	45	-52.5184
0.3	45	-70.4775
0.3	45	-60.5087
0.3	45	-26.1174
0.3	45	-127.385
0.3	45	154.636
0.3	45	116.637
0.3	45	136.139
0.3	45	135.851
0.3	45	153.038
0.3	45	148.477
0.3	45	120.011
0.3	45	-41.2994
0.3	45	-160.896
0.3	45	-1.73264
0.3	45	169.068
0.3	45	54.2325
0.3	45	119.187
0.3	45	15.1444
0.3	45	114.545
0.3	45	74.6951
0.3	45	-146.696
0.3	45	52.709
0.3	45	-26.3072
0.3	45	-154.969
0.3	45	-69.0588
0.3	45	-174.173
0.3	45	94.7172
0.3	45	-20.3501
0.3	45	-92.9164
0.3	45	130.573
0.3	45	69.3196
0.3	45	-176.875
0.3	45	104.935
0.3	45	-148.718
0.3	45	113.198
0.3	45	-52.447
0.3	45	-65.839
0.3	45	20.2592
0.3	45	114.338
0.3	45	135.182
0.3	45	-16.1323
0.3	45	-10.9128
0.3	45	113.877
0.3	45	-32.2824
0.3	45	99.7851
0.3	45	27.259
0.3	45	103.575
0.3	45	172.847
0.3	45	-72.8681
0.3	45	-25.4391
0.3	45	-10.692
0.3	45	-20.7072
0.3	45	122.016
0.3	45	-47.7601
0.3	45	-19.7217
0.3	45	162.425
0.3	45	60.4482
0.3	45	-160.238
0.3	45	-175.802
0.3	45	92.1062
0.3	45	-160.351
0.3	45	154.924
0.3	45	-178.624
0.3	45	14.0961
0.3	45	14.4879
0.3	45	-145.016
0.3	45	48.3843
0.3	45	21.9998
0.3	45	-48.7988
0.3	45	-143.917
0.3	45	-97.8939
0.3	45	114.43
0.3	45	-79.6393
0.3	45	-42.6927
0.3	45	165.584
0.3	45	162.103
0.3	45	141.756
0.3	45	-80.7746
0.3	45	58.9016
0.3	45	-102.515
0.3	45	53.4924
0.3	45	50.4451
0.3	45	109.612
0.3	45	-87.069
0.3	45	-164.386
0.3	45	110.766
0.3	45	96.0877
0.3	45	153.747
0.3	45	103.38
0.3	45	100.681
0.3	45	176.469
0.3	45	110.428
0.3	45	-73.2271
0.3	45	101.465
0.3	45	174.184
0.3	45	89.3462
0.3	45	-68.037
0.3	45	115.786
0.3	45	-99.7434
0.3	45	-72.8605
0.3	45	92.61
0.3	45	87.0461
0.3	45	-83.4051
0.3	45	144.791
0.3	45	-102.95
0.3	45	26.0663
0.3	45	-146.828
0.3	45	82.3675
0.3	45	-147.223
0.3	45	-30.399
0.3	45	83.9823
0.3	45	-103.073
0.3	45	83.5034
0.3	45	-24.1227
0.3	45	126.663
0.3	45	-9.87353
0.3	45	45.5623
0.3	45	-100.389
0.3	45	-112.687
0.3	45	-128.882
0.3	45	-55.4093
0.3	45	-17.864
0.3	45	129.628
0.3	45	157.764
0.3	45	164.449
0.3	45	-1.15933
0.3	45	-172.433
0.3	45	131.782
0.3	45	-67.298
0.3	45	98.0412
0.3	45	-37.5423
0.3	45	83.0163
0.3	45	21.9425
0.3	45	-19.0828
0.3	45	-129.682
0.3	45	-125.307
0.3	45	49.6693
0.3	45	-65.702
0.3	45	59.898
0.3	45	-93.1812
0.3	45	179.258
0.3	45	130.495
0.3	45	145.609
0.3	45	-168.041
0.3	45	-17.8371
0.3	45	-123.614
0.3	45	-22.8876
0.3	45	109.687
0.3	45	121.654
0.3	45	135.125
0.3	45	101.192
0.3	45	-155.376
0.3	45	-161.748
0.3	45	159.221
0.3	45	-160.177
0.3	45	117.841
0.3	45	-15.2442
0.3	45	114.663
0.3	45	-37.0506
0.3	45	-62.3026
0.3	45	146.863
0.3	45	65.6153
0.3	45	14.6747
0.3	45	-83.0778
0.3	45	110.939
0.3	45	-133.327
0.3	45	150.89
0.3	45	107.105
0.3	45	-84.4998
0.3	45	-136.071
0.3	45	87.1552
0.3	45	80.5427
0.3	45	146.91
0.3	45	3.78208
0.3	45	-115.635
0.3	45	-98.0567
0.3	45	87.8088
0.3	45	-144.79
0.3	45	-150.249
0.3	45	4.15885
0.3	45	-32.0458
0.3	45	-82.5687
0.3	45	156.058
0.3	45	156.685
0.3	45	-139.469
0.3	45	17.5566
0.3	45	-86.2762
0.3	45	-149.161
0.3	45	131.824
0.3	45	24.5934
0.3	45	142.788
0.3	45	31.0167
0.3	45	-37.352
0.3	45	161.259
0.3	45	-91.6355
0.3	45	2.52099
0.3	45	-136.15
0.3	45	-171.135
0.3	45	96.3643
0.3	45	-93.3337
0.3	45	-163.362
0.3	45	87.1876
0.3	45	1.17031
0.3	45	48.3765
0.3	45	-88.0933
0.3	45	72.1634
0.3	45	-55.2756
0.3	45	132.456
0.3	45	101.85
0.3	45	158.593
0.3	45	-128.564
0.3	45	-58.4475
0.3	45	-84.0651
0.3	45	-51.1051
0.3	45	31.9691
0.3	45	93.7336
0.3	45	77.8659
0.3	45	-13.2493
0.3	45	68.926
0.3	45	-21.7602
0.3	45	-78.9557
0.3	45	-4.95297
0.3	45	-124.404
0.3	45	88.1548
0.3	45	-28.0013
0.3	45	-125.178
0.3	45	82.1488
0.3	45	103.14
0.3	45	80.5693
0.3	45	34.0853
0.3	45	93.9312
0.3	45	-91.4375
0.3	45	-58.288
0.3	45	-51.3771
0.3	45	21.251
0.3	45	-30.6763
0.3	45	-152.423
0.3	45	75.5733
0.3	45	-169.535
0.3	45	132.899
0.3	45	120.058
0.3	45	143.569
0.3	45	-179.681
0.3	45	88.9391
0.3	45	-105.859
0.3	45	-30.9833
0.3	45	-28.8573
0.3	45	157.869
0.3	45	-168.416
0.3	45	45.9104
0.3	45	-95.9201
0.3	45	76.2741
0.3	45	-175.476
0.3	45	89.6804
0.3	45	-7.84074
0.3	45	90.5087
0.3	45	-114.625
0.3	45	-94.4359
0.3	45	-44.3286
0.3	45	113.881
0.3	45	-174.698
0.3	45	-89.9119
0.3	45	-127.48
0.3	45	145.936
0.3	45	-138.094
0.3	45	-161.432
0.3	45	-127.005
0.3	45	114.761
0.3	45	-52.4578
0.3	45	118.412
0.3	45	45.7224
0.3	45	-62.0561
0.3	45	9.01193
0.3	45	-88.0512
0.3	45	30.2386
0.3	45	109.192
0.3	45	-172.514
0.3	45	-120.409
0.3	45	51.0701
0.3	45	92.1378
0.3	45	-163.204
0.3	45	-78.4905
0.3	45	-113.448
0.3	45	-80.3319
0.3	45	118.096
0.3	45	-80.3305
0.3	45	82.8775
0.3	45	-156.588
0.3	45	-108.895
0.3	45	120.675
0.3	45	-105.139
0.3	45	-29.3825
0.3	45	21.8086
0.3	45	-175.579
0.3	45	-178.189
0.3	45	37.5454
0.3	45	-59.0057
0.3	45	28.3922
0.3	45	-143.029
0.3	45	-44.8569
0.3	45	45.3244
0.3	45	-67.3895
0.3	45	-32.8234
0.3	45	75.7525
0.3	45	54.9784
0.3	45	-11.3816
0.3	45	-35.5069
0.3	45	9.15486
0.3	45	-147.443
0.3	45	144.369
0.3	45	90.9719
0.3	45	-39.712
0.3	45	67.4466
0.3	45	99.5989
0.3	45	12.1282
0.3	45	8.87164
0.3	45	-26.984
0.3	45	121.722
0.3	45	96.3202
0.3	45	2.66487
0.3	45	-136.624
0.3	45	-86.4026
0.3	45	-9.83375
0.3	45	-163.566
0.3	45	-150.286
0.3	45	116.427
0.3	45	116.846
0.3	45	-117.586
0.3	45	5.78329
0.3	45	-17.1419
0.3	45	84.2666
0.3	45	-147.622
0.3	45	129.044
0.3	45	130.885
0.3	45	-115.792
0.3	45	158.877
0.3	45	145.765
0.3	45	-20.0423
0.3	45	55.9854
0.3	45	-72.6173
0.3	45	-77.1633
0.3	45	-46.678
0.3	45	-164.917
0.3	45	-40.0307
0.3	45	74.5369
0.3	45	43.1424
0.3	45	133.834
0.3	45	92.1975
0.3	45	121.326
0.3	45	78.9812
0.3	45	-26.4775
0.3	45	168.421
0.3	45	34.8654
0.3	45	175.618
0.3	45	-96.0306
0.3	45	-158.019
0.3	45	101.3
0.3	45	-153.793
0.3	45	-122.728
0.3	45	-96.7812
0.3	45	109.53
0.3	45	-84.1734
0.3	45	122.437
0.3	45	149.645
0.3	45	38.3316
0.3	45	-157.007
0.3	45	-28.7931
0.3	45	-122.897
0.3	45	94.239
0.3	45	69.35
0.3	45	49.9094
0.3	45	-110.923
0.3	45	117.238
0.3	45	-113.836
0.3	45	-59.2807
0.3	45	-58.7378
0.3	45	-51.0499
0.3	45	108.343
0.3	45	72.96
0.3	45	1.39678
0.3	45	138.008
0.3	45	-34.0848
0.3	45	-151.311
0.3	45	27.1661
0.3	45	-62.228
0.3	45	-149.117
0.3	45	105.078
0.3	45	70.8653
0.3	45	-142.75
0.3	45	-18.8535
0.3	45	70.5451
0.3	45	156.097
0.3	45	138.917
0.3	45	-93.8481
0.3	45	46.69
0.3	45	117.89
0.3	45	30.6744
0.3	45	122.344
0.3	45	-134.141
0.3	45	11.5044
0.3	45	-65.6878
0.3	45	-136.867
0.3	45	46.9138
0.3	45	153.058
0.3	45	-159.992
0.3	45	164.953
0.3	45	119.459
0.3	45	167.595
0.3	45	109.356
0.3	45	-169.784
0.3	45	-169.671
0.3	45	157.464
0.3	45	-86.9975
0.3	45	-75.0164
0.3	45	-111.071
0.3	45	-161.295
0.3	45	-79.9211
0.3	45	-89.5095
0.3	45	-38.2038
0.3	45	-20.4612
0.3	45	-105.848
0.3	45	5.20024
0.3	45	80.261
0.3	45	-146.069
0.3	45	14.4434
0.3	45	-2.03332
0.3	45	67.5555
0.3	45	159.075
0.3	45	-107.562
0.3	45	150.129
0.3	45	90.9451
0.3	45	-49.6628
0.3	45	135.725
0.3	45	43.8588
0.3	45	40.6049
0.3	45	84.8509
0.3	45	-77.7598
0.3	45	115.012
0.3	45	70.7729
0.3	45	158.654
0.3	45	170.233
0.3	45	84.8348
0.3	45	-57.8991
0.3	45	4.58122
0.3	45	-111.273
0.3	45	104.993
0.3	45	172.358
0.3	45	-133.552
0.3	45	-90.1559
0.3	45	-113.243
0.3	45	87.8014
0.3	45	111.881
0.3	45	-102.359
0.3	45	-170.246
0.3	45	-85.4661
0.3	45	-5.15188
0.3	45	-52.8078
0.3	45	9.50732
0.3	45	93.1945
0.3	45	-106.199
0.3	45	56.5261
0.3	45	-63.1858
0.3	45	-93.6972
0.3	45	-117.315
0.3	45	-172.138
0.3	45	-35.4007
0.3	45	1.99023
0.3	45	70.2764
0.3	45	58.906
0.3	45	100.555
0.3	45	155.64
0.3	45	14.4867
0.3	45	-70.7374
0.3	45	61.8959
0.3	45	114.379
0.3	45	-45.6497
0.3	45	10.1686
0.3	45	149.678
0.3	45	162.486
0.3	45	-140.477
0.3	45	-74.1466
0.3	45	-136.043
0.3	45	-166.755
0.3	45	-145.428
0.3	45	-11.7341
0.3	45	-176.898
0.3	45	130.873
0.3	45	-50.6881
0.3	45	158.363
0.3	45	-146.849
0.3	45	-16.6014
0.3	45	-33.472
0.3	45	-67.7538
0.3	45	132.142
0.3	45	83.5318
0.3	45	-147.736
0.3	45	-178.838
0.3	45	-150.049
0.3	45	-34.363
0.3	45	12.7694
0.3	45	-94.3178
0.3	45	2.65927
0.3	45	-11.0112
0.3	45	61.2923
0.3	45	-81.5161
0.3	45	11.2803
0.3	45	20.8874
0.3	45	159.352
0.3	45	127.125
0.3	45	134.629
0.3	45	15.1853
0.3	45	121.191
0.3	45	145.335
0.3	45	88.129
0.3	45	169.304
0.3	45	-6.42681
0.3	45	26.0517
0.3	45	-142.3
0.3	45	153.956
0.3	45	44.2118
0.3	45	-149.047
0.3	45	-149.925
0.3	45	-53.3944
0.3	45	134.958
0.3	45	9.32983
0.3	45	64.4358
0.3	45	-157.687
0.3	45	117.56
0.3	45	3.24856
0.3	45	141.436
0.3	45	6.98325
0.3	45	-16.1211
0.3	45	34.8975
0.3	45	-46.503
0.3	45	78.9378
0.3	45	109.061
0.3	45	58.8107
0.3	45	-10.6074
0.3	45	175.371
0.3	45	-63.6638
0.3	45	-123.73
0.3	45	-120.705
0.3	45	-62.8341
0.3	45	-99.6684
0.3	45	-70.8264
0.3	45	-28.9774
0.3	45	80.6278
0.3	45	37.0389
0.3	45	-92.3108
0.3	45	-168.027
0.3	45	-85.1348
0.3	45	124.082
0.3	45	25.9751
0.3	45	-53.4506
0.3	45	173.195
0.3	45	113.935
0.3	45	-47.7416
0.3	45	-0.444254
0.3	45	139.191
0.3	45	-98.3247
0.3	45	5.75212
0.3	45	-27.6671
0.3	45	-53.5047
0.3	45	72.3106
0.3	45	178.634
0.3	45	72.9106
0.3	45	-90.5353
0.3	45	54.537
0.3	45	123.472
0.3	45	59.4403
0.3	45	-11.5755
0.3	45	-107.451
0.3	45	140.913
0.3	45	60.9583
0.3	45	139.669
0.3	45	129.317
0.3	45	-110.966
0.3	45	153.695
0.3	45	-6.96561
0.3	45	11.3855
0.3	45	106.782
0.3	45	143.801
0.3	45	164.886
0.3	45	-69.7823
0.3	45	-84.8965
0.3	45	60.7705
0.3	45	128.948
0.3	45	37.7189
0.3	45	-53.1599
0.3	45	80.6014
0.3	45	-30.8519
0.3	45	55.3363
0.3	45	-172.111
0.3	45	-85.4004
0.3	45	150.186
0.3	45	-153.394
0.3	45	172.126
0.3	45	11.4866
0.3	45	-155.227
0.3	45	60.73
0.3	45	-149.808
0.3	45	84.1073
0.3	45	106.328
0.3	45	-140.079
0.3	45	-27.9454
0.3	45	143.203
0.3	45	166.183
0.3	45	164.525
0.3	45	-105.571
0.3	45	-31.6091
0.3	45	0.252277
0.3	45	138.424
0.3	45	-149.085
0.3	45	121.707
0.3	45	-36.2782
0.3	45	169.975
0.3	45	-7.57669
0.3	45	-84.066
0.3	45	43.6262
0.3	45	-38.9322
0.3	45	-108.275
0.3	45	86.6262
0.3	45	18.549
0.3	45	103.165
0.3	45	129.219
0.3	45	85.5131
0.3	45	-100.025
0.3	45	-26.0341
0.3	45	29.982
0.3	45	74.7725
0.3	45	-94.3822
0.3	45	-137.424
0.3	45	-51.2172
0.3	45	36.096
0.3	45	39.6034
0.3	45	97.2178
0.3	45	97.9658
0.3	45	52.8764
0.3	45	-48.4079
0.3	45	160.952
0.3	45	-25.2296
0.3	45	56.2269
0.3	45	-125.719
0.3	45	-174.992
0.3	45	138.14
0.3	45	174.973
0.3	45	95.4288
0.3	45	76.052
0.3	45	9.2594
0.3	45	125.963
0.3	45	138.016
0.3	45	-109.895
0.3	45	-155.329
0.3	45	-155.435
0.3	45	-160.221
0.3	45	-10.6891
0.3	45	-108.184
0.3	45	123.955
0.3	45	-23.1976
0.3	45	163.648
0.3	45	-136.324
0.3	45	-10.9053
0.3	45	159.714
0.3	45	-100.214
0.3	45	75.8657
0.3	45	173.388
0.3	45	127.157
0.3	45	-54.6109
0.3	45	-52.323
0.3	45	-78.3791
0.3	45	-18.8318
0.3	45	145.646
0.3	45	-169.237
0.3	45	170.913
0.3	45	-143.623
0.3	45	124.893
0.3	45	-52.2376
0.3	45	65.2596
0.3	45	175.483
0.3	45	149.069
0.3	45	142.062
0.3	45	76.6486
0.3	45	-174.938
0.3	45	-148.005
0.3	45	-151.557
0.3	45	164.254
0.3	45	-54.5289
0.3	45	-142.726
0.3	45	109.61
0.3	45	-125.852
0.3	45	137.642
0.3	45	31.639
0.3	45	-115.752
0.3	45	-172.91
0.3	45	167.879
0.3	45	-112.56
0.3	45	-78.4607
0.3	45	113.201
0.3	45	-4.23821
0.3	45	85.8631
0.3	45	108.013
0.3	45	12.4376
0.3	45	-50.8675
0.3	45	-174.223
0.3	45	158.621
0.3	45	-48.5719
0.3	45	-122.53
0.3	45	64.8437
0.3	45	-54.346
0.3	45	135.915
0.3	45	-120.773
0.3	45	-158.133
0.3	45	-30.6529
0.3	45	-164.683
0.3	45	-50.7579
0.3	45	158.01
0.3	45	144.06
0.3	45	-105.402
0.3	45	56.6243
0.3	45	-35.5662
0.3	45	18.8668
0.3	45	-37.0419
0.3	45	-77.9234
0.3	45	91.7722
0.3	45	171.909
0.3	45	-164.997
0.3	45	61.0889
0.3	45	82.7076
0.3	45	-139.129
0.3	45	87.3173
0.3	45	71.9812
0.3	45	112.336
0.3	45	-167.931
0.3	45	-92.7245
0.3	45	113.333
0.3	45	117.785
0.3	45	-113.24
0.3	45	140.784
0.3	45	168.687
0.3	45	73.8833
0.3	45	-161.065
0.3	45	-39.3251
0.3	45	-113.184
0.3	45	119.887
0.3	45	-0.410409
0.3	45	130.523
0.3	45	-148.832
0.3	45	-36.8739
0.3	45	18.2264
0.3	45	-93.9896
0.3	45	-49.5201
0.3	45	-172.882
0.3	45	-84.2543
0.3	45	-23.6007
0.3	45	162.889
0.3	45	92.2382
0.3	45	-38.5862
0.3	45	-169.545
0.3	45	151.18
0.3	45	-66.5699
0.3	45	163.661
0.3	45	63.9177
0.3	45	20.8799
0.3	45	79.685
0.3	45	154.465
0.3	45	-97.6896
0.3	45	-149.627
0.3	45	149.954
0.3	45	-11.4918
0.3	45	-167.136
0.3	45	92.6032
0.3	45	-176.689
0.3	45	48.7078
0.3	45	-76.4996
0.3	45	36.6227
0.3	45	96.3227
0.3	45	-51.8478
0.3	45	57.4759
0.3	45	102.783
0.3	45	-68.5574
0.3	45	174.081
0.3	45	92.9952
0.3	45	-43.0832
0.3	45	121.11
0.3	45	12.9524
0.3	45	-64.2212
0.3	45	-9.93677
0.3	45	49.1536
0.3	45	152.631
0.3	45	4.9271
0.3	45	-108.265
0.3	45	128.501
0.3	45	-11.9079
0.3	45	-20.3411
0.3	45	122.373
0.3	45	44.9956
0.3	45	143.985
0.3	45	126.073
0.3	45	-18.4052
0.3	45	160.442
0.3	45	121.003
0.3	45	-23.7472
0.3	45	-143.204
0.3	45	-99.44
0.3	45	121.069
0.25	-45	-165.995
0.25	-45	148.375
0.25	-45	75.7969
0.25	-45	-82.4523
0.25	-45	-15.6506
0.25	-45	-132.322
0.25	-45	86.0559
0.25	-45	49.8081
0.25	-45	-155.022
0.25	-45	122.496
0.25	-45	126.208
0.25	-45	4.57526
0.25	-45	24.6542
0.25	-45	-162.037
0.25	-45	-54.7176
0.25	-45	-87.0345
0.25	-45	48.6754
0.25	-45	150.496
0.25	-45	-138.203
0.25	-45	8.14903
0.25	-45	-101.787
0.25	-45	138.497
0.25	-45	-7.55799
0.25	-45	-107.247
0.25	-45	122.405
0.25	-45	-110.169
0.25	-45	-157.988
0.25	-45	-61.6875
0.25	-45	-152.257
0.25	-45	-91.5378
0.25	-45	-123.827
0.25	-45	-169.438
0.25	-45	148.577
0.25	-45	132.146
0.25	-45	125.549
0.25	-45	-169.363
0.25	-45	-158.82
0.25	-45	-175.851
0.25	-45	-164.776
0.25	-45	-95.395
0.25	-45	151.144
0.25	-45	144.04
0.25	-45	-82.0346
0.25	-45	144.725
0.25	-45	22.011
0.25	-45	117.095
0.25	-45	-38.6915
0.25	-45	-114.144
0.25	-45	61.396
0.25	-45	-149.655
0.25	-45	-74.6884
0.25	-45	18.0412
0.25	-45	-162.955
0.25	-45	177.621
0.25	-45	158.891
0.25	-45	-125.871
0.25	-45	174.8
0.25	-45	-118.768
0.25	-45	-67.8782
0.25	-45	118.084
0.25	-45	29.7432
0.25	-45	49.489
0.25	-45	-7.64738
0.25	-45	-91.1926
0.25	-45	108.546
0.25	-45	-90.917
0.25	-45	-40.2681
0.25	-45	107.991
0.25	-45	119.618
0.25	-45	-95.0322
0.25	-45	90.3236
0.25	-45	-31.7734
0.25	-45	-116.182
0.25	-45	-158.25
0.25	-45	-90.2512
0.25	-45	118.26
0.25	-45	93.4122
0.25	-45	-35.3175
0.25	-45	-113.602
0.25	-45	-124.367
0.25	-45	69.1946
0.25	-45	-130.279
0.25	-45	-174.419
0.25	-45	43.1988
0.25	-45	-67.1255
0.25	-45	151.17
0.25	-45	-51.5718
0.25	-45	31.2352
0.25	-45	-6.10576
0.25	-45	-58.5407
0.25	-45	74.4055
0.25	-45	108.891
0.25	-45	-40.2485
0.25	-45	-52.7344
0.25	-45	-176.403
0.25	-45	157.68
0.25	-45	2.54884
0.25	-45	-87.0697
0.25	-45	-156.358
0.25	-45	-159.105
0.25	-45	-135.714
0.25	-45	126.236
0.25	-45	80.7148
0.25	-45	1.38687
0.25	-45	82.7006
0.25	-45	-101.196
0.25	-45	29.802
0.25	-45	-177.71
0.25	-45	151.146
0.25	-45	-95.1813
0.25	-45	62.6348
0.25	-45	-70.2065
0.25	-45	-58.4253
0.25	-45	-61.3977
0.25	-45	-168.96
0.25	-45	0.167159
0.25	-45	70.2509
0.25	-45	-124.825
0.25	-45	-63.9386
0.25	-45	-175.074
0.25	-45	3.86803
0.25	-45	-174.915
0.25	-45	-161.846
0.25	-45	-150.411
0.25	-45	-101.456
0.25	-45	85.933
0.25	-45	100.433
0.25	-45	-62.2709
0.25	-45	32.3347
0.25	-45	32.6398
0.25	-45	44.8656
0.25	-45	53.772
0.25	-45	131.17
0.25	-45	-123.268
0.25	-45	-120.277
0.25	-45	0.569536
0.25	-45	95.0846
0.25	-45	-167.371
0.25	-45	-6.14617
0.25	-45	20.3261
0.25	-45	106.931
0.25	-45	174.826
0.25	-45	40.6122
0.25	-45	-1.97735
0.25	-45	-22.6567
0.25	-45	-7.50516
0.25	-45	142.201
0.25	-45	-149.206
0.25	-45	91.4386
0.25	-45	-105.629
0.25	-45	8.20022
0.25	-45	69.0771
0.25	-45	152.486
0.25	-45	-42.7888
0.25	-45	4.0984
0.25	-45	29.6073
0.25	-45	-65.7529
0.25	-45	115.954
0.25	-45	85.5882
0.25	-45	172.849
0.25	-45	86.7958
0.25	-45	-22.9567
0.25	-45	-57.3396
0.25	-45	129.334
0.25	-45	83.289
0.25	-45	-126.968
0.25	-45	53.5756
0.25	-45	13.6294
0.25	-45	124.808
0.25	-45	148.093
0.25	-45	48.0439
0.25	-45	-59.689
0.25	-45	-25.9947
0.25	-45	-62.006
0.25	-45	87.8508
0.25	-45	77.7575
0.25	-45	112.348
0.25	-45	71.2508
0.25	-45	16.0316
0.25	-45	90.916
0.25	-45	-64.8946
0.25	-45	129.799
0.25	-45	-64.7493
0.25	-45	71.3007
0.25	-45	24.2233
0.25	-45	-83.7917
0.25	-45	96.5637
0.25	-45	97.7237
0.25	-45	86.2007
0.25	-45	125.32
0.25	-45	155.471
0.25	-45	-82.9102
0.25	-45	-82.7791
0.25	-45	-65.2673
0.25	-45	156.161
0.25	-45	-162.668
0.25	-45	-141.78
0.25	-45	113.448
0.25	-45	-138.662
0.25	-45	-65.5729
0.25	-45	32.7547
0.25	-45	22.608
0.25	-45	-123.431
0.25	-45	137.026
0.25	-45	-118.426
0.25	-45	-102.693
0.25	-45	-120.553
0.25	-45	18.6946
0.25	-45	-156.124
0.25	-45	89.7585
0.25	-45	36.9097
0.25	-45	-77.9498
0.25	-45	-46.6485
0.25	-45	122.067
0.25	-45	41.7768
0.25	-45	83.6511
0.25	-45	-69.1562
0.25	-45	-120.921
0.25	-45	-148.046
0.25	-45	-109.816
0.25	-45	-5.2456
0.25	-45	-118.656
0.25	-45	-11.2957
0.25	-45	74.0318
0.25	-45	-134.691
0.25	-45	68.0388
0.25	-45	-93.3709
0.25	-45	-167.042
0.25	-45	80.8178
0.25	-45	52.0516
0.25	-45	-33.4444
0.25	-45	-17.9305
0.25	-45	-13.2533
0.25	-45	-120.053
0.25	-45	155.165
0.25	-45	-108.585
0.25	-45	-161.156
0.25	-45	-153.4
0.25	-45	-167.432
0.25	-45	112.086
0.25	-45	159.246
0.25	-45	87.8931
0.25	-45	-174.798
0.25	-45	137.738
0.25	-45	-173.899
0.25	-45	165.493
0.25	-45	78.489
0.25	-45	95.5954
0.25	-45	31.7664
0.25	-45	11.8936
0.25	-45	175.039
0.25	-45	26.1785
0.25	-45	-83.7488
0.25	-45	-117.777
0.25	-45	-120.514
0.25	-45	94.3349
0.25	-45	27.3452
0.25	-45	-162.615
0.25	-45	-177.398
0.25	-45	42.9288
0.25	-45	-29.579
0.25	-45	-19.7212
0.25	-45	-140.989
0.25	-45	42.9168
0.25	-45	75.7434
0.25	-45	-75.2071
0.25	-45	-5.62542
0.25	-45	60.4575
0.25	-45	-158.119
0.25	-45	-165.894
0.25	-45	-60.1154
0.25	-45	30.9552
0.25	-45	-144.663
0.25	-45	167.083
0.25	-45	131.584
0.25	-45	-160.839
0.25	-45	142.126
0.25	-45	46.3704
0.25	-45	5.5972
0.25	-45	-3.97665
0.25	-45	-123.344
0.25	-45	176.106
0.25	-45	-179.678
0.25	-45	-144.361
0.25	-45	-55.9471
0.25	-45	99.6056
0.25	-45	98.3699
0.25	-45	-5.37908
0.25	-45	-73.3472
0.25	-45	44.2544
0.25	-45	168.377
0.25	-45	2.27455
0.25	-45	76.6758
0.25	-45	-1.75477
0.25	-45	-107.157
0.25	-45	10.7662
0.25	-45	26.5725
0.25	-45	15.5175
0.25	-45	-164.754
0.25	-45	50.7037
0.25	-45	54.9895
0.25	-45	103.687
0.25	-45	-170.184
0.25	-45	-154.606
0.25	-45	65.7863
0.25	-45	13.2864
0.25	-45	68.5284
0.25	-45	69.7132
0.25	-45	129.728
0.25	-45	134.164
0.25	-45	-57.3022
0.25	-45	-85.0375
0.25	-45	-161.405
0.25	-45	-12.4177
0.25	-45	164.01
0.25	-45	62.0735
0.25	-45	135.234
0.25	-45	120.651
0.25	-45	-173.371
0.25	-45	96.9262
0.25	-45	-82.1988
0.25	-45	-38.5561
0.25	-45	12.2811
0.25	-45	49.7949
0.25	-45	69.1856
0.25	-45	10.3472
0.25	-45	74.1332
0.25	-45	131.62
0.25	-45	47.6277
0.25	-45	161.335
0.25	-45	59.8748
0.25	-45	-66.7705
0.25	-45	25.001
0.25	-45	85.3229
0.25	-45	79.9456
0.25	-45	28.9876
0.25	-45	5.99826
0.25	-45	162.332
0.25	-45	-76.5912
0.25	-45	-44.3258
0.25	-45	-123.379
0.25	-45	63.8975
0.25	-45	122.651
0.25	-45	83.2386
0.25	-45	-53.2442
0.25	-45	-178.876
0.25	-45	48.6514
0.25	-45	13.3314
0.25	-45	-97.0923
0.25	-45	-0.766908
0.25	-45	9.73578
0.25	-45	-150.395
0.25	-45	165.649
0.25	-45	-45.9305
0.25	-45	14.2284
0.25	-45	-161.875
0.25	-45	84.7569
0.25	-45	110.16
0.25	-45	47.1353
0.25	-45	85.1205
0.25	-45	-80.9627
0.25	-45	-96.4246
0.25	-45	-22.0905
0.25	-45	171.801
0.25	-45	35.5441
0.25	-45	-43.9285
0.25	-45	-54.9378
0.25	-45	64.8078
0.25	-45	-20.7855
0.25	-45	176.584
0.25	-45	127.297
0.25	-45	-119.666
0.25	-45	-96.8071
0.25	-45	68.4304
0.25	-45	64.367
0.25	-45	-162.351
0.25	-45	102.517
0.25	-45	175.171
0.25	-45	-95.2621
0.25	-45	73.9551
0.25	-45	-61.4465
0.25	-45	58.9444
0.25	-45	-12.852
0.25	-45	-19.1842
0.25	-45	26.3988
0.25	-45	-95.5882
0.25	-45	-72.4476
0.25	-45	4.14322
0.25	-45	68.882
0.25	-45	170.456
0.25	-45	-61.8761
0.25	-45	-150.209
0.25	-45	-43.7679
0.25	-45	165.627
0.25	-45	162.133
0.25	-45	15.3215
0.25	-45	-91.7327
0.25	-45	58.4022
0.25	-45	157.713
0.25	-45	-27.4647
0.25	-45	-69.4686
0.25	-45	-14.0626
0.25	-45	-51.1595
0.25	-45	85.6126
0.25	-45	-133.26
0.25	-45	7.11474
0.25	-45	53.9327
0.25	-45	35.1723
0.25	-45	165.921
0.25	-45	-174.643
0.25	-45	-27.0307
0.25	-45	-170.361
0.25	-45	78.3105
0.25	-45	-53.8025
0.25	-45	-144.553
0.25	-45	130.398
0.25	-45	-108.747
0.25	-45	-67.3589
0.25	-45	-4.26344
0.25	-45	-150.736
0.25	-45	-96.3269
0.25	-45	-82.1874
0.25	-45	172.939
0.25	-45	136.608
0.25	-45	-56.4227
0.25	-45	-154.1
0.25	-45	119.617
0.25	-45	72.3676
0.25	-45	-90.0855
0.25	-45	-51.9227
0.25	-45	-131.874
0.25	-45	-27.0197
0.25	-45	-175.461
0.25	-45	-147.206
0.25	-45	67.9587
0.25	-45	105.609
0.25	-45	76.7342
0.25	-45	-128.241
0.25	-45	-4.66291
0.25	-45	-31.8033
0.25	-45	-69.0418
0.25	-45	161.524
0.25	-45	131.222
0.25	-45	2.03097
0.25	-45	-166.22
0.25	-45	-103.099
0.25	-45	104.76
0.25	-45	63.8264
0.25	-45	-4.79248
0.25	-45	168.064
0.25	-45	-100.18
0.25	-45	42.3257
0.25	-45	10.249
0.25	-45	-97.58
0.25	-45	149.16
0.25	-45	-55.6344
0.25	-45	63.0144
0.25	-45	-7.50064
0.25	-45	149.024
0.25	-45	-62.6707
0.25	-45	155.258
0.25	-45	41.8868
0.25	-45	169.179
0.25	-45	25.2728
0.25	-45	-156.036
0.25	-45	-8.24148
0.25	-45	-116.116
0.25	-45	-42.9542
0.25	-45	-49.075
0.25	-45	-149.363
0.25	-45	-161.272
0.25	-45	122.203
0.25	-45	48.1425
0.25	-45	27.5359
0.25	-45	-12.539
0.25	-45	-161.943
0.25	-45	56.9616
0.25	-45	35.9098
0.25	-45	-85.2512
0.25	-45	160.148
0.25	-45	-117.384
0.25	-45	93.6269
0.25	-45	133.966
0.25	-45	120.294
0.25	-45	179.438
0.25	-45	179.515
0.25	-45	142.194
0.25	-45	-60.8247
0.25	-45	8.71278
0.25	-45	9.38854
0.25	-45	-126.574
0.25	-45	62.0105
0.25	-45	-177.329
0.25	-45	-104.452
0.25	-45	103.267
0.25	-45	-137.674
0.25	-45	-113.239
0.25	-45	99.9406
0.25	-45	-49.9354
0.25	-45	80.4278
0.25	-45	21.6356
0.25	-45	94.5339
0.25	-45	43.722
0.25	-45	37.8104
0.25	-45	-94.0451
0.25	-45	85.9135
0.25	-45	16.4277
0.25	-45	35.022
0.25	-45	-121.125
0.25	-45	-172.824
0.25	-45	137.888
0.25	-45	-147.182
0.25	-45	-58.2906
0.25	-45	-15.1243
0.25	-45	115.194
0.25	-45	-29.9048
0.25	-45	-110.173
0.25	-45	-1.10929
0.25	-45	-109.197
0.25	-45	-156.785
0.25	-45	104.147
0.25	-45	58.1612
0.25	-45	-163.035
0.25	-45	-91.5986
0.25	-45	151.275
0.25	-45	41.4353
0.25	-45	-21.8627
0.25	-45	-17.6691
0.25	-45	-78.4006
0.25	-45	174.376
0.25	-45	159.978
0.25	-45	-175.849
0.25	-45	-139.991
0.25	-45	22.1875
0.25	-45	32.0241
0.25	-45	-173.26
0.25	-45	126.766
0.25	-45	-75.4484
0.25	-45	35.5183
0.25	-45	-172.916
0.25	-45	176.463
0.25	-45	1.32085
0.25	-45	-148.69
0.25	-45	-31.2789
0.25	-45	-128.472
0.25	-45	73.3956
0.25	-45	-53.4598
0.25	-45	-77.8534
0.25	-45	-126.634
0.25	-45	108.14
0.25	-45	57.2415
0.25	-45	-4.23152
0.25	-45	140.391
0.25	-45	-67.1654
0.25	-45	-55.4864
0.25	-45	110.453
0.25	-45	-144.652
0.25	-45	-40.5164
0.25	-45	63.9294
0.25	-45	-0.293133
0.25	-45	126.579
0.25	-45	9.05198
0.25	-45	-101.645
0.25	-45	83.2834
0.25	-45	-11.9642
0.25	-45	-60.7524
0.25	-45	-169.569
0.25	-45	-36.3594
0.25	-45	-166.012
0.25	-45	140.827
0.25	-45	105.142
0.25	-45	-31.6367
0.25	-45	128.428
0.25	-45	-16.8817
0.25	-45	-13.0589
0.25	-45	56.7988
0.25	-45	108.344
0.25	-45	19.2345
0.25	-45	53.139
0.25	-45	74.0574
0.25	-45	-156.11
0.25	-45	179.939
0.25	-45	58.4561
0.25	-45	130.099
0.25	-45	-151.909
0.25	-45	86.6952
0.25	-45	-142.441
0.25	-45	-163.623
0.25	-45	-150.076
0.25	-45	13.082
0.25	-45	-29.9486
0.25	-45	-65.1424
0.25	-45	-169.954
0.25	-45	-156.759
0.25	-45	119.428
0.25	-45	-162.52
0.25	-45	98.6454
0.25	-45	-101.616
0.25	-45	-5.45052
0.25	-45	113.261
0.25	-45	-96.8899
0.25	-45	-25.0395
0.25	-45	70.7108
0.25	-45	125.341
0.25	-45	10.623
0.25	-45	-160.127
0.25	-45	66.26
0.25	-45	-90.7715
0.25	-45	-79.0417
0.25	-45	38.0264
0.25	-45	-141.585
0.25	-45	137.74
0.25	-45	16.1179
0.25	-45	-30.2259
0.25	-45	37.3821
0.25	-45	0.66758
0.25	-45	-78.304
0.25	-45	-113.974
0.25	-45	-177.868
0.25	-45	36.7643
0.25	-45	-144.534
0.25	-45	134.691
0.25	-45	115.828
0.25	-45	-20.3252
0.25	-45	154.211
0.25	-45	73.2285
0.25	-45	118.59
0.25	-45	85.0373
0.25	-45	165.151
0.25	-45	136.552
0.25	-45	54.7147
0.25	-45	-88.8892
0.25	-45	-25.3174
0.25	-45	147.653
0.25	-45	-129.286
0.25	-45	-68.4848
0.25	-45	148.682
0.25	-45	79.7391
0.25	-45	91.6377
0.25	-45	-134.681
0.25	-45	93.5458
0.25	-45	-13.5378
0.25	-45	-21.0828
0.25	-45	167.81
0.25	-45	118.037
0.25	-45	75.6863
0.25	-45	97.8266
0.25	-45	-42.2156
0.25	-45	-48.9498
0.25	-45	82.9139
0.25	-45	174.885
0.25	-45	-47.366
0.25	-45	179.774
0.25	-45	-140.165
0.25	-45	24.9903
0.25	-45	179.465
0.25	-45	-73.0077
0.25	-45	117.225
0.25	-45	14.9253
0.25	-45	-86.2945
0.25	-45	2.65411
0.25	-45	131.706
0.25	-45	174.067
0.25	-45	173.822
0.25	-45	67.4793
0.25	-45	-153.018
0.25	-45	-0.599583
0.25	-45	-65.0887
0.25	-45	79.477
0.25	-45	5.41132
0.25	-45	67.6202
0.25	-45	-123.935
0.25	-45	-110.07
0.25	-45	96.9454
0.25	-45	169.321
0.25	-45	-71.5435
0.25	-45	-151.129
0.25	-45	-60.8261
0.25	-45	9.53448
0.25	-45	-170.099
0.25	-45	18.5122
0.25	-45	-86.5035
0.25	-45	61.0756
0.25	-45	176.765
0.25	-45	51.5762
0.25	-45	28.6845
0.25	-45	151.357
0.25	-45	66.7334
0.25	-45	96.6933
0.25	-45	19.6705
0.25	-45	-149.064
0.25	-45	-106.33
0.25	-45	-152.025
0.25	-45	62.9418
0.25	-45	57.958
0.25	-45	176.835
0.25	-45	173.767
0.25	-45	-138.313
0.25	-45	14.1334
0.25	-45	178.016
0.25	-45	158.524
0.25	-45	130.12
0.25	-45	49.2028
0.25	-45	24.8399
0.25	-45	-66.9234
0.25	-45	81.8217
0.25	-45	132.983
0.25	-45	-173.347
0.25	-45	-140.006
0.25	-45	-67.1744
0.25	-45	-59.1695
0.25	-45	-2.96723
0.25	-45	-125.002
0.25	-45	-136.504
0.25	-45	-19.1664
0.25	-45	-176.56
0.25	-45	103.511
0.25	-45	-41.262
0.25	-45	165.25
0.25	-45	44.1658
0.25	-45	-26.0476
0.25	-45	110.953
0.25	-45	-162.135
0.25	-45	163.662
0.25	-45	-24.6887
0.25	-45	-95.1112
0.25	-45	179.161
0.25	-45	-75.4669
0.25	-45	107.927
0.25	-45	-63.0767
0.25	-45	71.1521
0.25	-45	-1.79373
0.25	-45	-15.0678
0.25	-45	174.394
0.25	-45	-13.6598
0.25	-45	116.077
0.25	-45	155.994
0.25	-45	-95.4244
0.25	-45	107.346
0.25	-45	-39.7817
0.25	-45	157.047
0.25	-45	125.452
0.25	-45	-89.0637
0.25	-45	-158.02
0.25	-45	87.0015
0.25	-45	-17.0001
0.25	-45	-161.022
0.25	-45	-25.3043
0.25	-45	-66.4062
0.25	-45	8.91006
0.25	-45	18.2404
0.25	-45	173.202
0.25	-45	82.531
0.25	-45	-139.221
0.25	-45	23.538
0.25	-45	0.237463
0.25	-45	-95.4655
0.25	-45	38.0592
0.25	-45	103.404
0.25	-45	61.9702
0.25	-45	165.315
0.25	-45	113.687
0.25	-45	66.5373
0.25	-45	166.476
0.25	-45	-141.048
0.25	-45	132.084
0.25	-45	67.142
0.25	-45	-157.216
0.25	-45	108.588
0.25	-45	117.171
0.25	-45	153.715
0.25	-45	-124.918
0.25	-45	-111.228
0.25	-45	156.915
0.25	-45	22.9907
0.25	-45	-90.2564
0.25	-45	-175.467
0.25	-45	146.498
0.25	-45	42.3383
0.25	-45	-74.7321
0.25	-45	-179.593
0.25	-45	-159.391
0.25	-45	29.7496
0.25	-45	55.0473
0.25	-45	134.894
0.25	-45	-117.465
0.25	-45	-131.333
0.25	-45	96.54
0.25	-45	39.8025
0.25	-45	-119.052
0.25	-45	11.4614
0.25	-45	3.40888
0.25	-45	60.6703
0.25	-45	-18.3909
0.25	-45	79.6554
0.25	-45	153.021
0.25	-45	-116.24
0.25	-45	170.729
0.25	-45	-2.69343
0.25	-45	135.498
