pol	setting	phi
0.3	45	-65.8077
0.3	45	134.997
0.3	45	122.893
0.3	45	-97.4503
0.3	45	63.8167
0.3	45	54.045
0.3	45	55.7451
0.3	45	53.2782
0.3	45	38.3518
0.3	45	146.201
0.3	45	153.743
0.3	45	-23.0699
0.3	45	-137.907
0.3	45	-32.3841
0.3	45	143.339
0.3	45	52.6074
0.3	45	162.653
0.3	45	88.8842
0.3	45	-86.863
0.3	45	120.917
0.3	45	80.3133
0.3	45	-93.6444
0.3	45	-176.511
0.3	45	-129.638
0.3	45	143.636
0.3	45	-118.877
0.3	45	108.81
0.3	45	-143.491
0.3	45	-12.0689
0.3	45	12.2015
0.3	45	-118.717
0.3	45	-31.4976
0.3	45	-2.73113
0.3	45	71.3924
0.3	45	36.187
0.3	45	-101.692
0.3	45	150.408
0.3	45	-171.448
0.3	45	-45.7074
0.3	45	41.0051
0.3	45	-113.837
0.3	45	37.1052
0.3	45	-141.316
0.3	45	96.0747
0.3	45	50.9336
0.3	45	-137.852
0.3	45	30.6492
0.3	45	-169.49
0.3	45	148.571
0.3	45	-88.9075
0.3	45	61.0755
0.3	45	11.7176
0.3	45	103.709
0.3	45	169.188
0.3	45	-98.7753
0.3	45	42.5885
0.3	45	155.665
0.3	45	-71.278
0.3	45	-125.93
0.3	45	141.07
0.3	45	1.67082
0.3	45	48.0653
0.3	45	-113.911
0.3	45	-58.006
0.3	45	-165.43
0.3	45	132.645
0.3	45	179.721
0.3	45	179.406
0.3	45	78.6426
0.3	45	85.5119
0.3	45	157.536
0.3	45	-164.446
0.3	45	156.574
0.3	45	-73.1332
0.3	45	-33.5323
0.3	45	-55.5794
0.3	45	140.366
0.3	45	175.94
0.3	45	176.156
0.3	45	-119.647
0.3	45	-145.97
0.3	45	87.7967
0.3	45	39.3302
0.3	45	-84.1051
0.3	45	157.902
0.3	45	149.294
0.3	45	0.294529
0.3	45	-174.821
0.3	45	113.34
0.3	45	-50.7654
0.3	45	109.723
0.3	45	141.442
0.3	45	168.165
0.3	45	174.608
0.3	45	125.322
0.3	45	-13.0196
0.3	45	-92.9562
0.3	45	161.685
0.3	45	-168.084
0.3	45	-41.0786
0.3	45	133.451
0.3	45	-80.5572
0.3	45	-69.0643
0.3	45	-9.13849
0.3	45	-161.187
0.3	45	109.258
0.3	45	-133.941
0.3	45	-25.8274
0.3	45	84.0974
0.3	45	21.8562
0.3	45	-161.739
0.3	45	-2.78374
0.3	45	-157.448
0.3	45	-92.8376
0.3	45	143.359
0.3	45	103.98
0.3	45	-159.36
0.3	45	167.636
0.3	45	-5.58948
0.3	45	-129.164
0.3	45	168.735
0.3	45	-96.8732
0.3	45	-17.7543
0.3	45	-76.3807
0.3	45	-87.3909
0.3	45	-45.2161
0.3	45	-100.914
0.3	45	33.5039
0.3	45	5.93924
0.3	45	-159.651
0.3	45	-98.9532
0.3	45	135.478
0.3	45	-95.6747
0.3	45	-50.1585
0.3	45	-119.008
0.3	45	-44.763
0.3	45	116.162
0.3	45	57.3948
0.3	45	8.12382
0.3	45	-129.53
0.3	45	161.463
0.3	45	141.845
0.3	45	145.418
0.3	45	-0.359964
0.3	45	61.4317
0.3	45	-6.30023
0.3	45	-77.1809
0.3	45	90.9306
0.3	45	-112.325
0.3	45	94.1036
0.3	45	-93.143
0.3	45	-58.8605
0.3	45	-20.5946
0.3	45	-53.4664
0.3	45	-52.6923
0.3	45	93.6015
0.3	45	-119.07
0.3	45	-138.143
0.3	45	9.06893
0.3	45	-148.286
0.3	45	20.9994
0.3	45	84.5335
0.3	45	127.291
0.3	45	11.3494
0.3	45	-83.3409
0.3	45	73.4362
0.3	45	14.0635
0.3	45	81.7282
0.3	45	27.0914
0.3	45	-49.6008
0.3	45	111.775
0.3	45	137.621
0.3	45	-166.841
0.3	45	10.8881
0.3	45	-179.857
0.3	45	130.828
0.3	45	62.5291
0.3	45	123.877
0.3	45	34.4885
0.3	45	-71.994
0.3	45	132.445
0.3	45	-33.4478
0.3	45	144.262
0.3	45	149.068
0.3	45	-145.982
0.3	45	30.4235
0.3	45	69.7558
0.3	45	-110.014
0.3	45	16.5999
0.3	45	136.149
0.3	45	124.531
0.3	45	6.03441
0.3	45	-175.076
0.3	45	93.1286
0.3	45	-73.9343
0.3	45	-103.492
0.3	45	-29.5551
0.3	45	-107.686
0.3	45	178.459
0.3	45	-10.3794
0.3	45	-80.5243
0.3	45	161.775
0.3	45	-37.3472
0.3	45	-94.7007
0.3	45	-153.731
0.3	45	-166.765
0.3	45	13.9468
0.3	45	-50.7089
0.3	45	-172.842
0.3	45	-98.3091
0.3	45	-45.5079
0.3	45	2.84686
0.3	45	-100.649
0.3	45	108.293
0.3	45	-131.593
0.3	45	-21.8225
0.3	45	-175.294
0.3	45	-22.7791
0.3	45	-123.719
0.3	45	142.36
0.3	45	-104.061
0.3	45	66.4449
0.3	45	-142.939
0.3	45	18.7698
0.3	45	-119.63
0.3	45	-153.66
0.3	45	177.372
0.3	45	-132.932
0.3	45	121.724
0.3	45	149.503
0.3	45	-46.6062
0.3	45	56.3423
0.3	45	88.5724
0.3	45	112.887
0.3	45	123.508
0.3	45	-103.023
0.3	45	62.0963
0.3	45	56.7828
0.3	45	-114.41
0.3	45	-21.7901
0.3	45	145.245
0.3	45	-9.51583
0.3	45	-158.384
0.3	45	139.362
0.3	45	171.878
0.3	45	118.304
0.3	45	-90.752
0.3	45	-50.8039
0.3	45	154.797
0.3	45	-21.0527
0.3	45	-101.588
0.3	45	-33.5833
0.3	45	-4.00873
0.3	45	32.5215
0.3	45	-136.419
0.3	45	119.542
0.3	45	152.402
0.3	45	65.5123
0.3	45	-111.909
0.3	45	64.3249
0.3	45	150.673
0.3	45	-155.89
0.3	45	149.324
0.3	45	-26.6944
0.3	45	-122.658
0.3	45	-177.949
0.3	45	-85.4985
0.3	45	97.9892
0.3	45	-45.5316
0.3	45	129.298
0.3	45	-174.04
0.3	45	-2.6525
0.3	45	79.4697
0.3	45	-157.113
0.3	45	42.6265
0.3	45	80.9523
0.3	45	-157.558
0.3	45	-140.665
0.3	45	61.6109
0.3	45	167.655
0.3	45	-13.5575
0.3	45	136.548
0.3	45	-131.681
0.3	45	148.428
0.3	45	73.6077
0.3	45	-137.879
0.3	45	127.498
0.3	45	-36.8611
0.3	45	-10.1681
0.3	45	131.708
0.3	45	2.40654
0.3	45	-4.97423
0.3	45	81.5357
0.3	45	20.6604
0.3	45	38.9784
0.3	45	108.336
0.3	45	-50.4922
0.3	45	138.904
0.3	45	151.795
0.3	45	153.018
0.3	45	105.92
0.3	45	-143.756
0.3	45	-172.051
0.3	45	45.7924
0.3	45	8.27644
0.3	45	124.207
0.3	45	128.554
0.3	45	124.826
0.3	45	122.993
0.3	45	-70.6865
0.3	45	157.891
0.3	45	-86.2468
0.3	45	164.913
0.3	45	-56.6672
0.3	45	-4.20746
0.3	45	106.216
0.3	45	-159.301
0.3	45	-53.6301
0.3	45	-130.481
0.3	45	35.5152
0.3	45	13.4635
0.3	45	-74.2399
0.3	45	5.1059
0.3	45	-81.2796
0.3	45	-11.3052
0.3	45	25.3448
0.3	45	172.213
0.3	45	67.8228
0.3	45	80.8511
0.3	45	-53.8447
0.3	45	114.458
0.3	45	77.2876
0.3	45	-130.828
0.3	45	-159.307
0.3	45	-66.5413
0.3	45	-126.363
0.3	45	52.9541
0.3	45	-20.2655
0.3	45	87.5871
0.3	45	-82.8046
0.3	45	148.162
0.3	45	-12.917
0.3	45	94.7852
0.3	45	-146.158
0.3	45	142.698
0.3	45	-57.2483
0.3	45	84.6475
0.3	45	133.333
0.3	45	69.4907
0.3	45	-25.4156
0.3	45	44.8017
0.3	45	-160.596
0.3	45	175.892
0.3	45	151.723
0.3	45	128.37
0.3	45	42.6813
0.3	45	-78.3043
0.3	45	-74.9205
0.3	45	113.561
0.3	45	-82.5581
0.3	45	17.4831
0.3	45	-74.79
0.3	45	-41.0842
0.3	45	28.7206
0.3	45	33.6891
0.3	45	40.5339
0.3	45	42.4263
0.3	45	32.6943
0.3	45	-13.2676
0.3	45	80.2612
0.3	45	-31.1854
0.3	45	-17.2709
0.3	45	-93.5977
0.3	45	-43.2112
0.3	45	42.3019
0.3	45	68.2033
0.3	45	-9.54108
0.3	45	123.863
0.3	45	96.7894
0.3	45	-14.9216
0.3	45	148.649
0.3	45	-64.8794
0.3	45	93.0716
0.3	45	-100.719
0.3	45	25.7542
0.3	45	-140.914
0.3	45	-106.05
0.3	45	-135.203
0.3	45	-40.0661
0.3	45	112.821
0.3	45	-163.488
0.3	45	-83.5586
0.3	45	-22.4151
0.3	45	-127.847
0.3	45	125.039
0.3	45	-9.75275
0.3	45	110.509
0.3	45	-55.0596
0.3	45	-152.885
0.3	45	-4.47904
0.3	45	-42.9184
0.3	45	-156.914
0.3	45	-167.683
0.3	45	-169.914
0.3	45	-69.8226
0.3	45	-0.710592
0.3	45	-67.9144
0.3	45	12.6918
0.3	45	-45.7584
0.3	45	17.2414
0.3	45	-165.68
0.3	45	74.2392
0.3	45	-116.189
0.3	45	-152.773
0.3	45	51.2562
0.3	45	19.2988
0.3	45	145.042
0.3	45	-160.241
0.3	45	-178.848
0.3	45	112.133
0.3	45	-83.2852
0.3	45	-157.528
0.3	45	-59.8489
0.3	45	-39.9561
0.3	45	-34.966
0.3	45	-133.849
0.3	45	30.5942
0.3	45	47.3004
0.3	45	-168.954
0.3	45	46.3676
0.3	45	106.521
0.3	45	-102.563
0.3	45	160.725
0.3	45	82.3442
0.3	45	171.228
0.3	45	96.9545
0.3	45	-173.418
0.3	45	24.4367
0.3	45	-139.136
0.3	45	-35.4417
0.3	45	165.917
0.3	45	85.9342
0.3	45	-29.0289
0.3	45	-179.214
0.3	45	-60.805
0.3	45	57.6896
0.3	45	-35.4936
0.3	45	95.496
0.3	45	91.3721
0.3	45	152.087
0.3	45	53.9394
0.3	45	-57.6178
0.3	45	57.4949
0.3	45	160.832
0.3	45	15.2593
0.3	45	-106.449
0.3	45	-9.28379
0.3	45	84.472
0.3	45	124.792
0.3	45	-24.196
0.3	45	-34.5022
0.3	45	108.958
0.3	45	55.8198
0.3	45	-172.483
0.3	45	24.5348
0.3	45	-66.5214
0.3	45	32.1001
0.3	45	74.8283
0.3	45	52.3586
0.3	45	71.5905
0.3	45	-91.1724
0.3	45	-93.9084
0.3	45	87.721
0.3	45	-25.3956
0.3	45	72.59
0.3	45	21.9271
0.3	45	126.546
0.3	45	-73.0418
0.3	45	0.260952
0.3	45	-151.676
0.3	45	4.09541
0.3	45	-33.855
0.3	45	50.3122
0.3	45	58.311
0.3	45	-20.114
0.3	45	81.835
0.3	45	160.532
0.3	45	-29.8103
0.3	45	-30.1743
0.3	45	-11.0379
0.3	45	-79.1329
0.3	45	-146.341
0.3	45	11.9241
0.3	45	13.474
0.3	45	171.695
0.3	45	115.598
0.3	45	-107.218
0.3	45	133.985
0.3	45	79.6803
0.3	45	162.276
0.3	45	-150.036
0.3	45	175.125
0.3	45	2.3367
0.3	45	-63.453
0.3	45	-100.23
0.3	45	-109.472
0.3	45	82.7396
0.3	45	-150.047
0.3	45	178.907
0.3	45	62.5615
0.3	45	-93.7907
0.3	45	2.96198
0.3	45	-11.112
0.3	45	-24.9002
0.3	45	-10.8647
0.3	45	55.0133
0.3	45	6.52499
0.3	45	84.9715
0.3	45	98.3493
0.3	45	-172.955
0.3	45	36.1466
0.3	45	127.572
0.3	45	-15.4352
0.3	45	0.573659
0.3	45	48.9216
0.3	45	-6.76951
0.3	45	103.55
0.3	45	-38.4771
0.3	45	47.5313
0.3	45	-143.334
0.3	45	-26.519
0.3	45	-48.6267
0.3	45	34.8114
0.3	45	113.399
0.3	45	33.6766
0.3	45	-40.4484
0.3	45	35.0945
0.3	45	178.007
0.3	45	9.23357
0.3	45	1.49896
0.3	45	-25.9163
0.3	45	-131.137
0.3	45	-39.0935
0.3	45	47.5984
0.3	45	-42.2622
0.3	45	-132.491
0.3	45	53.3501
0.3	45	-144.683
0.3	45	-55.2582
0.3	45	123.566
0.3	45	-0.450652
0.3	45	22.8759
0.3	45	52.2661
0.3	45	106.592
0.3	45	85.5502
0.3	45	173.621
0.3	45	15.3343
0.3	45	134.047
0.3	45	174.21
0.3	45	-94.8137
0.3	45	-176.158
0.3	45	-83.8382
0.3	45	28.5597
0.3	45	27.4506
0.3	45	-2.49179
0.3	45	-61.5753
0.3	45	85.3605
0.3	45	103.215
0.3	45	-55.176
0.3	45	-5.61005
0.3	45	-131.838
0.3	45	-162.67
0.3	45	-118.312
0.3	45	-65.3523
0.3	45	-12.0111
0.3	45	-45.3896
0.3	45	-57.5511
0.3	45	-156.47
0.3	45	-3.74333
0.3	45	-66.3974
0.3	45	-139.542
0.3	45	174.395
0.3	45	-119.492
0.3	45	-13.137
0.3	45	-38.9398
0.3	45	-132.09
0.3	45	179.257
0.3	45	171.379
0.3	45	59.1902
0.3	45	-154.156
0.3	45	76.1361
0.3	45	137.01
0.3	45	-160.996
0.3	45	145.812
0.3	45	-76.4835
0.3	45	-38.2296
0.3	45	172.858
0.3	45	-33.0254
0.3	45	0.865809
0.3	45	30.8611
0.3	45	-95.6505
0.3	45	134.867
0.3	45	-5.72202
0.3	45	-44.2016
0.3	45	-26.6568
0.3	45	-22.3515
0.3	45	155.351
0.3	45	-31.7244
0.3	45	114.203
0.3	45	-35.2455
0.3	45	-75.3919
0.3	45	-3.16696
0.3	45	15.5236
0.3	45	-56.4795
0.3	45	130.401
0.3	45	81.9309
0.3	45	160.084
0.3	45	150.682
0.3	45	120.119
0.3	45	-127.553
0.3	45	-36.3306
0.3	45	55.7702
0.3	45	-34.0804
0.3	45	20.8962
0.3	45	-101.261
0.3	45	-153.494
0.3	45	161.941
0.3	45	103.753
0.3	45	76.8594
0.3	45	-103.174
0.3	45	-37.2508
0.3	45	117.707
0.3	45	48.246
0.3	45	-157.321
0.3	45	38.7377
0.3	45	-70.039
0.3	45	83.5596
0.3	45	-135.263
0.3	45	-5.0577
0.3	45	-134.121
0.3	45	-76.2828
0.3	45	175.334
0.3	45	138.735
0.3	45	58.8045
0.3	45	178.082
0.3	45	70.415
0.3	45	85.1447
0.3	45	147.407
0.3	45	-82.1806
0.3	45	-73.0295
0.3	45	20.3422
0.3	45	94.5714
0.3	45	54.9318
0.3	45	-3.62028
0.3	45	-88.4407
0.3	45	57.5522
0.3	45	-112.423
0.3	45	-56.5718
0.3	45	-128.862
0.3	45	53.2546
0.3	45	-176.887
0.3	45	95.5789
0.3	45	-141.683
0.3	45	-18.2993
0.3	45	149.451
0.3	45	53.8892
0.3	45	-76.7818
0.3	45	-157.861
0.3	45	-68.9178
0.3	45	-80.9559
0.3	45	29.3856
0.3	45	116.896
0.3	45	14.2996
0.3	45	124.127
0.3	45	-64.7921
0.3	45	-17.0911
0.3	45	163.413
0.3	45	34.8064
0.3	45	-60.6358
0.3	45	50.6899
0.3	45	11.0772
0.3	45	-67.4437
0.3	45	-28.4394
0.3	45	-75.1813
0.3	45	-173.228
0.3	45	-135.835
0.3	45	69.9189
0.3	45	62.7354
0.3	45	-133.867
0.3	45	9.73599
0.3	45	-56.7067
0.3	45	-98.7175
0.3	45	53.7559
0.3	45	125.837
0.3	45	92.9244
0.3	45	119.548
0.3	45	158.4
0.3	45	154.284
0.3	45	-39.4293
0.3	45	136.234
0.3	45	13.8304
0.3	45	-58.1165
0.3	45	-115.015
0.3	45	-149.205
0.3	45	43.808
0.3	45	44.0678
0.3	45	158.495
0.3	45	-60.8061
0.3	45	142.96
0.3	45	145.5
0.3	45	-15.0691
0.3	45	-151.144
0.3	45	-148.817
0.3	45	-18.1951
0.3	45	142.097
0.3	45	-53.7561
0.3	45	161.319
0.3	45	-109.131
0.3	45	-37.4796
0.3	45	57.4782
0.3	45	123.456
0.3	45	-157.917
0.3	45	34.7827
0.3	45	55.6646
0.3	45	103.718
0.3	45	-144.127
0.3	45	-115.783
0.3	45	53.7687
0.3	45	-2.17044
0.3	45	-32.548
0.3	45	-50.8283
0.3	45	166.408
0.3	45	-146.995
0.3	45	-29.7442
0.3	45	119.825
0.3	45	-119.106
0.3	45	-55.4252
0.3	45	-62.3279
0.3	45	103.215
0.3	45	116.708
0.3	45	38.6276
0.3	45	179.837
0.3	45	137.65
0.3	45	110.928
0.3	45	169.542
0.3	45	-157.974
0.3	45	-13.3023
0.3	45	-109.699
0.3	45	-18.3506
0.3	45	16.1098
0.3	45	-110.213
0.3	45	100.272
0.3	45	-22.5009
0.3	45	76.7434
0.3	45	9.49592
0.3	45	120.374
0.3	45	107.494
0.3	45	94.4154
0.3	45	-1.75057
0.3	45	-164.972
0.3	45	109.309
0.3	45	-74.6017
0.3	45	91.4124
0.3	45	-81.1907
0.3	45	-84.255
0.3	45	35.3769
0.3	45	-10.2913
0.3	45	125.279
0.3	45	-116.975
0.3	45	130.58
0.3	45	168.311
0.3	45	-168.097
0.3	45	-40.8917
0.3	45	-137.899
0.3	45	164.105
0.3	45	-149.11
0.3	45	-16.5454
0.3	45	-160.591
0.3	45	171.476
0.3	45	-74.6855
0.3	45	-177.81
0.3	45	-108.902
0.3	45	-74.2914
0.3	45	-136.009
0.3	45	139.231
0.3	45	34.1442
0.3	45	-48.6274
0.3	45	-69.5026
0.3	45	171.542
0.3	45	-162.37
0.3	45	-164.444
0.3	45	32.7629
0.3	45	-165.296
0.3	45	107.617
0.3	45	109.008
0.3	45	126.616
0.3	45	27.4479
0.3	45	-87.5799
0.3	45	-80.5458
0.3	45	-80.7221
0.3	45	-98.7292
0.3	45	-70.5764
0.3	45	136.52
0.3	45	96.3096
0.3	45	-118.86
0.3	45	-44.0335
0.3	45	-58.7195
0.3	45	40.3158
0.3	45	-123.03
0.3	45	24.6269
0.3	45	-144.434
0.3	45	27.3999
0.3	45	82.3568
0.3	45	-104.028
0.3	45	-74.4159
0.3	45	-103.3
0.3	45	178.465
0.3	45	52.2376
0.3	45	-55.1005
0.3	45	133.051
0.3	45	168.53
0.3	45	31.8764
0.3	45	-105.113
0.3	45	-83.8388
0.3	45	37.8997
0.3	45	161.151
0.3	45	135.387
0.3	45	-154.519
0.3	45	49.5574
0.3	45	-116.203
0.3	45	-83.2239
0.3	45	-139.134
0.3	45	94.9178
0.3	45	45.5769
0.3	45	76.0368
0.3	45	-31.42
0.3	45	155.1
0.3	45	30.0914
0.3	45	-44.9706
0.3	45	-91.6292
0.3	45	96.5839
0.3	45	130.903
0.3	45	3.8609
0.3	45	-164.962
0.3	45	21.9684
0.3	45	37.9225
0.3	45	142.924
0.3	45	138.749
0.3	45	-92.4665
0.3	45	177.83
0.3	45	17.0491
0.3	45	168.232
0.3	45	-177.73
0.3	45	-34.665
0.3	45	123.708
0.3	45	-59.1422
0.3	45	29.9824
0.3	45	37.3769
0.3	45	115.506
0.3	45	10.7545
0.3	45	-179.491
0.3	45	159.944
0.3	45	133.543
0.3	45	76.1616
0.3	45	-2.06952
0.3	45	-155.595
0.3	45	-168.57
0.3	45	-14.7135
0.3	45	-75.7586
0.3	45	109.765
0.3	45	-50.2065
0.3	45	-13.0602
0.3	45	-52.2678
0.3	45	-85.0099
0.3	45	70.3725
0.3	45	8.34421
0.3	45	-141.225
0.3	45	53.1616
0.3	45	-8.93837
0.3	45	19.9358
0.3	45	-87.191
0.3	45	46.4832
0.3	45	112.005
0.3	45	7.08525
0.3	45	-114.001
0.3	45	70.6598
0.3	45	125.306
0.3	45	-50.3404
0.3	45	151.808
0.3	45	60.132
0.3	45	-110.211
0.3	45	51.6503
0.3	45	173.247
0.3	45	-120.598
0.3	45	1.1448
0.3	45	112.818
0.3	45	158.266
0.3	45	-54.8445
0.3	45	-88.0329
0.3	45	162.997
0.3	45	-62.2976
0.3	45	-146.979
0.3	45	61.5343
0.3	45	117.938
0.3	45	-54.3384
0.3	45	-12.2769
0.3	45	31.6269
0.3	45	-117.218
0.3	45	-128.432
0.3	45	30.2688
0.3	45	176.086
0.3	45	-167.631
0.3	45	-8.81623
0.3	45	-122.583
0.3	45	116.977
0.3	45	129.183
0.3	45	-67.1779
0.3	45	157.766
0.3	45	-141.615
0.3	45	112.131
0.3	45	-160.925
0.3	45	-97.2437
0.3	45	-9.87896
0.3	45	-10.4169
0.3	45	-0.589331
0.3	45	-69.9521
0.3	45	-60.3262
0.3	45	-91.2654
0.3	45	-26.0957
0.3	45	160.825
0.3	45	-147.588
0.3	45	-1.58119
0.3	45	121.817
0.3	45	-124.249
0.3	45	107.286
0.3	45	-106.032
0.3	45	102.708
0.3	45	-105.627
0.3	45	-173.08
0.3	45	-68.1074
0.3	45	-151.604
0.3	45	85.9729
0.3	45	-82.6982
0.3	45	175.564
0.3	45	-42.7856
0.3	45	-170.937
0.3	45	141.32
0.3	45	-100.676
0.3	45	157.313
0.3	45	-13.817
0.3	45	-34.8351
0.3	45	47.9992
0.3	45	-51.9247
0.3	45	66.0672
0.3	45	-32.7224
0.3	45	67.9667
0.3	45	-41.8633
0.3	45	-5.94837
0.3	45	136.596
0.3	45	138.557
0.3	45	56.1299
0.3	45	-136.66
0.3	45	54.9654
0.3	45	-105.859
0.3	45	-63.8303
0.3	45	27.6613
0.3	45	-36.2492
0.3	45	-163.37
0.3	45	94.7679
0.3	45	80.5994
0.3	45	115.865
0.3	45	-177.143
0.3	45	-3.0422
0.3	45	121.007
0.3	45	11.7371
0.3	45	-91.3168
0.3	45	-113.691
0.3	45	97.9261
0.3	45	154.538
0.3	45	-76.1195
0.3	45	63.7154
0.3	45	122.396
0.3	45	55.4965
0.3	45	-62.3007
0.3	45	160.311
0.3	45	-139.629
0.3	45	-46.2911
0.3	45	163.897
0.3	45	89.8471
0.3	45	16.4857
0.3	45	-7.15209
0.3	45	79.7196
0.3	45	-163.763
0.3	45	163.766
0.3	45	-47.9122
0.3	45	-96.3221
0.3	45	88.5784
0.3	45	-126.067
0.3	45	-48.4986
0.3	45	-35.1428
0.25	-45	-0.406872
0.25	-45	10.571
0.25	-45	-69.1263
0.25	-45	148.24
0.25	-45	-26.7468
0.25	-45	127.878
0.25	-45	146.323
0.25	-45	30.8289
0.25	-45	-21.0312
0.25	-45	-136.576
0.25	-45	-26.5246
0.25	-45	-173.967
0.25	-45	56.8076
0.25	-45	-170.946
0.25	-45	125.614
0.25	-45	161.913
0.25	-45	-156.402
0.25	-45	-2.5667
0.25	-45	40.92
0.25	-45	-153.222
0.25	-45	-38.9111
0.25	-45	-119.734
0.25	-45	108.415
0.25	-45	135.187
0.25	-45	136.703
0.25	-45	-145.014
0.25	-45	-58.4617
0.25	-45	-91.5011
0.25	-45	-139.687
0.25	-45	-135.145
0.25	-45	-56.3314
0.25	-45	-165.426
0.25	-45	83.2846
0.25	-45	36.7248
0.25	-45	21.2252
0.25	-45	134.367
0.25	-45	-90.0024
0.25	-45	-33.3647
0.25	-45	121.169
0.25	-45	-21.6512
0.25	-45	141.631
0.25	-45	-169.574
0.25	-45	122.997
0.25	-45	65.4478
0.25	-45	-116.622
0.25	-45	-25.7253
0.25	-45	-62.4219
0.25	-45	20.8791
0.25	-45	-48.1947
0.25	-45	-65.7018
0.25	-45	89.4028
0.25	-45	66.0884
0.25	-45	-41.4502
0.25	-45	107.724
0.25	-45	-45.8116
0.25	-45	179.665
0.25	-45	78.2111
0.25	-45	-29.1163
0.25	-45	-153.161
0.25	-45	-55.2754
0.25	-45	-160.171
0.25	-45	-91.9316
0.25	-45	-137.481
0.25	-45	-60.9838
0.25	-45	84.636
0.25	-45	107.772
0.25	-45	-98.8425
0.25	-45	-80.2979
0.25	-45	-160.911
0.25	-45	102.516
0.25	-45	35.1239
0.25	-45	-108.633
0.25	-45	66.8892
0.25	-45	-141.229
0.25	-45	-41.8285
0.25	-45	-112.164
0.25	-45	99.017
0.25	-45	107.457
0.25	-45	-166.597
0.25	-45	123.881
0.25	-45	73.714
0.25	-45	84.4936
0.25	-45	-90.1793
0.25	-45	-109.655
0.25	-45	124.783
0.25	-45	3.30377
0.25	-45	15.9597
0.25	-45	173.058
0.25	-45	21.6222
0.25	-45	-49.4147
0.25	-45	-125.871
0.25	-45	-136.916
0.25	-45	137.549
0.25	-45	-72.8895
0.25	-45	-118.967
0.25	-45	51.2428
0.25	-45	-30.0217
0.25	-45	156.791
0.25	-45	-171.975
0.25	-45	-17.0643
0.25	-45	162.055
0.25	-45	88.2854
0.25	-45	18.331
0.25	-45	-100.517
0.25	-45	26.7398
0.25	-45	79.7778
0.25	-45	82.2893
0.25	-45	40.3478
0.25	-45	166.763
0.25	-45	128.002
0.25	-45	-47.6742
0.25	-45	-108.819
0.25	-45	75.9956
0.25	-45	-15.2908
0.25	-45	89.9174
0.25	-45	36.5833
0.25	-45	87.8533
0.25	-45	-73.1792
0.25	-45	-4.7735
0.25	-45	80.3476
0.25	-45	-32.365
0.25	-45	128.42
0.25	-45	-48.2116
0.25	-45	-132.128
0.25	-45	-173.681
0.25	-45	18.4934
0.25	-45	124.821
0.25	-45	114.602
0.25	-45	-90.7444
0.25	-45	-85.6642
0.25	-45	142.708
0.25	-45	-100.287
0.25	-45	37.5495
0.25	-45	178.338
0.25	-45	51.609
0.25	-45	56.3427
0.25	-45	-45.496
0.25	-45	-156.826
0.25	-45	63.7968
0.25	-45	-154.536
0.25	-45	-0.567297
0.25	-45	169.612
0.25	-45	43.134
0.25	-45	-56.9194
0.25	-45	-142.699
0.25	-45	38.5569
0.25	-45	21.8097
0.25	-45	-167.88
0.25	-45	5.12023
0.25	-45	47.8252
0.25	-45	11.5097
0.25	-45	19.1107
0.25	-45	30.1357
0.25	-45	-105.045
0.25	-45	-130.361
0.25	-45	0.873547
0.25	-45	85.3972
0.25	-45	-13.6949
0.25	-45	51.9383
0.25	-45	-174.038
0.25	-45	175.347
0.25	-45	87.4748
0.25	-45	169.511
0.25	-45	-81.2322
0.25	-45	-83.1692
0.25	-45	-80.5885
0.25	-45	-84.3056
0.25	-45	-48.2032
0.25	-45	143.117
0.25	-45	84.8996
0.25	-45	-27.8893
0.25	-45	69.7195
0.25	-45	-171.954
0.25	-45	-36.5142
0.25	-45	132.51
0.25	-45	-150.553
0.25	-45	109.585
0.25	-45	71.264
0.25	-45	-76.9553
0.25	-45	22.5645
0.25	-45	3.68416
0.25	-45	-123.703
0.25	-45	-97.778
0.25	-45	-107.391
0.25	-45	-8.13342
0.25	-45	-1.17739
0.25	-45	79.7182
0.25	-45	-118.03
0.25	-45	176.821
0.25	-45	-128.371
0.25	-45	59.1453
0.25	-45	64.508
0.25	-45	76.5299
0.25	-45	-11.4462
0.25	-45	-112.59
0.25	-45	167.217
0.25	-45	116.17
0.25	-45	-176.113
0.25	-45	3.17781
0.25	-45	17.9648
0.25	-45	45.4083
0.25	-45	13.1921
0.25	-45	-19.333
0.25	-45	-142.581
0.25	-45	68.2964
0.25	-45	29.9708
0.25	-45	-176.511
0.25	-45	-115.201
0.25	-45	-148.955
0.25	-45	-12.709
0.25	-45	123.653
0.25	-45	-48.8764
0.25	-45	-179.323
0.25	-45	2.50154
0.25	-45	50.0915
0.25	-45	-25.3979
0.25	-45	55.3158
0.25	-45	165.381
0.25	-45	38.3202
0.25	-45	172.285
0.25	-45	-86.3431
0.25	-45	-145.398
0.25	-45	143.761
0.25	-45	160.881
0.25	-45	-148.985
0.25	-45	39.7564
0.25	-45	87.3787
0.25	-45	-39.7149
0.25	-45	102.178
0.25	-45	16.8553
0.25	-45	79.3359
0.25	-45	28.0585
0.25	-45	92.0174
0.25	-45	-145.247
0.25	-45	-161.213
0.25	-45	26.1671
0.25	-45	-161.867
0.25	-45	-138.952
0.25	-45	146.781
0.25	-45	-175.813
0.25	-45	88.3223
0.25	-45	43.0579
0.25	-45	-32.0411
0.25	-45	49.8061
0.25	-45	-173.77
0.25	-45	101.972
0.25	-45	-33.504
0.25	-45	126.706
0.25	-45	-95.662
0.25	-45	-118.052
0.25	-45	-118.461
0.25	-45	57.1789
0.25	-45	43.4516
0.25	-45	-179.673
0.25	-45	10.1644
0.25	-45	-138.17
0.25	-45	82.6679
0.25	-45	-63.2876
0.25	-45	-40.1475
0.25	-45	179.59
0.25	-45	122.4
0.25	-45	145.551
0.25	-45	12.6522
0.25	-45	-37.3031
0.25	-45	171.931
0.25	-45	-67.5576
0.25	-45	-157.379
0.25	-45	-115.45
0.25	-45	82.5899
0.25	-45	103.099
0.25	-45	3.8487
0.25	-45	122.166
0.25	-45	82.6755
0.25	-45	-134.282
0.25	-45	87.3268
0.25	-45	-156.026
0.25	-45	67.4188
0.25	-45	41.3712
0.25	-45	95.7564
0.25	-45	-8.61439
0.25	-45	36.7536
0.25	-45	-110.242
0.25	-45	150.663
0.25	-45	62.0421
0.25	-45	34.8803
0.25	-45	69.0478
0.25	-45	-18.8114
0.25	-45	135.147
0.25	-45	174.418
0.25	-45	126.068
0.25	-45	-10.5824
0.25	-45	32.0082
0.25	-45	67.3867
0.25	-45	145.082
0.25	-45	-100.905
0.25	-45	138.168
0.25	-45	-135.952
0.25	-45	37.0657
0.25	-45	-170.217
0.25	-45	47.4987
0.25	-45	-14.2058
0.25	-45	-59.7175
0.25	-45	62.584
0.25	-45	-169.046
0.25	-45	-3.94736
0.25	-45	-132.893
0.25	-45	-26.0616
0.25	-45	-30.6385
0.25	-45	-114.55
0.25	-45	21.7589
0.25	-45	23.9865
0.25	-45	76.7258
0.25	-45	-34.4986
0.25	-45	53.4055
0.25	-45	19.4931
0.25	-45	168.978
0.25	-45	152.524
0.25	-45	-10.3101
0.25	-45	-124.918
0.25	-45	60.5837
0.25	-45	-78.6945
0.25	-45	80.1384
0.25	-45	-168.702
0.25	-45	-178.513
0.25	-45	-21.1092
0.25	-45	128.513
0.25	-45	-128.005
0.25	-45	-59.9593
0.25	-45	-41.0705
0.25	-45	-70.6451
0.25	-45	-163.892
0.25	-45	109.941
0.25	-45	31.7919
0.25	-45	-155.322
0.25	-45	-65.7464
0.25	-45	-145.942
0.25	-45	-62.2455
0.25	-45	127.516
0.25	-45	-74.2295
0.25	-45	110.663
0.25	-45	7.53457
0.25	-45	-15.9284
0.25	-45	-15.5871
0.25	-45	-34.0988
0.25	-45	59.5609
0.25	-45	-85.8216
0.25	-45	-11.9636
0.25	-45	138.385
0.25	-45	-15.5056
0.25	-45	161.632
0.25	-45	-97.1141
0.25	-45	-153.428
0.25	-45	77.7438
0.25	-45	66.4144
0.25	-45	8.41624
0.25	-45	-132.072
0.25	-45	164.705
0.25	-45	-64.5279
0.25	-45	13.8236
0.25	-45	26.7316
0.25	-45	48.7526
0.25	-45	22.6331
0.25	-45	55.9236
0.25	-45	-122.124
0.25	-45	-98.0501
0.25	-45	-133.33
0.25	-45	7.7396
0.25	-45	-117.506
0.25	-45	-91.1317
0.25	-45	-22.8
0.25	-45	-115.659
0.25	-45	149.207
0.25	-45	-69.6583
0.25	-45	155.292
0.25	-45	-101.982
0.25	-45	-174.848
0.25	-45	81.4195
0.25	-45	149.676
0.25	-45	-111.655
0.25	-45	-148.012
0.25	-45	-159.338
0.25	-45	82.3478
0.25	-45	136.74
0.25	-45	97.7327
0.25	-45	-150.022
0.25	-45	104.675
0.25	-45	-116.196
0.25	-45	-47.1885
0.25	-45	-97.6942
0.25	-45	119.498
0.25	-45	154.815
0.25	-45	156.082
0.25	-45	20.6398
0.25	-45	112.952
0.25	-45	120.707
0.25	-45	-99.2026
0.25	-45	178.33
0.25	-45	16.5068
0.25	-45	-35.3151
0.25	-45	-23.3456
0.25	-45	178.86
0.25	-45	164.303
0.25	-45	-152.01
0.25	-45	-149.337
0.25	-45	2.3025
0.25	-45	57.9449
0.25	-45	77.846
0.25	-45	174.13
0.25	-45	176.11
0.25	-45	81.2672
0.25	-45	44.2852
0.25	-45	31.1307
0.25	-45	91.8468
0.25	-45	128.921
0.25	-45	173.781
0.25	-45	94.2029
0.25	-45	-34.042
0.25	-45	170.299
0.25	-45	-124.333
0.25	-45	-3.92013
0.25	-45	54.8367
0.25	-45	33.412
0.25	-45	48.2173
0.25	-45	-91.0352
0.25	-45	4.81014
0.25	-45	49.0982
0.25	-45	62.852
0.25	-45	65.2557
0.25	-45	-174.651
0.25	-45	-71.9638
0.25	-45	-19.9672
0.25	-45	-19.0617
0.25	-45	-174.622
0.25	-45	-26.8797
0.25	-45	-115.472
0.25	-45	-112.622
0.25	-45	7.60288
0.25	-45	-154.467
0.25	-45	157.915
0.25	-45	20.3326
0.25	-45	159.763
0.25	-45	-120.716
0.25	-45	-150.843
0.25	-45	26.1455
0.25	-45	53.253
0.25	-45	-28.1646
0.25	-45	-89.7818
0.25	-45	62.0565
0.25	-45	27.2684
0.25	-45	-157.333
0.25	-45	-72.3614
0.25	-45	34.8811
0.25	-45	65.0377
0.25	-45	-113.298
0.25	-45	12.6192
0.25	-45	-55.3705
0.25	-45	42.44
0.25	-45	83.5265
0.25	-45	-177.074
0.25	-45	149.316
0.25	-45	51.6685
0.25	-45	123.523
0.25	-45	79.1847
0.25	-45	-38.3035
0.25	-45	6.59809
0.25	-45	137.325
0.25	-45	85.5076
0.25	-45	-166.81
0.25	-45	143.534
0.25	-45	30.4221
0.25	-45	-93.0831
0.25	-45	17.7249
0.25	-45	-174.526
0.25	-45	-113.08
0.25	-45	-61.4762
0.25	-45	-117.147
0.25	-45	-82.6339
0.25	-45	107.176
0.25	-45	53.9985
0.25	-45	-103.204
0.25	-45	162.526
0.25	-45	-20.6886
0.25	-45	-75.8733
0.25	-45	15.3724
0.25	-45	-44.4266
0.25	-45	147.426
0.25	-45	-98.0593
0.25	-45	153.356
0.25	-45	129.792
0.25	-45	-0.379968
0.25	-45	-152.328
0.25	-45	-150.242
0.25	-45	29.1274
0.25	-45	61.5242
0.25	-45	110.077
0.25	-45	130.64
0.25	-45	20.7749
0.25	-45	37.4084
0.25	-45	-1.2832
0.25	-45	-36.7614
0.25	-45	-110.601
0.25	-45	-169.052
0.25	-45	18.9809
0.25	-45	56.0349
0.25	-45	-86.2048
0.25	-45	-4.72506
0.25	-45	71.9071
0.25	-45	-27.781
0.25	-45	-133.195
0.25	-45	-101.68
0.25	-45	126.208
0.25	-45	4.51304
0.25	-45	-69.9853
0.25	-45	108.354
0.25	-45	44.0615
0.25	-45	-141.106
0.25	-45	-77.186
0.25	-45	-107.423
0.25	-45	-37.1094
0.25	-45	-60.6477
0.25	-45	-173.14
0.25	-45	90.614
0.25	-45	-5.9665
0.25	-45	-175.81
0.25	-45	-15.8312
0.25	-45	-103.258
0.25	-45	-17.6952
0.25	-45	-9.16225
0.25	-45	173.193
0.25	-45	-151.078
0.25	-45	-116.495
0.25	-45	-30.299
0.25	-45	42.4955
0.25	-45	-144.507
0.25	-45	55.9084
0.25	-45	-74.8906
0.25	-45	-38.5138
0.25	-45	-133.359
0.25	-45	20.0148
0.25	-45	32.2879
0.25	-45	78.4757
0.25	-45	-44.4068
0.25	-45	-105.227
0.25	-45	-105.781
0.25	-45	-97.1778
0.25	-45	-151.765
0.25	-45	118.281
0.25	-45	-9.8313
0.25	-45	-11.761
0.25	-45	-28.5903
0.25	-45	-88.1801
0.25	-45	-129.607
0.25	-45	39.0604
0.25	-45	6.81207
0.25	-45	-149.429
0.25	-45	-53.769
0.25	-45	104.673
0.25	-45	-50.4899
0.25	-45	0.679232
0.25	-45	-65.6042
0.25	-45	-81.5789
0.25	-45	77.9085
0.25	-45	170.596
0.25	-45	142.536
0.25	-45	-2.177
0.25	-45	16.899
0.25	-45	126.117
0.25	-45	149.02
0.25	-45	-10.1149
0.25	-45	-99.3459
0.25	-45	35.5097
0.25	-45	88.9601
0.25	-45	23.5708
0.25	-45	-128.838
0.25	-45	-177.591
0.25	-45	-8.94726
0.25	-45	105.057
0.25	-45	111.866
0.25	-45	-58.2363
0.25	-45	-125.775
0.25	-45	104.885
0.25	-45	-53.4971
0.25	-45	-1.39335
0.25	-45	-178.741
0.25	-45	-135.987
0.25	-45	65.8252
0.25	-45	-64.501
0.25	-45	69.2907
0.25	-45	-138.692
0.25	-45	163.615
0.25	-45	125.199
0.25	-45	67.6071
0.25	-45	63.0786
0.25	-45	-93.5019
0.25	-45	-103.705
0.25	-45	-160.221
0.25	-45	148.311
0.25	-45	114.31
0.25	-45	-11.5756
0.25	-45	84.1983
0.25	-45	-177.941
0.25	-45	82.6483
0.25	-45	40.5341
0.25	-45	-25.7944
0.25	-45	84.0513
0.25	-45	-51.2836
0.25	-45	83.6748
0.25	-45	-140.24
0.25	-45	171.051
0.25	-45	149.007
0.25	-45	-123.233
0.25	-45	32.9881
0.25	-45	-66.0147
0.25	-45	-45.7186
0.25	-45	-75.3562
0.25	-45	88.3135
0.25	-45	-149.081
0.25	-45	19.7387
0.25	-45	-140.656
0.25	-45	43.6317
0.25	-45	172.809
0.25	-45	-134.206
0.25	-45	29.2776
0.25	-45	166.324
0.25	-45	-90.735
0.25	-45	128.893
0.25	-45	102.797
0.25	-45	-125.821
0.25	-45	-6.24861
0.25	-45	42.8606
0.25	-45	-73.6494
0.25	-45	-125.249
0.25	-45	82.5674
0.25	-45	55.785
0.25	-45	111.211
0.25	-45	-71.0034
0.25	-45	167.328
0.25	-45	88.5916
0.25	-45	103.624
0.25	-45	-148.801
0.25	-45	-157.932
0.25	-45	56.1331
0.25	-45	-67.5802
0.25	-45	105.562
0.25	-45	167.418
0.25	-45	149.512
0.25	-45	-128.701
0.25	-45	-177.728
0.25	-45	-3.77913
0.25	-45	63.0041
0.25	-45	-16.3491
0.25	-45	-57.363
0.25	-45	44.1539
0.25	-45	-82.0874
0.25	-45	47.2211
0.25	-45	112.502
0.25	-45	158.49
0.25	-45	-176.056
0.25	-45	-90.9174
0.25	-45	155.801
0.25	-45	82.1953
0.25	-45	90.7954
0.25	-45	8.29546
0.25	-45	-45.3025
0.25	-45	79.8971
0.25	-45	-141.614
0.25	-45	16.5279
0.25	-45	16.8218
0.25	-45	-164.658
0.25	-45	-60.8881
0.25	-45	22.6203
0.25	-45	146.875
0.25	-45	146.937
0.25	-45	143.708
0.25	-45	-82.661
0.25	-45	68.9105
0.25	-45	-141.981
0.25	-45	111.493
0.25	-45	-153.69
0.25	-45	125.09
0.25	-45	13.3523
0.25	-45	10.1161
0.25	-45	160.787
0.25	-45	-108.093
0.25	-45	-107.271
0.25	-45	107.589
0.25	-45	48.8924
0.25	-45	59.591
0.25	-45	-65.3567
0.25	-45	79.2188
0.25	-45	-70.9309
0.25	-45	42.9399
0.25	-45	-56.6748
0.25	-45	-140.873
0.25	-45	-16.8221
0.25	-45	114.355
0.25	-45	95.1919
0.25	-45	98.3549
0.25	-45	-135.476
0.25	-45	-63.2661
0.25	-45	-102.92
0.25	-45	-122.243
0.25	-45	-135.4
0.25	-45	-124.766
0.25	-45	28.576
0.25	-45	-61.1428
0.25	-45	21.849
0.25	-45	-25.5226
0.25	-45	9.96629
0.25	-45	-156.02
0.25	-45	3.59422
0.25	-45	20.0238
0.25	-45	-175.287
0.25	-45	110.844
0.25	-45	39.7315
0.25	-45	152.417
0.25	-45	-146.348
0.25	-45	38.0401
0.25	-45	-127.88
0.25	-45	91.6992
0.25	-45	-16.723
0.25	-45	60.1669
0.25	-45	128.412
0.25	-45	63.3099
0.25	-45	-142.086
0.25	-45	-141.447
0.25	-45	87.9101
0.25	-45	128.231
0.25	-45	74.7273
0.25	-45	-167.993
0.25	-45	114.492
0.25	-45	143.553
0.25	-45	-63.6572
0.25	-45	-131.356
0.25	-45	-44.9238
0.25	-45	-139.056
0.25	-45	-51.3858
0.25	-45	-79.1173
0.25	-45	74.4116
0.25	-45	-4.85933
0.25	-45	-148.298
0.25	-45	-56.9012
0.25	-45	-59.152
0.25	-45	97.6232
0.25	-45	-176.017
0.25	-45	68.5978
0.25	-45	168.272
0.25	-45	-114.288
0.25	-45	119.112
0.25	-45	-159.709
0.25	-45	63.4331
0.25	-45	-178.806
0.25	-45	-102.982
0.25	-45	157.707
0.25	-45	34.3064
0.25	-45	122.445
0.25	-45	-58.9433
0.25	-45	65.5875
0.25	-45	4.51599
0.25	-45	82.6789
0.25	-45	8.3759
0.25	-45	-18.3549
0.25	-45	-173.782
0.25	-45	11.3914
0.25	-45	92.5944
0.25	-45	137.063
0.25	-45	163.115
0.25	-45	132.132
0.25	-45	-32.4441
0.25	-45	-69.0411
0.25	-45	-73.3751
0.25	-45	-150.422
0.25	-45	98.7689
0.25	-45	-151.277
0.25	-45	126.16
0.25	-45	-2.34184
0.25	-45	-179.594
0.25	-45	-33.4941
0.25	-45	9.06864
0.25	-45	-27.0574
0.25	-45	-137.322
0.25	-45	-35.7619
0.25	-45	-113.65
0.25	-45	-160.658
0.25	-45	26.4425
0.25	-45	72.9569
0.25	-45	134.039
0.25	-45	21.3938
0.25	-45	-131.835
0.25	-45	-29.2401
0.25	-45	14.7359
0.25	-45	-107.066
0.25	-45	-55.72
0.25	-45	33.8917
0.25	-45	-57.9833
0.25	-45	-173.029
0.25	-45	-132.007
0.25	-45	-103.967
0.25	-45	111.99
0.25	-45	-46.4985
