pol	setting	phi
0.3	45	-26.0979
0.3	45	94.369
0.3	45	173.264
0.3	45	65.6884
0.3	45	-29.7146
0.3	45	-158.104
0.3	45	105.146
0.3	45	82.7765
0.3	45	46.4618
0.3	45	81.4514
0.3	45	11.7637
0.3	45	-139.707
0.3	45	-152.107
0.3	45	70.8408
0.3	45	86.9001
0.3	45	158.939
0.3	45	-128.924
0.3	45	20.6279
0.3	45	45.4404
0.3	45	116.76
0.3	45	165.581
0.3	45	-157.264
0.3	45	81.2596
0.3	45	-145.954
0.3	45	110.305
0.3	45	-136.604
0.3	45	-69.2396
0.3	45	-31.2864
0.3	45	15.2097
0.3	45	-172.06
0.3	45	-85.0968
0.3	45	154.188
0.3	45	-80.3594
0.3	45	-17.6987
0.3	45	-124.504
0.3	45	24.5716
0.3	45	77.3213
0.3	45	-108.632
0.3	45	-76.5532
0.3	45	-65.3747
0.3	45	-23.4554
0.3	45	129.473
0.3	45	-27.6697
0.3	45	37.7023
0.3	45	96.9141
0.3	45	71.5114
0.3	45	103.708
0.3	45	-109.892
0.3	45	-53.0204
0.3	45	-10.6205
0.3	45	35.4004
0.3	45	-110.447
0.3	45	-41.3598
0.3	45	18.6915
0.3	45	-7.19721
0.3	45	151.435
0.3	45	155.317
0.3	45	-142.769
0.3	45	17.2448
0.3	45	61.9468
0.3	45	-106.396
0.3	45	57.2662
0.3	45	178.881
0.3	45	176.12
0.3	45	43.6737
0.3	45	157.88
0.3	45	62.4534
0.3	45	0.965471
0.3	45	-169.954
0.3	45	-7.78063
0.3	45	-61.1775
0.3	45	-114.067
0.3	45	-42.8543
0.3	45	-85.2658
0.3	45	-43.118
0.3	45	95.0546
0.3	45	-54.0075
0.3	45	-92.9128
0.3	45	115.57
0.3	45	131.337
0.3	45	-47.4044
0.3	45	121.336
0.3	45	97.4562
0.3	45	72.0799
0.3	45	-106.498
0.3	45	-82.716
0.3	45	22.9135
0.3	45	23.9157
0.3	45	-133.934
0.3	45	-64.9888
0.3	45	-16.174
0.3	45	-40.5218
0.3	45	103.935
0.3	45	36.2179
0.3	45	107.083
0.3	45	-138.343
0.3	45	113.467
0.3	45	172.887
0.3	45	156.274
0.3	45	141.359
0.3	45	148.156
0.3	45	-106.527
0.3	45	-77.8134
0.3	45	-22.036
0.3	45	136.09
0.3	45	-70.3627
0.3	45	5.56495
0.3	45	110.734
0.3	45	67.5594
0.3	45	-154.974
0.3	45	74.5981
0.3	45	-68.4289
0.3	45	-59.7645
0.3	45	-144.252
0.3	45	-118.09
0.3	45	159.531
0.3	45	-64.6167
0.3	45	73.7138
0.3	45	75.4882
0.3	45	145.505
0.3	45	12.8313
0.3	45	166.669
0.3	45	90.8261
0.3	45	46.2106
0.3	45	-146.051
0.3	45	-7.62719
0.3	45	117.603
0.3	45	8.15913
0.3	45	-63.8898
0.3	45	42.9163
0.3	45	120.468
0.3	45	155.31
0.3	45	-56.7878
0.3	45	-81.9597
0.3	45	64.1249
0.3	45	40.5889
0.3	45	-33.9142
0.3	45	-98.1573
0.3	45	173.611
0.3	45	-98.6884
0.3	45	-104.204
0.3	45	43.8065
0.3	45	-132.242
0.3	45	-168.288
0.3	45	-25.4435
0.3	45	-35.0403
0.3	45	-40.2467
0.3	45	102.95
0.3	45	176.124
0.3	45	-0.236099
0.3	45	167.804
0.3	45	-141.088
0.3	45	73.6733
0.3	45	-97.5672
0.3	45	168.106
0.3	45	-30.4039
0.3	45	-113.496
0.3	45	26.6874
0.3	45	68.4078
0.3	45	-114.317
0.3	45	67.2175
0.3	45	56.7251
0.3	45	-156.802
0.3	45	114.804
0.3	45	-58.8375
0.3	45	-146.069
0.3	45	-168.778
0.3	45	140.896
0.3	45	37.3384
0.3	45	133.351
0.3	45	97.6748
0.3	45	-34.2929
0.3	45	-148.251
0.3	45	-28.1779
0.3	45	-19.9116
0.3	45	145.844
0.3	45	-64.0947
0.3	45	-155.684
0.3	45	54.2622
0.3	45	11.3287
0.3	45	174.262
0.3	45	107.753
0.3	45	138.426
0.3	45	-23.1469
0.3	45	-124.73
0.3	45	-172.153
0.3	45	42.9781
0.3	45	-149.726
0.3	45	138.587
0.3	45	156.949
0.3	45	23.6477
0.3	45	-93.8986
0.3	45	7.03702
0.3	45	-152.482
0.3	45	-4.0989
0.3	45	95.5978
0.3	45	-163.197
0.3	45	-91.0798
0.3	45	158.863
0.3	45	106.893
0.3	45	64.7414
0.3	45	-172.334
0.3	45	103.194
0.3	45	-155.966
0.3	45	-177.929
0.3	45	-31.0255
0.3	45	-75.4118
0.3	45	-93.0676
0.3	45	-26.8094
0.3	45	-35.7377
0.3	45	-93.9753
0.3	45	46.6191
0.3	45	-37.5119
0.3	45	137.876
0.3	45	-26.6597
0.3	45	45.7681
0.3	45	-136.085
0.3	45	163.248
0.3	45	93.826
0.3	45	22.6307
0.3	45	-12.0555
0.3	45	-129.394
0.3	45	165.414
0.3	45	73.478
0.3	45	-80.5471
0.3	45	-43.378
0.3	45	-41.823
0.3	45	-11.8017
0.3	45	-23.953
0.3	45	154.876
0.3	45	65.502
0.3	45	-48.4275
0.3	45	20.1809
0.3	45	-72.2815
0.3	45	115.746
0.3	45	-94.9667
0.3	45	164.685
0.3	45	-138.382
0.3	45	159.836
0.3	45	89.3621
0.3	45	114.751
0.3	45	46.9639
0.3	45	165.883
0.3	45	-170.906
0.3	45	-99.5465
0.3	45	15.4146
0.3	45	101.67
0.3	45	49.1725
0.3	45	76.7207
0.3	45	-59.7854
0.3	45	170.746
0.3	45	124.599
0.3	45	-28.5938
0.3	45	147.466
0.3	45	-48.0877
0.3	45	-108.553
0.3	45	128.146
0.3	45	32.7481
0.3	45	82.3106
0.3	45	-93.8884
0.3	45	-105.126
0.3	45	-137.966
0.3	45	176.135
0.3	45	-83.2098
0.3	45	-17.5627
0.3	45	-172.075
0.3	45	68.8566
0.3	45	-18.752
0.3	45	101.771
0.3	45	25.8108
0.3	45	85.9371
0.3	45	130.329
0.3	45	84.3621
0.3	45	-169.049
0.3	45	49.797
0.3	45	-150.872
0.3	45	-67.7279
0.3	45	105.491
0.3	45	166.051
0.3	45	106.925
0.3	45	28.3347
0.3	45	-173.443
0.3	45	-43.4401
0.3	45	58.4378
0.3	45	-16.8793
0.3	45	-73.8367
0.3	45	84.4632
0.3	45	-24.767
0.3	45	-75.269
0.3	45	24.5987
0.3	45	21.7165
0.3	45	91.6681
0.3	45	108.826
0.3	45	-146.174
0.3	45	22.632
0.3	45	121.47
0.3	45	95.4995
0.3	45	54.6524
0.3	45	172.51
0.3	45	-29.5949
0.3	45	-175.829
0.3	45	-91.1432
0.3	45	-11.1024
0.3	45	-66.7246
0.3	45	48.8091
0.3	45	-14.1068
0.3	45	-57.3699
0.3	45	-19.5204
0.3	45	154.588
0.3	45	-58.439
0.3	45	-30.8929
0.3	45	-19.5798
0.3	45	99.0735
0.3	45	-142.537
0.3	45	-7.23148
0.3	45	132.049
0.3	45	-179.062
0.3	45	120.003
0.3	45	108.636
0.3	45	62.3991
0.3	45	-158.648
0.3	45	-39.0985
0.3	45	0.135952
0.3	45	-39.8724
0.3	45	-53.6467
0.3	45	-164.192
0.3	45	-20.5919
0.3	45	40.2047
0.3	45	71.175
0.3	45	166.405
0.3	45	-93.3395
0.3	45	-103.051
0.3	45	19.1733
0.3	45	36.747
0.3	45	32.2927
0.3	45	104.204
0.3	45	86.3781
0.3	45	-121.142
0.3	45	88.4489
0.3	45	91.6341
0.3	45	12.7913
0.3	45	94.6048
0.3	45	114.107
0.3	45	-134.712
0.3	45	-47.3314
0.3	45	-10.947
0.3	45	-80.8896
0.3	45	-84.6281
0.3	45	2.98358
0.3	45	79.571
0.3	45	-1.01268
0.3	45	-71.9089
0.3	45	171.412
0.3	45	38.5814
0.3	45	-28.4727
0.3	45	103.832
0.3	45	-47.462
0.3	45	-175.523
0.3	45	43.6184
0.3	45	-15.756
0.3	45	6.82673
0.3	45	53.9461
0.3	45	1.00931
0.3	45	16.2818
0.3	45	40.195
0.3	45	-143.785
0.3	45	-43.2805
0.3	45	-58.1404
0.3	45	-58.425
0.3	45	146.202
0.3	45	29.5214
0.3	45	164.792
0.3	45	17.8619
0.3	45	110.217
0.3	45	-129.577
0.3	45	-37.1676
0.3	45	-172.731
0.3	45	157.308
0.3	45	-72.8396
0.3	45	-68.6293
0.3	45	-158.388
0.3	45	39.0694
0.3	45	-71.4127
0.3	45	-177.223
0.3	45	86.3971
0.3	45	144.218
0.3	45	-78.2031
0.3	45	168.168
0.3	45	95.5303
0.3	45	-18.7802
0.3	45	-116.236
0.3	45	-157.035
0.3	45	95.1115
0.3	45	76.9815
0.3	45	128.783
0.3	45	-132.438
0.3	45	-89.3957
0.3	45	-110.008
0.3	45	171.653
0.3	45	61.1181
0.3	45	153.415
0.3	45	-16.4981
0.3	45	32.7211
0.3	45	141.131
0.3	45	-134.148
0.3	45	164.561
0.3	45	115.087
0.3	45	-4.43665
0.3	45	-85.7798
0.3	45	62.0509
0.3	45	146.183
0.3	45	-178.581
0.3	45	154.09
0.3	45	175.935
0.3	45	-178.743
0.3	45	129.513
0.3	45	28.6336
0.3	45	-171.985
0.3	45	-26.4725
0.3	45	-156.601
0.3	45	-106.066
0.3	45	38.8774
0.3	45	22.8231
0.3	45	-73.2149
0.3	45	-101.337
0.3	45	-73.582
0.3	45	-113.192
0.3	45	-51.8493
0.3	45	-163.858
0.3	45	84.3399
0.3	45	-152.756
0.3	45	19.6818
0.3	45	144.978
0.3	45	167.85
0.3	45	-161.158
0.3	45	125.925
0.3	45	-87.7433
0.3	45	20.7658
0.3	45	120.541
0.3	45	1.20274
0.3	45	44.7371
0.3	45	176.019
0.3	45	-47.1355
0.3	45	-15.197
0.3	45	10.0642
0.3	45	156.672
0.3	45	-166.569
0.3	45	-109.786
0.3	45	-145.504
0.3	45	145.946
0.3	45	78.1258
0.3	45	-65.5946
0.3	45	5.47044
0.3	45	179.257
0.3	45	28.3839
0.3	45	-77.8762
0.3	45	-139.4
0.3	45	-86.6503
0.3	45	-26.978
0.3	45	-79.8365
0.3	45	-75.5072
0.3	45	-60.7285
0.3	45	168.24
0.3	45	-59.1156
0.3	45	-5.69397
0.3	45	-112.426
0.3	45	-119.551
0.3	45	131.392
0.3	45	10.0387
0.3	45	-117.821
0.3	45	-16.3741
0.3	45	-86.9319
0.3	45	91.5047
0.3	45	-19.1444
0.3	45	39.0897
0.3	45	85.5887
0.3	45	-162.31
0.3	45	-82.5816
0.3	45	104.911
0.3	45	8.31048
0.3	45	-6.33745
0.3	45	88.9172
0.3	45	-117.736
0.3	45	-19.5271
0.3	45	-148.569
0.3	45	80.2361
0.3	45	13.7032
0.3	45	65.6737
0.3	45	118.249
0.3	45	4.63925
0.3	45	-134.945
0.3	45	-140.011
0.3	45	-135.079
0.3	45	89.3607
0.3	45	167.086
0.3	45	8.17314
0.3	45	-90.5035
0.3	45	10.4461
0.3	45	86.2624
0.3	45	31.4679
0.3	45	13.9813
0.3	45	-137.077
0.3	45	16.6236
0.3	45	49.5088
0.3	45	-58.6233
0.3	45	-112.354
0.3	45	-57.6106
0.3	45	-173.235
0.3	45	-59.0321
0.3	45	-152.952
0.3	45	140.716
0.3	45	-54.212
0.3	45	94.5175
0.3	45	-103.109
0.3	45	-99.1963
0.3	45	-146.766
0.3	45	-37.4827
0.3	45	-179.459
0.3	45	17.2094
0.3	45	143.432
0.3	45	-37.2499
0.3	45	-19.3455
0.3	45	157.255
0.3	45	131.077
0.3	45	-164.548
0.3	45	89.35
0.3	45	2.49751
0.3	45	46.1326
0.3	45	102.456
0.3	45	-87.9969
0.3	45	-57.518
0.3	45	-143.038
0.3	45	5.39479
0.3	45	-77.1478
0.3	45	-7.66007
0.3	45	100.22
0.3	45	24.2052
0.3	45	-105.2
0.3	45	-169.624
0.3	45	-119.952
0.3	45	154.097
0.3	45	-11.4879
0.3	45	34.9035
0.3	45	-9.28367
0.3	45	-78.4871
0.3	45	149.819
0.3	45	49.0147
0.3	45	159.624
0.3	45	104.123
0.3	45	126.349
0.3	45	35.915
0.3	45	41.8071
0.3	45	54.2209
0.3	45	64.0304
0.3	45	79.184
0.3	45	113.183
0.3	45	-83.494
0.3	45	-163.657
0.3	45	-89.6541
0.3	45	104.218
0.3	45	17.055
0.3	45	17.5767
0.3	45	92.8443
0.3	45	-63.9287
0.3	45	-8.95043
0.3	45	-120.755
0.3	45	33.8303
0.3	45	-153.551
0.3	45	-134.056
0.3	45	-83.3875
0.3	45	-18.683
0.3	45	-4.73129
0.3	45	136.106
0.3	45	86.4753
0.3	45	9.72502
0.3	45	-111.311
0.3	45	96.2688
0.3	45	84.4985
0.3	45	134.321
0.3	45	-75.1684
0.3	45	-62.3681
0.3	45	-1.07054
0.3	45	59.4004
0.3	45	55.1841
0.3	45	-138.203
0.3	45	160.114
0.3	45	45.6193
0.3	45	10.1908
0.3	45	-30.0473
0.3	45	-9.27003
0.3	45	84.1319
0.3	45	-60.8878
0.3	45	-179.855
0.3	45	31.3982
0.3	45	8.87472
0.3	45	-30.1227
0.3	45	120.625
0.3	45	61.9012
0.3	45	115.056
0.3	45	-25.098
0.3	45	74.7229
0.3	45	22.7181
0.3	45	-138.387
0.3	45	-20.7848
0.3	45	11.6458
0.3	45	17.7325
0.3	45	-96.0271
0.3	45	-174.278
0.3	45	58.632
0.3	45	-114.094
0.3	45	-39.1383
0.3	45	-32.8936
0.3	45	-142.761
0.3	45	19.1352
0.3	45	-81.5095
0.3	45	162.793
0.3	45	-85.8202
0.3	45	132.269
0.3	45	-39.8365
0.3	45	-158.417
0.3	45	-80.5688
0.3	45	153.794
0.3	45	-103.639
0.3	45	45.2188
0.3	45	-173.936
0.3	45	-155.214
0.3	45	-138.682
0.3	45	-37.697
0.3	45	-0.696238
0.3	45	-93.1864
0.3	45	179.81
0.3	45	56.5103
0.3	45	17.6039
0.3	45	82.2916
0.3	45	-98.8619
0.3	45	-11.9139
0.3	45	-159.543
0.3	45	146.908
0.3	45	-3.28861
0.3	45	87.0489
0.3	45	19.9598
0.3	45	140.068
0.3	45	-150.429
0.3	45	-123.104
0.3	45	-86.2254
0.3	45	87.7191
0.3	45	-42.477
0.3	45	85.5589
0.3	45	31.8745
0.3	45	-178.038
0.3	45	-53.594
0.3	45	152.503
0.3	45	145.35
0.3	45	-40.9289
0.3	45	74.5523
0.3	45	132.844
0.3	45	-90.6038
0.3	45	-46.8762
0.3	45	-152.515
0.3	45	64.2411
0.3	45	132.31
0.3	45	36.9698
0.3	45	-136.324
0.3	45	-103.305
0.3	45	-111.532
0.3	45	119.551
0.3	45	71.8045
0.3	45	51.6171
0.3	45	149.986
0.3	45	-18.7191
0.3	45	-0.380718
0.3	45	139.752
0.3	45	-178.582
0.3	45	-130.686
0.3	45	176.452
0.3	45	5.5591
0.3	45	111.842
0.3	45	-173.645
0.3	45	-158.645
0.3	45	116.188
0.3	45	-4.95722
0.3	45	-0.269887
0.3	45	-4.85122
0.3	45	-22.5548
0.3	45	-147.686
0.3	45	-172.253
0.3	45	118.84
0.3	45	95.659
0.3	45	101.669
0.3	45	148.626
0.3	45	88.065
0.3	45	-14.8699
0.3	45	27.8191
0.3	45	173.235
0.3	45	127.914
0.3	45	-94.9734
0.3	45	71.5328
0.3	45	-17.0056
0.3	45	18.0644
0.3	45	125.23
0.3	45	-47.8249
0.3	45	27.6578
0.3	45	-149.224
0.3	45	-95.5804
0.3	45	-140.452
0.3	45	147.75
0.3	45	5.84349
0.3	45	-14.5757
0.3	45	120.634
0.3	45	-0.67475
0.3	45	57.3574
0.3	45	6.66256
0.3	45	-33.055
0.3	45	-74.2037
0.3	45	48.6842
0.3	45	-7.34841
0.3	45	-47.3891
0.3	45	-177.127
0.3	45	59.5141
0.3	45	91.5303
0.3	45	-78.511
0.3	45	60.6009
0.3	45	168.105
0.3	45	-122.019
0.3	45	-109.766
0.3	45	125.874
0.3	45	114.813
0.3	45	166.958
0.3	45	142.702
0.3	45	-16.2095
0.3	45	30.1837
0.3	45	84.1899
0.3	45	-160.644
0.3	45	73.9167
0.3	45	-9.11674
0.3	45	121.711
0.3	45	70.8466
0.3	45	-21.772
0.3	45	10.5885
0.3	45	62.7916
0.3	45	-77.8993
0.3	45	172.228
0.3	45	34.4723
0.3	45	-119.5
0.3	45	135.38
0.3	45	113.981
0.3	45	-141.335
0.3	45	48.5741
0.3	45	130.635
0.3	45	71.217
0.3	45	147.54
0.3	45	155.942
0.3	45	-159.438
0.3	45	-65.7526
0.3	45	38.2137
0.3	45	-108.962
0.3	45	-12.9715
0.3	45	-65.0593
0.3	45	-83.8613
0.3	45	34.6102
0.3	45	-47.2363
0.3	45	12.5507
0.3	45	-49.9119
0.3	45	170.358
0.3	45	54.8184
0.3	45	83.4406
0.3	45	-168.354
0.3	45	-122.054
0.3	45	-82.3767
0.3	45	121.873
0.3	45	84.5054
0.3	45	-172.264
0.3	45	128.28
0.3	45	60.9245
0.3	45	46.6263
0.3	45	-135.13
0.3	45	6.83225
0.3	45	87.2424
0.3	45	39.4315
0.3	45	-144.802
0.3	45	163.203
0.3	45	-90.009
0.3	45	-117.26
0.3	45	2.2865
0.3	45	105.053
0.3	45	169.985
0.3	45	56.5591
0.3	45	-133.771
0.3	45	35.175
0.3	45	61.4797
0.3	45	154.898
0.3	45	-3.06044
0.3	45	-9.19802
0.3	45	103.573
0.3	45	175.398
0.3	45	116.211
0.3	45	-125.95
0.3	45	114.241
0.3	45	-14.8545
0.3	45	63.9865
0.3	45	43.5345
0.3	45	127.22
0.3	45	113.599
0.3	45	-148.049
0.3	45	-124.424
0.3	45	30.2354
0.3	45	77.1439
0.3	45	98.9064
0.3	45	104.635
0.3	45	-155.226
0.3	45	-174.329
0.3	45	-127.635
0.3	45	131.331
0.3	45	-161.642
0.3	45	-173.375
0.3	45	-163.525
0.3	45	159.893
0.3	45	-179.113
0.3	45	-22.5848
0.3	45	-141.078
0.3	45	75.5678
0.3	45	93.7198
0.3	45	-148.65
0.3	45	56.4196
0.3	45	-171.664
0.3	45	148.157
0.3	45	94.7038
0.3	45	-135.098
0.3	45	-57.5872
0.3	45	-155.79
0.3	45	7.15051
0.3	45	-95.1348
0.3	45	-83.9413
0.3	45	15.4542
0.3	45	-115.216
0.3	45	-145.565
0.3	45	152.703
0.3	45	47.6692
0.3	45	47.7037
0.3	45	148.155
0.3	45	143.78
0.3	45	172.969
0.3	45	-56.8921
0.3	45	19.9127
0.3	45	39.3336
0.3	45	-144.081
0.3	45	-168.742
0.3	45	27.2272
0.3	45	-20.6347
0.3	45	154.982
0.3	45	13.0173
0.3	45	-172.057
0.3	45	82.2427
0.3	45	124.313
0.3	45	-161.08
0.3	45	170.925
0.3	45	13.036
0.3	45	11.9257
0.3	45	-130.989
0.3	45	-3.90809
0.3	45	-159.153
0.3	45	28.2893
0.3	45	138.768
0.3	45	-156.015
0.3	45	109.118
0.3	45	-45.2445
0.3	45	158.535
0.3	45	-170.88
0.3	45	165.28
0.3	45	47.6241
0.3	45	-121.534
0.3	45	-139.3
0.3	45	16.7231
0.3	45	78.1626
0.3	45	60.6371
0.3	45	-143.324
0.3	45	-131.405
0.3	45	13.3353
0.3	45	-58.0946
0.3	45	-20.3978
0.3	45	156.115
0.3	45	28.9452
0.3	45	135.207
0.3	45	-64.4021
0.3	45	147.79
0.3	45	-104.252
0.3	45	-121.767
0.3	45	-38.8997
0.3	45	128.582
0.3	45	69.7851
0.3	45	-65.7599
0.3	45	-72.4193
0.3	45	-24.1445
0.3	45	91.0999
0.3	45	-10.1813
0.3	45	-154.316
0.3	45	-73.7545
0.3	45	161.488
0.3	45	-23.0434
0.3	45	-47.1955
0.3	45	-53.0393
0.3	45	78.5558
0.3	45	-137.112
0.3	45	-125.325
0.3	45	85.6283
0.3	45	54.3551
0.3	45	155.407
0.3	45	92.1217
0.3	45	167.684
0.3	45	-74.9923
0.3	45	14.9709
0.3	45	-142.096
0.3	45	69.9612
0.3	45	151.075
0.3	45	-63.1852
0.3	45	-115.509
0.3	45	-63.8839
0.3	45	126.543
0.3	45	-56.0695
0.3	45	45.1231
0.3	45	157.219
0.3	45	-109.605
0.3	45	74.6962
0.3	45	161.339
0.3	45	-6.60041
0.3	45	-151.986
0.3	45	-51.2307
0.3	45	176.55
0.3	45	-122.255
0.3	45	-129.77
0.3	45	109.801
0.3	45	82.4176
0.3	45	-100.265
0.3	45	29.8927
0.3	45	162.075
0.3	45	176.383
0.3	45	120.359
0.3	45	19.1003
0.3	45	50.716
0.3	45	26.3549
0.3	45	43.3024
0.3	45	8.22111
0.3	45	163
0.3	45	31.2921
0.3	45	-74.7439
0.3	45	-150.41
0.3	45	87.6008
0.3	45	146.617
0.3	45	97.5045
0.3	45	-95.5944
0.3	45	-175.469
0.3	45	-75.7057
0.3	45	-91.9022
0.3	45	-113.978
0.3	45	-113.741
0.3	45	-76.2147
0.3	45	55.8052
0.3	45	43.4675
0.3	45	7.58891
0.3	45	-168.892
0.3	45	5.02816
0.3	45	-23.2273
0.3	45	91.9214
0.3	45	127.628
0.3	45	128.614
0.3	45	-20.3936
0.3	45	14.0744
0.3	45	-151.841
0.3	45	-175.813
0.3	45	-19.0401
0.3	45	159.899
0.3	45	174.324
0.3	45	-29.9201
0.3	45	-117.043
0.3	45	-70.9106
0.3	45	120.664
0.3	45	-130.748
0.3	45	-33.7269
0.3	45	7.54922
0.3	45	-174.693
0.3	45	26.6142
0.3	45	65.7165
0.3	45	173.772
0.3	45	4.46143
0.3	45	-63.3056
0.3	45	40.8207
0.3	45	164.274
0.3	45	-30.71
0.3	45	32.512
0.3	45	-146.434
0.3	45	-87.5174
0.3	45	3.18949
0.3	45	-48.3147
0.3	45	99.874
0.3	45	-4.69607
0.3	45	26.2122
0.3	45	6.92379
0.3	45	109.193
0.3	45	171.684
0.3	45	152.15
0.25	-45	111.272
0.25	-45	-111.596
0.25	-45	4.07522
0.25	-45	9.67553
0.25	-45	168.031
0.25	-45	67.2234
0.25	-45	-57.7672
0.25	-45	-42.9592
0.25	-45	-54.4371
0.25	-45	162.973
0.25	-45	23.1533
0.25	-45	-85.6322
0.25	-45	20.0776
0.25	-45	-166.145
0.25	-45	57.0177
0.25	-45	52.3463
0.25	-45	-148.869
0.25	-45	57.3866
0.25	-45	-48.5555
0.25	-45	-6.87003
0.25	-45	-7.2071
0.25	-45	-91.2499
0.25	-45	-37.3829
0.25	-45	63.9582
0.25	-45	60.6601
0.25	-45	10.2193
0.25	-45	56.5512
0.25	-45	111.972
0.25	-45	-133.02
0.25	-45	26.4099
0.25	-45	-101.395
0.25	-45	30.656
0.25	-45	-104.09
0.25	-45	-133.406
0.25	-45	16.6058
0.25	-45	21.868
0.25	-45	77.7299
0.25	-45	-84.2141
0.25	-45	139.369
0.25	-45	61.4998
0.25	-45	82.0385
0.25	-45	-23.7564
0.25	-45	-53.2408
0.25	-45	38.4644
0.25	-45	-157.383
0.25	-45	104.049
0.25	-45	73.2939
0.25	-45	-68.5507
0.25	-45	-50.2393
0.25	-45	171.163
0.25	-45	-160.623
0.25	-45	74.9747
0.25	-45	-10.0096
0.25	-45	3.17177
0.25	-45	-102.585
0.25	-45	17.9785
0.25	-45	-42.7402
0.25	-45	-122.75
0.25	-45	-136.798
0.25	-45	-15.4034
0.25	-45	-30.2489
0.25	-45	7.94219
0.25	-45	74.685
0.25	-45	80.1528
0.25	-45	143.796
0.25	-45	56.9827
0.25	-45	-122.819
0.25	-45	74.656
0.25	-45	106.8
0.25	-45	-97.3574
0.25	-45	-52.235
0.25	-45	124.048
0.25	-45	-5.71271
0.25	-45	78.1457
0.25	-45	30.2991
0.25	-45	174.812
0.25	-45	-89.0863
0.25	-45	162.033
0.25	-45	-62.5514
0.25	-45	94.5106
0.25	-45	115.224
0.25	-45	-92.6147
0.25	-45	90.2756
0.25	-45	-10.7129
0.25	-45	102.275
0.25	-45	-38.8603
0.25	-45	-176.694
0.25	-45	20.2544
0.25	-45	-87.1232
0.25	-45	65.1595
0.25	-45	-50.103
0.25	-45	-70.5996
0.25	-45	-66.508
0.25	-45	-63.099
0.25	-45	-124.253
0.25	-45	13.9456
0.25	-45	-73.3024
0.25	-45	-116.534
0.25	-45	-37.9005
0.25	-45	-42.945
0.25	-45	167.789
0.25	-45	-159.633
0.25	-45	69.0297
0.25	-45	73.9173
0.25	-45	-147.832
0.25	-45	26.8668
0.25	-45	-3.01149
0.25	-45	86.7629
0.25	-45	-69.6247
0.25	-45	9.68067
0.25	-45	58.2161
0.25	-45	171.703
0.25	-45	-126.266
0.25	-45	169.305
0.25	-45	46.0408
0.25	-45	177.066
0.25	-45	140.98
0.25	-45	-147.056
0.25	-45	-177.14
0.25	-45	9.8586
0.25	-45	-3.31507
0.25	-45	-144.873
0.25	-45	-18.32
0.25	-45	-157.297
0.25	-45	176.351
0.25	-45	-46.8594
0.25	-45	79.8681
0.25	-45	-147.771
0.25	-45	65.6661
0.25	-45	150.182
0.25	-45	-164.627
0.25	-45	45.0383
0.25	-45	95.2767
0.25	-45	-165.502
0.25	-45	-85.3733
0.25	-45	-159.393
0.25	-45	131.625
0.25	-45	-41.1751
0.25	-45	-129.996
0.25	-45	-97.9254
0.25	-45	-66.461
0.25	-45	-101.641
0.25	-45	151.625
0.25	-45	-56.2526
0.25	-45	-144.697
0.25	-45	127.739
0.25	-45	171.707
0.25	-45	83.1471
0.25	-45	-143.278
0.25	-45	-174.453
0.25	-45	15.3769
0.25	-45	152.165
0.25	-45	41.1177
0.25	-45	39.4216
0.25	-45	-102.585
0.25	-45	109.426
0.25	-45	99.7512
0.25	-45	156.672
0.25	-45	-162.982
0.25	-45	-74.6271
0.25	-45	50.5267
0.25	-45	21.796
0.25	-45	61.7522
0.25	-45	-171.53
0.25	-45	-90.7217
0.25	-45	60.5491
0.25	-45	-128.781
0.25	-45	-138.336
0.25	-45	114.782
0.25	-45	-164.697
0.25	-45	-120.274
0.25	-45	-168.643
0.25	-45	169.563
0.25	-45	-167.119
0.25	-45	9.5963
0.25	-45	111.083
0.25	-45	70.1931
0.25	-45	101.556
0.25	-45	-49.1011
0.25	-45	-121.962
0.25	-45	130.687
0.25	-45	2.28539
0.25	-45	-138.55
0.25	-45	-26.5805
0.25	-45	47.6665
0.25	-45	127.506
0.25	-45	-92.1386
0.25	-45	10.1076
0.25	-45	-57.9759
0.25	-45	24.5024
0.25	-45	-124.172
0.25	-45	-178.293
0.25	-45	174.707
0.25	-45	120.821
0.25	-45	0.364878
0.25	-45	-141.659
0.25	-45	73.6267
0.25	-45	-36.0537
0.25	-45	-114.345
0.25	-45	88.0888
0.25	-45	92.5227
0.25	-45	39.5871
0.25	-45	-123.57
0.25	-45	-154.166
0.25	-45	-27.7476
0.25	-45	-116.155
0.25	-45	151.688
0.25	-45	80.6887
0.25	-45	-175.821
0.25	-45	-143.769
0.25	-45	57.0573
0.25	-45	99.6103
0.25	-45	104.177
0.25	-45	83.742
0.25	-45	178.974
0.25	-45	-156.922
0.25	-45	30.0465
0.25	-45	59.6466
0.25	-45	-33.9006
0.25	-45	166.399
0.25	-45	-87.0332
0.25	-45	-27.0882
0.25	-45	7.4601
0.25	-45	-148.312
0.25	-45	83.2252
0.25	-45	-80.8246
0.25	-45	-143.563
0.25	-45	28.3643
0.25	-45	-174.645
0.25	-45	-122.317
0.25	-45	73.7602
0.25	-45	-21.0235
0.25	-45	-11.1389
0.25	-45	-47.6379
0.25	-45	37.0809
0.25	-45	124.312
0.25	-45	18.1312
0.25	-45	32.5559
0.25	-45	38.5628
0.25	-45	-111
0.25	-45	64.4755
0.25	-45	-35.3254
0.25	-45	-11.1569
0.25	-45	24.7625
0.25	-45	-1.61266
0.25	-45	-152.73
0.25	-45	-25.3836
0.25	-45	-22.3237
0.25	-45	22.1648
0.25	-45	71.9513
0.25	-45	-23.3396
0.25	-45	-11.2655
0.25	-45	-66.9791
0.25	-45	124.701
0.25	-45	0.780403
0.25	-45	-171.426
0.25	-45	-93.8907
0.25	-45	-132.459
0.25	-45	-29.7218
0.25	-45	-64.0635
0.25	-45	-7.16065
0.25	-45	-16.2246
0.25	-45	-74.9142
0.25	-45	-89.2134
0.25	-45	88.796
0.25	-45	-178.013
0.25	-45	32.4433
0.25	-45	25.1471
0.25	-45	25.7124
0.25	-45	10.0247
0.25	-45	68.2644
0.25	-45	48.4546
0.25	-45	149.207
0.25	-45	-16.4011
0.25	-45	72.2583
0.25	-45	-166.401
0.25	-45	162.367
0.25	-45	90.3079
0.25	-45	-102.663
0.25	-45	88.2646
0.25	-45	66.9408
0.25	-45	-99.8012
0.25	-45	-46.2181
0.25	-45	-157.074
0.25	-45	-168.061
0.25	-45	-40.5854
0.25	-45	-39.923
0.25	-45	144.16
0.25	-45	158.09
0.25	-45	26.2046
0.25	-45	-132.858
0.25	-45	-174.586
0.25	-45	136.659
0.25	-45	-12.8755
0.25	-45	-134.892
0.25	-45	50.7971
0.25	-45	139.24
0.25	-45	162.142
0.25	-45	-53.8846
0.25	-45	-26.892
0.25	-45	153.656
0.25	-45	-111.472
0.25	-45	91.3714
0.25	-45	71.1504
0.25	-45	27.6158
0.25	-45	78.9928
0.25	-45	-55.2124
0.25	-45	-71.7174
0.25	-45	132.559
0.25	-45	-179.312
0.25	-45	102.562
0.25	-45	-121.223
0.25	-45	-21.5482
0.25	-45	-113.951
0.25	-45	-78.1317
0.25	-45	91.0814
0.25	-45	57.4499
0.25	-45	139.171
0.25	-45	-73.2505
0.25	-45	-100.971
0.25	-45	-171.361
0.25	-45	36.6858
0.25	-45	168.058
0.25	-45	35.8426
0.25	-45	-40.264
0.25	-45	111.581
0.25	-45	-39.1307
0.25	-45	126.08
0.25	-45	-5.34827
0.25	-45	101.147
0.25	-45	7.20961
0.25	-45	173.487
0.25	-45	-73.6009
0.25	-45	150.789
0.25	-45	166.402
0.25	-45	14.382
0.25	-45	-176.927
0.25	-45	-147.284
0.25	-45	167.952
0.25	-45	106.214
0.25	-45	-127.174
0.25	-45	-131.725
0.25	-45	101.451
0.25	-45	120.268
0.25	-45	63.9183
0.25	-45	-93.8899
0.25	-45	-60.9501
0.25	-45	-26.1119
0.25	-45	80.5516
0.25	-45	-138.203
0.25	-45	156.72
0.25	-45	132.85
0.25	-45	122.094
0.25	-45	0.180888
0.25	-45	158.212
0.25	-45	-49.2125
0.25	-45	-66.2758
0.25	-45	-95.2534
0.25	-45	-136.285
0.25	-45	-164.617
0.25	-45	22.9047
0.25	-45	-145.117
0.25	-45	104.511
0.25	-45	166.69
0.25	-45	-100.164
0.25	-45	28.0101
0.25	-45	-154.632
0.25	-45	-109.828
0.25	-45	34.3359
0.25	-45	176.099
0.25	-45	153.242
0.25	-45	-21.8541
0.25	-45	21.4624
0.25	-45	134.816
0.25	-45	47.9035
0.25	-45	-112.645
0.25	-45	77.8269
0.25	-45	73.2578
0.25	-45	-26.6565
0.25	-45	-86.4142
0.25	-45	-157.335
0.25	-45	174.903
0.25	-45	38.2498
0.25	-45	84.726
0.25	-45	121.592
0.25	-45	-45.0727
0.25	-45	45.0493
0.25	-45	-179.158
0.25	-45	166.797
0.25	-45	43.9659
0.25	-45	-79.3889
0.25	-45	-112.036
0.25	-45	178.578
0.25	-45	49.4355
0.25	-45	-136.081
0.25	-45	163.631
0.25	-45	67.0987
0.25	-45	-34.7022
0.25	-45	-93.088
0.25	-45	-170.476
0.25	-45	-120.004
0.25	-45	59.1227
0.25	-45	49.3983
0.25	-45	70.6194
0.25	-45	67.7365
0.25	-45	-118.198
0.25	-45	-4.20343
0.25	-45	-148.143
0.25	-45	56.4406
0.25	-45	84.0156
0.25	-45	-132.574
0.25	-45	110.642
0.25	-45	23.3765
0.25	-45	33.1911
0.25	-45	2.31805
0.25	-45	133.182
0.25	-45	-172.629
0.25	-45	57.7482
0.25	-45	-2.84931
0.25	-45	91.6354
0.25	-45	-57.7495
0.25	-45	127.651
0.25	-45	-113.003
0.25	-45	173.136
0.25	-45	167.488
0.25	-45	-48.6365
0.25	-45	-167.943
0.25	-45	-67.4502
0.25	-45	-107.912
0.25	-45	125.589
0.25	-45	103.413
0.25	-45	-73.606
0.25	-45	172.463
0.25	-45	62.8704
0.25	-45	-110.56
0.25	-45	-102.399
0.25	-45	-67.6714
0.25	-45	-75.1858
0.25	-45	65.0929
0.25	-45	159.618
0.25	-45	120.148
0.25	-45	115.719
0.25	-45	46.8385
0.25	-45	61.4827
0.25	-45	-135.883
0.25	-45	-31.622
0.25	-45	10.2224
0.25	-45	97.4541
0.25	-45	174.347
0.25	-45	23.2664
0.25	-45	166.859
0.25	-45	10.9404
0.25	-45	-57.0918
0.25	-45	-89.8193
0.25	-45	140.374
0.25	-45	118.039
0.25	-45	101.593
0.25	-45	-14.5981
0.25	-45	-141.482
0.25	-45	-137.107
0.25	-45	37.6406
0.25	-45	71.6346
0.25	-45	-54.7144
0.25	-45	10.1545
0.25	-45	71.023
0.25	-45	-37.9722
0.25	-45	-2.51958
0.25	-45	144.102
0.25	-45	-31.3313
0.25	-45	134.137
0.25	-45	70.0027
0.25	-45	56.2466
0.25	-45	-134.441
0.25	-45	-100.728
0.25	-45	-137.226
0.25	-45	-32.0632
0.25	-45	53.9686
0.25	-45	-86.8992
0.25	-45	-128.795
0.25	-45	96.2224
0.25	-45	-92.9889
0.25	-45	-5.45033
0.25	-45	-0.466614
0.25	-45	150.425
0.25	-45	59.2604
0.25	-45	33.3038
0.25	-45	99.1183
0.25	-45	-59.8464
0.25	-45	171.396
0.25	-45	20.481
0.25	-45	-121.366
0.25	-45	5.81758
0.25	-45	68.9026
0.25	-45	174.236
0.25	-45	-0.649735
0.25	-45	-70.8978
0.25	-45	-155.67
0.25	-45	138.731
0.25	-45	-126.007
0.25	-45	159.9
0.25	-45	-122.964
0.25	-45	-173.075
0.25	-45	63.6861
0.25	-45	-7.74414
0.25	-45	-174.273
0.25	-45	-130.283
0.25	-45	8.10746
0.25	-45	-138.874
0.25	-45	113.429
0.25	-45	0.243557
0.25	-45	-61.7096
0.25	-45	-138.965
0.25	-45	171.299
0.25	-45	134.145
0.25	-45	-100.127
0.25	-45	-18.7338
0.25	-45	115.175
0.25	-45	176.428
0.25	-45	-94.45
0.25	-45	84.3956
0.25	-45	125.685
0.25	-45	-6.92576
0.25	-45	-7.53683
0.25	-45	70.3505
0.25	-45	56.2302
0.25	-45	-84.839
0.25	-45	38.185
0.25	-45	-92.8099
0.25	-45	49.6847
0.25	-45	60.7791
0.25	-45	-164.15
0.25	-45	170.691
0.25	-45	-121.513
0.25	-45	31.8574
0.25	-45	2.73675
0.25	-45	22.6553
0.25	-45	-82.1127
0.25	-45	63.2768
0.25	-45	-78.0557
0.25	-45	-4.41882
0.25	-45	51.1027
0.25	-45	107.766
0.25	-45	124.383
0.25	-45	-29.046
0.25	-45	-54.7418
0.25	-45	74.7574
0.25	-45	-142.637
0.25	-45	67.4952
0.25	-45	63.901
0.25	-45	-120.611
0.25	-45	59.4822
0.25	-45	121.166
0.25	-45	-104.205
0.25	-45	-170.363
0.25	-45	-1.6496
0.25	-45	22.4727
0.25	-45	-34.1938
0.25	-45	-55.45
0.25	-45	-54.0884
0.25	-45	-18.2112
0.25	-45	150.336
0.25	-45	126.46
0.25	-45	97.6891
0.25	-45	-140.913
0.25	-45	-145.041
0.25	-45	134.098
0.25	-45	-158.291
0.25	-45	-163.034
0.25	-45	-25.5456
0.25	-45	-162.156
0.25	-45	162.167
0.25	-45	130.198
0.25	-45	20.4607
0.25	-45	106.48
0.25	-45	27.6256
0.25	-45	47.402
0.25	-45	-39.6196
0.25	-45	87.3689
0.25	-45	-108.669
0.25	-45	113.482
0.25	-45	-31.5228
0.25	-45	148.38
0.25	-45	25.4277
0.25	-45	116.099
0.25	-45	63.4584
0.25	-45	-172.178
0.25	-45	-93.217
0.25	-45	7.87323
0.25	-45	110.63
0.25	-45	156.314
0.25	-45	30.4624
0.25	-45	120.525
0.25	-45	22.0463
0.25	-45	-174.35
0.25	-45	-107.106
0.25	-45	-7.83443
0.25	-45	-171.081
0.25	-45	1.071
0.25	-45	-67.596
0.25	-45	145.879
0.25	-45	-11.3078
0.25	-45	11.9461
0.25	-45	52.5158
0.25	-45	-61.1865
0.25	-45	-10.0683
0.25	-45	122.105
0.25	-45	-55.7986
0.25	-45	-2.01801
0.25	-45	-116.379
0.25	-45	-86.3032
0.25	-45	-96.2967
0.25	-45	-44.8772
0.25	-45	112.025
0.25	-45	178.492
0.25	-45	-125.218
0.25	-45	116.465
0.25	-45	-4.17559
0.25	-45	-173.721
0.25	-45	-5.74881
0.25	-45	-153.054
0.25	-45	76.0209
0.25	-45	-140.871
0.25	-45	81.0519
0.25	-45	9.00895
0.25	-45	-111.335
0.25	-45	-14.2403
0.25	-45	115.979
0.25	-45	-179.718
0.25	-45	-111.622
0.25	-45	17.2018
0.25	-45	-26.7689
0.25	-45	121.09
0.25	-45	36.8948
0.25	-45	152.81
0.25	-45	-115.276
0.25	-45	-176.043
0.25	-45	-47.8922
0.25	-45	5.30061
0.25	-45	60.6399
0.25	-45	-174.849
0.25	-45	53.1626
0.25	-45	40.6702
0.25	-45	-49.3784
0.25	-45	105.33
0.25	-45	128.459
0.25	-45	25.4792
0.25	-45	-120.629
0.25	-45	0.0634457
0.25	-45	-110.107
0.25	-45	-49.3714
0.25	-45	137.823
0.25	-45	159.523
0.25	-45	22.3501
0.25	-45	-119.793
0.25	-45	29.404
0.25	-45	90.1635
0.25	-45	161.457
0.25	-45	-20.4137
0.25	-45	127.128
0.25	-45	74.9526
0.25	-45	60.926
0.25	-45	178.755
0.25	-45	99.5682
0.25	-45	-118.173
0.25	-45	-29.3006
0.25	-45	-125.335
0.25	-45	-26.8547
0.25	-45	-138.667
0.25	-45	-152.845
0.25	-45	-108.786
0.25	-45	-22.0599
0.25	-45	82.4271
0.25	-45	140.96
0.25	-45	83.3066
0.25	-45	140.518
0.25	-45	5.36935
0.25	-45	-18.9601
0.25	-45	134.403
0.25	-45	14.9057
0.25	-45	-1.6196
0.25	-45	146.432
0.25	-45	165.605
0.25	-45	-0.736124
0.25	-45	15.6332
0.25	-45	-57.7464
0.25	-45	120.788
0.25	-45	-177.636
0.25	-45	92.7766
0.25	-45	-152.112
0.25	-45	17.0821
0.25	-45	99.6693
0.25	-45	-62.3816
0.25	-45	44.1922
0.25	-45	30.2358
0.25	-45	-146.777
0.25	-45	142.356
0.25	-45	151.192
0.25	-45	-57.8059
0.25	-45	176.222
0.25	-45	53.5367
0.25	-45	165.266
0.25	-45	-18.5456
0.25	-45	-168.926
0.25	-45	-125.501
0.25	-45	-172.136
0.25	-45	75.3924
0.25	-45	-82.9217
0.25	-45	120.206
0.25	-45	86.3719
0.25	-45	89.748
0.25	-45	71.5324
0.25	-45	-18.4816
0.25	-45	8.5009
0.25	-45	31.2474
0.25	-45	-26.9423
0.25	-45	22.9729
0.25	-45	-76.1032
0.25	-45	113.123
0.25	-45	1.66123
0.25	-45	78.1854
0.25	-45	-161.547
0.25	-45	73.3912
0.25	-45	-60.0731
0.25	-45	173.66
0.25	-45	-131.743
0.25	-45	160.628
0.25	-45	-86.5106
0.25	-45	-95.0321
0.25	-45	83.0118
0.25	-45	27.01
0.25	-45	-19.2792
0.25	-45	-143.854
0.25	-45	-139.067
0.25	-45	121.858
0.25	-45	-36.8926
0.25	-45	174.316
0.25	-45	-153.325
0.25	-45	-130.602
0.25	-45	62.1371
0.25	-45	12.1715
0.25	-45	-55.8908
0.25	-45	110.391
0.25	-45	-98.8045
0.25	-45	-161.58
0.25	-45	96.9855
0.25	-45	110.509
0.25	-45	-65.126
0.25	-45	-162.767
0.25	-45	52.9215
0.25	-45	22.142
0.25	-45	36.0198
0.25	-45	165.375
0.25	-45	-102.626
0.25	-45	-174.613
0.25	-45	146.441
0.25	-45	123.873
0.25	-45	5.22226
0.25	-45	-45.1046
0.25	-45	99.7892
0.25	-45	56.6526
0.25	-45	86.2907
0.25	-45	-86.4319
0.25	-45	-8.56139
0.25	-45	101.744
0.25	-45	132.691
0.25	-45	70.2813
0.25	-45	-129.242
0.25	-45	-106.679
0.25	-45	73.8229
0.25	-45	-8.1186
0.25	-45	-4.41792
0.25	-45	159.755
0.25	-45	138.247
0.25	-45	-38.6588
0.25	-45	2.278
0.25	-45	-122.928
0.25	-45	105.993
0.25	-45	-170.166
0.25	-45	20.9834
0.25	-45	38.2736
0.25	-45	74.748
0.25	-45	136.823
0.25	-45	-99.8378
0.25	-45	-22.3187
0.25	-45	57.8359
0.25	-45	-109.629
0.25	-45	43.0981
0.25	-45	-69.7543
0.25	-45	25.6837
0.25	-45	95.9461
0.25	-45	-171.051
0.25	-45	147.432
0.25	-45	-145.893
0.25	-45	53.8702
0.25	-45	147.978
0.25	-45	104.035
0.25	-45	22.9046
0.25	-45	106.987
0.25	-45	132.662
0.25	-45	-103.859
