pol	setting	phi
0.3	45	139.491
0.3	45	-71.0053
0.3	45	-163.987
0.3	45	174.121
0.3	45	-82.6264
0.3	45	-123.726
0.3	45	-55.625
0.3	45	-97.8769
0.3	45	74.3146
0.3	45	-175.927
0.3	45	-141.192
0.3	45	76.9599
0.3	45	151.143
0.3	45	57.4967
0.3	45	-177.171
0.3	45	-28.3894
0.3	45	-67.7535
0.3	45	60.9059
0.3	45	-27.1074
0.3	45	-131.498
0.3	45	112.649
0.3	45	106.908
0.3	45	113.958
0.3	45	-120.308
0.3	45	-163.819
0.3	45	46.5429
0.3	45	-29.3314
0.3	45	-141.246
0.3	45	164.322
0.3	45	-156.249
0.3	45	166.671
0.3	45	-140.182
0.3	45	-146.672
0.3	45	67.3141
0.3	45	-132.265
0.3	45	88.6046
0.3	45	-36.1197
0.3	45	-93.8398
0.3	45	15.7935
0.3	45	-165.15
0.3	45	143.59
0.3	45	-77.8817
0.3	45	-137.813
0.3	45	-176.848
0.3	45	-20.614
0.3	45	178.533
0.3	45	28.2303
0.3	45	140.674
0.3	45	-142.305
0.3	45	166.62
0.3	45	-64.5851
0.3	45	134.451
0.3	45	-79.7611
0.3	45	17.7748
0.3	45	56.0475
0.3	45	-117.696
0.3	45	109.255
0.3	45	135.09
0.3	45	-172.809
0.3	45	10.7207
0.3	45	100.451
0.3	45	85.7169
0.3	45	-74.1143
0.3	45	112.688
0.3	45	87.1597
0.3	45	-98.7773
0.3	45	137.438
0.3	45	-174.175
0.3	45	-54.9849
0.3	45	75.3184
0.3	45	46.4815
0.3	45	-54.5936
0.3	45	57.3582
0.3	45	-156.662
0.3	45	-164.308
0.3	45	-106.014
0.3	45	-41.1592
0.3	45	144.514
0.3	45	-84.4062
0.3	45	-129.61
0.3	45	-23.4533
0.3	45	-3.06202
0.3	45	155.186
0.3	45	168.852
0.3	45	-157.789
0.3	45	116.466
0.3	45	-7.26015
0.3	45	-43.7887
0.3	45	-160.659
0.3	45	-92.4779
0.3	45	-151.639
0.3	45	108.048
0.3	45	-68.8739
0.3	45	115.683
0.3	45	160.069
0.3	45	106.747
0.3	45	100.424
0.3	45	-22.1077
0.3	45	-132.027
0.3	45	6.33823
0.3	45	-122.568
0.3	45	-170.451
0.3	45	-23.4082
0.3	45	-124.073
0.3	45	-75.3549
0.3	45	138.49
0.3	45	149.514
0.3	45	-28.2737
0.3	45	-105.037
0.3	45	150.163
0.3	45	25.7141
0.3	45	143.68
0.3	45	-40.25
0.3	45	-13.1965
0.3	45	108.069
0.3	45	147.82
0.3	45	81.153
0.3	45	-129.555
0.3	45	151.291
0.3	45	-160.777
0.3	45	64.5159
0.3	45	-90.8944
0.3	45	-57.9814
0.3	45	1.81155
0.3	45	-83.6995
0.3	45	-33.6072
0.3	45	-48.3685
0.3	45	57.1487
0.3	45	152.139
0.3	45	-14.4029
0.3	45	11.7087
0.3	45	87.5335
0.3	45	-115.524
0.3	45	46.7446
0.3	45	-56.6306
0.3	45	-36.3336
0.3	45	36.542
0.3	45	174.734
0.3	45	18.8283
0.3	45	35.8043
0.3	45	-9.40381
0.3	45	78.2314
0.3	45	-76.9234
0.3	45	87.7027
0.3	45	2.76087
0.3	45	123.911
0.3	45	-30.9668
0.3	45	-175.621
0.3	45	28.4869
0.3	45	-168.243
0.3	45	170.735
0.3	45	173.383
0.3	45	96.4141
0.3	45	116.217
0.3	45	-127.927
0.3	45	-106.997
0.3	45	54.8844
0.3	45	145.507
0.3	45	90.4398
0.3	45	35.796
0.3	45	54.4881
0.3	45	-37.9623
0.3	45	-103.923
0.3	45	30.0648
0.3	45	146.224
0.3	45	-36.25
0.3	45	-69.9158
0.3	45	164.784
0.3	45	147.76
0.3	45	-36.0786
0.3	45	87.219
0.3	45	-150.515
0.3	45	67.7843
0.3	45	85.2197
0.3	45	-169.763
0.3	45	43.4772
0.3	45	-130.964
0.3	45	65.448
0.3	45	44.9463
0.3	45	150.825
0.3	45	81.3182
0.3	45	-43.212
0.3	45	48.2284
0.3	45	54.4534
0.3	45	-153.384
0.3	45	-10.6219
0.3	45	22.6287
0.3	45	106.927
0.3	45	95.3097
0.3	45	176.03
0.3	45	35.1677
0.3	45	162.075
0.3	45	-29.169
0.3	45	-133.96
0.3	45	-119.824
0.3	45	-147.184
0.3	45	-18.2047
0.3	45	66.7853
0.3	45	-55.309
0.3	45	179.273
0.3	45	-120.424
0.3	45	-21.2159
0.3	45	179.347
0.3	45	13.8984
0.3	45	13.178
0.3	45	170.646
0.3	45	100.877
0.3	45	143.418
0.3	45	28.7842
0.3	45	38.6606
0.3	45	30.1902
0.3	45	-10.2283
0.3	45	69.6138
0.3	45	134.013
0.3	45	-141.202
0.3	45	-51.4046
0.3	45	142.198
0.3	45	-25.1925
0.3	45	113.292
0.3	45	59.0927
0.3	45	-32.3348
0.3	45	34.1812
0.3	45	160.327
0.3	45	31.0914
0.3	45	66.8018
0.3	45	-154.333
0.3	45	79.8557
0.3	45	-21.1794
0.3	45	150.147
0.3	45	-52.4883
0.3	45	-22.3332
0.3	45	28.6402
0.3	45	170.946
0.3	45	176.023
0.3	45	82.9574
0.3	45	-130.905
0.3	45	149.278
0.3	45	-43.4229
0.3	45	138.096
0.3	45	38.6905
0.3	45	-60.3974
0.3	45	61.2262
0.3	45	7.33305
0.3	45	-153.916
0.3	45	8.15275
0.3	45	170.101
0.3	45	18.0869
0.3	45	33.3634
0.3	45	6.90732
0.3	45	89.5122
0.3	45	-173.37
0.3	45	-130.132
0.3	45	-21.0196
0.3	45	172.534
0.3	45	-124.888
0.3	45	-7.38871
0.3	45	109.25
0.3	45	147.063
0.3	45	-1.10758
0.3	45	52.3521
0.3	45	90.7439
0.3	45	-16.49
0.3	45	-29.1141
0.3	45	97.5858
0.3	45	-47.0167
0.3	45	113.929
0.3	45	-21.1393
0.3	45	89.5909
0.3	45	169.421
0.3	45	9.96907
0.3	45	-36.5974
0.3	45	-168.278
0.3	45	48.2615
0.3	45	5.07992
0.3	45	-157.338
0.3	45	-77.852
0.3	45	-172.296
0.3	45	-159.048
0.3	45	16.1643
0.3	45	130.708
0.3	45	-1.28074
0.3	45	-95.8792
0.3	45	-151.215
0.3	45	-22.3591
0.3	45	123.877
0.3	45	-22.5711
0.3	45	28.3298
0.3	45	-177.108
0.3	45	156.537
0.3	45	16.0799
0.3	45	123.631
0.3	45	2.41674
0.3	45	111.947
0.3	45	6.17281
0.3	45	53.8369
0.3	45	147.041
0.3	45	16.2266
0.3	45	-20.5738
0.3	45	165.962
0.3	45	34.1785
0.3	45	132.886
0.3	45	-179.84
0.3	45	-150.899
0.3	45	39.5851
0.3	45	-170.611
0.3	45	131.215
0.3	45	-50.6354
0.3	45	-112.642
0.3	45	-63.1316
0.3	45	-153.27
0.3	45	122.37
0.3	45	-47.0892
0.3	45	-178.552
0.3	45	-169.176
0.3	45	-129.245
0.3	45	-86.1354
0.3	45	-102.226
0.3	45	10.5272
0.3	45	81.7137
0.3	45	-9.71357
0.3	45	34.3119
0.3	45	-69.0368
0.3	45	29.4532
0.3	45	75.678
0.3	45	-16.4034
0.3	45	79.1147
0.3	45	-90.4862
0.3	45	-47.1762
0.3	45	139.727
0.3	45	-60.9141
0.3	45	-48.808
0.3	45	42.1492
0.3	45	-86.136
0.3	45	166.896
0.3	45	-114.147
0.3	45	-80.8971
0.3	45	-116.903
0.3	45	151.394
0.3	45	9.95844
0.3	45	1.21818
0.3	45	-111.067
0.3	45	159.76
0.3	45	-103.8
0.3	45	-178.009
0.3	45	9.23291
0.3	45	82.8002
0.3	45	162.926
0.3	45	-134.848
0.3	45	128.984
0.3	45	83.6615
0.3	45	173.086
0.3	45	-68.1616
0.3	45	-7.30657
0.3	45	-140.369
0.3	45	19.6607
0.3	45	-100.405
0.3	45	2.31581
0.3	45	93.8346
0.3	45	112.784
0.3	45	63.6583
0.3	45	-38.415
0.3	45	-108.283
0.3	45	66.7235
0.3	45	-63.5897
0.3	45	35.3764
0.3	45	57.6435
0.3	45	0.451921
0.3	45	86.3925
0.3	45	152.263
0.3	45	57.6582
0.3	45	-13.1219
0.3	45	74.5296
0.3	45	-136.716
0.3	45	56.1629
0.3	45	-12.2255
0.3	45	8.63809
0.3	45	-15.6225
0.3	45	-5.965
0.3	45	94.1158
0.3	45	-143.983
0.3	45	115.131
0.3	45	-10.9881
0.3	45	120.869
0.3	45	154.58
0.3	45	0.872599
0.3	45	124.353
0.3	45	38.1318
0.3	45	-29.2424
0.3	45	-14.7465
0.3	45	-133.3
0.3	45	64.9627
0.3	45	141.227
0.3	45	-10.519
0.3	45	-175.757
0.3	45	-79.9091
0.3	45	-171.307
0.3	45	113.19
0.3	45	-10.5426
0.3	45	115.275
0.3	45	135.828
0.3	45	-141.497
0.3	45	-166.182
0.3	45	40.0141
0.3	45	170.04
0.3	45	-46.251
0.3	45	169.813
0.3	45	166.929
0.3	45	-174.36
0.3	45	126.482
0.3	45	178.833
0.3	45	-177.754
0.3	45	-164.603
0.3	45	-50.704
0.3	45	-6.60837
0.3	45	170.992
0.3	45	171.804
0.3	45	-106.511
0.3	45	62.0784
0.3	45	14.1069
0.3	45	-122.761
0.3	45	-83.0252
0.3	45	-15.4215
0.3	45	-35.9261
0.3	45	-125.672
0.3	45	154.624
0.3	45	-135.422
0.3	45	-57.6303
0.3	45	-104.751
0.3	45	162.728
0.3	45	-78.5354
0.3	45	154.412
0.3	45	44.4558
0.3	45	-23.7484
0.3	45	-47.4745
0.3	45	57.9257
0.3	45	60.2572
0.3	45	161.697
0.3	45	103.158
0.3	45	-109.57
0.3	45	-75.1489
0.3	45	-18.0202
0.3	45	164.955
0.3	45	93.6812
0.3	45	116.389
0.3	45	98.1048
0.3	45	-5.51983
0.3	45	-167.303
0.3	45	82.5752
0.3	45	-9.50146
0.3	45	168.761
0.3	45	28.7689
0.3	45	-134.733
0.3	45	169.877
0.3	45	-40.4122
0.3	45	-67.7867
0.3	45	-92.5192
0.3	45	47.4679
0.3	45	138.403
0.3	45	18.128
0.3	45	-170.726
0.3	45	-154.22
0.3	45	142.693
0.3	45	46.3027
0.3	45	-153.862
0.3	45	-127.592
0.3	45	88.5964
0.3	45	-29.4487
0.3	45	-58.135
0.3	45	-147.699
0.3	45	84.0655
0.3	45	-30.3355
0.3	45	48.9785
0.3	45	149.36
0.3	45	-93.4146
0.3	45	-161.091
0.3	45	160.52
0.3	45	-93.1702
0.3	45	-161.933
0.3	45	-132.381
0.3	45	40.0654
0.3	45	-168.892
0.3	45	-169.505
0.3	45	-163.818
0.3	45	-65.2874
0.3	45	-77.5876
0.3	45	76.4421
0.3	45	21.9587
0.3	45	-71.2672
0.3	45	-170.985
0.3	45	21.9385
0.3	45	10.3323
0.3	45	-136.501
0.3	45	-77.3599
0.3	45	103.928
0.3	45	-12.2808
0.3	45	51.093
0.3	45	91.9103
0.3	45	129.939
0.3	45	-145.01
0.3	45	-120.642
0.3	45	-26.6593
0.3	45	-148.415
0.3	45	-49.1545
0.3	45	60.1728
0.3	45	148.17
0.3	45	31.6731
0.3	45	71.8026
0.3	45	-155.574
0.3	45	117.542
0.3	45	37.3572
0.3	45	76.881
0.3	45	-46.1734
0.3	45	42.7192
0.3	45	-115.183
0.3	45	134.823
0.3	45	38.0502
0.3	45	-131.914
0.3	45	-168.8
0.3	45	-53.9853
0.3	45	-98.8401
0.3	45	117.982
0.3	45	144.64
0.3	45	-83.3455
0.3	45	-100.759
0.3	45	-17.1399
0.3	45	143.417
0.3	45	-6.58993
0.3	45	12.4966
0.3	45	-125.938
0.3	45	-19.4216
0.3	45	-42.1792
0.3	45	-31.2758
0.3	45	-110.553
0.3	45	38.3128
0.3	45	-0.395537
0.3	45	132.335
0.3	45	85.0309
0.3	45	-96.5212
0.3	45	160.184
0.3	45	172.056
0.3	45	-111.69
0.3	45	39.025
0.3	45	169.61
0.3	45	-17.3537
0.3	45	176.939
0.3	45	-147.678
0.3	45	-164.207
0.3	45	-161.904
0.3	45	76.0776
0.3	45	-11.1188
0.3	45	60.8319
0.3	45	122.57
0.3	45	-45.018
0.3	45	-164.023
0.3	45	-31.3187
0.3	45	-144.057
0.3	45	-41.3163
0.3	45	36.2705
0.3	45	88.7824
0.3	45	32.4714
0.3	45	-179.298
0.3	45	105.603
0.3	45	-33.4044
0.3	45	102.307
0.3	45	-18.9655
0.3	45	-110.68
0.3	45	64.1983
0.3	45	-173.787
0.3	45	119.184
0.3	45	146.091
0.3	45	129.177
0.3	45	-77.6231
0.3	45	-51.0706
0.3	45	-44.0035
0.3	45	87.5807
0.3	45	-116.104
0.3	45	-139.789
0.3	45	-18.7183
0.3	45	-154.179
0.3	45	14.2629
0.3	45	130.054
0.3	45	-35.3545
0.3	45	30.2139
0.3	45	54.4958
0.3	45	110.933
0.3	45	-152.628
0.3	45	-104.445
0.3	45	-135.641
0.3	45	85.7936
0.3	45	-160.053
0.3	45	-14.6896
0.3	45	-156.284
0.3	45	-61.2754
0.3	45	110.713
0.3	45	-100.787
0.3	45	132.456
0.3	45	-161.718
0.3	45	171.538
0.3	45	71.3432
0.3	45	-4.36226
0.3	45	-75.3131
0.3	45	145.097
0.3	45	146.905
0.3	45	-174.312
0.3	45	163.386
0.3	45	-35.2239
0.3	45	65.285
0.3	45	-15.5599
0.3	45	4.73271
0.3	45	3.41268
0.3	45	147.376
0.3	45	-69.1098
0.3	45	122.534
0.3	45	99.175
0.3	45	4.16013
0.3	45	-118.613
0.3	45	-94.8374
0.3	45	91.9481
0.3	45	-114.792
0.3	45	147.911
0.3	45	-105.744
0.3	45	145.662
0.3	45	-42.2662
0.3	45	118.599
0.3	45	132.697
0.3	45	115.631
0.3	45	5.34811
0.3	45	-121.601
0.3	45	60.1853
0.3	45	61.7729
0.3	45	-42.6604
0.3	45	146.028
0.3	45	-123.972
0.3	45	22.891
0.3	45	166.303
0.3	45	71.1308
0.3	45	-22.8019
0.3	45	-19.7973
0.3	45	74.6574
0.3	45	51.4018
0.3	45	-75.0618
0.3	45	-8.94813
0.3	45	-126.798
0.3	45	146.21
0.3	45	19.8677
0.3	45	-135.223
0.3	45	-33.8121
0.3	45	-24.4181
0.3	45	-176.754
0.3	45	-44.0253
0.3	45	-33.9642
0.3	45	-137.682
0.3	45	138.387
0.3	45	59.3018
0.3	45	-85.2079
0.3	45	-159.357
0.3	45	65.6379
0.3	45	22.7642
0.3	45	43.2942
0.3	45	168.521
0.3	45	-40.0659
0.3	45	-13.5463
0.3	45	-66.5757
0.3	45	-141.358
0.3	45	40.3701
0.3	45	-44.9042
0.3	45	121.247
0.3	45	48.2522
0.3	45	21.5152
0.3	45	77.3835
0.3	45	-52.5945
0.3	45	158.508
0.3	45	85.1057
0.3	45	83.1686
0.3	45	-118.94
0.3	45	-140.558
0.3	45	-39.4725
0.3	45	139.608
0.3	45	-0.67993
0.3	45	162.715
0.3	45	-48.7167
0.3	45	115.825
0.3	45	162.84
0.3	45	-45.1736
0.3	45	100.679
0.3	45	-88.8154
0.3	45	-125.16
0.3	45	-84.5103
0.3	45	19.8296
0.3	45	-90.1176
0.3	45	-114.293
0.3	45	-102.865
0.3	45	-172.382
0.3	45	129.427
0.3	45	-177.515
0.3	45	42.2832
0.3	45	77.4787
0.3	45	-56.3851
0.3	45	166.689
0.3	45	-100.406
0.3	45	-30.3366
0.3	45	57.4219
0.3	45	-50.7182
0.3	45	128.834
0.3	45	31.4831
0.3	45	-4.69699
0.3	45	94.9917
0.3	45	47.2979
0.3	45	167.369
0.3	45	21.8911
0.3	45	169.873
0.3	45	166.568
0.3	45	-168.805
0.3	45	75.9249
0.3	45	144.398
0.3	45	41.7514
0.3	45	115.826
0.3	45	162.135
0.3	45	-65.3609
0.3	45	136.476
0.3	45	91.2891
0.3	45	114.303
0.3	45	162.731
0.3	45	59.4908
0.3	45	93.6315
0.3	45	-16.7386
0.3	45	163.499
0.3	45	39.8946
0.3	45	-163.627
0.3	45	-160.998
0.3	45	-24.3329
0.3	45	85.3992
0.3	45	85.2494
0.3	45	-155.192
0.3	45	137.539
0.3	45	-56.8675
0.3	45	84.7415
0.3	45	17.6092
0.3	45	-137.573
0.3	45	-119.963
0.3	45	105.526
0.3	45	131.977
0.3	45	36.8659
0.3	45	-154.62
0.3	45	-96.0846
0.3	45	110.961
0.3	45	-168.212
0.3	45	153.942
0.3	45	106.848
0.3	45	4.03863
0.3	45	-66.3146
0.3	45	-87.6319
0.3	45	-40.6657
0.3	45	48.1089
0.3	45	-152.677
0.3	45	-53.3877
0.3	45	-171.798
0.3	45	-113.935
0.3	45	121.634
0.3	45	173.101
0.3	45	77.7421
0.3	45	-134.996
0.3	45	-37.1237
0.3	45	179.974
0.3	45	152.572
0.3	45	137.666
0.3	45	171.185
0.3	45	162.101
0.3	45	-49.4922
0.3	45	174.491
0.3	45	8.16982
0.3	45	-60.5853
0.3	45	-27.0377
0.3	45	43.5089
0.3	45	158.778
0.3	45	77.7258
0.3	45	-38.6232
0.3	45	101.87
0.3	45	-4.35471
0.3	45	-18.1545
0.3	45	29.4269
0.3	45	-148.516
0.3	45	-25.9458
0.3	45	24.0527
0.3	45	14.8159
0.3	45	167.697
0.3	45	114.84
0.3	45	96.8973
0.3	45	-24.5339
0.3	45	-174.808
0.3	45	45.5285
0.3	45	113.194
0.3	45	17.8481
0.3	45	53.1117
0.3	45	52.262
0.3	45	-78.4232
0.3	45	64.816
0.3	45	144.662
0.3	45	-51.7403
0.3	45	-128.721
0.3	45	-58.0192
0.3	45	122.327
0.3	45	-115.15
0.3	45	-99.4597
0.3	45	53.2058
0.3	45	108.072
0.3	45	-16.5825
0.3	45	-166.732
0.3	45	51.2801
0.3	45	-66.4042
0.3	45	-95.8645
0.3	45	165.827
0.3	45	56.4147
0.3	45	-172.524
0.3	45	-144.163
0.3	45	-155.635
0.3	45	-23.2545
0.3	45	-30.5225
0.3	45	105.346
0.3	45	-110.169
0.3	45	11.4133
0.3	45	65.5693
0.3	45	11.3281
0.3	45	76.8374
0.3	45	-13.7111
0.3	45	-84.3344
0.3	45	-9.27461
0.3	45	99.236
0.3	45	-72.3763
0.3	45	31.3179
0.3	45	60.5251
0.3	45	-37.3998
0.3	45	52.5553
0.3	45	92.6944
0.3	45	-139.431
0.3	45	-27.4597
0.3	45	-83.8727
0.3	45	47.1564
0.3	45	-78.0379
0.3	45	-19.2999
0.3	45	-171.305
0.3	45	-109.728
0.3	45	-13.3002
0.3	45	-169.113
0.3	45	-24.7243
0.3	45	-14.4505
0.3	45	121.74
0.3	45	-131.696
0.3	45	91.8569
0.3	45	28.7645
0.3	45	-18.7539
0.3	45	158.627
0.3	45	55.6235
0.3	45	-46.1985
0.3	45	-43.8097
0.3	45	-1.42737
0.3	45	167.348
0.3	45	-63.533
0.3	45	128.425
0.3	45	20.5759
0.3	45	-98.5685
0.3	45	113.616
0.3	45	114.696
0.3	45	67.1077
0.3	45	95.9923
0.3	45	55.0701
0.3	45	-114.373
0.3	45	-165.003
0.3	45	-45.0421
0.3	45	109.111
0.3	45	-43.1894
0.3	45	-6.91802
0.3	45	155.941
0.3	45	-79.6695
0.3	45	128.674
0.3	45	97.4133
0.3	45	104.829
0.3	45	-97.1724
0.3	45	-41.8893
0.3	45	-142.466
0.3	45	-35.3942
0.3	45	-51.7863
0.3	45	94.3834
0.3	45	-5.60167
0.3	45	150.403
0.3	45	163.405
0.3	45	159.231
0.3	45	-49.6468
0.3	45	139.552
0.3	45	91.028
0.3	45	156.136
0.3	45	-109.047
0.3	45	-138.074
0.3	45	84.968
0.3	45	-7.61077
0.3	45	4.01556
0.3	45	-120.425
0.3	45	145.42
0.3	45	1.20584
0.3	45	-26.5212
0.3	45	105.278
0.3	45	107.249
0.3	45	50.0635
0.3	45	145.77
0.3	45	-121.735
0.3	45	-170.272
0.3	45	-65.9163
0.3	45	-89.4073
0.3	45	110.365
0.3	45	6.85747
0.3	45	71.6835
0.3	45	57.2202
0.3	45	-69.9135
0.3	45	-53.5753
0.3	45	-17.8419
0.3	45	49.95
0.3	45	-76.7941
0.3	45	171.062
0.3	45	121.111
0.3	45	36.4019
0.3	45	6.92465
0.3	45	42.1013
0.3	45	-14.0651
0.3	45	-152.602
0.3	45	57.8037
0.3	45	-147.32
0.3	45	-117.426
0.3	45	5.88615
0.3	45	16.6307
0.3	45	93.9774
0.3	45	-78.6661
0.3	45	37.0632
0.3	45	-21.649
0.3	45	-30.5711
0.3	45	-59.346
0.3	45	-103.687
0.3	45	56.4983
0.3	45	-175.272
0.3	45	-1.88031
0.3	45	36.1143
0.3	45	33.9236
0.3	45	-153.855
0.3	45	-32.207
0.3	45	123.932
0.3	45	-155.203
0.3	45	84.0347
0.3	45	-97.8794
0.3	45	-119.189
0.3	45	18.9756
0.3	45	-44.9788
0.3	45	106.42
0.3	45	-13.2985
0.3	45	69.2697
0.3	45	-6.56791
0.3	45	-26.1944
0.3	45	-102.561
0.3	45	141.894
0.3	45	-6.38755
0.3	45	157.621
0.3	45	50.8127
0.3	45	15.4448
0.3	45	77.9394
0.3	45	-71.3791
0.3	45	147.601
0.3	45	-55.0264
0.3	45	149.252
0.3	45	-80.2708
0.3	45	64.3642
0.3	45	164.914
0.3	45	-78.8886
0.3	45	14.8433
0.3	45	45.7196
0.3	45	-1.51152
0.3	45	53.2089
0.3	45	-63.9641
0.3	45	-28.2728
0.3	45	-152.995
0.3	45	74.8363
0.3	45	45.6928
0.3	45	49.7778
0.3	45	160.916
0.3	45	117.965
0.3	45	-160.094
0.3	45	-88.2509
0.3	45	104.354
0.3	45	-70.6942
0.3	45	-151.699
0.3	45	131.533
0.3	45	116.599
0.3	45	-20.843
0.3	45	-177.103
0.3	45	-18.9222
0.3	45	-173.406
0.3	45	-74.2223
0.3	45	135.349
0.3	45	-154.949
0.3	45	69.1027
0.3	45	4.80478
0.3	45	40.491
0.3	45	-62.2878
0.25	-45	148.675
0.25	-45	-157.918
0.25	-45	-40.7288
0.25	-45	171.069
0.25	-45	49.5035
0.25	-45	-101.182
0.25	-45	-135.136
0.25	-45	29.7071
0.25	-45	-0.14042
0.25	-45	-124.104
0.25	-45	-48.162
0.25	-45	23.9988
0.25	-45	-150.15
0.25	-45	54.3469
0.25	-45	178.905
0.25	-45	124.074
0.25	-45	-102.263
0.25	-45	55.6384
0.25	-45	-109.156
0.25	-45	-65.2125
0.25	-45	15.818
0.25	-45	45.5526
0.25	-45	-128.003
0.25	-45	59.6903
0.25	-45	44.0878
0.25	-45	-48.7495
0.25	-45	56.2923
0.25	-45	75.0446
0.25	-45	98.4622
0.25	-45	-129.154
0.25	-45	-3.22817
0.25	-45	168.768
0.25	-45	85.5369
0.25	-45	-114.818
0.25	-45	-14.5454
0.25	-45	-32.0366
0.25	-45	-155.087
0.25	-45	51.7671
0.25	-45	-38.6231
0.25	-45	-156.172
0.25	-45	-111.737
0.25	-45	157.194
0.25	-45	-33.4861
0.25	-45	-70.3748
0.25	-45	70.1118
0.25	-45	-50.1257
0.25	-45	-62.1087
0.25	-45	66.6373
0.25	-45	10.2326
0.25	-45	109.983
0.25	-45	5.32136
0.25	-45	-13.9472
0.25	-45	-162.992
0.25	-45	-58.9803
0.25	-45	-2.10344
0.25	-45	5.76199
0.25	-45	-153.631
0.25	-45	98.9555
0.25	-45	-70.8116
0.25	-45	-101.245
0.25	-45	-13.0109
0.25	-45	-117.426
0.25	-45	1.08962
0.25	-45	5.4431
0.25	-45	-156.448
0.25	-45	-128.08
0.25	-45	-76.2605
0.25	-45	-84.0271
0.25	-45	-133.257
0.25	-45	-126.091
0.25	-45	-32.1333
0.25	-45	-64.1279
0.25	-45	46.9801
0.25	-45	83.8282
0.25	-45	156.57
0.25	-45	-60.565
0.25	-45	16.3086
0.25	-45	139.004
0.25	-45	10.4103
0.25	-45	164.191
0.25	-45	139.556
0.25	-45	53.9729
0.25	-45	-67.5699
0.25	-45	147.054
0.25	-45	21.9348
0.25	-45	-127.797
0.25	-45	-83.5096
0.25	-45	169.508
0.25	-45	179.381
0.25	-45	117.866
0.25	-45	170.029
0.25	-45	-85.6132
0.25	-45	-164.746
0.25	-45	-141.859
0.25	-45	115.727
0.25	-45	9.00273
0.25	-45	154.494
0.25	-45	-121.922
0.25	-45	79.999
0.25	-45	-58.7631
0.25	-45	-109.619
0.25	-45	90.7312
0.25	-45	-45.6545
0.25	-45	-94.7021
0.25	-45	113.448
0.25	-45	155.397
0.25	-45	-67.0416
0.25	-45	62.8332
0.25	-45	26.8392
0.25	-45	107.167
0.25	-45	121.286
0.25	-45	93.0586
0.25	-45	109.554
0.25	-45	96.6767
0.25	-45	5.36006
0.25	-45	-43.4296
0.25	-45	104.857
0.25	-45	-130.981
0.25	-45	-46.939
0.25	-45	43.1806
0.25	-45	-123.175
0.25	-45	134.807
0.25	-45	172.289
0.25	-45	-105.594
0.25	-45	-177.91
0.25	-45	-128.037
0.25	-45	-26.0388
0.25	-45	-171.015
0.25	-45	117.881
0.25	-45	-176.378
0.25	-45	-89.6367
0.25	-45	-138.021
0.25	-45	-13.2682
0.25	-45	-1.89874
0.25	-45	25.4847
0.25	-45	98.8522
0.25	-45	-112.504
0.25	-45	125.889
0.25	-45	125.36
0.25	-45	-3.83666
0.25	-45	26.795
0.25	-45	76.484
0.25	-45	-149.515
0.25	-45	-7.06547
0.25	-45	-29.3449
0.25	-45	65.0813
0.25	-45	-33.9215
0.25	-45	134.765
0.25	-45	133.31
0.25	-45	-65.937
0.25	-45	-112.807
0.25	-45	174.091
0.25	-45	128.621
0.25	-45	33.5792
0.25	-45	-139.486
0.25	-45	64.2312
0.25	-45	77.1066
0.25	-45	-178.099
0.25	-45	-163.28
0.25	-45	162.425
0.25	-45	-31.216
0.25	-45	118.269
0.25	-45	53.6375
0.25	-45	-132.248
0.25	-45	144.732
0.25	-45	39.4913
0.25	-45	162.603
0.25	-45	35.4792
0.25	-45	49.394
0.25	-45	-124.666
0.25	-45	13.8812
0.25	-45	-89.66
0.25	-45	-85.3222
0.25	-45	-73.9299
0.25	-45	44.6077
0.25	-45	-81.3324
0.25	-45	125.309
0.25	-45	38.6335
0.25	-45	50.4011
0.25	-45	-79.4072
0.25	-45	132.122
0.25	-45	52.9995
0.25	-45	-38.4451
0.25	-45	-176.399
0.25	-45	-107.78
0.25	-45	-56.8221
0.25	-45	-12.6066
0.25	-45	-29.3136
0.25	-45	-174.153
0.25	-45	136.279
0.25	-45	-83.0162
0.25	-45	-27.2736
0.25	-45	71.6703
0.25	-45	16.9737
0.25	-45	153.105
0.25	-45	159.888
0.25	-45	10.8666
0.25	-45	-101.308
0.25	-45	102.431
0.25	-45	-116.462
0.25	-45	59.6008
0.25	-45	98.9761
0.25	-45	56.4289
0.25	-45	-146.63
0.25	-45	61.6484
0.25	-45	-49.1592
0.25	-45	-119.318
0.25	-45	-144.801
0.25	-45	16.1801
0.25	-45	124.276
0.25	-45	78.005
0.25	-45	-174.899
0.25	-45	-117.631
0.25	-45	122.836
0.25	-45	55.9267
0.25	-45	-155.207
0.25	-45	-99.8105
0.25	-45	107.841
0.25	-45	108.256
0.25	-45	-94.5344
0.25	-45	-33.0985
0.25	-45	101.791
0.25	-45	30.5773
0.25	-45	8.53204
0.25	-45	-25.2493
0.25	-45	-120.341
0.25	-45	-170.026
0.25	-45	86.1028
0.25	-45	157.632
0.25	-45	146.564
0.25	-45	104.058
0.25	-45	112.513
0.25	-45	-78.3607
0.25	-45	-116.519
0.25	-45	127.346
0.25	-45	-126.25
0.25	-45	178.625
0.25	-45	118.943
0.25	-45	-178.259
0.25	-45	-91.3479
0.25	-45	-51.0623
0.25	-45	-149.924
0.25	-45	-85.5869
0.25	-45	3.00059
0.25	-45	45.354
0.25	-45	72.3232
0.25	-45	137.543
0.25	-45	78.0873
0.25	-45	-122.708
0.25	-45	74.8867
0.25	-45	82.4318
0.25	-45	65.322
0.25	-45	45.6284
0.25	-45	-47.7753
0.25	-45	-54.9981
0.25	-45	-38.6136
0.25	-45	-108.054
0.25	-45	-74.3057
0.25	-45	-11.5833
0.25	-45	71.2669
0.25	-45	123.706
0.25	-45	105.559
0.25	-45	44.9592
0.25	-45	144.035
0.25	-45	49.8033
0.25	-45	-85.2325
0.25	-45	-156.83
0.25	-45	-18.1639
0.25	-45	31.1936
0.25	-45	-147.353
0.25	-45	-81.5201
0.25	-45	-31.4129
0.25	-45	-37.1103
0.25	-45	-21.138
0.25	-45	-101.527
0.25	-45	4.9032
0.25	-45	109.867
0.25	-45	-128.952
0.25	-45	-58.3293
0.25	-45	-128.375
0.25	-45	124.239
0.25	-45	-59.3339
0.25	-45	-149.987
0.25	-45	16.5477
0.25	-45	144.196
0.25	-45	82.3513
0.25	-45	142.315
0.25	-45	139.883
0.25	-45	-113.666
0.25	-45	-104.293
0.25	-45	86.6251
0.25	-45	33.0947
0.25	-45	-97.7
0.25	-45	-22.2655
0.25	-45	-155.643
0.25	-45	-156.946
0.25	-45	106.484
0.25	-45	111.216
0.25	-45	21.1342
0.25	-45	-159.578
0.25	-45	164.869
0.25	-45	-78.4233
0.25	-45	-121.2
0.25	-45	-57.4796
0.25	-45	-146.402
0.25	-45	-68.8378
0.25	-45	-103.745
0.25	-45	-165.813
0.25	-45	-142.473
0.25	-45	-109.934
0.25	-45	58.5694
0.25	-45	102.78
0.25	-45	-56.7501
0.25	-45	108.295
0.25	-45	110.795
0.25	-45	117.675
0.25	-45	-79.16
0.25	-45	-167.587
0.25	-45	-139.447
0.25	-45	-102.828
0.25	-45	-142.693
0.25	-45	71.3831
0.25	-45	-45.7303
0.25	-45	48.8724
0.25	-45	-9.44275
0.25	-45	-58.5363
0.25	-45	26.9379
0.25	-45	178.459
0.25	-45	-81.4118
0.25	-45	-121.68
0.25	-45	5.56131
0.25	-45	29.9329
0.25	-45	-84.1922
0.25	-45	-139.791
0.25	-45	-59.0028
0.25	-45	-108.265
0.25	-45	47.1006
0.25	-45	39.1832
0.25	-45	-70.6732
0.25	-45	168.127
0.25	-45	-138.623
0.25	-45	-131.547
0.25	-45	31.0012
0.25	-45	40.5889
0.25	-45	-166.559
0.25	-45	-114.647
0.25	-45	134.834
0.25	-45	110.613
0.25	-45	57.413
0.25	-45	154.181
0.25	-45	141.669
0.25	-45	-90.1969
0.25	-45	-142.909
0.25	-45	-5.88716
0.25	-45	78.8029
0.25	-45	108.606
0.25	-45	88.0828
0.25	-45	-107.563
0.25	-45	-31.3702
0.25	-45	49.2399
0.25	-45	43.5733
0.25	-45	58.8836
0.25	-45	-24.6883
0.25	-45	-41.3492
0.25	-45	82.7045
0.25	-45	-19.1841
0.25	-45	130.767
0.25	-45	160.635
0.25	-45	131.348
0.25	-45	168.765
0.25	-45	-88.1147
0.25	-45	-117.353
0.25	-45	-69.3042
0.25	-45	-135.901
0.25	-45	-84.7344
0.25	-45	29.4233
0.25	-45	82.0325
0.25	-45	73.6083
0.25	-45	146.113
0.25	-45	128.03
0.25	-45	-11.756
0.25	-45	-119.613
0.25	-45	-88.1714
0.25	-45	92.4729
0.25	-45	70.4311
0.25	-45	71.7029
0.25	-45	163.87
0.25	-45	135.212
0.25	-45	12.665
0.25	-45	107.063
0.25	-45	111.988
0.25	-45	19.5908
0.25	-45	38.1975
0.25	-45	23.2226
0.25	-45	-151.292
0.25	-45	-36.8154
0.25	-45	-130.102
0.25	-45	-63.337
0.25	-45	118.264
0.25	-45	-87.8157
0.25	-45	79.7019
0.25	-45	2.89289
0.25	-45	34.6612
0.25	-45	-94.9723
0.25	-45	111.851
0.25	-45	-52.9286
0.25	-45	-169.201
0.25	-45	89.8122
0.25	-45	35.0849
0.25	-45	-113.658
0.25	-45	-117.4
0.25	-45	67.0536
0.25	-45	32.5521
0.25	-45	-124.194
0.25	-45	-41.5253
0.25	-45	71.9964
0.25	-45	-123.569
0.25	-45	60.4946
0.25	-45	-11.0345
0.25	-45	159.254
0.25	-45	126.308
0.25	-45	-150.332
0.25	-45	104.133
0.25	-45	20.0067
0.25	-45	71.1061
0.25	-45	-100.877
0.25	-45	99.6514
0.25	-45	117.729
0.25	-45	119.632
0.25	-45	-51.4966
0.25	-45	87.0558
0.25	-45	-102.626
0.25	-45	-15.5204
0.25	-45	13.9234
0.25	-45	20.8673
0.25	-45	63.0667
0.25	-45	-30.3564
0.25	-45	-155.801
0.25	-45	55.5112
0.25	-45	57.0461
0.25	-45	174.72
0.25	-45	85.3698
0.25	-45	72.5014
0.25	-45	145.391
0.25	-45	94.3772
0.25	-45	-18.8051
0.25	-45	47.3399
0.25	-45	42.2955
0.25	-45	125.81
0.25	-45	171.083
0.25	-45	68.5493
0.25	-45	-41.246
0.25	-45	-131.591
0.25	-45	-151.583
0.25	-45	35.3082
0.25	-45	141.872
0.25	-45	-151.201
0.25	-45	-153.684
0.25	-45	148.547
0.25	-45	28.5705
0.25	-45	-69.7911
0.25	-45	52.8271
0.25	-45	-68.5675
0.25	-45	39.7463
0.25	-45	84.6289
0.25	-45	-25.5971
0.25	-45	-174.512
0.25	-45	-138.396
0.25	-45	-36.354
0.25	-45	-76.3628
0.25	-45	-152.625
0.25	-45	-47.6158
0.25	-45	-132.734
0.25	-45	-134.284
0.25	-45	51.2625
0.25	-45	67.3542
0.25	-45	79.9878
0.25	-45	-5.01808
0.25	-45	5.06998
0.25	-45	-41.9981
0.25	-45	-81.4561
0.25	-45	148.679
0.25	-45	88.8975
0.25	-45	112.835
0.25	-45	-81.4613
0.25	-45	-7.01618
0.25	-45	-35.0801
0.25	-45	-60.5606
0.25	-45	-118.755
0.25	-45	77.9135
0.25	-45	-22.4217
0.25	-45	-37.3673
0.25	-45	-138.413
0.25	-45	-166.099
0.25	-45	-54.7308
0.25	-45	-25.1036
0.25	-45	-176.788
0.25	-45	-99.964
0.25	-45	115.82
0.25	-45	32.604
0.25	-45	102.388
0.25	-45	32.0352
0.25	-45	168.494
0.25	-45	44.4079
0.25	-45	153.552
0.25	-45	-169.279
0.25	-45	-76.951
0.25	-45	27.4112
0.25	-45	172.499
0.25	-45	92.6328
0.25	-45	-79.1461
0.25	-45	62.6743
0.25	-45	-42.4809
0.25	-45	-8.45763
0.25	-45	-45.8394
0.25	-45	109.885
0.25	-45	-96.6929
0.25	-45	48.2507
0.25	-45	18.0096
0.25	-45	144.896
0.25	-45	93.0923
0.25	-45	106.587
0.25	-45	-93.5916
0.25	-45	-66.6671
0.25	-45	87.2754
0.25	-45	-99.4269
0.25	-45	71.7049
0.25	-45	-42.8663
0.25	-45	63.4552
0.25	-45	40.692
0.25	-45	97.3738
0.25	-45	-151.016
0.25	-45	-86.8426
0.25	-45	-72.5566
0.25	-45	-101.096
0.25	-45	-149.536
0.25	-45	-126.641
0.25	-45	-59.9616
0.25	-45	-14.8709
0.25	-45	121.985
0.25	-45	2.21741
0.25	-45	109.953
0.25	-45	36.8245
0.25	-45	8.90892
0.25	-45	-177.288
0.25	-45	91.1664
0.25	-45	111.376
0.25	-45	75.7955
0.25	-45	-98.1409
0.25	-45	-7.95987
0.25	-45	161.944
0.25	-45	94.133
0.25	-45	124.26
0.25	-45	62.7291
0.25	-45	-130.224
0.25	-45	85.3995
0.25	-45	-124.489
0.25	-45	65.555
0.25	-45	-12.7671
0.25	-45	94.15
0.25	-45	-69.9589
0.25	-45	15.7385
0.25	-45	-46.7233
0.25	-45	177.852
0.25	-45	93.0333
0.25	-45	-72.6506
0.25	-45	173.3
0.25	-45	-79.9641
0.25	-45	-136.364
0.25	-45	-127.404
0.25	-45	-86.8256
0.25	-45	-81.0358
0.25	-45	7.44816
0.25	-45	72.2273
0.25	-45	122.215
0.25	-45	125.055
0.25	-45	-58.9324
0.25	-45	7.07625
0.25	-45	-6.61626
0.25	-45	138.39
0.25	-45	172.397
0.25	-45	35.5112
0.25	-45	-32.9779
0.25	-45	-54.2147
0.25	-45	47.5527
0.25	-45	-17.425
0.25	-45	-133.523
0.25	-45	-107.732
0.25	-45	109.269
0.25	-45	-25.7015
0.25	-45	-117.425
0.25	-45	-140.516
0.25	-45	126.975
0.25	-45	-166.653
0.25	-45	43.8517
0.25	-45	-151.087
0.25	-45	108.039
0.25	-45	-38.0764
0.25	-45	-1.16972
0.25	-45	-178.755
0.25	-45	-91.7688
0.25	-45	6.97499
0.25	-45	116.102
0.25	-45	-150.983
0.25	-45	45.791
0.25	-45	123.975
0.25	-45	64.8166
0.25	-45	-107.696
0.25	-45	5.70263
0.25	-45	-107.935
0.25	-45	71.0771
0.25	-45	-147.61
0.25	-45	143.998
0.25	-45	-117.273
0.25	-45	72.843
0.25	-45	-158.963
0.25	-45	-11.6706
0.25	-45	173.706
0.25	-45	-118.067
0.25	-45	8.46166
0.25	-45	-2.04962
0.25	-45	-71.9008
0.25	-45	-118.732
0.25	-45	-93.7229
0.25	-45	70.0731
0.25	-45	151.778
0.25	-45	-82.4287
0.25	-45	-112.203
0.25	-45	94.089
0.25	-45	154.958
0.25	-45	-43.3438
0.25	-45	-95.4523
0.25	-45	-67.7912
0.25	-45	-129.978
0.25	-45	-139.521
0.25	-45	5.2904
0.25	-45	2.16527
0.25	-45	1.458
0.25	-45	-14.1819
0.25	-45	-179.602
0.25	-45	39.3859
0.25	-45	-115.699
0.25	-45	-2.76043
0.25	-45	10.6503
0.25	-45	2.92645
0.25	-45	165.357
0.25	-45	-151.783
0.25	-45	95.6277
0.25	-45	-101.314
0.25	-45	48.9821
0.25	-45	-100.115
0.25	-45	36.7588
0.25	-45	154.326
0.25	-45	115.257
0.25	-45	47.9025
0.25	-45	165.971
0.25	-45	-108.726
0.25	-45	137.598
0.25	-45	25.2362
0.25	-45	-48.8421
0.25	-45	119.619
0.25	-45	-15.5507
0.25	-45	-24.2664
0.25	-45	-11.4019
0.25	-45	58.6393
0.25	-45	-49.1342
0.25	-45	62.6548
0.25	-45	7.71574
0.25	-45	55.29
0.25	-45	-93.8314
0.25	-45	4.98914
0.25	-45	155.31
0.25	-45	92.5868
0.25	-45	78.7484
0.25	-45	-15.2413
0.25	-45	-26.9547
0.25	-45	-34.7265
0.25	-45	-144.281
0.25	-45	-62.6782
0.25	-45	-38.307
0.25	-45	42.0447
0.25	-45	133.613
0.25	-45	-99.5472
0.25	-45	-122.175
0.25	-45	39.7933
0.25	-45	-31.3457
0.25	-45	-35.1337
0.25	-45	18.5799
0.25	-45	-120.576
0.25	-45	100.777
0.25	-45	-151.322
0.25	-45	2.58036
0.25	-45	49.9851
0.25	-45	4.89752
0.25	-45	-117.191
0.25	-45	-99.9206
0.25	-45	-51.3497
0.25	-45	138.97
0.25	-45	-5.46733
0.25	-45	-55.3446
0.25	-45	103.19
0.25	-45	79.3932
0.25	-45	176.691
0.25	-45	110.22
0.25	-45	151.518
0.25	-45	11.0215
0.25	-45	22.9235
0.25	-45	40.945
0.25	-45	59.8145
0.25	-45	20.2596
0.25	-45	90.9081
0.25	-45	128.934
0.25	-45	-86.0436
0.25	-45	11.351
0.25	-45	149.335
0.25	-45	-52.48
0.25	-45	134.043
0.25	-45	122.43
0.25	-45	149.908
0.25	-45	-141.743
0.25	-45	-55.0876
0.25	-45	-153.299
0.25	-45	68.787
0.25	-45	-39.4718
0.25	-45	-93.2432
0.25	-45	-108.782
0.25	-45	-131.028
0.25	-45	57.4306
0.25	-45	-98.1348
0.25	-45	-125.771
0.25	-45	-75.5085
0.25	-45	-51.8092
0.25	-45	-36.6173
0.25	-45	132.362
0.25	-45	-65.3228
0.25	-45	-97.082
0.25	-45	-140.416
0.25	-45	124.985
0.25	-45	54.4644
0.25	-45	112.238
0.25	-45	-89.3021
0.25	-45	-87.3629
0.25	-45	96.8486
0.25	-45	64.7687
0.25	-45	95.4251
0.25	-45	41.7465
0.25	-45	-115.604
0.25	-45	-82.7946
0.25	-45	-35.6359
0.25	-45	177.838
0.25	-45	-90.9458
0.25	-45	66.3338
0.25	-45	114.396
0.25	-45	157.904
0.25	-45	-91.2017
0.25	-45	26.1841
0.25	-45	37.5264
0.25	-45	-69.8919
0.25	-45	100.168
0.25	-45	-164.4
0.25	-45	150.064
0.25	-45	133.56
0.25	-45	179.359
0.25	-45	13.2372
0.25	-45	-31.1098
0.25	-45	22.7204
0.25	-45	48.1782
0.25	-45	77.9473
0.25	-45	-158.712
0.25	-45	-78.363
0.25	-45	-87.0436
0.25	-45	40.7486
0.25	-45	-22.7116
0.25	-45	177.57
0.25	-45	-143.95
0.25	-45	-32.8621
0.25	-45	-114.876
0.25	-45	13.5695
0.25	-45	164.336
0.25	-45	154.028
0.25	-45	-5.48302
0.25	-45	-164.979
0.25	-45	-113.161
0.25	-45	-47.5724
0.25	-45	-105.883
0.25	-45	172.566
0.25	-45	-178.255
0.25	-45	113.674
0.25	-45	-26.7185
0.25	-45	-165.322
0.25	-45	111.881
0.25	-45	140.554
0.25	-45	-74.4152
0.25	-45	-170.036
0.25	-45	43.7292
0.25	-45	-123.844
0.25	-45	8.60379
0.25	-45	168.84
0.25	-45	-26.9416
0.25	-45	-87.842
