pol	setting	phi
0.3	45	-142.277
0.3	45	177.478
0.3	45	176.811
0.3	45	-167.424
0.3	45	28.6908
0.3	45	122.167
0.3	45	-176.212
0.3	45	117.093
0.3	45	82.8135
0.3	45	-84.3025
0.3	45	-80.6852
0.3	45	140.827
0.3	45	-81.3691
0.3	45	-175.072
0.3	45	-58.5224
0.3	45	31.9413
0.3	45	-5.30643
0.3	45	-65.6544
0.3	45	2.68511
0.3	45	54.7255
0.3	45	131.791
0.3	45	-179.634
0.3	45	-19.1481
0.3	45	-53.5404
0.3	45	-144.999
0.3	45	-131.256
0.3	45	-51.2773
0.3	45	-39.7034
0.3	45	164.116
0.3	45	112.461
0.3	45	66.0372
0.3	45	-4.80383
0.3	45	126.318
0.3	45	-147.614
0.3	45	-41.9104
0.3	45	-127.39
0.3	45	-85.5852
0.3	45	-103.158
0.3	45	14.1731
0.3	45	-172.062
0.3	45	-35.1737
0.3	45	-118.619
0.3	45	-54.7591
0.3	45	-9.17756
0.3	45	-125.839
0.3	45	-40.5441
0.3	45	27.2401
0.3	45	173.124
0.3	45	76.1303
0.3	45	-162.735
0.3	45	-46.2566
0.3	45	141.266
0.3	45	-15.129
0.3	45	132.57
0.3	45	-24.2781
0.3	45	86.222
0.3	45	-107.621
0.3	45	-80.5724
0.3	45	109.835
0.3	45	53.7076
0.3	45	-100.196
0.3	45	162.007
0.3	45	43.5121
0.3	45	-107.579
0.3	45	172.15
0.3	45	-125.278
0.3	45	155.696
0.3	45	-10.3587
0.3	45	-23.7832
0.3	45	157.557
0.3	45	-119.129
0.3	45	74.0751
0.3	45	169.537
0.3	45	175.864
0.3	45	-30.7431
0.3	45	-52.5218
0.3	45	104.395
0.3	45	-100.046
0.3	45	179.118
0.3	45	-62.8301
0.3	45	-153.536
0.3	45	57.1443
0.3	45	5.25809
0.3	45	144.819
0.3	45	72.2681
0.3	45	143.809
0.3	45	113.235
0.3	45	-70.8421
0.3	45	156.828
0.3	45	117.05
0.3	45	-29.7262
0.3	45	12.2134
0.3	45	60.958
0.3	45	75.8003
0.3	45	-122.847
0.3	45	48.8434
0.3	45	65.3942
0.3	45	-8.26683
0.3	45	-15.3689
0.3	45	-157.033
0.3	45	-130.07
0.3	45	-130.352
0.3	45	-125.416
0.3	45	-173.134
0.3	45	65.8592
0.3	45	-41.533
0.3	45	77.5991
0.3	45	-30.2564
0.3	45	86.0378
0.3	45	-126.735
0.3	45	88.1096
0.3	45	156.564
0.3	45	-106.576
0.3	45	-56.5111
0.3	45	-19.3966
0.3	45	62.0339
0.3	45	-157.251
0.3	45	34.7936
0.3	45	162.654
0.3	45	148.719
0.3	45	-92.3513
0.3	45	152.353
0.3	45	-28.3937
0.3	45	-45.1531
0.3	45	-108.181
0.3	45	-14.2751
0.3	45	29.0189
0.3	45	31.8408
0.3	45	-59.9886
0.3	45	-81.983
0.3	45	-125.334
0.3	45	-32.2445
0.3	45	154.288
0.3	45	-12.3153
0.3	45	-71.2167
0.3	45	126.025
0.3	45	98.0193
0.3	45	3.88312
0.3	45	-156.274
0.3	45	-138.857
0.3	45	-114.605
0.3	45	101.256
0.3	45	124.593
0.3	45	-56.8835
0.3	45	-107.747
0.3	45	-99.7211
0.3	45	133.255
0.3	45	-65.0752
0.3	45	-84.3024
0.3	45	-58.7836
0.3	45	168.538
0.3	45	138.181
0.3	45	148.257
0.3	45	-0.750435
0.3	45	147.093
0.3	45	30.7884
0.3	45	31.7707
0.3	45	-55.4655
0.3	45	-84.6076
0.3	45	67.3482
0.3	45	-147.217
0.3	45	135.116
0.3	45	-24.2113
0.3	45	-143.778
0.3	45	-22.6366
0.3	45	75.6464
0.3	45	-47.122
0.3	45	153.382
0.3	45	166.115
0.3	45	136.879
0.3	45	-37.101
0.3	45	-149.473
0.3	45	91.9374
0.3	45	-116.474
0.3	45	37.0566
0.3	45	63.2623
0.3	45	-27.2937
0.3	45	175.604
0.3	45	-33.7442
0.3	45	-158.505
0.3	45	-103.758
0.3	45	-62.3369
0.3	45	59.1374
0.3	45	-159.741
0.3	45	-46.2145
0.3	45	121.45
0.3	45	-112.568
0.3	45	-6.5848
0.3	45	140.443
0.3	45	179.375
0.3	45	-173.683
0.3	45	43.2532
0.3	45	-24.1688
0.3	45	108.464
0.3	45	109.07
0.3	45	-38.0829
0.3	45	0.465197
0.3	45	40.5479
0.3	45	-25.1266
0.3	45	13.2366
0.3	45	-50.0966
0.3	45	-20.9351
0.3	45	117.98
0.3	45	-29.4253
0.3	45	10.9102
0.3	45	-14.0672
0.3	45	-65.315
0.3	45	127.123
0.3	45	16.0133
0.3	45	129.183
0.3	45	-82.5198
0.3	45	118.778
0.3	45	78.6151
0.3	45	29.0711
0.3	45	-11.7725
0.3	45	1.66198
0.3	45	61.1225
0.3	45	-41.7706
0.3	45	146.871
0.3	45	154.135
0.3	45	-95.5058
0.3	45	126.694
0.3	45	-62.0949
0.3	45	79.408
0.3	45	31.9401
0.3	45	-74.8868
0.3	45	-175.303
0.3	45	-50.004
0.3	45	-165.789
0.3	45	126.482
0.3	45	83.5172
0.3	45	168.17
0.3	45	-102.391
0.3	45	28.1463
0.3	45	-95.8912
0.3	45	79.5675
0.3	45	169.752
0.3	45	-122.791
0.3	45	71.3019
0.3	45	-97.8167
0.3	45	102.159
0.3	45	-101.263
0.3	45	-122.604
0.3	45	178.352
0.3	45	31.0104
0.3	45	-18.2952
0.3	45	-145.387
0.3	45	-160.203
0.3	45	142.471
0.3	45	-38.408
0.3	45	130.333
0.3	45	-98.3363
0.3	45	77.7764
0.3	45	108.531
0.3	45	117.806
0.3	45	-160.166
0.3	45	-135.467
0.3	45	-41.9567
0.3	45	39.8946
0.3	45	-13.2204
0.3	45	-175.087
0.3	45	151.741
0.3	45	-144.934
0.3	45	-154.177
0.3	45	23.0479
0.3	45	-87.2473
0.3	45	107.99
0.3	45	40.0597
0.3	45	165.443
0.3	45	13.9282
0.3	45	-88.2668
0.3	45	16.1675
0.3	45	114.613
0.3	45	149.792
0.3	45	-74.2985
0.3	45	-160.647
0.3	45	138.065
0.3	45	-105.413
0.3	45	-10.294
0.3	45	-29.7584
0.3	45	46.4679
0.3	45	-20.1116
0.3	45	-28.1825
0.3	45	142.062
0.3	45	98.2957
0.3	45	-36.2442
0.3	45	-83.1748
0.3	45	132.184
0.3	45	67.8867
0.3	45	-45.0098
0.3	45	16.7691
0.3	45	153.919
0.3	45	-109.792
0.3	45	-129.939
0.3	45	68.106
0.3	45	-59.7782
0.3	45	98.2471
0.3	45	-137.919
0.3	45	-174.989
0.3	45	71.7974
0.3	45	145.527
0.3	45	80.4322
0.3	45	24.5325
0.3	45	178.132
0.3	45	63.7417
0.3	45	125.975
0.3	45	-34.534
0.3	45	-138.081
0.3	45	173.346
0.3	45	6.07494
0.3	45	136.327
0.3	45	-112.106
0.3	45	-79.9836
0.3	45	-63.6698
0.3	45	112.473
0.3	45	81.5708
0.3	45	-30.0665
0.3	45	-156.581
0.3	45	-118.887
0.3	45	166.778
0.3	45	10.0316
0.3	45	-24.3904
0.3	45	-173.095
0.3	45	87.3641
0.3	45	-104.715
0.3	45	-68.3366
0.3	45	127.41
0.3	45	-108.212
0.3	45	-67.9608
0.3	45	-72.0725
0.3	45	170.364
0.3	45	36.7513
0.3	45	29.4966
0.3	45	63.901
0.3	45	-119.503
0.3	45	-29.71
0.3	45	-42.7404
0.3	45	59.7495
0.3	45	156.327
0.3	45	-129.627
0.3	45	8.08109
0.3	45	97.5679
0.3	45	118.115
0.3	45	162.092
0.3	45	156.873
0.3	45	122.835
0.3	45	-5.31728
0.3	45	-74.9808
0.3	45	-9.07984
0.3	45	29.2507
0.3	45	135.41
0.3	45	98.7158
0.3	45	-6.70491
0.3	45	106.798
0.3	45	73.3451
0.3	45	149.988
0.3	45	-46.8873
0.3	45	-155.79
0.3	45	36.4068
0.3	45	90.6493
0.3	45	-171.479
0.3	45	9.35156
0.3	45	-95.8601
0.3	45	57.2075
0.3	45	-156.218
0.3	45	-96.0022
0.3	45	-62.9208
0.3	45	45.4163
0.3	45	109.269
0.3	45	-170.722
0.3	45	-173.415
0.3	45	-80.6663
0.3	45	57.1503
0.3	45	-149.331
0.3	45	153.988
0.3	45	-168.348
0.3	45	83.759
0.3	45	20.7298
0.3	45	152.862
0.3	45	10.7462
0.3	45	101.276
0.3	45	39.2983
0.3	45	-27.1058
0.3	45	-14.3428
0.3	45	-25.7213
0.3	45	139.27
0.3	45	165.365
0.3	45	-5.58047
0.3	45	121.451
0.3	45	123.29
0.3	45	94.5533
0.3	45	45.8947
0.3	45	-112.322
0.3	45	152.142
0.3	45	-12.3469
0.3	45	-121.881
0.3	45	178.221
0.3	45	-0.842612
0.3	45	131.614
0.3	45	144.603
0.3	45	28.9403
0.3	45	-167.045
0.3	45	51.7194
0.3	45	-162.499
0.3	45	97.2248
0.3	45	48.1026
0.3	45	-41.977
0.3	45	-115.489
0.3	45	-88.4404
0.3	45	-125.932
0.3	45	-80.6601
0.3	45	14.8587
0.3	45	27.9562
0.3	45	109.679
0.3	45	0.55824
0.3	45	-85.6305
0.3	45	115.576
0.3	45	-122.017
0.3	45	-65.1987
0.3	45	-143.599
0.3	45	-131.469
0.3	45	15.7386
0.3	45	-95.3245
0.3	45	-121.269
0.3	45	46.6605
0.3	45	21.9516
0.3	45	9.9869
0.3	45	139.54
0.3	45	-149.749
0.3	45	-45.5249
0.3	45	62.9074
0.3	45	-165.503
0.3	45	54.4563
0.3	45	18.3763
0.3	45	-144.711
0.3	45	49.6676
0.3	45	-47.8868
0.3	45	-31.8497
0.3	45	-1.83223
0.3	45	-62.2573
0.3	45	52.3714
0.3	45	55.4242
0.3	45	50.639
0.3	45	69.1174
0.3	45	104.036
0.3	45	-34.9779
0.3	45	-63.259
0.3	45	-158.063
0.3	45	71.3098
0.3	45	-97.733
0.3	45	-86.326
0.3	45	165.676
0.3	45	75.196
0.3	45	-100.295
0.3	45	-113.223
0.3	45	69.2651
0.3	45	102.18
0.3	45	-21.3668
0.3	45	126.773
0.3	45	-153.216
0.3	45	-59.1098
0.3	45	160.661
0.3	45	99.8922
0.3	45	156.909
0.3	45	-106.163
0.3	45	52.1008
0.3	45	-120.516
0.3	45	59.8916
0.3	45	-40.6301
0.3	45	35.3123
0.3	45	99.146
0.3	45	-78.0367
0.3	45	128.259
0.3	45	157.836
0.3	45	-69.7593
0.3	45	79.05
0.3	45	96.2331
0.3	45	91.3826
0.3	45	37.4105
0.3	45	-4.24429
0.3	45	61.297
0.3	45	-87.6111
0.3	45	51.4721
0.3	45	-72.9386
0.3	45	151.803
0.3	45	-154.193
0.3	45	9.7801
0.3	45	-80.1936
0.3	45	-23.2409
0.3	45	10.7121
0.3	45	14.6458
0.3	45	112.39
0.3	45	72.6947
0.3	45	157.09
0.3	45	76.5202
0.3	45	-158.264
0.3	45	2.3073
0.3	45	-175.423
0.3	45	83.2465
0.3	45	-70.7028
0.3	45	-74.374
0.3	45	-138.152
0.3	45	-129.459
0.3	45	-104.833
0.3	45	-38.9569
0.3	45	45.667
0.3	45	-26.4437
0.3	45	-74.3954
0.3	45	-114.309
0.3	45	19.0551
0.3	45	15.3096
0.3	45	90.9483
0.3	45	11.8756
0.3	45	-20.7612
0.3	45	-36.859
0.3	45	-41.6454
0.3	45	23.7613
0.3	45	11.8373
0.3	45	52.2857
0.3	45	-48.9389
0.3	45	141.514
0.3	45	47.4765
0.3	45	28.7011
0.3	45	55.7333
0.3	45	-10.1039
0.3	45	-83.9894
0.3	45	55.4618
0.3	45	-126.458
0.3	45	57.78
0.3	45	-108.118
0.3	45	147.333
0.3	45	119.041
0.3	45	-21.0472
0.3	45	109.902
0.3	45	-172.689
0.3	45	-146.224
0.3	45	108.988
0.3	45	5.86337
0.3	45	-148.581
0.3	45	4.26184
0.3	45	-152.045
0.3	45	58.2987
0.3	45	146.356
0.3	45	107.559
0.3	45	99.4989
0.3	45	-109.425
0.3	45	-100.429
0.3	45	-149.73
0.3	45	125.395
0.3	45	-103.667
0.3	45	-83.2813
0.3	45	168.663
0.3	45	-43.5136
0.3	45	-96.1864
0.3	45	159.757
0.3	45	-43.5273
0.3	45	167.018
0.3	45	-122.634
0.3	45	-155.861
0.3	45	-162.655
0.3	45	91.6361
0.3	45	168.995
0.3	45	44.8483
0.3	45	-88.9678
0.3	45	78.6282
0.3	45	150.96
0.3	45	-130.834
0.3	45	-69.8904
0.3	45	144.591
0.3	45	-33.2665
0.3	45	111.527
0.3	45	-141.866
0.3	45	110.116
0.3	45	-11.4717
0.3	45	-50.1549
0.3	45	121.824
0.3	45	-52.8006
0.3	45	-64.4975
0.3	45	67.1679
0.3	45	78.7729
0.3	45	75.9719
0.3	45	-161.659
0.3	45	-121.03
0.3	45	-178.842
0.3	45	-60.3087
0.3	45	117.296
0.3	45	107.82
0.3	45	40.6805
0.3	45	141.124
0.3	45	-38.5393
0.3	45	-50.6792
0.3	45	-6.08146
0.3	45	-136.379
0.3	45	-125.008
0.3	45	-32.6996
0.3	45	154.843
0.3	45	96.0021
0.3	45	147.511
0.3	45	-86.2249
0.3	45	-73.7249
0.3	45	-2.96569
0.3	45	-163.648
0.3	45	98.9806
0.3	45	-129.833
0.3	45	175.928
0.3	45	127.554
0.3	45	-41.5483
0.3	45	9.44976
0.3	45	-6.61311
0.3	45	-22.8496
0.3	45	-167.846
0.3	45	-77.6292
0.3	45	-132.553
0.3	45	98.6039
0.3	45	113.944
0.3	45	-44.5847
0.3	45	27.8698
0.3	45	140.697
0.3	45	173.248
0.3	45	147.944
0.3	45	-43.8942
0.3	45	131.937
0.3	45	-89.1486
0.3	45	82.3752
0.3	45	137.088
0.3	45	-149.28
0.3	45	162.355
0.3	45	37.9155
0.3	45	114.275
0.3	45	-49.2962
0.3	45	19.2729
0.3	45	114.162
0.3	45	-81.0334
0.3	45	115.943
0.3	45	-129.993
0.3	45	-174.974
0.3	45	-96.4336
0.3	45	48.7084
0.3	45	2.7217
0.3	45	167.321
0.3	45	10.1517
0.3	45	-45.4403
0.3	45	-154.795
0.3	45	-50.3264
0.3	45	156.571
0.3	45	171.772
0.3	45	-41.2759
0.3	45	93.3338
0.3	45	143.965
0.3	45	111.091
0.3	45	-60.6719
0.3	45	3.2429
0.3	45	113.962
0.3	45	53.8195
0.3	45	123.344
0.3	45	165.551
0.3	45	-144.631
0.3	45	119.032
0.3	45	106.812
0.3	45	-40.1267
0.3	45	68.758
0.3	45	-13.5655
0.3	45	21.239
0.3	45	-50.5817
0.3	45	54.8514
0.3	45	110.319
0.3	45	93.3275
0.3	45	33.7408
0.3	45	-150.286
0.3	45	-179.631
0.3	45	-68.9327
0.3	45	109.533
0.3	45	53.8396
0.3	45	-59.0741
0.3	45	-11.6644
0.3	45	-4.86249
0.3	45	50.8231
0.3	45	119.712
0.3	45	-83.1948
0.3	45	-69.6278
0.3	45	-129.948
0.3	45	-24.1324
0.3	45	-28.7579
0.3	45	136.034
0.3	45	-108.183
0.3	45	167.671
0.3	45	-109.855
0.3	45	-7.46889
0.3	45	175.285
0.3	45	127.871
0.3	45	-124.385
0.3	45	141.986
0.3	45	-8.03631
0.3	45	-53.5461
0.3	45	-16.9135
0.3	45	9.10419
0.3	45	-169.512
0.3	45	-124.788
0.3	45	52.3426
0.3	45	80.7431
0.3	45	174.08
0.3	45	43.407
0.3	45	-104.091
0.3	45	61.6609
0.3	45	-62.9594
0.3	45	-144.767
0.3	45	-73.8581
0.3	45	38.0963
0.3	45	-150.04
0.3	45	-41.9374
0.3	45	69.8201
0.3	45	149.75
0.3	45	74.6259
0.3	45	-162.268
0.3	45	-51.9154
0.3	45	38.0662
0.3	45	97.9836
0.3	45	-161.605
0.3	45	59.6421
0.3	45	-111.194
0.3	45	-24.5403
0.3	45	-49.3776
0.3	45	91.1873
0.3	45	-60.7366
0.3	45	36.8535
0.3	45	-69.2566
0.3	45	-34.468
0.3	45	-62.3077
0.3	45	-22.86
0.3	45	-66.3391
0.3	45	34.5506
0.3	45	-42.8466
0.3	45	-6.44129
0.3	45	-131.305
0.3	45	82.5116
0.3	45	130.562
0.3	45	144.187
0.3	45	-53.3799
0.3	45	41.9521
0.3	45	65.8324
0.3	45	-56.5804
0.3	45	81.5106
0.3	45	-172.084
0.3	45	51.1527
0.3	45	-62.7295
0.3	45	-179.623
0.3	45	66.6282
0.3	45	-80.8913
0.3	45	-158.051
0.3	45	144.085
0.3	45	29.8428
0.3	45	37.2027
0.3	45	30.3725
0.3	45	53.5511
0.3	45	137.43
0.3	45	-1.82866
0.3	45	-161.435
0.3	45	-44.4474
0.3	45	129.715
0.3	45	-43.3755
0.3	45	-48.9184
0.3	45	-140.148
0.3	45	-92.6548
0.3	45	-123.282
0.3	45	4.76223
0.3	45	93.4869
0.3	45	63.4065
0.3	45	144.133
0.3	45	-157.261
0.3	45	-15.2374
0.3	45	44.0635
0.3	45	-93.815
0.3	45	-73.3886
0.3	45	-92.7139
0.3	45	-83.4913
0.3	45	174.588
0.3	45	119.189
0.3	45	160.301
0.3	45	-66.2433
0.3	45	-178.192
0.3	45	-71.9097
0.3	45	119.198
0.3	45	-165.688
0.3	45	-35.8105
0.3	45	115.47
0.3	45	104.379
0.3	45	135.282
0.3	45	111.302
0.3	45	126.281
0.3	45	50.403
0.3	45	-28.4424
0.3	45	96.4549
0.3	45	164.254
0.3	45	-4.62774
0.3	45	-148.144
0.3	45	-65.876
0.3	45	-13.8854
0.3	45	171.127
0.3	45	172.631
0.3	45	-33.7374
0.3	45	78.3163
0.3	45	26.2852
0.3	45	-108.898
0.3	45	-105.283
0.3	45	114.604
0.3	45	149.363
0.3	45	119.215
0.3	45	-54.4473
0.3	45	86.0904
0.3	45	-30.7336
0.3	45	174.921
0.3	45	29.2207
0.3	45	29.9156
0.3	45	-21.1144
0.3	45	-113.722
0.3	45	-30.6057
0.3	45	-58.0193
0.3	45	-5.7747
0.3	45	93.506
0.3	45	173.637
0.3	45	-159.329
0.3	45	-170.635
0.3	45	-141.573
0.3	45	47.6653
0.3	45	-80.4015
0.3	45	-168.195
0.3	45	124.082
0.3	45	153.587
0.3	45	-99.5929
0.3	45	-22.9605
0.3	45	25.2458
0.3	45	-26.2208
0.3	45	168.498
0.3	45	-84.2217
0.3	45	104.761
0.3	45	98.7821
0.3	45	-148.501
0.3	45	60.7543
0.3	45	-28.9653
0.3	45	-144.634
0.3	45	-137.627
0.3	45	31.4202
0.3	45	-71.8863
0.3	45	-83.1478
0.3	45	114.179
0.3	45	168.907
0.3	45	-155.867
0.3	45	160.964
0.3	45	174.725
0.3	45	28.3795
0.3	45	-2.10377
0.3	45	-38.5934
0.3	45	-160.789
0.3	45	-174.898
0.3	45	-52.5459
0.3	45	-92.8791
0.3	45	-86.0337
0.3	45	30.7661
0.3	45	9.75706
0.3	45	102.784
0.3	45	79.6752
0.3	45	166.334
0.3	45	47.8994
0.3	45	-103.745
0.3	45	-164.952
0.3	45	94.6045
0.3	45	-75.1087
0.3	45	-131.587
0.3	45	98.6031
0.3	45	-104.863
0.3	45	-173.215
0.3	45	-22.5681
0.3	45	91.1986
0.3	45	-118.188
0.3	45	54.4557
0.3	45	136.46
0.3	45	17.1438
0.3	45	73.5091
0.3	45	-159.066
0.3	45	-126.46
0.3	45	150.972
0.3	45	-113.489
0.3	45	159.917
0.3	45	-48.5706
0.3	45	144.797
0.3	45	21.2053
0.3	45	129.902
0.3	45	-178.589
0.3	45	-38.6153
0.3	45	-61.3672
0.3	45	35.4269
0.3	45	1.64708
0.3	45	179.405
0.3	45	147.571
0.3	45	-36.7956
0.3	45	-174.816
0.3	45	-125.419
0.3	45	-38.5247
0.3	45	-155.037
0.3	45	164.102
0.3	45	167.051
0.3	45	127.987
0.3	45	-27.1202
0.3	45	91.3803
0.3	45	-142.222
0.3	45	76.7756
0.3	45	-20.9955
0.3	45	142.875
0.3	45	179.714
0.3	45	-18.7916
0.3	45	149.322
0.3	45	175.502
0.3	45	-37.332
0.3	45	-134.218
0.3	45	-45.8008
0.3	45	138.438
0.3	45	148.912
0.3	45	162.168
0.3	45	-127.74
0.3	45	110.897
0.3	45	-165.947
0.3	45	-151.857
0.3	45	-3.06284
0.3	45	157.489
0.3	45	58.6273
0.3	45	60.0277
0.3	45	-105.21
0.3	45	-173.777
0.3	45	89.4435
0.3	45	3.57406
0.3	45	-175.292
0.3	45	-175.479
0.3	45	130.227
0.3	45	154.882
0.3	45	43.6452
0.3	45	103.873
0.3	45	59.3358
0.3	45	-77.8758
0.3	45	37.0373
0.3	45	-120.013
0.3	45	32.8439
0.3	45	-37.8051
0.3	45	-12.843
0.3	45	34.2684
0.3	45	-162.222
0.3	45	-112.794
0.3	45	14.127
0.3	45	-87.4727
0.3	45	134.524
0.3	45	-105.901
0.3	45	108.741
0.3	45	-57.5372
0.3	45	-62.6816
0.3	45	142.395
0.3	45	134.491
0.3	45	-51.1348
0.3	45	64.832
0.3	45	-29.5359
0.3	45	-109.418
0.3	45	-25.4497
0.3	45	-73.9337
0.3	45	76.6311
0.3	45	8.05768
0.3	45	150.795
0.3	45	-59.9247
0.3	45	-35.7247
0.3	45	30.8375
0.3	45	68.2885
0.3	45	-99.3298
0.3	45	43.3337
0.3	45	-158.229
0.3	45	-76.5821
0.3	45	61.2793
0.3	45	117.141
0.3	45	-72.4134
0.3	45	75.3764
0.3	45	105.985
0.3	45	33.5869
0.3	45	-68.6633
0.3	45	8.26004
0.3	45	34.505
0.3	45	135.437
0.3	45	-7.70246
0.3	45	73.4315
0.3	45	15.1715
0.3	45	64.8895
0.3	45	130.331
0.3	45	41.7796
0.3	45	169.479
0.3	45	99.4421
0.3	45	2.61467
0.3	45	-170.94
0.3	45	69.9023
0.3	45	-140.898
0.3	45	-76.657
0.3	45	-162.366
0.3	45	-91.1779
0.3	45	144.323
0.3	45	39.9064
0.3	45	7.79784
0.25	-45	150.856
0.25	-45	73.7907
0.25	-45	141.705
0.25	-45	127.687
0.25	-45	70.8461
0.25	-45	161.406
0.25	-45	-61.2072
0.25	-45	-80.7405
0.25	-45	102.915
0.25	-45	102.513
0.25	-45	87.3168
0.25	-45	70.7537
0.25	-45	163.998
0.25	-45	76.7832
0.25	-45	118.568
0.25	-45	-106.539
0.25	-45	-63.636
0.25	-45	-58.3331
0.25	-45	141.186
0.25	-45	-166.98
0.25	-45	-132.866
0.25	-45	-168.332
0.25	-45	66.8221
0.25	-45	-144.794
0.25	-45	79.1877
0.25	-45	-60.0817
0.25	-45	7.03777
0.25	-45	11.6053
0.25	-45	100.736
0.25	-45	-84.1514
0.25	-45	3.04963
0.25	-45	82.049
0.25	-45	72.5221
0.25	-45	94.0697
0.25	-45	54.1602
0.25	-45	-49.5191
0.25	-45	155.574
0.25	-45	88.0491
0.25	-45	-106.38
0.25	-45	106.396
0.25	-45	36.7585
0.25	-45	20.0116
0.25	-45	-64.0439
0.25	-45	37.0723
0.25	-45	110.7
0.25	-45	-26.3563
0.25	-45	105.302
0.25	-45	165.795
0.25	-45	-81.1173
0.25	-45	147.604
0.25	-45	133.432
0.25	-45	96.75
0.25	-45	-78.5737
0.25	-45	87.6116
0.25	-45	95.1584
0.25	-45	-165.829
0.25	-45	-72.7425
0.25	-45	78.9193
0.25	-45	-151.726
0.25	-45	34.1229
0.25	-45	-47.4756
0.25	-45	61.3057
0.25	-45	42.6728
0.25	-45	-8.16652
0.25	-45	-5.23915
0.25	-45	9.31209
0.25	-45	-127.686
0.25	-45	-157.459
0.25	-45	41.8631
0.25	-45	-9.91484
0.25	-45	90.171
0.25	-45	-86.2902
0.25	-45	-77.7435
0.25	-45	40.7265
0.25	-45	-82.0291
0.25	-45	-84.1959
0.25	-45	-86.6953
0.25	-45	57.1567
0.25	-45	-62.3678
0.25	-45	70.5236
0.25	-45	-93.0611
0.25	-45	51.0854
0.25	-45	13.0442
0.25	-45	-173.216
0.25	-45	49.5804
0.25	-45	-45.686
0.25	-45	63.5283
0.25	-45	-7.20494
0.25	-45	-68.086
0.25	-45	-81.2362
0.25	-45	67.541
0.25	-45	43.1555
0.25	-45	121.094
0.25	-45	159.727
0.25	-45	-63.7894
0.25	-45	-130.867
0.25	-45	-65.2511
0.25	-45	164.956
0.25	-45	-105.429
0.25	-45	5.88185
0.25	-45	24.7118
0.25	-45	78.5744
0.25	-45	70.3276
0.25	-45	55.0852
0.25	-45	-87.6799
0.25	-45	173.986
0.25	-45	97.4473
0.25	-45	-130.289
0.25	-45	170.218
0.25	-45	66.4357
0.25	-45	-70.575
0.25	-45	-88.1851
0.25	-45	-42.0796
0.25	-45	-74.9199
0.25	-45	-30.3326
0.25	-45	-47.0112
0.25	-45	-147.434
0.25	-45	7.34427
0.25	-45	-26.7263
0.25	-45	-16.2505
0.25	-45	136.242
0.25	-45	-91.7967
0.25	-45	118.616
0.25	-45	109.479
0.25	-45	97.4747
0.25	-45	19.8968
0.25	-45	160.769
0.25	-45	-8.47689
0.25	-45	-0.0558426
0.25	-45	135.768
0.25	-45	72.281
0.25	-45	-90.747
0.25	-45	143.405
0.25	-45	169
0.25	-45	81.9995
0.25	-45	173.416
0.25	-45	179.343
0.25	-45	-68.4294
0.25	-45	-111.905
0.25	-45	-169.913
0.25	-45	-168.617
0.25	-45	166.03
0.25	-45	-178.895
0.25	-45	21.7581
0.25	-45	-68.1612
0.25	-45	-67.1022
0.25	-45	-126.958
0.25	-45	-145.917
0.25	-45	-14.7751
0.25	-45	-158.787
0.25	-45	-52.5803
0.25	-45	26.8138
0.25	-45	150.386
0.25	-45	-96.771
0.25	-45	-162.591
0.25	-45	-161.161
0.25	-45	62.5008
0.25	-45	-26.6929
0.25	-45	25.0415
0.25	-45	-77.2869
0.25	-45	-142.426
0.25	-45	-107.109
0.25	-45	71.8446
0.25	-45	-64.3114
0.25	-45	9.68256
0.25	-45	-65.3034
0.25	-45	-105.442
0.25	-45	-61.2344
0.25	-45	-78.9048
0.25	-45	67.7356
0.25	-45	-103.11
0.25	-45	-159.07
0.25	-45	62.5474
0.25	-45	98.8454
0.25	-45	65.7697
0.25	-45	157.706
0.25	-45	-14.4682
0.25	-45	154.871
0.25	-45	-179.927
0.25	-45	-16.4694
0.25	-45	-45.8844
0.25	-45	38.1254
0.25	-45	-20.3482
0.25	-45	90.2563
0.25	-45	-144.968
0.25	-45	-97.0064
0.25	-45	16.0859
0.25	-45	-39.0489
0.25	-45	-44.8271
0.25	-45	4.89542
0.25	-45	39.1598
0.25	-45	88.9263
0.25	-45	-170.586
0.25	-45	-140.49
0.25	-45	-85.8747
0.25	-45	-92.2642
0.25	-45	-139.486
0.25	-45	-167.686
0.25	-45	168.413
0.25	-45	-38.3914
0.25	-45	155.123
0.25	-45	-32.4499
0.25	-45	14.9656
0.25	-45	-165.078
0.25	-45	-55.5526
0.25	-45	37.0115
0.25	-45	-143.086
0.25	-45	95.5462
0.25	-45	35.774
0.25	-45	158.117
0.25	-45	179.185
0.25	-45	45.7077
0.25	-45	99.1647
0.25	-45	-176.259
0.25	-45	86.5907
0.25	-45	-106.273
0.25	-45	111.293
0.25	-45	-140.07
0.25	-45	-67.3677
0.25	-45	175.875
0.25	-45	-70.0648
0.25	-45	-162.874
0.25	-45	-43.6958
0.25	-45	5.06402
0.25	-45	68.6341
0.25	-45	-91.7551
0.25	-45	164.817
0.25	-45	23.3585
0.25	-45	34.2876
0.25	-45	48.053
0.25	-45	-134.73
0.25	-45	139.385
0.25	-45	-81.3697
0.25	-45	80.3237
0.25	-45	76.1366
0.25	-45	-92.8381
0.25	-45	-43.7449
0.25	-45	-42.029
0.25	-45	140.015
0.25	-45	-80.1444
0.25	-45	-42.7379
0.25	-45	17.2445
0.25	-45	84.7401
0.25	-45	-172.649
0.25	-45	24.5449
0.25	-45	-14.2301
0.25	-45	73.2696
0.25	-45	102.881
0.25	-45	152.622
0.25	-45	70.8853
0.25	-45	-165.047
0.25	-45	-103.12
0.25	-45	52.1742
0.25	-45	-172.334
0.25	-45	-36.9134
0.25	-45	109.926
0.25	-45	155.169
0.25	-45	-120.325
0.25	-45	-23.2304
0.25	-45	-86.4454
0.25	-45	7.65334
0.25	-45	170.079
0.25	-45	-111.056
0.25	-45	110.251
0.25	-45	-11.8967
0.25	-45	-10.3138
0.25	-45	61.3776
0.25	-45	-170.963
0.25	-45	126.781
0.25	-45	-132.126
0.25	-45	18.4346
0.25	-45	86.5353
0.25	-45	-134.846
0.25	-45	-5.21225
0.25	-45	84.3396
0.25	-45	131.465
0.25	-45	-139.526
0.25	-45	-148.408
0.25	-45	11.5881
0.25	-45	60.5419
0.25	-45	15.4838
0.25	-45	83.1627
0.25	-45	-84.045
0.25	-45	-121.026
0.25	-45	28.1026
0.25	-45	-19.277
0.25	-45	103.914
0.25	-45	83.7631
0.25	-45	-164.795
0.25	-45	-143.479
0.25	-45	115.49
0.25	-45	20.3169
0.25	-45	167.229
0.25	-45	-175.828
0.25	-45	3.65267
0.25	-45	-22.0817
0.25	-45	-83.3292
0.25	-45	-98.1908
0.25	-45	-77.3976
0.25	-45	15.8915
0.25	-45	-107.313
0.25	-45	-28.0746
0.25	-45	-34.1624
0.25	-45	-122.029
0.25	-45	-114.087
0.25	-45	-9.77922
0.25	-45	-159
0.25	-45	44.002
0.25	-45	161.919
0.25	-45	-28.463
0.25	-45	-169.536
0.25	-45	-86.9068
0.25	-45	123.531
0.25	-45	-17.4022
0.25	-45	-65.3604
0.25	-45	-42.101
0.25	-45	92.6979
0.25	-45	-178.146
0.25	-45	-114.03
0.25	-45	-112.908
0.25	-45	-156.136
0.25	-45	-96.9572
0.25	-45	-5.57244
0.25	-45	87.2578
0.25	-45	24.7185
0.25	-45	119.003
0.25	-45	28.1373
0.25	-45	-155.777
0.25	-45	35.9022
0.25	-45	-161.972
0.25	-45	-90.5099
0.25	-45	-27.9398
0.25	-45	145.414
0.25	-45	12.1283
0.25	-45	-31.1273
0.25	-45	-62.3511
0.25	-45	20.4402
0.25	-45	115.226
0.25	-45	-59.3293
0.25	-45	155.033
0.25	-45	77.8479
0.25	-45	53.9819
0.25	-45	-137.199
0.25	-45	-131.955
0.25	-45	-150.419
0.25	-45	118.584
0.25	-45	-155.464
0.25	-45	30.1454
0.25	-45	95.374
0.25	-45	107.524
0.25	-45	-63.6497
0.25	-45	-134.223
0.25	-45	-164.15
0.25	-45	78.7258
0.25	-45	-163.011
0.25	-45	167.606
0.25	-45	-94.1332
0.25	-45	158.07
0.25	-45	103.012
0.25	-45	-124.987
0.25	-45	-58.699
0.25	-45	-135.727
0.25	-45	78.5597
0.25	-45	-40.076
0.25	-45	-48.3794
0.25	-45	151.168
0.25	-45	116.483
0.25	-45	-173.546
0.25	-45	1.6265
0.25	-45	-105.82
0.25	-45	-113.757
0.25	-45	-159.773
0.25	-45	-155.108
0.25	-45	79.9037
0.25	-45	-93.8086
0.25	-45	39.0865
0.25	-45	-146.342
0.25	-45	19.9575
0.25	-45	44.8984
0.25	-45	-99.4349
0.25	-45	117.001
0.25	-45	142.227
0.25	-45	-93.5629
0.25	-45	-65.9331
0.25	-45	-15.8427
0.25	-45	19.967
0.25	-45	-107.183
0.25	-45	-29.0193
0.25	-45	36.6552
0.25	-45	142.985
0.25	-45	29.0807
0.25	-45	-106.892
0.25	-45	-14.222
0.25	-45	-165.045
0.25	-45	44.8363
0.25	-45	-176.334
0.25	-45	-15.1077
0.25	-45	-97.6313
0.25	-45	56.4257
0.25	-45	94.2518
0.25	-45	118.634
0.25	-45	-120.062
0.25	-45	-24.9993
0.25	-45	31.7489
0.25	-45	-140.429
0.25	-45	108.437
0.25	-45	91.4127
0.25	-45	8.0829
0.25	-45	-94.0201
0.25	-45	-179.314
0.25	-45	31.2986
0.25	-45	36.5266
0.25	-45	-80.587
0.25	-45	43.9107
0.25	-45	14.1242
0.25	-45	6.85158
0.25	-45	-142.864
0.25	-45	-60.4724
0.25	-45	14.5634
0.25	-45	4.26814
0.25	-45	-109.645
0.25	-45	171.753
0.25	-45	-111.869
0.25	-45	-131.665
0.25	-45	108.352
0.25	-45	-111.022
0.25	-45	-18.8889
0.25	-45	-33.5128
0.25	-45	97.4705
0.25	-45	-58.1924
0.25	-45	-142.822
0.25	-45	52.9873
0.25	-45	-37.4904
0.25	-45	-141.547
0.25	-45	165.883
0.25	-45	-109.278
0.25	-45	58.1841
0.25	-45	-107.797
0.25	-45	55.7653
0.25	-45	70.8213
0.25	-45	-64.9454
0.25	-45	-111.861
0.25	-45	177.548
0.25	-45	11.8955
0.25	-45	143.333
0.25	-45	60.27
0.25	-45	-52.6961
0.25	-45	82.6856
0.25	-45	-19.215
0.25	-45	112.098
0.25	-45	162.065
0.25	-45	124.169
0.25	-45	141.628
0.25	-45	131.59
0.25	-45	-155.734
0.25	-45	156.916
0.25	-45	-5.2509
0.25	-45	110.875
0.25	-45	90.6636
0.25	-45	156.146
0.25	-45	-96.0106
0.25	-45	-134.564
0.25	-45	95.7615
0.25	-45	131.497
0.25	-45	-131.333
0.25	-45	-17.125
0.25	-45	102.759
0.25	-45	13.3054
0.25	-45	-171.462
0.25	-45	0.440776
0.25	-45	166.175
0.25	-45	45.8404
0.25	-45	138.754
0.25	-45	-116.238
0.25	-45	-3.96809
0.25	-45	-89.0703
0.25	-45	44.1519
0.25	-45	80.2945
0.25	-45	-117.869
0.25	-45	-144.039
0.25	-45	-39.1862
0.25	-45	-71.8096
0.25	-45	-73.5475
0.25	-45	133.027
0.25	-45	166.558
0.25	-45	-110.009
0.25	-45	96.9463
0.25	-45	65.5033
0.25	-45	-5.31981
0.25	-45	-40.4571
0.25	-45	91.8101
0.25	-45	-100.572
0.25	-45	-84.3741
0.25	-45	-51.7789
0.25	-45	79.5261
0.25	-45	122.913
0.25	-45	83.5628
0.25	-45	32.8395
0.25	-45	34.9927
0.25	-45	153.049
0.25	-45	-101.183
0.25	-45	-117.399
0.25	-45	82.1633
0.25	-45	109.532
0.25	-45	-54.6705
0.25	-45	-146.191
0.25	-45	177.042
0.25	-45	-47.7872
0.25	-45	-10.4937
0.25	-45	141.892
0.25	-45	24.1853
0.25	-45	85.1052
0.25	-45	-38.1885
0.25	-45	-111.749
0.25	-45	-128.307
0.25	-45	42.4382
0.25	-45	-68.4348
0.25	-45	-22.1098
0.25	-45	-117.433
0.25	-45	3.06094
0.25	-45	28.8651
0.25	-45	169.192
0.25	-45	141.26
0.25	-45	147.771
0.25	-45	34.5534
0.25	-45	-148.038
0.25	-45	171.835
0.25	-45	89.574
0.25	-45	20.8406
0.25	-45	-175.361
0.25	-45	-96.2071
0.25	-45	-121.962
0.25	-45	34.9349
0.25	-45	51.9254
0.25	-45	-104.096
0.25	-45	9.09163
0.25	-45	-62.4639
0.25	-45	103.818
0.25	-45	5.34886
0.25	-45	151.029
0.25	-45	176.156
0.25	-45	-119.099
0.25	-45	-108.518
0.25	-45	-41.1654
0.25	-45	99.3394
0.25	-45	-156.247
0.25	-45	-7.97276
0.25	-45	-80.9026
0.25	-45	-175.149
0.25	-45	-27.4203
0.25	-45	107.154
0.25	-45	108.375
0.25	-45	-5.35978
0.25	-45	30.9567
0.25	-45	-3.57834
0.25	-45	13.0062
0.25	-45	-177.443
0.25	-45	-154.602
0.25	-45	50.945
0.25	-45	109.334
0.25	-45	-172.568
0.25	-45	83.3685
0.25	-45	5.47716
0.25	-45	-56.4463
0.25	-45	157.157
0.25	-45	23.4781
0.25	-45	-59.3516
0.25	-45	-120.22
0.25	-45	-75.4713
0.25	-45	131.464
0.25	-45	-110.776
0.25	-45	96.9022
0.25	-45	118.579
0.25	-45	-3.28548
0.25	-45	40.2583
0.25	-45	155.094
0.25	-45	-146.852
0.25	-45	-29.6433
0.25	-45	-116.01
0.25	-45	75.5357
0.25	-45	-66.8224
0.25	-45	119.325
0.25	-45	-37.2143
0.25	-45	144.872
0.25	-45	-46.4106
0.25	-45	109.125
0.25	-45	86.3548
0.25	-45	-154.848
0.25	-45	47.5212
0.25	-45	-23.5311
0.25	-45	-148.067
0.25	-45	-79.8517
0.25	-45	-92.4049
0.25	-45	176.59
0.25	-45	-15.1211
0.25	-45	19.4075
0.25	-45	122.179
0.25	-45	-67.9345
0.25	-45	34.3677
0.25	-45	-7.14607
0.25	-45	-93.108
0.25	-45	-30.9557
0.25	-45	60.6256
0.25	-45	162.827
0.25	-45	-165.816
0.25	-45	14.8012
0.25	-45	-73.944
0.25	-45	-162.172
0.25	-45	9.42772
0.25	-45	72.3291
0.25	-45	-97.9173
0.25	-45	-46.5573
0.25	-45	0.679394
0.25	-45	-25.0278
0.25	-45	-32.3767
0.25	-45	34.6337
0.25	-45	-154.945
0.25	-45	-87.5039
0.25	-45	25.262
0.25	-45	-44.6908
0.25	-45	125.087
0.25	-45	2.01558
0.25	-45	-95.1119
0.25	-45	-86.1716
0.25	-45	-38.2929
0.25	-45	50.3475
0.25	-45	57.2662
0.25	-45	174.946
0.25	-45	-159.866
0.25	-45	93.3506
0.25	-45	-155.275
0.25	-45	110.394
0.25	-45	-131.632
0.25	-45	102.099
0.25	-45	-89.9403
0.25	-45	78.1904
0.25	-45	103.4
0.25	-45	-95.597
0.25	-45	-5.16825
0.25	-45	151.207
0.25	-45	34.9131
0.25	-45	62.8143
0.25	-45	140.982
0.25	-45	170.98
0.25	-45	-51.6976
0.25	-45	142.683
0.25	-45	-157.095
0.25	-45	-117.019
0.25	-45	-132.224
0.25	-45	-107.344
0.25	-45	-0.959575
0.25	-45	-117.665
0.25	-45	-4.21948
0.25	-45	11.9745
0.25	-45	-32.4906
0.25	-45	-14.8434
0.25	-45	153.397
0.25	-45	-78.5571
0.25	-45	108.637
0.25	-45	83.4905
0.25	-45	70.4176
0.25	-45	-30.8469
0.25	-45	88.5831
0.25	-45	-179.279
0.25	-45	21.0863
0.25	-45	-59.8555
0.25	-45	-127.733
0.25	-45	95.4827
0.25	-45	-128.641
0.25	-45	-116.988
0.25	-45	7.34313
0.25	-45	-48.58
0.25	-45	-5.94084
0.25	-45	177.953
0.25	-45	159.505
0.25	-45	-161.118
0.25	-45	-174.134
0.25	-45	-85.562
0.25	-45	145.95
0.25	-45	-40.8611
0.25	-45	58.0562
0.25	-45	113.354
0.25	-45	96.3742
0.25	-45	-51.9193
0.25	-45	-78.6905
0.25	-45	51.2111
0.25	-45	114.935
0.25	-45	-33.2156
0.25	-45	-150.584
0.25	-45	-161.11
0.25	-45	-136.062
0.25	-45	-30.0865
0.25	-45	72.3179
0.25	-45	34.4414
0.25	-45	170.642
0.25	-45	162.455
0.25	-45	-163.986
0.25	-45	-79.8684
0.25	-45	48.4016
0.25	-45	-147.209
0.25	-45	74.5092
0.25	-45	93.3712
0.25	-45	169.138
0.25	-45	142.464
0.25	-45	131.655
0.25	-45	85.4712
0.25	-45	-40.0579
0.25	-45	4.82748
0.25	-45	30.1372
0.25	-45	-93.8499
0.25	-45	-102.058
0.25	-45	13.7098
0.25	-45	-116.631
0.25	-45	121.641
0.25	-45	163.69
0.25	-45	126.683
0.25	-45	-95.8208
0.25	-45	-77.5421
0.25	-45	148.388
0.25	-45	-149.108
0.25	-45	81.2991
0.25	-45	-48.3943
0.25	-45	-74.5398
0.25	-45	12.4045
0.25	-45	92.8829
0.25	-45	48.4069
0.25	-45	-118.447
0.25	-45	178.646
0.25	-45	-79.2505
0.25	-45	126.362
0.25	-45	134.713
0.25	-45	153.846
0.25	-45	150.592
0.25	-45	-91.0472
0.25	-45	-109.88
0.25	-45	3.82591
0.25	-45	-161.307
0.25	-45	-171.69
0.25	-45	116.961
0.25	-45	-26.4235
0.25	-45	-40.6558
0.25	-45	-141.106
0.25	-45	56.9351
0.25	-45	-131.168
0.25	-45	-27.169
0.25	-45	167.68
0.25	-45	0.167833
0.25	-45	2.8979
0.25	-45	-131.049
0.25	-45	-173.824
0.25	-45	-154.176
0.25	-45	-139.904
0.25	-45	-35.1341
0.25	-45	-132.104
0.25	-45	23.7942
0.25	-45	52.6832
0.25	-45	17.754
0.25	-45	-134.524
0.25	-45	67.2467
0.25	-45	-97.0888
0.25	-45	140.423
0.25	-45	-149.663
0.25	-45	47.4411
0.25	-45	64.3687
0.25	-45	6.72918
0.25	-45	131.991
0.25	-45	3.7714
0.25	-45	24.7625
0.25	-45	102.584
0.25	-45	112.853
0.25	-45	119.461
0.25	-45	-153.966
0.25	-45	114.587
0.25	-45	-8.67341
0.25	-45	-177.477
0.25	-45	-154.01
0.25	-45	-52.0555
0.25	-45	104.806
0.25	-45	69.7648
0.25	-45	163.043
0.25	-45	-171.688
0.25	-45	1.19882
0.25	-45	19.6485
0.25	-45	-43.0533
0.25	-45	-135.874
0.25	-45	38.3098
0.25	-45	26.6897
0.25	-45	60.2195
0.25	-45	-49.4416
0.25	-45	8.41308
0.25	-45	-149.025
0.25	-45	-157.545
0.25	-45	-78.4459
0.25	-45	116.203
0.25	-45	-8.32185
0.25	-45	-114.072
0.25	-45	-53.6529
0.25	-45	-70.3829
0.25	-45	54.4025
0.25	-45	51.8287
