pol	phi
0.3	-77.4601
0.3	147.196
0.3	3.22873
0.3	-9.38095
0.3	-110.446
0.3	178.262
0.3	-21.8192
0.3	-153.392
0.3	26.2769
0.3	-26.4741
0.3	-97.3555
0.3	57.6291
0.3	-74.0471
0.3	-67.6746
0.3	-105.817
0.3	-151.772
0.3	55.9279
0.3	-158.483
0.3	154.395
0.3	-10.1479
0.3	89.1231
0.3	82.0618
0.3	-25.352
0.3	-92.9597
0.3	104.232
0.3	-43.8028
0.3	-13.8899
0.3	127.694
0.3	110.686
0.3	153.84
0.3	-49.6142
0.3	-90.2019
0.3	-14.1929
0.3	145.71
0.3	-139.896
0.3	-88.7425
0.3	116.736
0.3	136.269
0.3	-21.461
0.3	107.893
0.3	-105.128
0.3	26.2398
0.3	-72.0725
0.3	63.1951
0.3	-40.1393
0.3	-174.525
0.3	-16.9529
0.3	-59.2682
0.3	164.056
0.3	80.8341
0.3	-171.069
0.3	-45.2842
0.3	-143.896
0.3	156.481
0.3	-173.602
0.3	91.5472
0.3	-175.863
0.3	127.983
0.3	-33.7732
0.3	82.4974
0.3	-33.8634
0.3	-0.922266
0.3	-104.081
0.3	8.51161
0.3	145.746
0.3	-23.0301
0.3	-120.226
0.3	169.041
0.3	115.838
0.3	157.154
0.3	99.6924
0.3	141.57
0.3	61.0927
0.3	-132.444
0.3	41.2884
0.3	-153.875
0.3	178.182
0.3	-13.6894
0.3	109.725
0.3	-172.137
0.3	-172.171
0.3	146.297
0.3	-78.0991
0.3	83.2657
0.3	-108.678
0.3	-122.398
0.3	-118.242
0.3	-24.7983
0.3	-82.2828
0.3	-144.108
0.3	117.469
0.3	120.415
0.3	176.78
0.3	-159.773
0.3	-80.1978
0.3	53.9168
0.3	-125.197
0.3	-74.2623
0.3	-94.6334
0.3	85.3727
0.3	49.4098
0.3	121.714
0.3	3.26231
0.3	-9.90868
0.3	-37.7492
0.3	-30.8872
0.3	-126.73
0.3	-41.2789
0.3	64.9138
0.3	-162.221
0.3	153.303
0.3	0.397413
0.3	17.9064
0.3	131.957
0.3	-106.834
0.3	125.515
0.3	-56.6611
0.3	13.4379
0.3	39.8255
0.3	-134.017
0.3	-29.9334
0.3	-25.1757
0.3	55.8937
0.3	-111.565
0.3	-131.976
0.3	167.995
0.3	-112.362
0.3	-20.7692
0.3	103.496
0.3	177.106
0.3	-46.4792
0.3	168.977
0.3	-76.1275
0.3	72.2336
0.3	-174.682
0.3	26.5159
0.3	110.792
0.3	-52.9519
0.3	-159.494
0.3	110.614
0.3	-26.0905
0.3	44.7833
0.3	-57.7382
0.3	172.967
0.3	28.8813
0.3	139.94
0.3	-29.0701
0.3	111.272
0.3	52.5058
0.3	-50.4763
0.3	164.025
0.3	141.37
0.3	-146.844
0.3	98.9674
0.3	-131.044
0.3	57.2264
0.3	151.987
0.3	29.9334
0.3	-33.8834
0.3	-163.748
0.3	-23.1903
0.3	29.6122
0.3	-70.7777
0.3	137.155
0.3	70.5769
0.3	54.7945
0.3	122.875
0.3	-20.9111
0.3	86.4849
0.3	171.476
0.3	71.5425
0.3	152.973
0.3	127.178
0.3	143.135
0.3	-67.373
0.3	59.2115
0.3	69.0407
0.3	11.7358
0.3	-172.114
0.3	154.119
0.3	-176.488
0.3	93.1709
0.3	-47.6693
0.3	174.495
0.3	-156.377
0.3	175.314
0.3	-89.0179
0.3	-80.8154
0.3	-47.4688
0.3	40.043
0.3	91.0756
0.3	-25.2247
0.3	-31.0504
0.3	-28.7409
0.3	77.0434
0.3	92.5409
0.3	-60.3502
0.3	155.531
0.3	12.8931
0.3	-152.395
0.3	-123.817
0.3	17.312
0.3	-10.1126
0.3	-3.08909
0.3	87.313
0.3	174.212
0.3	132.461
0.3	65.6384
0.3	-32.5916
0.3	-52.8105
0.3	-179.583
0.3	-136.228
0.3	-44.4522
0.3	-23.9876
0.3	-170.824
0.3	102.161
0.3	17.9145
0.3	108.015
0.3	99.8384
0.3	136.964
0.3	-148.637
0.3	-169.567
0.3	-0.402981
0.3	78.7005
0.3	149.343
0.3	-116.381
0.3	-36.692
0.3	88.489
0.3	124.564
0.3	-67.7882
0.3	-80.18
0.3	110.073
0.3	151.279
0.3	-64.2633
0.3	-133.602
0.3	97.5462
0.3	122.742
0.3	131.213
0.3	-29.8726
0.3	13.746
0.3	-115.646
0.3	114.969
0.3	104.192
0.3	-154.791
0.3	-82.5813
0.3	33.3939
0.3	-37.838
0.3	-28.3026
0.3	109.684
0.3	-65.5079
0.3	-157.799
0.3	93.3929
0.3	165.554
0.3	-119.769
0.3	126.532
0.3	14.9126
0.3	39.5992
0.3	53.117
0.3	106.262
0.3	131.163
0.3	43.5445
0.3	-97.6683
0.3	156.882
0.3	53.6824
0.3	-165.877
0.3	24.4904
0.3	126.603
0.3	-25.1233
0.3	25.1019
0.3	71.8223
0.3	-163.14
0.3	103.854
0.3	148.046
0.3	136.05
0.3	17.788
0.3	-146.83
0.3	-143.61
0.3	98.2064
0.3	29.1584
0.3	134.939
0.3	-30.4414
0.3	-176.043
0.3	98.9051
0.3	119.654
0.3	-39.0505
0.3	-12.8578
0.3	165.904
0.3	-125.211
0.3	23.2912
0.3	-12.6068
0.3	-8.77584
0.3	-51.4447
0.3	-5.31674
0.3	-0.755334
0.3	-158.471
0.3	-82.4466
0.3	-167.038
0.3	-30.0957
0.3	-57.2483
0.3	134.987
0.3	-113.528
0.3	-115.916
0.3	-61.0371
0.3	130.73
0.3	152.307
0.3	-141.186
0.3	140.898
0.3	83.5835
0.3	-111.678
0.3	-50.5234
0.3	-15.7219
0.3	-0.666339
0.3	129.209
0.3	111.988
0.3	-65.8609
0.3	-154.201
0.3	-170.544
0.3	-51.9406
0.3	147.059
0.3	-60.6295
0.3	27.3487
0.3	-131.836
0.3	-67.9784
0.3	-52.5669
0.3	46.0602
0.3	-90.7417
0.3	-115.776
0.3	9.53994
0.3	43.4275
0.3	-147.271
0.3	-163.841
0.3	-60.7057
0.3	-153.587
0.3	128.764
0.3	-100.096
0.3	40.0382
0.3	38.8752
0.3	-98.3665
0.3	-19.2835
0.3	-129.779
0.3	13.7484
0.3	-107.578
0.3	-27.0506
0.3	165.578
0.3	29.7437
0.3	136.11
0.3	-14.7966
0.3	-118.066
0.3	-17.3518
0.3	-39.9667
0.3	-5.57241
0.3	73.3874
0.3	105.463
0.3	99.122
0.3	113.933
0.3	156.611
0.3	-136.287
0.3	139.554
0.3	23.6388
0.3	-165.972
0.3	-14.1751
0.3	-119.814
0.3	46.2064
0.3	-179.224
0.3	111.354
0.3	-48.9107
0.3	-38.5504
0.3	37.7553
0.3	164.621
0.3	-147.793
0.3	86.0405
0.3	-160.177
0.3	-41.7398
0.3	-144.682
0.3	-17.4237
0.3	35.2004
0.3	-106.656
0.3	-136.642
0.3	-80.8325
0.3	62.8957
0.3	-99.2809
0.3	-143.072
0.3	-121.566
0.3	119.891
0.3	-75.3861
0.3	-60.0112
0.3	147.045
0.3	-86.6537
0.3	96.5551
0.3	31.4333
0.3	125.785
0.3	-76.0819
0.3	25.3106
0.3	91.2937
0.3	-0.526711
0.3	-137.563
0.3	-63.3797
0.3	-117.636
0.3	100.254
0.3	-88.7329
0.3	32.1523
0.3	121.652
0.3	125.756
0.3	39.3213
0.3	114.997
0.3	-55.1677
0.3	17.4636
0.3	82.9083
0.3	173.801
0.3	-81.5799
0.3	77.5084
0.3	-156.778
0.3	-46.9392
0.3	34.5223
0.3	172.391
0.3	160.722
0.3	-113.683
0.3	41.1892
0.3	125.209
0.3	118.928
0.3	22.3535
0.3	-73.2644
0.3	69.1458
0.3	-61.5721
0.3	100.562
0.3	68.9759
0.3	-60.5008
0.3	-165.332
0.3	79.3887
0.3	-53.7621
0.3	23.7563
0.3	120.239
0.3	11.253
0.3	38.1385
0.3	-59.3937
0.3	-33.5102
0.3	142.577
0.3	130.387
0.3	50.8322
0.3	-171.651
0.3	14.3504
0.3	-5.75239
0.3	-145.414
0.3	84.746
0.3	-102.574
0.3	-57.0048
0.3	149
0.3	-61.6675
0.3	-78.0922
0.3	101.916
0.3	-146.438
0.3	-158.475
0.3	-38.5113
0.3	170.203
0.3	-89.9153
0.3	47.8447
0.3	-66.7392
0.3	0.169874
0.3	52.9564
0.3	-18.0962
0.3	-37.0516
0.3	8.14083
0.3	-103.605
0.3	41.1833
0.3	-69.1369
0.3	-70.6217
0.3	-35.9054
0.3	-16.7781
0.3	-125.99
0.3	125.175
0.3	-37.5131
0.3	-146.724
0.3	-120.393
0.3	-179.271
0.3	-41.7102
0.3	137.214
0.3	131.197
0.3	-37.3172
0.3	-165.189
0.3	135.055
0.3	-171.957
0.3	101.291
0.3	68.5926
0.3	-66.1284
0.3	152.1
0.3	169.451
0.3	-59.4345
0.3	-72.7952
0.3	-156.245
0.3	-152.924
0.3	-50.0952
0.3	-119.598
0.3	44.8259
0.3	67.1611
0.3	-0.0126214
0.3	87.6483
0.3	-108.477
0.3	156.538
0.3	-158.488
0.3	-27.9329
0.3	-27.0637
0.3	57.1376
0.3	-99.1993
0.3	58.7678
0.3	99.3407
0.3	57.9303
0.3	-24.9538
0.3	164.49
0.3	-56.9109
0.3	-165.76
0.3	-104.23
0.3	151.588
0.3	77.5918
0.3	-7.41116
0.3	88.7357
0.3	-171.381
0.3	-155.377
0.3	121.341
0.3	71.6755
0.3	-5.62042
0.3	-53.1789
0.3	-58.0486
0.3	15.3695
0.3	34.8054
0.3	51.1837
0.3	165.582
0.3	164.278
0.3	141.693
0.3	-51.589
0.3	26.5633
0.3	105.711
0.3	-177.644
0.3	176.757
0.3	143.271
0.3	-9.25904
0.3	-87.379
0.3	-98.5551
0.3	-85.9966
0.3	134.628
0.3	108.876
0.3	3.92542
0.3	47.3771
0.3	84.9771
0.3	-68.445
0.3	65.0885
0.3	-81.9619
0.3	81.8659
0.3	-132.552
0.3	110.848
0.3	77.8728
0.3	-103.717
0.3	-152.113
0.3	35.6708
0.3	-32.3216
0.3	95.0132
0.3	-177.105
0.3	-52.6346
0.3	33.8202
0.3	157.924
0.3	100.046
0.3	94.1243
0.3	40.5153
0.3	-56.5235
0.3	-62.6276
0.3	-33.1677
0.3	137.631
0.3	90.7877
0.3	167.51
0.3	169.914
0.3	-78.9829
0.3	-8.15074
0.3	-120.235
0.3	66.1571
0.3	-179.785
0.3	36.3017
0.3	67.3716
0.3	148.851
0.3	-65.8755
0.3	-24.1458
0.3	-46.4508
0.3	-110.934
0.3	-48.8231
0.3	-45.5089
0.3	112.567
0.3	132.935
0.3	105.722
0.3	-172.817
0.3	-121.601
0.3	-28.5189
0.3	-38.0732
0.3	94.7637
0.3	65.7436
0.3	117.67
0.3	62.4854
0.3	92.1103
0.3	-8.8512
0.3	137.984
0.3	38.6771
0.3	-87.7878
0.3	72.4978
0.3	-59.956
0.3	-40.2205
0.3	-165.858
0.3	-32.7068
0.3	22.0366
0.3	-7.7343
0.3	45.2178
0.3	169.416
0.3	15.9963
0.3	-155.329
0.3	51.114
0.3	173.992
0.3	152.294
0.3	-126.217
0.3	-159.966
0.3	-114.834
0.3	-177.51
0.3	-141.543
0.3	-85.2248
0.3	46.7957
0.3	79.9552
0.3	-70.4893
0.3	106.667
0.3	109.429
0.3	-22.7175
0.3	-73.4239
0.3	-51.7412
0.3	29.3622
0.3	91.943
0.3	-179.291
0.3	110.123
0.3	77.3312
0.3	-70.994
0.3	98.7122
0.3	158.656
0.3	-43.8076
0.3	148.056
0.3	-39.2878
0.3	121.013
0.3	12.9842
0.3	37.6866
0.3	129.388
0.3	91.2057
0.3	105.157
0.3	-65.9734
0.3	81.7184
0.3	-97.7855
0.3	-3.8586
0.3	-12.1008
0.3	-137.367
0.3	-61.4248
0.3	-124.237
0.3	-38.8643
0.3	-77.037
0.3	-100.665
0.3	-55.5602
0.3	27.4075
0.3	103.12
0.3	37.1095
0.3	114.266
0.3	45.1335
0.3	30.0781
0.3	-40.4648
0.3	129.79
0.3	-68.531
0.3	-2.19742
0.3	146.249
0.3	-110.417
0.3	-67.8533
0.3	-49.3906
0.3	104.401
0.3	9.75585
0.3	-165.009
0.3	-32.7883
0.3	-163.806
0.3	113.478
0.3	-134.956
0.3	-73.1481
0.3	42.7594
0.3	137.362
0.3	-85.8214
0.3	-166.228
0.3	135.109
0.3	-165.989
0.3	166.732
0.3	-36.1758
0.3	125.419
0.3	-6.27329
0.3	-106.543
0.3	58.9653
0.3	-3.3416
0.3	-96.9028
0.3	-43.7423
0.3	-95.8231
0.3	-136.652
0.3	-59.8819
0.3	-168.416
0.3	-86.6488
0.3	-11.6595
0.3	-0.546884
0.3	10.0254
0.3	31.6148
0.3	94.5617
0.3	-49.3335
0.3	-84.7376
0.3	171.918
0.3	-154.183
0.3	169.625
0.3	115.033
0.3	110.311
0.3	114.224
0.3	-89.6124
0.3	-176.147
0.3	32.1802
0.3	30.8811
0.3	-117.44
0.3	148.836
0.3	131.494
0.3	-72.0183
0.3	-53.7744
0.3	-175.26
0.3	105.566
0.3	-58.8825
0.3	140.388
0.3	-123.242
0.3	-137.052
0.3	167.118
0.3	104.354
0.3	-86.991
0.3	29.7849
0.3	-140.795
0.3	-30.6291
0.3	60.4915
0.3	105.625
0.3	-151.494
0.3	57.2947
0.3	-74.3361
0.3	-71.9453
0.3	-57.5369
0.3	-26.3069
0.3	68.3933
0.3	110.82
0.3	-163.086
0.3	94.6425
0.3	-131.071
0.3	-74.2773
0.3	126.848
0.3	-47.6546
0.3	-66.0281
0.3	-64.0722
0.3	104.507
0.3	22.3352
0.3	70.6696
0.3	-23.087
0.3	156.758
0.3	88.5814
0.3	34.571
0.3	179.348
0.3	-140.192
0.3	161.226
0.3	-103.464
0.3	6.66398
0.3	-22.5389
0.3	110.913
0.3	-77.2375
0.3	-22.9348
0.3	110.039
0.3	-1.23014
0.3	82.6851
0.3	-38.2784
0.3	171.611
0.3	-125.293
0.3	-88.4587
0.3	-48.3924
0.3	58.5147
0.3	-111.955
0.3	18.1332
0.3	-72.6302
0.3	-179.143
0.3	47.3591
0.3	17.4259
0.3	164.055
0.3	137.757
0.3	12.6851
0.3	144.56
0.3	85.2014
0.3	-82.5098
0.3	-179.594
0.3	-82.0578
0.3	-148.54
0.3	-115.021
0.3	-153.255
0.3	38.5515
0.3	176.544
0.3	-170.877
0.3	55.1166
0.3	94.9641
0.3	101.11
0.3	73.1539
0.3	-36.6911
0.3	-133.842
0.3	-94.2726
0.3	21.9858
0.3	-123.874
0.3	73.9057
0.3	152.404
0.3	153.416
0.3	-153.954
0.3	155.216
0.3	91.1891
0.3	-108.084
0.3	-160.408
0.3	-133.608
0.3	-23.8316
0.3	-121.838
0.3	55.423
0.3	67.1262
0.3	-61.0825
0.3	109.747
0.3	-128.043
0.3	-137.991
0.3	-100.647
0.3	-98.3593
0.3	64.3386
0.3	8.68214
0.3	-32.6667
0.3	-76.1915
0.3	-124.356
0.3	148.094
0.3	-44.283
0.3	-29.4564
0.3	80.2251
0.3	-112.671
0.3	63.5905
0.3	26.3072
0.3	-10.3461
0.3	82.4174
0.3	-103.536
0.3	-154.937
0.3	99.756
0.3	172.863
0.3	126.661
0.3	111.406
0.3	24.5382
0.3	-5.07522
0.3	171.651
0.3	-102.028
0.3	176.174
0.3	-175.66
0.3	-116.627
0.3	-68.9948
0.3	18.2481
0.3	109.169
0.3	111.968
0.3	-93.7266
0.3	-76.7596
0.3	21.2924
0.3	10.5631
0.3	-87.5822
0.3	88.266
0.3	-162.792
0.3	36.4982
0.3	-167.171
0.3	-70.7625
0.3	-138.13
0.3	-108.94
0.3	110.437
0.3	22.4382
0.3	88.1774
0.3	51.4086
0.3	-92.3908
0.3	152.852
0.3	135.472
0.3	-53.3732
0.3	-27.8475
0.3	-127.704
0.3	-174.976
0.3	-164.315
0.3	-37.5133
0.3	81.9596
0.3	105.184
0.3	41.1661
0.3	-155.714
0.3	30.7307
0.3	-60.7598
0.3	135.196
0.3	-23.8216
0.3	28.4414
0.3	-0.442507
0.3	-161.659
0.3	18.1944
0.3	-177.315
0.3	-113.322
0.3	-111.708
0.3	-109.597
0.3	-24.809
0.3	-30.9188
0.3	-28.2894
0.3	90.6274
0.3	165.249
0.3	-24.0983
0.3	-160.275
0.3	75.6028
0.3	-62.8476
0.3	-87.9556
0.3	-59.2488
0.3	-10.0311
0.3	-12.8361
0.3	101.075
0.3	101.379
0.3	0.710374
0.3	15.8892
0.3	-103.641
0.3	144.521
0.3	43.5158
0.3	140.286
0.3	-48.3599
0.3	-166.087
0.3	-41.4921
0.3	150.912
0.3	140.589
0.3	-161.63
0.3	163.727
0.3	0.395554
0.3	152.951
0.3	-74.0293
0.3	-82.8992
0.3	162.731
0.3	-162.278
0.3	-70.9883
0.3	-89.7837
0.3	53.0287
0.3	-86.3782
0.3	-93.0054
0.3	143.798
0.3	-101.386
0.3	125.588
0.3	172.081
0.3	-100.121
0.3	61.8663
0.3	-140.421
0.3	-88.2804
0.3	22.4098
0.3	48.6447
0.3	112.551
0.3	29.8403
0.3	157.158
0.3	-9.68438
0.3	69.5356
0.3	56.2523
0.3	-141.102
0.3	-41.2907
0.3	-132.396
0.3	-22.6211
0.3	141.574
0.3	-90.0446
0.3	172.745
0.3	-56.9266
0.3	19.3993
0.3	-70.3818
0.3	-131.155
0.3	-120.712
0.3	157.425
0.3	-28.1416
0.3	25.3557
0.3	98.6508
0.3	-68.3235
0.3	-3.4523
0.3	12.508
0.3	-179.046
0.3	-89.3657
0.3	-47.899
0.3	14.2758
0.3	-170.357
0.3	-50.5363
0.3	-116.327
0.3	103.521
0.3	48.1902
0.3	-32.348
0.3	-12.7068
0.3	126.549
0.3	143.853
0.3	-42.686
0.3	122.015
0.3	30.7131
0.3	-144.08
0.3	150.001
0.3	-67.4978
0.3	28.8982
0.3	146.394
0.3	-135.037
0.3	11.3079
0.3	85.3499
0.3	-103.551
0.3	150.48
0.3	131.004
0.3	-15.1775
0.3	-163.966
0.3	-64.3611
0.3	-76.4655
0.3	-39.8016
0.3	-60.8543
0.3	20.3088
0.3	15.072
0.3	101.779
0.3	155.107
0.3	-38.3932
0.3	-126.039
0.3	77.2577
0.3	-79.5203
0.3	128.518
0.3	17.4607
0.3	-167.086
0.3	-25.139
0.3	-97.6702
0.3	104.922
0.3	107.983
0.3	-43.2383
0.3	178.698
0.3	63.7635
0.3	172.376
0.3	-83.9426
0.3	-154.801
0.3	159.73
0.3	125.696
0.3	-66.502
0.3	-8.62633
0.3	39.1196
0.3	139.084
0.3	-102.297
0.3	-73.6031
0.3	15.1342
0.3	151.386
0.3	-163.089
0.3	137.051
0.3	-178.484
0.3	-11.5266
0.3	-32.2
0.3	-41.203
0.3	157.288
0.3	117.722
0.3	-70.9455
0.3	-55.2939
0.3	174.851
0.3	-92.5046
0.3	113.377
0.3	117.419
0.3	-128.297
0.3	-53.4581
0.3	-107.245
0.3	51.3945
0.3	35.0336
0.3	136.926
0.3	119.237
0.3	101.717
0.3	-12.8651
0.3	-9.97525
0.3	36.6769
0.3	16.9783
0.3	139.314
0.3	146.986
0.3	140.802
0.3	-26.4232
0.3	-0.842389
0.3	-20.7451
0.3	-23.2454
0.3	-44.4956
0.3	-92.2188
0.3	145.766
0.3	-125.02
0.3	111.622
0.3	0.276053
0.3	-161.556
0.3	-130.508
0.3	75.0522
0.3	9.22142
0.3	112.65
0.3	-115.861
0.3	-120.204
0.3	-27.7153
0.3	173.059
0.3	-2.80359
0.3	-130.204
0.3	-37.0004
0.3	129.279
0.3	-100.396
0.3	97.7772
0.3	158.814
0.3	-128.247
0.3	-175.002
0.3	-166.221
0.3	135.367
0.3	-122.665
0.3	11.1721
0.3	54.2302
0.3	-158.595
0.3	119.784
0.3	113.535
0.3	125.293
0.3	-178.502
0.3	-72.9331
0.3	-118.293
0.3	72.6201
0.3	143.427
0.3	37.2583
0.3	-173.55
0.3	-71.7642
0.3	-5.10934
0.3	-16.6717
0.3	109.808
0.3	107.614
0.3	140.645
0.3	173.685
0.3	-39.8496
0.3	57.8807
0.3	-168.893
0.3	-21.3539
0.3	-152.9
0.3	161.138
0.3	98.4407
0.3	-7.28302
0.3	-67.1412
0.3	-28.6576
0.3	110.226
0.3	-24.4874
0.3	-40.412
0.3	17.0399
0.3	152.492
0.3	179.856
0.3	67.8066
0.3	175.941
0.3	-86.9626
0.3	-35.7051
0.3	147.407
0.3	-12.8072
0.3	151.089
0.3	122.62
0.3	-163.586
0.3	-160.603
0.3	-21.9229
0.3	-158.902
0.3	96.2639
0.3	161.876
0.3	13.9252
0.3	-25.3081
0.3	-117.426
0.3	100.372
0.3	62.7303
0.3	44.1353
0.3	103.002
0.3	-169.172
0.3	-31.1371
0.3	-21.378
0.3	110.987
0.3	-55.451
0.3	-151.186
0.3	-53.8988
0.3	142.225
0.3	62.8969
0.3	98.5872
0.3	-174.266
0.3	-24.4185
0.3	-108.602
0.3	-124.399
0.3	-99.2763
0.3	-125.071
0.3	-23.2101
0.3	-1.63255
0.3	-115.449
0.3	-83.2467
0.3	68.6332
0.3	9.57312
0.3	-163.134
0.3	11.3593
0.3	79.5246
0.3	16.2605
0.3	11.9641
0.3	-67.3863
0.3	-55.8019
0.3	-131.188
0.3	164.112
0.3	140.806
0.3	-157.685
0.3	58.7048
0.3	134.551
0.3	-31.7974
0.3	-119.19
0.3	-18.8419
0.3	-154.729
0.3	145.788
0.3	157.966
0.3	164.669
0.3	-25.7253
0.3	30.7747
0.3	-70.9021
0.3	162.886
0.3	-164.479
0.3	20.8771
0.3	71.6647
0.3	-80.9242
0.3	111.985
0.3	150.24
0.3	113.144
0.3	-137.735
0.3	-101.096
0.3	-70.1532
0.3	-152.597
0.3	169.453
0.3	78.4666
0.3	25.8479
0.3	123.365
0.3	155.439
0.3	-15.4237
0.3	143.257
0.3	153.075
0.3	-86.688
0.3	22.4214
0.3	-63.3979
0.3	-151.702
0.3	108.156
0.3	-95.7115
0.3	153.526
0.3	-162.851
0.3	169.713
0.3	-124.532
0.3	156.403
0.3	-55.7433
0.3	123.699
0.3	-101.679
0.3	119.147
0.3	-32.7632
0.3	54.3103
0.3	-177.993
0.3	-123.743
0.3	136.219
0.3	163.902
0.3	109.121
0.3	13.0594
0.3	-58.0528
0.3	2.12615
0.3	46.202
0.3	64.8113
0.3	77.7399
0.3	135.416
0.3	90.4336
0.3	168.379
0.3	-142.521
0.3	156.182
0.3	141.28
0.3	-5.09127
0.3	118.039
0.3	-9.41937
0.3	158.697
0.3	108.096
0.3	59.2273
0.3	-128.557
0.3	172.704
0.3	110.626
0.3	-162.114
0.3	62.7112
0.3	-4.81862
0.3	-33.8927
0.3	-152.437
0.3	-24.535
0.3	-7.33441
0.3	175.341
0.3	19.1648
0.3	-87.2784
0.3	48.7542
0.3	28.4774
0.3	-61.2105
0.3	-153.134
0.3	117.78
0.3	-47.6864
0.3	-37.9663
0.3	-142.66
0.3	16.7579
0.3	80.8868
0.3	-35.4963
0.3	85.2438
0.3	175.602
0.3	-101.151
0.3	-26.0589
0.3	134.351
0.3	-25.3191
0.3	175.033
0.3	53.1954
0.3	147.698
0.3	168.73
0.3	-144.879
0.3	-5.56464
0.3	34.1297
0.3	80.0613
0.3	-95.5279
0.3	149.387
0.3	-178.849
0.3	-100.406
0.3	-77.393
0.3	141.262
0.3	-173.351
0.3	88.5844
0.3	-68.8948
0.3	159.953
0.3	143.771
0.3	45.1551
0.3	109.344
0.3	145.962
0.3	-169.587
0.3	94.7329
0.3	140.538
0.3	-85.3177
0.3	-134.224
0.3	123.829
0.3	-106.99
0.3	97.0126
0.3	19.8324
0.3	-104.029
0.3	-60.527
0.3	44.4178
0.3	-69.1731
0.3	-95.265
0.3	-60.7511
0.3	-14.2976
0.3	-0.938408
0.3	-91.9787
0.3	140.059
0.3	-110.07
0.3	-2.86708
0.3	156.08
0.3	-33.0938
0.3	95.7191
0.3	-34.9819
0.3	92.4392
0.3	-118.605
0.3	-85.1907
0.3	45.1598
0.3	37.888
0.3	-173.195
0.3	126.322
0.3	118.11
0.3	-154.444
0.3	-167.17
0.3	24.146
0.3	-2.2362
0.3	-130.329
0.3	86.0514
0.3	-16.9147
0.3	-27.9383
0.3	99.0333
0.3	-104.533
0.3	-138.7
0.3	130.475
0.3	25.6789
0.3	148.796
0.3	8.43828
0.3	143.106
0.3	25.8239
0.3	111.292
0.3	-87.6227
0.3	118.974
0.3	-42.6591
0.3	-134.465
0.3	-25.9357
0.3	116.276
0.3	47.6984
0.3	170.85
0.3	-169.956
0.3	-154.456
0.3	126.205
0.3	14.2575
0.3	-131.244
0.3	3.78107
0.3	-54.4004
0.3	-12.3293
0.3	-57.7675
0.3	122.613
0.3	76.6837
0.3	33.749
0.3	37.2798
0.3	28.7722
0.3	-80.812
0.3	21.8859
0.3	-135.281
0.3	9.13567
0.3	149.997
0.3	85.4443
0.3	-44.3053
0.3	38.2482
0.3	95.8982
0.3	-39.3208
0.3	58.4761
0.3	-168.722
0.3	-72.6825
0.3	11.8404
0.3	-98.7951
0.3	-74.7742
0.3	-51.7969
0.3	-35.6802
0.3	-27.082
0.3	-27.305
0.3	-8.62677
0.3	-71.5641
0.3	-75.6462
0.3	-13.7019
0.3	63.2579
0.3	-22.2308
0.3	65.7996
0.3	151.437
0.3	57.4064
0.3	115.907
0.3	-85.0858
0.3	96.7101
0.3	-56.546
0.3	-43.1077
0.3	127.748
0.3	-13.1153
0.3	65.2411
0.3	-9.82688
0.3	-19.2156
0.3	20.6406
0.3	133.915
0.3	135.064
0.3	-49.3185
0.3	94.0727
0.3	19.5785
0.3	-118.355
0.3	-46.9153
0.3	-172.845
0.3	-92.7357
0.3	-73.3363
0.3	147.965
0.3	-178.672
0.3	-26.4919
0.3	-179.796
0.3	120.06
0.3	-90.9502
0.3	-117.378
0.3	-79.0153
0.3	112.118
0.3	128.371
0.3	14.7392
0.3	114.632
0.3	-133.402
0.3	85.0569
0.3	68.131
0.3	151.953
0.3	-133.688
0.3	28.8868
0.3	150.274
0.3	179.27
0.3	69.2434
0.3	30.9884
0.3	106.147
0.3	-54.5575
0.3	145.354
0.3	80.0036
0.3	-20.4963
0.3	3.71817
0.3	-102.849
0.3	147.773
0.3	-39.9141
0.3	-154.049
0.3	178.686
0.3	-133.347
0.3	3.94596
0.3	-56.0864
0.3	-86.178
0.3	-39.0377
0.3	-152.311
0.3	-39.6047
0.3	-140.23
0.3	130.605
0.3	4.06153
0.3	14.1461
0.3	83.0866
0.3	-74.8452
0.3	-103.852
0.3	-113.075
0.3	-148.824
0.3	-9.50115
0.3	18.5413
0.3	-8.61915
0.3	39.8747
0.3	-41.258
0.3	-174.727
0.3	-34.1711
0.3	-101.969
0.3	-16.3949
0.3	8.87364
0.3	141.317
0.3	134.494
0.3	43.645
0.3	-129.158
0.3	-116.904
0.3	-138.617
0.3	-72.2949
0.3	-107.345
0.3	138.74
0.3	-24.016
0.3	-51.0014
0.3	38.5583
0.3	130.156
0.3	-57.4554
0.3	32.4349
0.3	117.669
0.3	121.432
0.3	71.0047
0.3	6.36132
0.3	107.567
0.3	4.9431
0.3	-11.7381
0.3	86.0839
0.3	104.875
0.3	88.1801
0.3	64.7203
0.3	20.8261
0.3	-169.507
0.3	-27.151
0.3	-44.4907
0.3	-109.026
0.3	-95.3674
0.3	121.58
0.3	31.318
0.3	-90.2722
0.3	134.256
0.3	157.398
0.3	-0.53549
0.3	159.23
0.3	13.9016
0.3	-18.2344
0.3	-48.3496
0.3	-123.738
0.3	-176.024
0.3	151.917
0.3	-5.04766
0.3	-163.228
0.3	-59.5593
0.3	177.055
0.3	-154.256
0.3	-147.766
0.3	-143.616
0.3	-111.544
0.3	80.7989
0.3	-157.623
0.3	134.889
0.3	-6.78774
0.3	25.1289
0.3	-29.4655
0.3	27.7834
0.3	-22.5922
0.3	76.9434
0.3	-131.649
0.3	-113.68
0.3	163.069
0.3	-124.43
0.3	-102.863
0.3	-84.4096
0.3	157.142
0.3	-99.8036
0.3	-139.666
0.3	-27.3583
0.3	-173.892
0.3	36.4712
0.3	-47.9497
0.3	-101.026
0.3	146.739
0.3	-101.672
0.3	27.319
0.3	-80.343
0.3	126.367
0.3	-121.881
0.3	69.2167
0.3	-32.1591
0.3	-83.9888
0.3	54.3864
0.3	-11.9297
0.3	-15.984
0.3	9.51024
0.3	-63.5606
0.3	164.433
0.3	-15.7786
0.3	102.225
0.3	133.291
0.3	-146.245
0.3	26.2322
0.3	158.334
0.3	46.2689
0.3	54.9621
0.3	168.805
0.3	-61.2993
0.3	53.0883
0.3	4.25021
0.3	97.2603
0.3	141.223
0.3	-13.7767
0.3	-156.367
0.3	158.79
0.3	108.002
0.3	164.227
0.3	-87.5908
0.3	139.807
0.3	38.7234
0.3	-0.818754
0.3	58.2639
0.3	155.051
0.3	122.511
0.3	-54.0385
0.3	-76.6511
0.3	126.2
0.3	-66.8964
0.3	50.5088
0.3	-20.7735
0.3	113.411
0.3	167.45
0.3	-32.8804
0.3	15.1726
0.3	166.966
0.3	-45.5603
0.3	-60.8186
0.3	96.6142
0.3	-18.9256
0.3	67.7513
0.3	177.033
0.3	-33.0211
0.3	52.8313
0.3	-47.7622
0.3	11.2133
0.3	-8.72456
0.3	-31.4891
0.3	-62.9964
0.3	105.542
0.3	-65.3729
0.3	36.1263
0.3	-12.4873
0.3	29.1448
0.3	-108.776
0.3	130.261
0.3	-25.1935
0.3	-132.018
0.3	-144.59
0.3	109.353
0.3	-169.907
0.3	-91.014
0.3	124.21
0.3	-138.041
0.3	170.975
0.3	-55.5848
0.3	168.242
0.3	-73.6153
0.3	128.344
0.3	-70.8074
0.3	31.9745
0.3	-61.9255
0.3	-52.0675
0.3	109.546
0.3	-19.0895
0.3	-53.6176
0.3	-103.698
0.3	-2.0283
0.3	176.261
0.3	140.429
0.3	147.397
0.3	146.248
0.3	10.9763
0.3	-143.196
0.3	169.375
0.3	-48.7257
0.3	147.054
0.3	35.3986
0.3	-11.2933
0.3	106.978
0.3	106.893
0.3	140.409
0.3	36.9775
0.3	19.6196
0.3	-76.3517
0.3	155.496
0.3	105.879
0.3	91.887
0.3	30.5265
0.3	44.6495
0.3	110.501
0.3	6.49734
0.3	141.796
0.3	159.206
0.3	2.39869
0.3	8.65069
0.3	167.023
0.3	-101.914
0.3	-81.7867
0.3	90.5
0.3	29.3165
0.3	64.2619
0.3	-86.8808
0.3	69.2247
0.3	80.0578
0.3	95.0448
0.3	-93.465
0.3	-14.431
0.3	40.8729
0.3	-33.9955
0.3	-99.8652
0.3	123.714
0.3	136.829
0.3	-52.3805
0.3	29.3556
0.3	106.822
0.3	68.4352
0.3	16.6639
0.3	81.4607
0.3	-133.954
0.3	-89.8742
0.3	177.821
0.3	40.3706
0.3	103.488
0.3	-98.5436
0.3	-69.899
0.3	-176.955
0.3	-63.9737
0.3	-45.041
0.3	163.479
0.3	-112.376
0.3	147.981
0.3	-68.0427
0.3	81.0803
0.3	136.488
0.3	105.756
0.3	-156.703
0.3	-167.134
0.3	143.736
0.3	150.54
0.3	11.1321
0.3	-143.151
0.3	138.776
0.3	-178.908
0.3	-104.109
0.3	-127.15
0.3	140.896
0.3	40.7809
0.3	147.687
0.3	-106.321
0.3	-31.918
0.3	99.516
0.3	-122.09
0.3	-102.682
0.3	69.7191
0.3	168.342
0.3	2.08886
0.3	48.9541
0.3	126.043
0.3	9.48933
0.3	-89.9634
0.3	168.649
0.3	-90.8527
0.3	33.5577
0.3	18.5959
0.3	81.1553
0.3	-101.035
0.3	-93.5066
0.3	85.3103
0.3	26.8338
0.3	86.2451
0.3	-166.862
0.3	-3.47426
0.3	123.013
0.3	36.965
0.3	113.923
0.3	47.3341
0.3	-97.4661
0.3	-41.0054
0.3	90.9337
0.3	7.77476
0.3	6.92967
0.3	11.8213
0.3	-143.133
0.3	29.7372
0.3	103.841
0.3	139.35
0.3	124.272
0.3	-49.4114
0.3	172.489
0.3	122.411
0.3	-155.769
0.3	-147.911
0.3	-95.915
0.3	-29.3835
0.3	-71.9228
0.3	-62.145
0.3	35.1662
0.3	-105.685
0.3	-105.461
0.3	-153.55
0.3	26.0968
0.3	-176.441
0.3	-155.812
0.3	114.273
0.3	105.854
0.3	-12.3143
0.3	89.5182
0.3	-173.906
0.3	128.653
0.3	153.464
0.3	35.3898
0.3	-85.739
0.3	91.9732
0.3	-84.2098
0.3	-179.749
0.3	-1.01392
0.3	165.558
0.3	103.748
0.3	47.9109
0.3	96.1758
0.3	-48.4201
0.3	91.3487
0.3	-125.672
0.3	11.5361
0.3	156.571
0.3	146.796
0.3	94.032
0.3	-129.294
0.3	162.753
0.3	153.741
0.3	-51.3659
0.3	2.07476
0.3	50.2118
0.3	7.62055
0.3	-146.942
0.3	-72.0888
0.3	-101.747
0.3	-12.9594
0.3	15.8235
0.3	-176.344
0.3	5.98628
0.3	-47.3481
0.3	160.453
0.3	65.1272
0.3	156.344
0.3	83.9673
0.3	163.441
0.3	130.055
0.3	-32.4762
0.3	-16.8615
0.3	-54.4582
0.3	-79.9256
0.3	25.0451
0.3	37.1156
0.3	-12.6211
0.3	93.2195
0.3	-62.5712
0.3	135.687
0.3	-61.7228
0.3	62.213
0.3	-11.5439
0.3	167.436
0.3	-128.659
0.3	55.3081
0.3	-160.831
0.3	99.3986
0.3	-6.22005
0.3	-4.45322
0.3	-87.4353
0.3	-165.241
0.3	8.75311
0.3	-8.50204
0.3	88.9211
0.3	-22.6764
0.3	-179.026
0.3	115.14
0.3	-65.01
0.3	138.013
0.3	126.431
0.3	-176.957
0.3	169.978
0.3	166.338
0.3	27.3905
0.3	-59.7788
0.3	67.718
0.3	14.1156
0.3	-40.4446
0.3	-95.7482
0.3	45.4927
0.3	-178.447
0.3	-0.437012
0.3	99.1003
0.3	136.011
0.3	-61.8324
0.3	156.057
0.3	25.7251
0.3	-134.068
0.3	-170.978
0.3	147.129
0.3	-173.594
0.3	-98.5529
0.3	104.148
0.3	114.048
0.3	73.983
0.3	-114.085
0.3	-12.1509
0.3	134.708
0.3	2.33884
0.3	-164.769
0.3	-74.6793
0.3	89.9012
0.3	-93.6603
0.3	-115.667
0.3	89.4104
0.3	129.174
0.3	126.379
0.3	-90.4975
0.3	148.393
0.3	-12.9153
0.3	-117.29
0.3	85.3316
0.3	2.01419
0.3	-96.5373
0.3	59.1107
0.3	-10.9124
0.3	138.055
0.3	87.9872
0.3	-157.42
0.3	64.0878
0.3	5.45187
0.3	-16.8728
0.3	141.879
0.3	-39.9188
0.3	12.2863
0.3	156.519
0.3	98.1701
0.3	-57.5147
0.3	-53.272
0.3	-154.113
0.3	-75.7537
0.3	160.924
0.3	-84.9215
0.3	-154.165
0.3	143.324
0.3	118.201
0.3	-63.221
0.3	-80.2554
0.3	-32.9908
0.3	-69.3564
0.3	146.852
0.3	115.115
0.3	97.6663
0.3	114.98
0.3	-131.483
0.3	-60.1909
0.3	-105.712
0.3	-46.0417
0.3	-98.8252
0.3	74.8178
0.3	-86.3106
0.3	149.275
0.3	-40.4323
0.3	87.547
0.3	-112.763
0.3	-109.241
0.3	-62.4196
0.3	138.609
0.3	-54.5241
0.3	179.164
0.3	-33.6805
0.3	18.4968
0.3	-129.211
0.3	-32.4926
0.3	-89.2031
0.3	106.167
0.3	-179.944
0.3	6.97068
0.3	-147.204
0.3	-97.5627
0.3	169.807
0.3	119.317
0.3	-28.136
0.3	-36.9822
0.3	-138.876
0.3	170.098
0.3	0.111633
0.3	156.017
0.3	89.2934
0.3	128.346
0.3	103.594
0.3	-44.4357
0.3	96.9864
0.3	52.409
0.3	-157.976
0.3	121.346
0.3	-11.6843
0.3	59.8761
0.3	-3.38499
0.3	93.7155
0.3	28.8353
0.3	68.5583
0.3	-156.153
0.3	132.805
0.3	-177.576
0.3	149.503
0.3	-94.5408
0.3	-151.586
0.3	-140.797
0.25	80.1154
0.25	-48.4923
0.25	-156.511
0.25	-47.235
0.25	173.155
0.25	-43.2921
0.25	60.4642
0.25	-39.7127
0.25	61.6914
0.25	-34.6993
0.25	-149.537
0.25	-37.097
0.25	74.8003
0.25	-83.2766
0.25	-0.0757925
0.25	-68.4834
0.25	36.2075
0.25	-60.3106
0.25	-163.811
0.25	43.86
0.25	9.37205
0.25	-122.594
0.25	74.8497
0.25	0.724268
0.25	127.477
0.25	19.1635
0.25	-152.319
0.25	-48.9217
0.25	-3.58113
0.25	75.8762
0.25	152.706
0.25	66.9282
0.25	-44.2133
0.25	-2.04062
0.25	-109.816
0.25	-20.8263
0.25	105.825
0.25	-122.941
0.25	159.589
0.25	-3.58285
0.25	39.0779
0.25	130.023
0.25	-56.4291
0.25	22.202
0.25	-108.062
0.25	-132.818
0.25	112.348
0.25	-142.7
0.25	81.9643
0.25	151.083
0.25	170.405
0.25	40.7866
0.25	-57.1287
0.25	-54.5161
0.25	138.014
0.25	146.904
0.25	73.0586
0.25	-171.462
0.25	-97.8749
0.25	-153.522
0.25	152.445
0.25	-109.038
0.25	-33.9893
0.25	-44.9507
0.25	-52.3046
0.25	-97.2701
0.25	160.547
0.25	42.8902
0.25	158.173
0.25	133.029
0.25	126.631
0.25	-97.3512
0.25	138.697
0.25	-10.3115
0.25	-81.1104
0.25	-18.8121
0.25	-50.4871
0.25	46.0597
0.25	-152.953
0.25	130.5
0.25	-54.664
0.25	108.547
0.25	-80.4932
0.25	91.9058
0.25	-150.272
0.25	72.3784
0.25	-54.1254
0.25	-33.0388
0.25	97.4873
0.25	-24.2262
0.25	47.9969
0.25	88.4329
0.25	44.3082
0.25	178.645
0.25	35.6597
0.25	27.3625
0.25	-127.655
0.25	-66.6147
0.25	-65.8804
0.25	-161.478
0.25	-17.5115
0.25	-112.427
0.25	-47.1898
0.25	170.784
0.25	126.179
0.25	123.592
0.25	-57.084
0.25	176.21
0.25	-90.6506
0.25	-162.24
0.25	74.6459
0.25	-14.0964
0.25	-159.421
0.25	-130.519
0.25	-44.138
0.25	89.8152
0.25	-25.663
0.25	-149.426
0.25	101.806
0.25	-40.0217
0.25	-98.084
0.25	10.9581
0.25	88.4096
0.25	34.502
0.25	125.652
0.25	59.6128
0.25	160.557
0.25	-33.698
0.25	-46.7207
0.25	55.1213
0.25	159.725
0.25	135.147
0.25	147.159
0.25	-130.811
0.25	-150.638
0.25	-164.075
0.25	139.619
0.25	-3.9994
0.25	109.724
0.25	-8.47521
0.25	84.1082
0.25	146.253
0.25	104.434
0.25	123.727
0.25	-88.429
0.25	151.144
0.25	178.071
0.25	-170.018
0.25	25.4539
0.25	-164.574
0.25	117.225
0.25	-51.4841
0.25	143.862
0.25	-150.327
0.25	86.9484
0.25	160.205
0.25	119.627
0.25	-142.782
0.25	-93.5027
0.25	138.71
0.25	-129.954
0.25	-132.954
0.25	-94.4805
0.25	168.028
0.25	10.5487
0.25	-108.141
0.25	-26.31
0.25	13.5627
0.25	36.7058
0.25	-106.7
0.25	-144.505
0.25	-136.558
0.25	-51.4312
0.25	-64.8805
0.25	-16.6956
0.25	-129.561
0.25	-162.313
0.25	-125.787
0.25	-4.49779
0.25	54.7299
0.25	64.5874
0.25	-75.7515
0.25	-101.857
0.25	27.8605
0.25	138.881
0.25	-152.294
0.25	-151.914
0.25	75.6101
0.25	-53.5887
0.25	-68.0917
0.25	-151.167
0.25	-126.999
0.25	63.5641
0.25	26.4712
0.25	131.001
0.25	-155.971
0.25	-62.4596
0.25	19.254
0.25	-133.952
0.25	161.093
0.25	21.9222
0.25	160.461
0.25	-17.196
0.25	76.0014
0.25	43.8034
0.25	106.586
0.25	106.208
0.25	-160.123
0.25	-176.284
0.25	68.1324
0.25	-86.6636
0.25	28.176
0.25	-175.911
0.25	157.216
0.25	-89.6076
0.25	-32.8173
0.25	127.425
0.25	-41.5558
0.25	169.913
0.25	178.227
0.25	-122.286
0.25	19.0976
0.25	-171.325
0.25	113.469
0.25	109.735
0.25	123.195
0.25	-30.28
0.25	71.9941
0.25	-11.754
0.25	-153.121
0.25	-45.879
0.25	134.133
0.25	102.066
0.25	-47.8225
0.25	78.4306
0.25	-166.344
0.25	159.757
0.25	-31.0233
0.25	39.1472
0.25	-96.9955
0.25	65.9563
0.25	-89.4657
0.25	-4.26356
0.25	16.0071
0.25	-174.763
0.25	77.2834
0.25	107.566
0.25	-126.662
0.25	-127.588
0.25	179.531
0.25	-16.0848
0.25	36.9551
0.25	-30.1432
0.25	-149.58
0.25	4.68389
0.25	168.919
0.25	60.0635
0.25	21.549
0.25	15.56
0.25	-11.7798
0.25	-105.905
0.25	-85.0761
0.25	-35.6361
0.25	92.5559
0.25	-156.059
0.25	177.074
0.25	24.6649
0.25	86.1779
0.25	-21.1564
0.25	13.9318
0.25	164.823
0.25	-11.1992
0.25	46.5117
0.25	109.67
0.25	-29.7489
0.25	-95.8076
0.25	166.569
0.25	-24.6204
0.25	8.81561
0.25	-55.0947
0.25	25.7119
0.25	-132.743
0.25	61.1833
0.25	-7.03529
0.25	-107.329
0.25	58.2197
0.25	-168.628
0.25	-108.474
0.25	-79.2082
0.25	116.674
0.25	-128.144
0.25	-13.1685
0.25	-101.73
0.25	-71.0163
0.25	72.8732
0.25	45.61
0.25	149.841
0.25	7.74256
0.25	-163.643
0.25	113.876
0.25	-176.213
0.25	-151.953
0.25	26.8174
0.25	-135.748
0.25	143.182
0.25	61.8522
0.25	-5.49359
0.25	37.7783
0.25	69.8036
0.25	32.0237
0.25	128.719
0.25	62.2488
0.25	-82.1825
0.25	-27.4417
0.25	147.187
0.25	-16.0676
0.25	-140.15
0.25	171.166
0.25	-50.3895
0.25	94.009
0.25	-18.0198
0.25	164.978
0.25	62.4505
0.25	67.7013
0.25	-45.8137
0.25	-133.246
0.25	-113.008
0.25	-6.43726
0.25	-67.598
0.25	124.944
0.25	-42.1234
0.25	171.207
0.25	-144.727
0.25	-21.3309
0.25	-75.9476
0.25	-95.9004
0.25	124.892
0.25	-71.8491
0.25	27.8403
0.25	56.7195
0.25	-44.5019
0.25	-15.0232
0.25	4.68391
0.25	-120.683
0.25	19.9409
0.25	143.323
0.25	-154.305
0.25	49.0498
0.25	-156.185
0.25	-175.88
0.25	34.489
0.25	35.7536
0.25	-160.487
0.25	116.766
0.25	9.52197
0.25	-115.727
0.25	-24.5051
0.25	30.6492
0.25	-43.1774
0.25	-115.7
0.25	19.9934
0.25	52.2298
0.25	105.48
0.25	-103.436
0.25	-143.439
0.25	-65.6654
0.25	-71.4099
0.25	-17.8679
0.25	67.2148
0.25	-104.848
0.25	175.534
0.25	-140.98
0.25	-37.644
0.25	-4.63295
0.25	-19.5233
0.25	-115.96
0.25	7.15857
0.25	-12.8218
0.25	52.0916
0.25	-45.321
0.25	-8.57299
0.25	-133.375
0.25	-22.2657
0.25	26.6448
0.25	-49.2378
0.25	-110.737
0.25	-179.782
0.25	-4.6914
0.25	-132.529
0.25	-157.658
0.25	-98.656
0.25	1.06784
0.25	8.114
0.25	-86.5581
0.25	139.563
0.25	-35.607
0.25	91.3139
0.25	53.1265
0.25	-124.817
0.25	-148.372
0.25	-87.6718
0.25	69.4532
0.25	-89.5436
0.25	99.5768
0.25	5.91257
0.25	124.789
0.25	-5.81763
0.25	60.0536
0.25	-103.85
0.25	-153.221
0.25	-161.658
0.25	-39.8521
0.25	133.96
0.25	60.851
0.25	114.308
0.25	139.336
0.25	-62.3381
0.25	171.594
0.25	-158.291
0.25	8.17978
0.25	-36.8038
0.25	-60.6552
0.25	147.974
0.25	45.0036
0.25	129.333
0.25	29.0311
0.25	-173.68
0.25	-40.5627
0.25	-60.8131
0.25	-127.68
0.25	-96.7341
0.25	104.865
0.25	34.5958
0.25	171.32
0.25	-12.0017
0.25	80.7626
0.25	-137.664
0.25	51.304
0.25	12.6775
0.25	-173.839
0.25	39.0752
0.25	25.4743
0.25	-108.67
0.25	58.6736
0.25	-99.9932
0.25	105.38
0.25	-25.0956
0.25	-91.2432
0.25	100.173
0.25	139.483
0.25	164.652
0.25	-18.1413
0.25	-67.3471
0.25	-94.592
0.25	52.0782
0.25	-157.341
0.25	-173.509
0.25	-162.525
0.25	-169.702
0.25	-107.62
0.25	-147.085
0.25	-113.416
0.25	-47.8766
0.25	-140.398
0.25	54.5104
0.25	-101.095
0.25	-124.279
0.25	151.991
0.25	-68.9178
0.25	-56.3456
0.25	82.1981
0.25	169.245
0.25	113.248
0.25	-147.679
0.25	76.2189
0.25	158.645
0.25	-100.576
0.25	-0.165765
0.25	-25.6126
0.25	106.818
0.25	-142.726
0.25	49.858
0.25	-31.0961
0.25	-99.4731
0.25	-67.2982
0.25	-29.5686
0.25	-11.6429
0.25	123.244
0.25	-123.135
0.25	-156.267
0.25	-101.883
0.25	14.7508
0.25	-109.897
0.25	-141.608
0.25	110.39
0.25	40.9413
0.25	10.1372
0.25	155.051
0.25	-122.5
0.25	12.802
0.25	45.9085
0.25	154.779
0.25	-92.4011
0.25	-142.532
0.25	154.153
0.25	135.791
0.25	-0.97879
0.25	-72.8415
0.25	95.6562
0.25	-1.56659
0.25	3.99451
0.25	44.2944
0.25	35.1111
0.25	-42.633
0.25	131.936
0.25	149.303
0.25	-59.4325
0.25	-118.475
0.25	132.573
0.25	-79.025
0.25	-15.5442
0.25	157.889
0.25	-114.478
0.25	111.615
0.25	93.9416
0.25	-58.1354
0.25	74.36
0.25	60.2371
0.25	-124.444
0.25	-64.7261
0.25	92.5934
0.25	83.9459
0.25	61.3312
0.25	-134.658
0.25	-112.924
0.25	-122.542
0.25	149.535
0.25	-158.88
0.25	2.74672
0.25	-163.193
0.25	-113.477
0.25	155.99
0.25	112.519
0.25	-135.116
0.25	-130.967
0.25	-40.3039
0.25	-14.5081
0.25	-84.0271
0.25	-122.139
0.25	-12.4654
0.25	-82.9736
0.25	-78.3055
0.25	-148.449
0.25	-128.244
0.25	-14.1641
0.25	79.7609
0.25	-25.5031
0.25	-101.672
0.25	-8.37323
0.25	43.7238
0.25	21.8476
0.25	28.1929
0.25	128.925
0.25	-160.655
0.25	165.391
0.25	34.0849
0.25	-115.961
0.25	-166.036
0.25	104.133
0.25	-69.1432
0.25	84.4116
0.25	58.7582
0.25	119.687
0.25	36.8615
0.25	43.6804
0.25	152.836
0.25	149.087
0.25	-79.8972
0.25	-148.568
0.25	-64.1434
0.25	-52.7057
0.25	67.0702
0.25	156.653
0.25	-110.838
0.25	1.51714
0.25	-49.9419
0.25	-66.3535
0.25	-131.602
0.25	-48.1804
0.25	66.4041
0.25	-135.303
0.25	94.2828
0.25	-108.097
0.25	159.588
0.25	-24.9363
0.25	-22.3434
0.25	-70.3368
0.25	-69.4553
0.25	-60.4014
0.25	-155.55
0.25	-106.684
0.25	-169.715
0.25	-110.679
0.25	71.6336
0.25	-167.629
0.25	1.72634
0.25	158.889
0.25	115.561
0.25	-16.5841
0.25	0.0301255
0.25	27.0979
0.25	-46.7471
0.25	-115.397
0.25	-138.959
0.25	16.0001
0.25	93.2367
0.25	-7.74942
0.25	110.793
0.25	-78.6199
0.25	-142.27
0.25	115.982
0.25	64.9343
0.25	-36.1161
0.25	-86.2565
0.25	-112.878
0.25	146.899
0.25	-106.707
0.25	-35.891
0.25	-46.1898
0.25	57.4318
0.25	-136.15
0.25	124.285
0.25	55.7232
0.25	-11.8186
0.25	-152.454
0.25	45.883
0.25	-156.574
0.25	-58.8882
0.25	41.3945
0.25	-146.519
0.25	-8.83416
0.25	-68.2297
0.25	157.769
0.25	19.8516
0.25	-104.288
0.25	-63.8191
0.25	109.774
0.25	-63.85
0.25	102.285
0.25	-111.209
0.25	-127.44
0.25	-105.542
0.25	-177.221
0.25	106.106
0.25	-23.2808
0.25	165.907
0.25	137.59
0.25	-143.92
0.25	-20.5977
0.25	-81.3386
0.25	-134.967
0.25	-109.095
0.25	-177.105
0.25	40.0475
0.25	119.541
0.25	159.623
0.25	-77.1914
0.25	164.184
0.25	52.3391
0.25	-95.4864
0.25	-93.7238
0.25	-128.289
0.25	-36.8503
0.25	-49.5253
0.25	3.05513
0.25	24.392
0.25	-170.224
0.25	-152.093
0.25	-157.232
0.25	-107.338
0.25	3.28366
0.25	-153.006
0.25	-14.6319
0.25	-89.5712
0.25	-8.37717
0.25	-91.9983
0.25	-77.3775
0.25	172.102
0.25	-15.8421
0.25	39.8462
0.25	35.0319
0.25	-83.1827
0.25	46.534
0.25	-146.076
0.25	8.09226
0.25	80.1799
0.25	-177.236
0.25	-50.0861
0.25	-77.7101
0.25	-158.313
0.25	80.86
0.25	-101.886
0.25	-32.2471
0.25	30.158
0.25	-179.76
0.25	-43.759
0.25	-101.388
0.25	-118.542
0.25	76.6886
0.25	158.621
0.25	-110.731
0.25	55.0899
0.25	-113.699
0.25	110.853
0.25	-49.4071
0.25	4.42565
0.25	19.9407
0.25	152.647
0.25	176.501
0.25	-110.883
0.25	31.794
0.25	-110.548
0.25	125.874
0.25	-11.7855
0.25	164.823
0.25	30.3291
0.25	77.0297
0.25	-120.412
0.25	-145.474
0.25	-19.8925
0.25	82.8164
0.25	-38.6068
0.25	19.627
0.25	108.646
0.25	176.467
0.25	44.8549
0.25	82.6283
0.25	-50.7083
0.25	-20.421
0.25	-41.8622
0.25	-59.562
0.25	47.112
0.25	-59.4042
0.25	-142.528
0.25	134.999
0.25	13.2608
0.25	-14.0414
0.25	68.8941
0.25	61.0561
0.25	64.3308
0.25	-155.5
0.25	125.988
0.25	8.86264
0.25	18.4486
0.25	70.0669
0.25	-100.743
0.25	120.327
0.25	44.3232
0.25	-2.34133
0.25	-11.5454
0.25	-113.061
0.25	71.0689
0.25	-170.539
0.25	30.1308
0.25	42.5752
0.25	-47.1612
0.25	-176.968
0.25	65.5137
0.25	82.3104
0.25	-172.672
0.25	-111.52
0.25	-5.42912
0.25	-88.9397
0.25	148.722
0.25	21.7763
0.25	-156.747
0.25	46.7162
0.25	-1.04575
0.25	87.4643
0.25	-160.118
0.25	63.5628
0.25	-134.27
0.25	-156.01
0.25	-178.36
0.25	59.4464
0.25	-76.4266
0.25	-13.6073
0.25	178.993
0.25	-18.9822
0.25	-169.527
0.25	76.796
0.25	81.9578
0.25	158.925
0.25	72.8425
0.25	-149.407
0.25	76.5815
0.25	-137.382
0.25	-144.94
0.25	-163.709
0.25	2.84124
0.25	31.2044
0.25	13.2086
0.25	-177.067
0.25	63.7303
0.25	137.405
0.25	-121.498
0.25	-168.31
0.25	-178.633
0.25	135.761
0.25	155.592
0.25	-1.73127
0.25	19.5431
0.25	-150.681
0.25	79.9349
0.25	-151.2
0.25	119.307
0.25	100.747
0.25	-107.607
0.25	-139.47
0.25	69.402
0.25	101.445
0.25	152.886
0.25	-108.589
0.25	-170.142
0.25	-140.845
0.25	-178.735
0.25	-1.87804
0.25	-143.583
0.25	-45.5911
0.25	-46.8499
0.25	-92.9049
0.25	146.414
0.25	108.405
0.25	123.506
0.25	13.1243
0.25	54.5048
0.25	61.5152
0.25	-92.0939
0.25	141.176
0.25	4.55912
0.25	-121.497
0.25	-130.192
0.25	-163.795
0.25	-98.3675
0.25	115.784
0.25	109.208
0.25	-97.2541
0.25	-154.559
0.25	28.3715
0.25	-112.894
0.25	-141.598
0.25	19.4726
0.25	30.2618
0.25	-146.038
0.25	89.3048
0.25	76.9237
0.25	88.2181
0.25	-155.857
0.25	179.938
0.25	56.0255
0.25	-64.314
0.25	-16.0431
0.25	13.0748
0.25	3.30264
0.25	-100.266
0.25	-74.4268
0.25	79.4666
0.25	84.5175
0.25	-168.304
0.25	-12.9893
0.25	156.241
0.25	36.2272
0.25	-107.312
0.25	-2.25402
0.25	1.73708
0.25	31.1743
0.25	102.037
0.25	-129.703
0.25	95.8293
0.25	-94.8032
0.25	13.9763
0.25	110.985
0.25	-62.8075
0.25	169.87
0.25	-148.761
0.25	129.47
0.25	27.0656
0.25	-45.8602
0.25	124.204
0.25	-80.0584
0.25	-80.6305
0.25	-129.111
0.25	-16.4225
0.25	138.805
0.25	52.3694
0.25	-179.047
0.25	-174.238
0.25	27.9899
0.25	135.82
0.25	-40.9522
0.25	-51.5896
0.25	61.7207
0.25	72.6373
0.25	12.3087
0.25	83.5115
0.25	-11.233
0.25	143.61
0.25	57.2224
0.25	159.944
0.25	77.9496
0.25	-166.919
0.25	174.62
0.25	18.683
0.25	125.193
0.25	-73.0256
0.25	45.2413
0.25	-169.816
0.25	148.248
0.25	141.193
0.25	-121.981
0.25	-92.0236
0.25	-54.3465
0.25	-98.0536
0.25	11.5916
0.25	75.1007
0.25	-55.0479
0.25	-117.796
0.25	94.8048
0.25	28.0962
0.25	66.5881
0.25	31.6811
0.25	-56.5954
0.25	-24.2516
0.25	176.882
0.25	30.4394
0.25	-86.3106
0.25	128.201
0.25	7.94987
0.25	-130.93
0.25	-126.089
0.25	128.146
0.25	96.4739
0.25	147.277
0.25	-169.508
0.25	78.9881
0.25	-124.78
0.25	100.029
0.25	166.7
0.25	72.5993
0.25	150.16
0.25	-28.7043
0.25	136.7
0.25	154.095
0.25	-37.9142
0.25	-15.7816
0.25	71.8629
0.25	59.2169
0.25	-177.503
0.25	-166.307
0.25	104.133
0.25	-107.047
0.25	90.9311
0.25	0.393426
0.25	-173.284
0.25	30.2834
0.25	-72.4487
0.25	-80.3018
0.25	-30.4345
0.25	156.227
0.25	-6.30027
0.25	68.0995
0.25	-47.5471
0.25	69.2296
0.25	160.237
0.25	18.2064
0.25	-147.349
0.25	-7.66683
0.25	151.374
0.25	-144.917
0.25	-3.83426
0.25	89.5899
0.25	117.887
0.25	111.18
0.25	117.775
0.25	59.7874
0.25	165.16
0.25	-118.235
0.25	-99.456
0.25	-31.7433
0.25	-138.477
0.25	-161.242
0.25	105.913
0.25	6.64659
0.25	91.0392
0.25	169.757
0.25	112.532
0.25	5.82458
0.25	55.5898
0.25	134.253
0.25	114.141
0.25	24.7692
0.25	-137.414
0.25	71.1447
0.25	169.364
0.25	50.4407
0.25	-58.6244
0.25	178.789
0.25	109.909
0.25	27.741
0.25	126.826
0.25	27.4321
0.25	-84.8346
0.25	-43.3143
0.25	171.529
0.25	151.827
0.25	84.112
0.25	-94.1301
0.25	-27.6159
0.25	56.155
0.25	159.332
0.25	-140.58
0.25	-25.4212
0.25	175.663
0.25	115.584
0.25	-159.58
0.25	-157.679
0.25	97.0675
0.25	170.361
0.25	4.48809
0.25	33.6305
0.25	76.2348
0.25	-88.3997
0.25	-47.9236
0.25	-0.20079
0.25	103.726
0.25	-130.42
0.25	105.226
0.25	-89.8888
0.25	6.52563
0.25	-115.014
0.25	-167.773
0.25	105.603
0.25	-47.9527
0.25	-47.6291
0.25	25.6766
0.25	-82.1305
0.25	-168.664
0.25	-108.053
0.25	-12.3301
0.25	77.4751
0.25	-49.3312
0.25	-23.8534
0.25	-97.32
0.25	-168.976
0.25	-179.096
0.25	-65.9144
0.25	-51.366
0.25	56.9304
0.25	109.661
0.25	46.351
0.25	-135.866
0.25	139.448
0.25	-89.743
0.25	32.5866
0.25	-73.2977
0.25	-86.5009
0.25	-85.0437
0.25	-105.491
0.25	168.048
0.25	34.4439
0.25	162.063
0.25	56.5422
0.25	-44.8439
0.25	-150.863
0.25	-70.5053
0.25	57.7785
0.25	-119.223
0.25	-176.866
0.25	35.1596
0.25	-89.7342
0.25	-50.9409
0.25	-73.9553
0.25	144.822
0.25	163.962
0.25	45.5595
0.25	-58.5332
0.25	-98.368
0.25	-29.2421
0.25	58.3611
0.25	122.859
0.25	-151.614
0.25	111.272
0.25	-83.3668
0.25	111.115
0.25	121.718
0.25	-147.842
0.25	79.652
0.25	-145.497
0.25	-57.2435
0.25	16.6333
0.25	-111.459
0.25	51.9703
0.25	-3.73877
0.25	-172.986
0.25	34.9779
0.25	142.153
0.25	56.5308
0.25	-128.776
0.25	-91.893
0.25	-142.566
0.25	5.8923
0.25	66.2623
0.25	123.542
0.25	-30.2106
0.25	179.175
0.25	175.811
0.25	-147.687
0.25	-51.5283
0.25	47.4221
0.25	-163.349
0.25	7.94903
0.25	-93.2081
0.25	-153.72
0.25	7.11535
0.25	147.564
0.25	-40.4991
0.25	160.084
0.25	-166.545
0.25	-108.622
0.25	20.1166
0.25	-43.1472
0.25	-97.6949
0.25	-47.0162
0.25	111.953
0.25	-49.7997
0.25	16.2152
0.25	23.4441
0.25	85.5569
0.25	-45.803
0.25	104.14
0.25	67.9017
0.25	165.666
0.25	-19.9191
0.25	136.827
0.25	37.8775
0.25	-28.5608
0.25	166.422
0.25	97.0021
0.25	-115.489
0.25	-38.658
0.25	163.428
0.25	22.251
0.25	160.201
0.25	-49.6358
0.25	50.233
0.25	89.7024
0.25	50.6374
0.25	85.6032
0.25	-0.818837
0.25	-25.3846
0.25	-99.4429
0.25	52.4249
0.25	52.805
0.25	2.41197
0.25	150.412
0.25	49.3417
0.25	143.107
0.25	49.178
0.25	-35.3118
0.25	156.005
0.25	121.885
0.25	-61.502
0.25	120.694
0.25	-114.821
0.25	115.821
0.25	98.651
0.25	-137.553
0.25	76.9333
0.25	29.1879
0.25	-93.5631
0.25	-113.578
0.25	46.5665
0.25	-160.805
0.25	121.207
0.25	91.2169
0.25	-27.4787
0.25	82.3012
0.25	-152.361
0.25	-140.504
0.25	12.8318
0.25	179.36
0.25	-55.3488
0.25	50.7224
0.25	62.7378
0.25	-46.0899
0.25	80.6792
0.25	165.763
0.25	-91.7951
0.25	149.51
0.25	-61.6006
0.25	-145.771
0.25	-0.508351
0.25	-169.347
0.25	-126.821
0.25	142.165
0.25	145.378
0.25	7.86465
0.25	-80.1538
0.25	-2.96001
0.25	-41.6504
0.25	6.1607
0.25	72.635
0.25	-152.617
0.25	170.497
0.25	-154.088
0.25	83.2399
0.25	-48.8065
0.25	49.0704
0.25	70.3922
0.25	-8.44059
0.25	33.7256
0.25	-63.3139
0.25	30.8733
0.25	23.1549
0.25	-34.9384
0.25	138.62
0.25	-37.082
0.25	97.0496
0.25	-104.325
0.25	-89.1798
0.25	-40.1503
0.25	56.8674
0.25	71.6006
0.25	20.2633
0.25	-47.334
0.25	46.473
0.25	-57.4067
0.25	113.725
0.25	123.509
0.25	139.404
0.25	79.9691
0.25	91.6251
0.25	-171.076
0.25	-26.4648
0.25	98.6231
0.25	-69.6352
0.25	-140.513
0.25	9.57253
0.25	125.376
0.25	-155.673
0.25	170.211
0.25	37.9509
0.25	-168.799
0.25	87.3529
0.25	-77.059
0.25	-151.229
0.25	84.9533
0.25	26.1337
0.25	92.8525
0.25	84.9299
0.25	26.7123
0.25	122.77
0.25	-55.3277
0.25	34.3098
0.25	-53.2663
0.25	136.68
0.25	-56.827
0.25	49.8348
0.25	-25.5898
0.25	-132.846
0.25	-15.4859
0.25	168.312
0.25	-84.6449
0.25	-13.8587
0.25	33.6203
0.25	-118.746
0.25	1.97799
0.25	102.714
0.25	167.325
0.25	-30.4711
0.25	-42.8023
0.25	-142.961
0.25	67.3758
0.25	90.7463
0.25	-55.652
0.25	104.328
0.25	-92.3819
0.25	150.594
0.25	-98.652
0.25	44.9186
0.25	-143.844
0.25	-179.453
0.25	-156.176
0.25	159.089
0.25	29.1312
0.25	-164.941
0.25	-138.673
0.25	152.649
0.25	-71.364
0.25	-11.7225
0.25	-150.353
0.25	-125.665
0.25	-66.2736
0.25	145.079
0.25	-156.149
0.25	2.56388
0.25	-122.528
0.25	-118.857
0.25	119.562
0.25	161.382
0.25	61.2074
0.25	-168.596
0.25	34.1512
0.25	-103.097
0.25	-16.7695
0.25	-91.697
0.25	104.826
0.25	43.7628
0.25	136.334
0.25	6.24755
0.25	-63.8214
0.25	-2.59324
0.25	159.202
0.25	-61.5686
0.25	134.269
0.25	-25.1576
0.25	-119.705
0.25	-105.046
0.25	-82.4048
0.25	16.9678
0.25	129.331
0.25	-61.0143
0.25	-32.3906
0.25	-49.9938
0.25	40.5204
0.25	-43.9793
0.25	125.697
0.25	-41.818
0.25	15.1204
0.25	-119.621
0.25	-124.919
0.25	-94.9314
0.25	157.513
0.25	-21.7671
0.25	-51.3311
0.25	40.0497
0.25	71.4555
0.25	80.6005
0.25	153.348
0.25	-5.8019
0.25	162.34
0.25	-24.8281
0.25	104.368
0.25	166.108
0.25	-124.257
0.25	105.063
0.25	112.935
0.25	-136.481
0.25	138.378
0.25	-142.831
0.25	-119.121
0.25	111.002
0.25	54.3247
0.25	75.5734
0.25	-131.149
0.25	-42.6899
0.25	82.0515
0.25	155.78
0.25	171.649
0.25	-102.275
0.25	-76.2023
0.25	117.153
0.25	-82.9342
0.25	5.46874
0.25	-162.498
0.25	85.6887
0.25	114.12
0.25	45.6882
0.25	-74.7735
0.25	83.3202
0.25	110.544
0.25	89.8809
0.25	6.78284
0.25	-72.1156
0.25	140.215
0.25	35.2289
0.25	-153.317
0.25	-179.386
0.25	98.6814
0.25	-128.649
0.25	81.8294
0.25	109.853
0.25	-82.5718
0.25	165.399
0.25	-89.2935
0.25	-18.4783
0.25	46.4127
0.25	-177.86
0.25	-146.327
0.25	28.6051
0.25	56.1715
0.25	-55.6321
0.25	-66.7323
0.25	-156.408
0.25	89.1492
0.25	-3.40062
0.25	122.253
0.25	160.424
0.25	130.291
0.25	-131.746
0.25	-124.894
0.25	77.2568
0.25	12.6148
0.25	167.755
0.25	-21.9525
0.25	-130.228
0.25	139.809
0.25	151.794
0.25	14.8744
0.25	-49.2269
0.25	-134.647
0.25	28.3366
0.25	138.493
0.25	-117.925
0.25	-64.8182
0.25	-98.2551
0.25	-14.4094
0.25	-99.8023
0.25	-143.19
0.25	-118.254
0.25	-111.771
0.25	-37.3611
0.25	143.776
0.25	127.104
0.25	-136.108
0.25	28.6501
0.25	-75.8129
0.25	-87.1159
0.25	-154.639
0.25	-105.169
0.25	15.5525
0.25	22.5859
0.25	-78.0471
0.25	176.36
0.25	132.688
0.25	-70.7571
0.25	-147.51
0.25	-71.3921
0.25	173.15
0.25	112.179
0.25	-143.888
0.25	-132.683
0.25	47.4102
0.25	75.6816
0.25	153.179
0.25	80.8624
0.25	34.5658
0.25	-76.3987
0.25	-104.187
0.25	78.9836
0.25	-167.479
0.25	133.105
0.25	146.955
0.25	126.184
0.25	-115.157
0.25	-152.729
0.25	-11.2413
0.25	-9.90162
0.25	-137.181
0.25	-163.941
0.25	-152.01
0.25	125.071
0.25	67.1684
0.25	-136.961
0.25	-105.935
0.25	132.56
0.25	-92.9883
0.25	60.2898
0.25	-111.069
0.25	113.367
0.25	80.16
0.25	96.6968
0.25	75.9966
0.25	-175.863
0.25	172.576
0.25	26.9781
0.25	-2.54597
0.25	-34.5586
0.25	-74.2737
0.25	73.6182
0.25	-87.2354
0.25	30.161
0.25	86.8951
0.25	91.375
0.25	73.8795
0.25	6.53126
0.25	-137.695
0.25	4.76
0.25	-2.70936
0.25	-51.3506
0.25	83.243
0.25	21.68
0.25	-83.776
0.25	-161.443
0.25	-139.472
0.25	24.268
0.25	-90.7721
0.25	-159.363
0.25	116.389
0.25	87.8657
0.25	-115.617
0.25	-108.564
0.25	-166.629
0.25	103.733
0.25	41.1138
0.25	136.458
0.25	-80.9519
0.25	-2.66565
0.25	136.445
0.25	-21.6704
0.25	-29.087
0.25	-30.519
0.25	154.962
0.25	56.7688
0.25	-112.042
0.25	45.5364
0.25	-140.727
0.25	-50.8756
0.25	40.0121
0.25	-6.37564
0.25	104.415
0.25	-143.984
0.25	-135.453
0.25	44.2996
0.25	-93.889
0.25	156.171
0.25	-15.811
0.25	4.53139
0.25	-163.199
0.25	-3.05351
0.25	-104.198
0.25	-135.95
0.25	-136.37
0.25	169.505
0.25	-48.7244
0.25	-143.239
0.25	173.14
0.25	74.9231
0.25	9.69175
0.25	-133.793
0.25	137.123
0.25	-120.475
0.25	-160.82
0.25	144.268
0.25	171.47
0.25	175.879
0.25	48.7555
0.25	80.0291
0.25	71.5875
0.25	-166.633
0.25	126.177
0.25	105.21
0.25	-107.938
0.25	45.3058
0.25	172.528
0.25	-166.718
0.25	1.6264
0.25	162.545
0.25	-4.87332
0.25	168.615
0.25	-88.8962
0.25	-152.087
0.25	153.619
0.25	-109.167
0.25	-53.9181
0.25	165.381
0.25	-8.53778
0.25	-123.408
0.25	-165.605
0.25	104.333
0.25	51.0945
0.25	-108.71
0.25	-109.245
0.25	4.50502
0.25	-177.974
0.25	114.363
0.25	41.5121
0.25	-23.6638
0.25	10.4171
0.25	51.7321
0.25	-130.907
0.25	-98.2281
0.25	-161.454
0.25	-159.358
0.25	87.0779
0.25	-162.318
0.25	-106.814
0.25	-3.21722
0.25	102.696
0.25	-12.6127
