pol	setting	phi
0.3	45	-31.5831
0.3	45	-130.261
0.3	45	55.2165
0.3	45	-65.6116
0.3	45	-17.4109
0.3	45	74.0062
0.3	45	135.778
0.3	45	-144.169
0.3	45	-58.2337
0.3	45	-51.7164
0.3	45	159.374
0.3	45	67.4957
0.3	45	-163.665
0.3	45	129.4
0.3	45	-98.4219
0.3	45	132.635
0.3	45	-24.0798
0.3	45	98.6104
0.3	45	-51.264
0.3	45	-178.587
0.3	45	52.1639
0.3	45	-12.5112
0.3	45	-13.4954
0.3	45	-94.7497
0.3	45	-173.087
0.3	45	153.938
0.3	45	62.8127
0.3	45	8.10939
0.3	45	164.686
0.3	45	136.368
0.3	45	91.8071
0.3	45	93.6801
0.3	45	142.937
0.3	45	29.6192
0.3	45	-103.321
0.3	45	-102.617
0.3	45	11.1088
0.3	45	-79.2658
0.3	45	173.635
0.3	45	160.432
0.3	45	-117.376
0.3	45	167.869
0.3	45	56.0667
0.3	45	-71.7296
0.3	45	-63.7819
0.3	45	32.9826
0.3	45	100.888
0.3	45	-99.1951
0.3	45	-38.2701
0.3	45	-54.5421
0.3	45	119.775
0.3	45	-144.063
0.3	45	-69.8173
0.3	45	129.752
0.3	45	41.4564
0.3	45	72.293
0.3	45	-29.4161
0.3	45	-69.8287
0.3	45	-168.513
0.3	45	78.262
0.3	45	159.657
0.3	45	1.31876
0.3	45	139.54
0.3	45	-169.058
0.3	45	116.768
0.3	45	61.1381
0.3	45	-134.284
0.3	45	145.823
0.3	45	73.0204
0.3	45	-50.6477
0.3	45	-163.79
0.3	45	-42.283
0.3	45	146.148
0.3	45	152.036
0.3	45	50.179
0.3	45	86.7303
0.3	45	172.823
0.3	45	-117.098
0.3	45	-138.994
0.3	45	-5.77032
0.3	45	-122.999
0.3	45	-70.3019
0.3	45	-66.155
0.3	45	40.711
0.3	45	90.2885
0.3	45	76.2597
0.3	45	144.432
0.3	45	61.0567
0.3	45	-96.5074
0.3	45	50.4934
0.3	45	12.8316
0.3	45	-120.755
0.3	45	-159.807
0.3	45	-127.986
0.3	45	-91.889
0.3	45	37.352
0.3	45	-109.317
0.3	45	-51.8959
0.3	45	-63.0116
0.3	45	-63.539
0.3	45	42.4332
0.3	45	-100.9
0.3	45	43.9099
0.3	45	97.0158
0.3	45	-150.009
0.3	45	39.0676
0.3	45	-117.017
0.3	45	-167.898
0.3	45	-10.3655
0.3	45	23.0066
0.3	45	70.8236
0.3	45	162.599
0.3	45	147.006
0.3	45	125.594
0.3	45	162.155
0.3	45	156.869
0.3	45	126.109
0.3	45	-143.428
0.3	45	139.53
0.3	45	103.615
0.3	45	72.7731
0.3	45	-124.789
0.3	45	83.4619
0.3	45	28.3606
0.3	45	137.51
0.3	45	57.0527
0.3	45	-39.1954
0.3	45	-100.981
0.3	45	-42.557
0.3	45	-94.1676
0.3	45	-23.4058
0.3	45	61.3861
0.3	45	-179.958
0.3	45	147.45
0.3	45	84.6777
0.3	45	-61.3519
0.3	45	70.8696
0.3	45	-122.1
0.3	45	146.558
0.3	45	-125.938
0.3	45	39.2237
0.3	45	138.686
0.3	45	-126.176
0.3	45	-96.2577
0.3	45	-52.1661
0.3	45	85.2097
0.3	45	150.836
0.3	45	-64.7754
0.3	45	-136.801
0.3	45	-75.9518
0.3	45	65.5006
0.3	45	-73.473
0.3	45	-60.72
0.3	45	-177.663
0.3	45	157.3
0.3	45	13.0864
0.3	45	8.89459
0.3	45	91.5111
0.3	45	133.196
0.3	45	102.864
0.3	45	112.806
0.3	45	178.617
0.3	45	14.374
0.3	45	-90.8734
0.3	45	157.752
0.3	45	-53.9581
0.3	45	-57.2228
0.3	45	61.544
0.3	45	171.13
0.3	45	-73.0233
0.3	45	176.528
0.3	45	-54.209
0.3	45	-80.6328
0.3	45	59.8099
0.3	45	-177.038
0.3	45	43.2206
0.3	45	-38.2539
0.3	45	-171.927
0.3	45	-69.7209
0.3	45	89.0899
0.3	45	-53.6685
0.3	45	21.9807
0.3	45	-135.089
0.3	45	148.123
0.3	45	169.733
0.3	45	59.0804
0.3	45	100.577
0.3	45	-145.895
0.3	45	-130.419
0.3	45	-89.7978
0.3	45	-138.36
0.3	45	-165.071
0.3	45	-43.9978
0.3	45	63.9731
0.3	45	40.4044
0.3	45	-90.1154
0.3	45	162.175
0.3	45	102.866
0.3	45	28.7752
0.3	45	-56.1162
0.3	45	145.643
0.3	45	24.6491
0.3	45	-49.9787
0.3	45	-117.17
0.3	45	-114.793
0.3	45	-88.3789
0.3	45	-53.1236
0.3	45	67.4151
0.3	45	29.4406
0.3	45	-2.76839
0.3	45	32.5017
0.3	45	-80.3282
0.3	45	47.7898
0.3	45	139.692
0.3	45	-16.1275
0.3	45	45.0872
0.3	45	-50.5282
0.3	45	-48.2433
0.3	45	178.192
0.3	45	-43.2645
0.3	45	-48.5534
0.3	45	6.28389
0.3	45	130.723
0.3	45	-117.903
0.3	45	162.2
0.3	45	130.733
0.3	45	-163.682
0.3	45	22.6675
0.3	45	136.953
0.3	45	-101.994
0.3	45	152.138
0.3	45	86.9698
0.3	45	62.4804
0.3	45	53.5075
0.3	45	1.04798
0.3	45	-153.386
0.3	45	-48.7097
0.3	45	140.77
0.3	45	22.2805
0.3	45	84.9712
0.3	45	-48.783
0.3	45	52.8365
0.3	45	-23.5256
0.3	45	62.6769
0.3	45	-3.60321
0.3	45	14.7218
0.3	45	156.608
0.3	45	-128.163
0.3	45	-23.0092
0.3	45	54.3611
0.3	45	-91.0116
0.3	45	-151.441
0.3	45	-86.0002
0.3	45	-47.1429
0.3	45	-115.439
0.3	45	-87.2463
0.3	45	61.676
0.3	45	-91.8775
0.3	45	54.4163
0.3	45	19.1675
0.3	45	128.849
0.3	45	-150.117
0.3	45	146.859
0.3	45	-160.346
0.3	45	164.286
0.3	45	105.808
0.3	45	98.8825
0.3	45	-103.422
0.3	45	30.8448
0.3	45	110.235
0.3	45	-7.36189
0.3	45	3.61805
0.3	45	-17.921
0.3	45	102.842
0.3	45	-100.311
0.3	45	137.524
0.3	45	-139.987
0.3	45	99.9179
0.3	45	-92.0312
0.3	45	45.4478
0.3	45	89.1966
0.3	45	-126.504
0.3	45	11.6668
0.3	45	-24.848
0.3	45	51.0142
0.3	45	154.746
0.3	45	-77.6464
0.3	45	26.4579
0.3	45	61.608
0.3	45	-147.806
0.3	45	156.141
0.3	45	-36.6139
0.3	45	5.13457
0.3	45	-120.066
0.3	45	68.8229
0.3	45	-134.118
0.3	45	-5.45889
0.3	45	139.471
0.3	45	-122.771
0.3	45	121.201
0.3	45	-81.3974
0.3	45	-6.92206
0.3	45	-128.26
0.3	45	92.8827
0.3	45	-164.839
0.3	45	33.2416
0.3	45	-115.922
0.3	45	-108.573
0.3	45	-42.4787
0.3	45	162.273
0.3	45	-178.7
0.3	45	-103.717
0.3	45	171.531
0.3	45	-136.33
0.3	45	124.423
0.3	45	-137.907
0.3	45	87.7101
0.3	45	-98.9022
0.3	45	-103.213
0.3	45	-46.8128
0.3	45	175.351
0.3	45	32.9077
0.3	45	-130.716
0.3	45	-23.0309
0.3	45	129.136
0.3	45	11.1199
0.3	45	-24.94
0.3	45	79.2574
0.3	45	37.9045
0.3	45	0.592267
0.3	45	115.643
0.3	45	-157.067
0.3	45	20.19
0.3	45	118.224
0.3	45	-70.2492
0.3	45	162.73
0.3	45	127.071
0.3	45	-136.293
0.3	45	-165.218
0.3	45	52.4145
0.3	45	-41.103
0.3	45	36.9896
0.3	45	30.7554
0.3	45	70.5036
0.3	45	164.262
0.3	45	70.0385
0.3	45	7.72461
0.3	45	46.0964
0.3	45	64.838
0.3	45	171.527
0.3	45	28.6424
0.3	45	-91.1839
0.3	45	174.838
0.3	45	167.239
0.3	45	-13.7901
0.3	45	21.3359
0.3	45	-125.873
0.3	45	56.5174
0.3	45	37.5316
0.3	45	126.28
0.3	45	45.3817
0.3	45	139.742
0.3	45	0.0502781
0.3	45	13.467
0.3	45	-149.12
0.3	45	125.449
0.3	45	-76.6373
0.3	45	-16.7778
0.3	45	176.663
0.3	45	2.78924
0.3	45	-171.453
0.3	45	-137.153
0.3	45	83.5328
0.3	45	90.8728
0.3	45	-74.4383
0.3	45	-157.61
0.3	45	108.176
0.3	45	68.6511
0.3	45	69.7239
0.3	45	-12.1498
0.3	45	15.6617
0.3	45	-9.96461
0.3	45	149.732
0.3	45	-42.5428
0.3	45	-155.001
0.3	45	25.5504
0.3	45	-84.2089
0.3	45	-40.2801
0.3	45	41.299
0.3	45	91.5402
0.3	45	174.781
0.3	45	-111.232
0.3	45	-139.457
0.3	45	66.9837
0.3	45	153.089
0.3	45	-5.4369
0.3	45	-29.6092
0.3	45	-49.6779
0.3	45	171.807
0.3	45	-25.626
0.3	45	-76.8765
0.3	45	-109.13
0.3	45	-55.3623
0.3	45	173.346
0.3	45	109.555
0.3	45	134.865
0.3	45	-39.0434
0.3	45	-84.4329
0.3	45	-88.5928
0.3	45	-179.393
0.3	45	70.1923
0.3	45	-14.1481
0.3	45	-86.8801
0.3	45	-44.1026
0.3	45	166.008
0.3	45	80.6877
0.3	45	-10.7486
0.3	45	40.0628
0.3	45	-112.177
0.3	45	11.7022
0.3	45	107.643
0.3	45	24.4452
0.3	45	129.679
0.3	45	-112.259
0.3	45	-149.736
0.3	45	-7.77778
0.3	45	-84.0429
0.3	45	97.7453
0.3	45	13.3769
0.3	45	-99.348
0.3	45	-36.1874
0.3	45	-111.047
0.3	45	128.015
0.3	45	107.04
0.3	45	-118.909
0.3	45	-15.9057
0.3	45	-178.93
0.3	45	-119.767
0.3	45	-74.4441
0.3	45	-109.469
0.3	45	104.249
0.3	45	177.319
0.3	45	-79.9797
0.3	45	27.1425
0.3	45	-174.571
0.3	45	159.934
0.3	45	15.8078
0.3	45	-31.8988
0.3	45	117.091
0.3	45	39.932
0.3	45	-39.1985
0.3	45	43.4523
0.3	45	-62.4816
0.3	45	-144.809
0.3	45	66.4742
0.3	45	120.445
0.3	45	93.1694
0.3	45	138.941
0.3	45	-170.85
0.3	45	4.08804
0.3	45	-173.369
0.3	45	7.32532
0.3	45	-64.6218
0.3	45	-96.7915
0.3	45	-127.681
0.3	45	154.905
0.3	45	-2.99919
0.3	45	8.04295
0.3	45	-150.104
0.3	45	113.897
0.3	45	164.418
0.3	45	165.207
0.3	45	47.0219
0.3	45	-105.032
0.3	45	174.603
0.3	45	-39.9455
0.3	45	48.5568
0.3	45	-166.485
0.3	45	78.5055
0.3	45	15.9525
0.3	45	-70.7483
0.3	45	-98.4429
0.3	45	23.1323
0.3	45	137.595
0.3	45	170.967
0.3	45	38.8884
0.3	45	129.994
0.3	45	89.6095
0.3	45	6.77353
0.3	45	174.089
0.3	45	-39.8534
0.3	45	-94.6707
0.3	45	113.432
0.3	45	-80.8574
0.3	45	113.145
0.3	45	-3.65154
0.3	45	-142.603
0.3	45	117.652
0.3	45	-55.4129
0.3	45	-35.6238
0.3	45	56.3545
0.3	45	19.7763
0.3	45	161.912
0.3	45	127.21
0.3	45	-5.05944
0.3	45	-57.9544
0.3	45	113.301
0.3	45	86.2073
0.3	45	-90.3934
0.3	45	-26.6485
0.3	45	179.311
0.3	45	-144.886
0.3	45	90.5061
0.3	45	-82.8377
0.3	45	24.3307
0.3	45	63.4061
0.3	45	26.3141
0.3	45	41.2116
0.3	45	-116.372
0.3	45	156.978
0.3	45	72.0849
0.3	45	81.5245
0.3	45	-162.265
0.3	45	65.2615
0.3	45	106.203
0.3	45	-78.4888
0.3	45	-9.94679
0.3	45	85.2875
0.3	45	45.9184
0.3	45	-9.43088
0.3	45	101.198
0.3	45	75.6474
0.3	45	7.43902
0.3	45	-42.5101
0.3	45	-71.5276
0.3	45	-80.505
0.3	45	-139.283
0.3	45	167.155
0.3	45	20.4884
0.3	45	19.1988
0.3	45	-141.62
0.3	45	135.579
0.3	45	-159.495
0.3	45	148.851
0.3	45	-84.3832
0.3	45	142.824
0.3	45	1.8926
0.3	45	-24.0502
0.3	45	136.226
0.3	45	15.1751
0.3	45	-143.391
0.3	45	123.688
0.3	45	6.65885
0.3	45	179.124
0.3	45	115.645
0.3	45	-172.964
0.3	45	76.8042
0.3	45	-138.127
0.3	45	157.45
0.3	45	178.152
0.3	45	-101.046
0.3	45	-141.769
0.3	45	-38.9435
0.3	45	-140.241
0.3	45	21.5452
0.3	45	145.677
0.3	45	110.345
0.3	45	36.1187
0.3	45	-11.1044
0.3	45	99.3897
0.3	45	133.243
0.3	45	-123.795
0.3	45	157.101
0.3	45	166.769
0.3	45	-62.353
0.3	45	149.593
0.3	45	-74.9504
0.3	45	-94.6224
0.3	45	23.76
0.3	45	-158.629
0.3	45	-23.7358
0.3	45	153.307
0.3	45	-106.853
0.3	45	44.5423
0.3	45	-29.7367
0.3	45	-170.655
0.3	45	125.033
0.3	45	48.8901
0.3	45	96.399
0.3	45	-69.7863
0.3	45	11.5585
0.3	45	-133.213
0.3	45	-99.9776
0.3	45	-93.3018
0.3	45	-29.0167
0.3	45	-149.176
0.3	45	-141.224
0.3	45	-174.313
0.3	45	-169.51
0.3	45	-138.24
0.3	45	139.279
0.3	45	-53.9406
0.3	45	115.161
0.3	45	-57.4032
0.3	45	-16.887
0.3	45	47.8929
0.3	45	150.24
0.3	45	-150.5
0.3	45	-164.935
0.3	45	50.8031
0.3	45	-113.372
0.3	45	60.5904
0.3	45	147.528
0.3	45	127.615
0.3	45	-132.193
0.3	45	88.6082
0.3	45	129.943
0.3	45	-170.891
0.3	45	-140.51
0.3	45	82.9945
0.3	45	-21.8902
0.3	45	-14.5957
0.3	45	-88.2143
0.3	45	-176.832
0.3	45	-149.21
0.3	45	-168.45
0.3	45	24.0983
0.3	45	66.9711
0.3	45	129.378
0.3	45	108.665
0.3	45	117.669
0.3	45	163.224
0.3	45	151.524
0.3	45	81.5501
0.3	45	126.333
0.3	45	49.8421
0.3	45	28.2215
0.3	45	32.4608
0.3	45	10.4498
0.3	45	83.975
0.3	45	-62.7564
0.3	45	-49.6905
0.3	45	148.978
0.3	45	3.04235
0.3	45	-94.5026
0.3	45	-115.624
0.3	45	76.1307
0.3	45	96.8201
0.3	45	-178.369
0.3	45	170.531
0.3	45	-16.1428
0.3	45	-55.902
0.3	45	25.6549
0.3	45	-10.2299
0.3	45	127.801
0.3	45	139.982
0.3	45	175.057
0.3	45	174.047
0.3	45	55.8929
0.3	45	123.979
0.3	45	-109.789
0.3	45	124.546
0.3	45	61.9117
0.3	45	133.106
0.3	45	-85.0295
0.3	45	-111.513
0.3	45	-12.5397
0.3	45	83.1358
0.3	45	106.908
0.3	45	-2.66387
0.3	45	71.6987
0.3	45	-75.8962
0.3	45	-142.459
0.3	45	63.5784
0.3	45	12.7354
0.3	45	112.849
0.3	45	164.785
0.3	45	27.8758
0.3	45	137.799
0.3	45	69.6224
0.3	45	-85.8107
0.3	45	-65.2518
0.3	45	76.9553
0.3	45	10.7978
0.3	45	160.971
0.3	45	-29.559
0.3	45	-147.378
0.3	45	-46.9456
0.3	45	148.157
0.3	45	-32.1297
0.3	45	44.9551
0.3	45	-42.7725
0.3	45	57.1951
0.3	45	138.208
0.3	45	77.7018
0.3	45	-114.402
0.3	45	-37.192
0.3	45	-84.3145
0.3	45	-61.6748
0.3	45	-73.6126
0.3	45	45.9184
0.3	45	-97.4217
0.3	45	88.351
0.3	45	-55.067
0.3	45	92.8489
0.3	45	5.7198
0.3	45	-73.8238
0.3	45	-5.84211
0.3	45	-173.103
0.3	45	145.545
0.3	45	15.7466
0.3	45	-109.616
0.3	45	-101.312
0.3	45	-107.158
0.3	45	174.097
0.3	45	-51.1755
0.3	45	-34.5793
0.3	45	43.5518
0.3	45	-40.8391
0.3	45	-67.3234
0.3	45	146.796
0.3	45	-52.1633
0.3	45	-21.8025
0.3	45	-69.672
0.3	45	-26.0592
0.3	45	-100.356
0.3	45	161.846
0.3	45	-11.0662
0.3	45	-50.4954
0.3	45	160.775
0.3	45	134.553
0.3	45	-143.354
0.3	45	-26.8736
0.3	45	-67.8569
0.3	45	-168.051
0.3	45	-179.526
0.3	45	-158.496
0.3	45	-158.766
0.3	45	-11.7553
0.3	45	161.004
0.3	45	12.3849
0.3	45	154.769
0.3	45	35.2342
0.3	45	-74.8514
0.3	45	-173.489
0.3	45	74.6325
0.3	45	-95.3622
0.3	45	131.485
0.3	45	69.136
0.3	45	127.861
0.3	45	-47.5219
0.3	45	34.8944
0.3	45	-41.4671
0.3	45	-30.8444
0.3	45	-129.003
0.3	45	-163.707
0.3	45	-172.124
0.3	45	-112.675
0.3	45	-84.6977
0.3	45	-40.6561
0.3	45	-147.936
0.3	45	176.446
0.3	45	148.651
0.3	45	179.367
0.3	45	-147.662
0.3	45	-26.6843
0.3	45	-44.1713
0.3	45	50.1027
0.3	45	-77.5977
0.3	45	-94.4283
0.3	45	-89.7305
0.3	45	99.0973
0.3	45	-27.7581
0.3	45	-2.57393
0.3	45	-100.243
0.3	45	-67.0314
0.3	45	113.398
0.3	45	-18.5616
0.3	45	-66.988
0.3	45	-79.3803
0.3	45	35.8563
0.3	45	-86.0826
0.3	45	-112.812
0.3	45	-91.6452
0.3	45	120.231
0.3	45	-82.7801
0.3	45	-78.3214
0.3	45	117.304
0.3	45	-88.9101
0.3	45	-136.324
0.3	45	-29.1959
0.3	45	-168.035
0.3	45	-113.649
0.3	45	151.521
0.3	45	-137.227
0.3	45	86.3544
0.3	45	87.518
0.3	45	-168.773
0.3	45	-111.559
0.3	45	-63.6339
0.3	45	-85.2176
0.3	45	-123.498
0.3	45	-171.394
0.3	45	52.5811
0.3	45	-132.538
0.3	45	-94.0825
0.3	45	-168.023
0.3	45	80.6282
0.3	45	133.435
0.3	45	113.93
0.3	45	-32.2903
0.3	45	-112.232
0.3	45	-129.318
0.3	45	165.219
0.3	45	159.795
0.3	45	90.4453
0.3	45	-65.2785
0.3	45	57.8685
0.3	45	-81.5624
0.3	45	100.083
0.3	45	-126.294
0.3	45	144.78
0.3	45	2.535
0.3	45	164.812
0.3	45	-77.2146
0.3	45	-43.8705
0.3	45	83.553
0.3	45	73.6759
0.3	45	120.27
0.3	45	72.8362
0.3	45	168.29
0.3	45	-160.745
0.3	45	118.3
0.3	45	-176.34
0.3	45	-107.311
0.3	45	-8.01577
0.3	45	-50.3796
0.3	45	-0.159486
0.3	45	138.591
0.3	45	20.5869
0.3	45	-106.989
0.3	45	-177.065
0.3	45	132.147
0.3	45	-148.238
0.3	45	7.1664
0.3	45	67.0426
0.3	45	171.135
0.3	45	-144.21
0.3	45	37.5693
0.3	45	19.3246
0.3	45	49.7455
0.3	45	114.74
0.3	45	133.215
0.3	45	-44.878
0.3	45	12.6794
0.3	45	50.5657
0.3	45	-13.7092
0.3	45	37.8269
0.3	45	116.378
0.3	45	-176.48
0.3	45	-66.0487
0.3	45	-82.7475
0.3	45	-137.307
0.3	45	157.671
0.3	45	-94.7125
0.3	45	-94.7804
0.3	45	76.16
0.3	45	-44.0516
0.3	45	-85.1977
0.3	45	103.26
0.3	45	-97.6242
0.3	45	-44.0551
0.3	45	168.398
0.3	45	150.211
0.3	45	169.379
0.3	45	77.5684
0.3	45	36.989
0.3	45	-118.652
0.3	45	53.2586
0.3	45	-64.4182
0.3	45	149.693
0.3	45	79.8294
0.3	45	-65.2378
0.3	45	54.1744
0.3	45	64.1573
0.3	45	18.7245
0.3	45	141.337
0.3	45	-71.0529
0.3	45	159.16
0.3	45	-65.5789
0.3	45	169.366
0.3	45	126.765
0.3	45	-109.616
0.3	45	144.559
0.3	45	9.31249
0.3	45	-73.5298
0.3	45	-110.208
0.3	45	70.1634
0.3	45	-54.4467
0.3	45	-128.345
0.3	45	-50.7468
0.3	45	-13.5781
0.3	45	105.798
0.3	45	171.05
0.3	45	-93.2051
0.3	45	-43.5618
0.3	45	89.0081
0.3	45	-123.95
0.3	45	140.555
0.3	45	-125.344
0.3	45	-134.37
0.3	45	-153.43
0.3	45	125.592
0.3	45	34.148
0.3	45	-90.9536
0.3	45	-121.413
0.3	45	-106.968
0.3	45	124.5
0.3	45	-177.987
0.3	45	-138.579
0.3	45	145.421
0.3	45	-15.1156
0.3	45	86.1489
0.3	45	-50.1841
0.3	45	34.7298
0.3	45	165.546
0.3	45	-1.58483
0.3	45	155.772
0.3	45	34.8968
0.3	45	86.7581
0.3	45	-15.7156
0.3	45	59.2723
0.3	45	75.3456
0.3	45	-164.129
0.3	45	150.085
0.3	45	-68.442
0.3	45	-108.148
0.3	45	60.9222
0.3	45	24.2721
0.3	45	-62.9298
0.3	45	-46.7542
0.3	45	28.6646
0.3	45	-53.3939
0.3	45	-86.9429
0.3	45	64.9305
0.3	45	-106.337
0.3	45	134.17
0.3	45	55.0013
0.3	45	-120.894
0.3	45	161.657
0.3	45	133.405
0.3	45	-96.2424
0.3	45	133.489
0.3	45	105.036
0.3	45	-90.8624
0.3	45	155.723
0.3	45	-82.5822
0.3	45	-113.023
0.3	45	124.445
0.3	45	-157.774
0.3	45	-66.8091
0.3	45	-141.79
0.3	45	-7.15494
0.3	45	87.6571
0.3	45	29.4726
0.3	45	113.458
0.3	45	-169.641
0.3	45	174.049
0.3	45	131.501
0.3	45	139.035
0.3	45	110.577
0.3	45	-39.3792
0.3	45	-119.596
0.3	45	86.7494
0.3	45	-138.518
0.3	45	-0.742511
0.3	45	-129.669
0.3	45	-112.702
0.3	45	104.937
0.3	45	149.224
0.3	45	-145.256
0.3	45	-117.408
0.3	45	175.297
0.3	45	-164.838
0.3	45	-105.238
0.3	45	-136.76
0.3	45	-61.643
0.3	45	-106.765
0.3	45	-138.568
0.3	45	-132.954
0.3	45	-57.1122
0.3	45	77.4524
0.3	45	-45.9364
0.3	45	-16.7647
0.3	45	32.3979
0.3	45	-146.077
0.3	45	-20.2213
0.3	45	-141.957
0.3	45	-101.848
0.3	45	-50.5115
0.25	-45	-135.44
0.25	-45	-160.679
0.25	-45	140.898
0.25	-45	47.554
0.25	-45	-166.941
0.25	-45	75.3931
0.25	-45	-45.7502
0.25	-45	108.854
0.25	-45	147.419
0.25	-45	-20.5043
0.25	-45	-76.496
0.25	-45	102.406
0.25	-45	-119.73
0.25	-45	-172.223
0.25	-45	-174.964
0.25	-45	71.0695
0.25	-45	-4.30318
0.25	-45	-102.353
0.25	-45	-26.3535
0.25	-45	-13.1551
0.25	-45	-158.77
0.25	-45	36.423
0.25	-45	-138.126
0.25	-45	83.3257
0.25	-45	70.3041
0.25	-45	130.471
0.25	-45	-90.0607
0.25	-45	-33.7898
0.25	-45	-94.3166
0.25	-45	-68.9981
0.25	-45	-178.656
0.25	-45	-97.3346
0.25	-45	-115.395
0.25	-45	-109.116
0.25	-45	51.9633
0.25	-45	-112.626
0.25	-45	44.4973
0.25	-45	0.478904
0.25	-45	89.833
0.25	-45	-33.6139
0.25	-45	-12.5682
0.25	-45	128.498
0.25	-45	147.013
0.25	-45	-164.889
0.25	-45	121.23
0.25	-45	-158.278
0.25	-45	-58.2223
0.25	-45	166.785
0.25	-45	-55.5536
0.25	-45	-113.981
0.25	-45	140.643
0.25	-45	129.994
0.25	-45	62.3565
0.25	-45	-66.8169
0.25	-45	3.80561
0.25	-45	-161.56
0.25	-45	-94.9489
0.25	-45	44.9915
0.25	-45	-34.3524
0.25	-45	60.5702
0.25	-45	47.0666
0.25	-45	-45.5726
0.25	-45	-41.2805
0.25	-45	39.117
0.25	-45	0.0309211
0.25	-45	-118.404
0.25	-45	133.028
0.25	-45	-12.6548
0.25	-45	85.334
0.25	-45	154.486
0.25	-45	-163.45
0.25	-45	40.0478
0.25	-45	-70.887
0.25	-45	-128.918
0.25	-45	89.8719
0.25	-45	-172.875
0.25	-45	154.484
0.25	-45	30.085
0.25	-45	-115.399
0.25	-45	-20.1585
0.25	-45	95.9896
0.25	-45	173.933
0.25	-45	22.7445
0.25	-45	79.1878
0.25	-45	-61.4609
0.25	-45	92.4758
0.25	-45	158.091
0.25	-45	12.4762
0.25	-45	147.715
0.25	-45	2.08195
0.25	-45	47.3314
0.25	-45	-85.1686
0.25	-45	-124.565
0.25	-45	-98.733
0.25	-45	-90.812
0.25	-45	-108.522
0.25	-45	-49.9174
0.25	-45	0.0592894
0.25	-45	-9.31862
0.25	-45	96.9227
0.25	-45	64.0998
0.25	-45	-154.026
0.25	-45	6.54113
0.25	-45	6.92904
0.25	-45	-142.126
0.25	-45	-162.635
0.25	-45	-173.214
0.25	-45	178.058
0.25	-45	154.54
0.25	-45	-32.8959
0.25	-45	-20.9999
0.25	-45	78.0784
0.25	-45	95.6063
0.25	-45	-106.437
0.25	-45	170.943
0.25	-45	-153.35
0.25	-45	14.0377
0.25	-45	22.7447
0.25	-45	115.349
0.25	-45	96.3139
0.25	-45	42.7972
0.25	-45	117.574
0.25	-45	126.064
0.25	-45	-98.1879
0.25	-45	115.495
0.25	-45	-57.5625
0.25	-45	133.876
0.25	-45	124.891
0.25	-45	4.5669
0.25	-45	-139.898
0.25	-45	-42.5597
0.25	-45	-112.415
0.25	-45	38.6974
0.25	-45	165.21
0.25	-45	125.854
0.25	-45	145.568
0.25	-45	-52.6368
0.25	-45	52.2051
0.25	-45	-124.063
0.25	-45	9.78253
0.25	-45	-63.6281
0.25	-45	163.249
0.25	-45	89.339
0.25	-45	-110.667
0.25	-45	25.5861
0.25	-45	-66.3202
0.25	-45	-107.047
0.25	-45	-91.4605
0.25	-45	-166.563
0.25	-45	-154.527
0.25	-45	-162.871
0.25	-45	-165.375
0.25	-45	-1.75145
0.25	-45	147.625
0.25	-45	149.024
0.25	-45	-77.0013
0.25	-45	162.223
0.25	-45	-36.4844
0.25	-45	150.843
0.25	-45	-102.596
0.25	-45	80.3832
0.25	-45	-174.486
0.25	-45	-168.095
0.25	-45	81.8726
0.25	-45	-13.1751
0.25	-45	102.804
0.25	-45	-145.675
0.25	-45	37.9787
0.25	-45	-162.283
0.25	-45	111.936
0.25	-45	49.8311
0.25	-45	-23.5745
0.25	-45	90.8236
0.25	-45	71.0232
0.25	-45	57.8777
0.25	-45	68.7252
0.25	-45	-45.24
0.25	-45	-15.3937
0.25	-45	84.6552
0.25	-45	15.5959
0.25	-45	38.0956
0.25	-45	-170.495
0.25	-45	23.1534
0.25	-45	-108.893
0.25	-45	-112.268
0.25	-45	23.4979
0.25	-45	-31.1244
0.25	-45	2.10339
0.25	-45	-176.856
0.25	-45	167.501
0.25	-45	-149.782
0.25	-45	-81.2304
0.25	-45	-110.371
0.25	-45	39.8675
0.25	-45	-102.048
0.25	-45	53.6057
0.25	-45	34.2023
0.25	-45	176.998
0.25	-45	-155.096
0.25	-45	128.912
0.25	-45	-18.5632
0.25	-45	41.3583
0.25	-45	104.267
0.25	-45	73.2918
0.25	-45	-157.11
0.25	-45	-50.5607
0.25	-45	123.114
0.25	-45	75.5759
0.25	-45	-79.6675
0.25	-45	18.6835
0.25	-45	40.1627
0.25	-45	43.9595
0.25	-45	-18.1428
0.25	-45	5.39174
0.25	-45	-128.699
0.25	-45	-126.07
0.25	-45	69.094
0.25	-45	1.19017
0.25	-45	-66.0899
0.25	-45	31.107
0.25	-45	-63.9262
0.25	-45	-57.5782
0.25	-45	47.6192
0.25	-45	144.903
0.25	-45	-79.4381
0.25	-45	56.7813
0.25	-45	-117.147
0.25	-45	-135.45
0.25	-45	60.372
0.25	-45	66.9813
0.25	-45	126.588
0.25	-45	-10.8116
0.25	-45	9.98367
0.25	-45	-177.379
0.25	-45	25.5447
0.25	-45	151.046
0.25	-45	-168.555
0.25	-45	-37.9369
0.25	-45	54.1791
0.25	-45	156.002
0.25	-45	-128.61
0.25	-45	109.526
0.25	-45	-66.0532
0.25	-45	117.249
0.25	-45	-112.244
0.25	-45	-118.016
0.25	-45	31.7866
0.25	-45	100.362
0.25	-45	3.47546
0.25	-45	-91.8682
0.25	-45	-36.8836
0.25	-45	-50.042
0.25	-45	-114.595
0.25	-45	37.8198
0.25	-45	48.8251
0.25	-45	-157.086
0.25	-45	133.553
0.25	-45	-141.293
0.25	-45	90.9728
0.25	-45	-169.723
0.25	-45	162.341
0.25	-45	34.1412
0.25	-45	-128.676
0.25	-45	-133.006
0.25	-45	-141.065
0.25	-45	18.5528
0.25	-45	-48.712
0.25	-45	-5.48533
0.25	-45	62.5165
0.25	-45	100.363
0.25	-45	-7.20477
0.25	-45	58.4337
0.25	-45	-104.158
0.25	-45	-80.0804
0.25	-45	-170.52
0.25	-45	-59.4667
0.25	-45	-12.9231
0.25	-45	148.214
0.25	-45	-157.228
0.25	-45	155.027
0.25	-45	44.792
0.25	-45	-92.76
0.25	-45	115.755
0.25	-45	122.476
0.25	-45	-3.32122
0.25	-45	84.7953
0.25	-45	153.38
0.25	-45	-117.361
0.25	-45	-105.416
0.25	-45	114.654
0.25	-45	178.544
0.25	-45	-94.1037
0.25	-45	-129.171
0.25	-45	157.669
0.25	-45	73.4763
0.25	-45	128.025
0.25	-45	146.524
0.25	-45	17.4439
0.25	-45	145.73
0.25	-45	-40.6536
0.25	-45	-86.6426
0.25	-45	-162.057
0.25	-45	-25.7572
0.25	-45	0.713975
0.25	-45	-59.467
0.25	-45	-75.7447
0.25	-45	177.146
0.25	-45	101.025
0.25	-45	16.8779
0.25	-45	-136.757
0.25	-45	-66.7313
0.25	-45	-84.5432
0.25	-45	25.7917
0.25	-45	-83.6327
0.25	-45	-13.6401
0.25	-45	127.105
0.25	-45	32.8454
0.25	-45	168.822
0.25	-45	-29.5774
0.25	-45	-114.02
0.25	-45	8.07224
0.25	-45	-75.8269
0.25	-45	127.096
0.25	-45	128.876
0.25	-45	4.3618
0.25	-45	83.2759
0.25	-45	158.411
0.25	-45	-95.8177
0.25	-45	4.60949
0.25	-45	-82.1573
0.25	-45	60.7602
0.25	-45	-93.909
0.25	-45	-55.4664
0.25	-45	-28.1264
0.25	-45	-131.214
0.25	-45	21.9818
0.25	-45	-139.351
0.25	-45	-44.8475
0.25	-45	-20.475
0.25	-45	-126.25
0.25	-45	-178.228
0.25	-45	-42.5603
0.25	-45	-18.8208
0.25	-45	34.2641
0.25	-45	131.289
0.25	-45	170.135
0.25	-45	-90.2768
0.25	-45	3.23362
0.25	-45	-119.346
0.25	-45	72.3009
0.25	-45	-169.111
0.25	-45	79.5513
0.25	-45	-161.132
0.25	-45	169.39
0.25	-45	23.0584
0.25	-45	53.3403
0.25	-45	-118.305
0.25	-45	-19.0905
0.25	-45	-91.8583
0.25	-45	3.83816
0.25	-45	-1.7944
0.25	-45	-16.6596
0.25	-45	-120.924
0.25	-45	94.557
0.25	-45	-75.0198
0.25	-45	14.2439
0.25	-45	155.771
0.25	-45	173.446
0.25	-45	80.8824
0.25	-45	158.451
0.25	-45	-126.802
0.25	-45	161.807
0.25	-45	143.8
0.25	-45	12.1976
0.25	-45	-146.533
0.25	-45	-28.3056
0.25	-45	-136.542
0.25	-45	63.9682
0.25	-45	-110.412
0.25	-45	-35.4638
0.25	-45	107.189
0.25	-45	-106.136
0.25	-45	155.833
0.25	-45	156.21
0.25	-45	-28.1406
0.25	-45	7.39005
0.25	-45	-145.859
0.25	-45	139.042
0.25	-45	32.5481
0.25	-45	-163.541
0.25	-45	-84.9843
0.25	-45	-18.3223
0.25	-45	-72.2018
0.25	-45	-109.307
0.25	-45	31.9465
0.25	-45	-47.0515
0.25	-45	-74.424
0.25	-45	-154.952
0.25	-45	-57.0874
0.25	-45	38.2249
0.25	-45	14.0776
0.25	-45	-167.213
0.25	-45	-47.1679
0.25	-45	-175.105
0.25	-45	101.365
0.25	-45	-6.44633
0.25	-45	-52.1602
0.25	-45	-148.693
0.25	-45	6.84331
0.25	-45	-29.8369
0.25	-45	108.938
0.25	-45	-69.1873
0.25	-45	-32.0194
0.25	-45	124.88
0.25	-45	92.0566
0.25	-45	-76.6448
0.25	-45	-19.1483
0.25	-45	-52.7741
0.25	-45	140.767
0.25	-45	-75.3029
0.25	-45	-51.6588
0.25	-45	-139.13
0.25	-45	20.4482
0.25	-45	-34.2934
0.25	-45	-130
0.25	-45	-132.152
0.25	-45	162.316
0.25	-45	-149.36
0.25	-45	-16.5698
0.25	-45	-128.216
0.25	-45	143.588
0.25	-45	-48.7728
0.25	-45	141.574
0.25	-45	-92.615
0.25	-45	-166.009
0.25	-45	124.533
0.25	-45	-36.9445
0.25	-45	11.3061
0.25	-45	-71.2896
0.25	-45	74.1107
0.25	-45	89.1932
0.25	-45	55.378
0.25	-45	155.739
0.25	-45	176.77
0.25	-45	-37.9327
0.25	-45	90.2297
0.25	-45	-90.1326
0.25	-45	131.708
0.25	-45	-57.2713
0.25	-45	19.5098
0.25	-45	95.5062
0.25	-45	3.92351
0.25	-45	-15.5689
0.25	-45	-14.503
0.25	-45	57.1247
0.25	-45	19.1182
0.25	-45	-134.83
0.25	-45	-39.7588
0.25	-45	48.745
0.25	-45	-177.281
0.25	-45	87.2842
0.25	-45	13.6379
0.25	-45	117.58
0.25	-45	-20.8902
0.25	-45	-78.2476
0.25	-45	18.9837
0.25	-45	-39.3888
0.25	-45	-122.209
0.25	-45	-125.952
0.25	-45	82.5081
0.25	-45	-16.5843
0.25	-45	161.739
0.25	-45	8.59604
0.25	-45	-118.962
0.25	-45	154.167
0.25	-45	-32.1458
0.25	-45	169.063
0.25	-45	89.7786
0.25	-45	-56.7019
0.25	-45	71.7373
0.25	-45	-101.912
0.25	-45	0.838348
0.25	-45	80.1755
0.25	-45	87.0315
0.25	-45	26.3316
0.25	-45	-25.8037
0.25	-45	152.72
0.25	-45	-155.934
0.25	-45	33.6028
0.25	-45	-87.8205
0.25	-45	-25.3278
0.25	-45	178.292
0.25	-45	-165.999
0.25	-45	18.0192
0.25	-45	-147.331
0.25	-45	97.9993
0.25	-45	179.862
0.25	-45	-171.638
0.25	-45	-174.484
0.25	-45	-4.79874
0.25	-45	70.7675
0.25	-45	81.7854
0.25	-45	-43.4048
0.25	-45	70.604
0.25	-45	49.0709
0.25	-45	-31.2283
0.25	-45	-141.143
0.25	-45	50.7904
0.25	-45	-112.12
0.25	-45	62.3828
0.25	-45	-149.566
0.25	-45	113.294
0.25	-45	-40.5417
0.25	-45	84.3146
0.25	-45	112.146
0.25	-45	-81.9133
0.25	-45	147.8
0.25	-45	116.611
0.25	-45	136.968
0.25	-45	3.6622
0.25	-45	115.153
0.25	-45	26.1642
0.25	-45	-167.958
0.25	-45	34.3363
0.25	-45	-30.5167
0.25	-45	171.099
0.25	-45	-133.024
0.25	-45	130.595
0.25	-45	-16.9474
0.25	-45	-178.572
0.25	-45	-150.761
0.25	-45	-123.226
0.25	-45	-136.498
0.25	-45	-137.197
0.25	-45	172.951
0.25	-45	92.6516
0.25	-45	56.6295
0.25	-45	115.529
0.25	-45	4.75439
0.25	-45	22.3549
0.25	-45	-150.95
0.25	-45	23.8366
0.25	-45	47.5847
0.25	-45	-1.62361
0.25	-45	21.2824
0.25	-45	176.164
0.25	-45	-154.397
0.25	-45	109.578
0.25	-45	-140.659
0.25	-45	-173.851
0.25	-45	-147.898
0.25	-45	22.115
0.25	-45	-65.076
0.25	-45	-141.415
0.25	-45	-8.33941
0.25	-45	-157.473
0.25	-45	-23.0498
0.25	-45	-173.983
0.25	-45	-154.134
0.25	-45	5.64862
0.25	-45	11.1634
0.25	-45	-0.219037
0.25	-45	-28.3016
0.25	-45	-86.8885
0.25	-45	82.2295
0.25	-45	-151.21
0.25	-45	19.4471
0.25	-45	136.654
0.25	-45	-154.359
0.25	-45	13.9125
0.25	-45	40.401
0.25	-45	-14.6159
0.25	-45	-107.509
0.25	-45	-3.64382
0.25	-45	-85.2149
0.25	-45	167.92
0.25	-45	43.1186
0.25	-45	-45.266
0.25	-45	-161.211
0.25	-45	-6.91991
0.25	-45	56.5369
0.25	-45	97.0698
0.25	-45	-61.8447
0.25	-45	-77.5476
0.25	-45	-33.551
0.25	-45	30.1709
0.25	-45	-164.478
0.25	-45	-80.5478
0.25	-45	75.297
0.25	-45	16.7637
0.25	-45	59.6124
0.25	-45	-28.3085
0.25	-45	80.3304
0.25	-45	136.689
0.25	-45	145.344
0.25	-45	58.0471
0.25	-45	37.3086
0.25	-45	-25.8051
0.25	-45	-69.1735
0.25	-45	86.7121
0.25	-45	-170.459
0.25	-45	8.04789
0.25	-45	-113.176
0.25	-45	118.103
0.25	-45	72.9483
0.25	-45	95.5978
0.25	-45	84.5264
0.25	-45	-161.219
0.25	-45	175.282
0.25	-45	51.6403
0.25	-45	-12.269
0.25	-45	-21.6336
0.25	-45	71.2671
0.25	-45	29.197
0.25	-45	-26.5883
0.25	-45	41.0413
0.25	-45	-30.6513
0.25	-45	-32.7937
0.25	-45	-78.2797
0.25	-45	-24.3566
0.25	-45	121.193
0.25	-45	-158.543
0.25	-45	32.1605
0.25	-45	99.821
0.25	-45	-36.6045
0.25	-45	103.779
0.25	-45	161.478
0.25	-45	-126.935
0.25	-45	54.1748
0.25	-45	82.2974
0.25	-45	-85.1787
0.25	-45	-164.326
0.25	-45	27.4109
0.25	-45	-170.386
0.25	-45	-148.696
0.25	-45	132.603
0.25	-45	-160.1
0.25	-45	-17.4429
0.25	-45	30.4398
0.25	-45	-160.519
0.25	-45	113.901
0.25	-45	-16.4427
0.25	-45	-46.5586
0.25	-45	-111.734
0.25	-45	49.6411
0.25	-45	-149.644
0.25	-45	63.5756
0.25	-45	24.0079
0.25	-45	-140.179
0.25	-45	68.8085
0.25	-45	114.353
0.25	-45	162.03
0.25	-45	-66.9513
0.25	-45	-136.724
0.25	-45	38.8961
0.25	-45	-15.8913
0.25	-45	-102.258
0.25	-45	128.382
0.25	-45	107.121
0.25	-45	117.422
0.25	-45	4.15309
0.25	-45	-22.2398
0.25	-45	37.0988
0.25	-45	-164.225
0.25	-45	113.922
0.25	-45	-2.76435
0.25	-45	85.0191
0.25	-45	36.3451
0.25	-45	-81.8409
0.25	-45	8.31811
0.25	-45	-151.063
0.25	-45	179.792
0.25	-45	173.026
0.25	-45	-99.1661
0.25	-45	125.22
0.25	-45	89.5702
0.25	-45	-103.846
0.25	-45	-142.777
0.25	-45	-10.559
0.25	-45	130.832
0.25	-45	-111.157
0.25	-45	-156.007
0.25	-45	150.054
0.25	-45	53.3344
0.25	-45	-30.6528
0.25	-45	-12.6376
0.25	-45	-166.319
0.25	-45	-145.234
0.25	-45	-176.722
0.25	-45	-165.479
0.25	-45	-5.99296
0.25	-45	163.411
0.25	-45	90.7341
0.25	-45	81.9718
0.25	-45	163.72
0.25	-45	-159.768
0.25	-45	99.1527
0.25	-45	-128.432
0.25	-45	98.085
0.25	-45	134.071
0.25	-45	-121.457
0.25	-45	-65.1829
0.25	-45	134.202
0.25	-45	-88.2586
0.25	-45	122.522
0.25	-45	-103.726
0.25	-45	-118.645
0.25	-45	116.591
0.25	-45	-78.0835
0.25	-45	2.61287
0.25	-45	42.9203
0.25	-45	-78.4279
0.25	-45	-108.21
0.25	-45	106.013
0.25	-45	-166.965
0.25	-45	161.288
0.25	-45	-136.15
0.25	-45	-122.846
0.25	-45	-62.6477
0.25	-45	109.763
0.25	-45	3.45508
0.25	-45	-82.1072
0.25	-45	-24.593
0.25	-45	121.05
0.25	-45	-160.97
0.25	-45	-116.891
0.25	-45	104.298
0.25	-45	92.2191
0.25	-45	84.3655
0.25	-45	-88.4512
0.25	-45	-16.4772
0.25	-45	-123.752
0.25	-45	-55.19
0.25	-45	-58.876
0.25	-45	-47.8786
0.25	-45	-122.621
0.25	-45	-32.4894
0.25	-45	94.6023
0.25	-45	155.557
0.25	-45	9.59806
0.25	-45	-145.449
0.25	-45	130.222
0.25	-45	-69.61
0.25	-45	65.3565
0.25	-45	-153.736
0.25	-45	85.9578
0.25	-45	-76.6682
0.25	-45	-33.1378
0.25	-45	-72.06
0.25	-45	-122.841
0.25	-45	-135.203
0.25	-45	140.465
0.25	-45	49.9326
0.25	-45	1.18072
0.25	-45	-109.178
0.25	-45	-147.795
0.25	-45	-22.4014
0.25	-45	142.392
0.25	-45	164.428
0.25	-45	-90.1122
0.25	-45	-74.1968
0.25	-45	12.4537
0.25	-45	116.556
0.25	-45	-167.115
0.25	-45	121.361
0.25	-45	4.99329
0.25	-45	-73.4817
0.25	-45	166.928
0.25	-45	66.1508
0.25	-45	-25.8888
0.25	-45	148.108
0.25	-45	154.692
0.25	-45	117.502
0.25	-45	97.865
0.25	-45	-40.2881
0.25	-45	63.2161
0.25	-45	-74.5067
0.25	-45	132.147
0.25	-45	-102.836
0.25	-45	114.705
0.25	-45	-91.0982
0.25	-45	-164.976
0.25	-45	-170.892
0.25	-45	-141.198
0.25	-45	91.2847
0.25	-45	105.309
0.25	-45	-6.15446
0.25	-45	126.297
0.25	-45	-97.6131
0.25	-45	-71.2228
0.25	-45	-170.894
0.25	-45	-5.8161
0.25	-45	-137.813
0.25	-45	138.334
0.25	-45	-102.72
0.25	-45	120.386
0.25	-45	-9.7006
0.25	-45	9.62999
0.25	-45	-105.905
0.25	-45	-149.139
