pol	setting	phi
0.3	45	-131.368
0.3	45	-66.1842
0.3	45	-36.0086
0.3	45	156.048
0.3	45	-35.1571
0.3	45	-131.627
0.3	45	26.3075
0.3	45	-100.11
0.3	45	-70.2658
0.3	45	156.973
0.3	45	132.156
0.3	45	64.5877
0.3	45	12.528
0.3	45	-78.5927
0.3	45	90.2202
0.3	45	-170.542
0.3	45	41.7357
0.3	45	171.314
0.3	45	-142.707
0.3	45	-12.5335
0.3	45	154.934
0.3	45	146.284
0.3	45	-175.912
0.3	45	37.8931
0.3	45	59.5904
0.3	45	13.9483
0.3	45	-153.272
0.3	45	-42.7492
0.3	45	76.7862
0.3	45	-177.807
0.3	45	103.301
0.3	45	-48.7362
0.3	45	16.1781
0.3	45	-99.9662
0.3	45	-113.959
0.3	45	-163.12
0.3	45	-168.911
0.3	45	-45.0582
0.3	45	83.9237
0.3	45	152.855
0.3	45	-123.299
0.3	45	-103.319
0.3	45	-77.1282
0.3	45	-123.929
0.3	45	11.4542
0.3	45	131.105
0.3	45	170.475
0.3	45	-166.183
0.3	45	-47.8468
0.3	45	-22.741
0.3	45	178.005
0.3	45	-80.515
0.3	45	-110.965
0.3	45	-128.914
0.3	45	120.432
0.3	45	-111.334
0.3	45	-149.876
0.3	45	114.284
0.3	45	-99.6523
0.3	45	11.899
0.3	45	-26.1649
0.3	45	-101.097
0.3	45	-163.469
0.3	45	-168.497
0.3	45	136.519
0.3	45	-96.8136
0.3	45	1.09955
0.3	45	-151.655
0.3	45	-60.2473
0.3	45	145.966
0.3	45	35.9252
0.3	45	-74.4104
0.3	45	89.2633
0.3	45	69.7483
0.3	45	160.284
0.3	45	147.129
0.3	45	-156.364
0.3	45	-91.0388
0.3	45	-19.2531
0.3	45	-119.646
0.3	45	151.06
0.3	45	142.986
0.3	45	-46.1507
0.3	45	-57.7558
0.3	45	70.4368
0.3	45	-139.011
0.3	45	-68.0507
0.3	45	169.886
0.3	45	55.2581
0.3	45	-109.956
0.3	45	-34.1618
0.3	45	-53.8714
0.3	45	-174.649
0.3	45	149.509
0.3	45	-76.3469
0.3	45	115.188
0.3	45	-22.448
0.3	45	118.844
0.3	45	24.6841
0.3	45	33.1969
0.3	45	124.007
0.3	45	-117.891
0.3	45	119.135
0.3	45	1.10274
0.3	45	-103.589
0.3	45	8.58888
0.3	45	-146.52
0.3	45	2.17121
0.3	45	13.8601
0.3	45	114.651
0.3	45	-10.1706
0.3	45	-67.6815
0.3	45	-80.3279
0.3	45	-156.785
0.3	45	48.3391
0.3	45	-80.6953
0.3	45	-35.3706
0.3	45	-80.3849
0.3	45	-8.61293
0.3	45	-38.4624
0.3	45	-179.334
0.3	45	160.392
0.3	45	-161.819
0.3	45	-97.464
0.3	45	94.7467
0.3	45	-93.3226
0.3	45	80.5038
0.3	45	-144.406
0.3	45	48.9728
0.3	45	-34.1315
0.3	45	-177.634
0.3	45	121.733
0.3	45	-29.5376
0.3	45	-85.6638
0.3	45	36.2718
0.3	45	-151.12
0.3	45	-110.552
0.3	45	-97.0371
0.3	45	20.9331
0.3	45	35.8438
0.3	45	164.323
0.3	45	156.113
0.3	45	-154.183
0.3	45	-110.067
0.3	45	152.918
0.3	45	26.8752
0.3	45	-91.9566
0.3	45	-124.858
0.3	45	-11.175
0.3	45	165.345
0.3	45	-7.35964
0.3	45	62.9591
0.3	45	-45.1809
0.3	45	37.8738
0.3	45	121.417
0.3	45	-29.9477
0.3	45	38.7234
0.3	45	-43.638
0.3	45	-64.61
0.3	45	-22.1212
0.3	45	143.344
0.3	45	-107.318
0.3	45	12.0601
0.3	45	144.887
0.3	45	116.714
0.3	45	167.624
0.3	45	-29.9118
0.3	45	-113.441
0.3	45	-117.162
0.3	45	78.3437
0.3	45	111.256
0.3	45	-117.33
0.3	45	-133.526
0.3	45	-16.5313
0.3	45	-113.184
0.3	45	159.404
0.3	45	-83.4134
0.3	45	12.2016
0.3	45	-109.662
0.3	45	113.802
0.3	45	-179.238
0.3	45	-145.973
0.3	45	122.87
0.3	45	-3.07161
0.3	45	-128.255
0.3	45	-91.5959
0.3	45	-43.6429
0.3	45	-136.314
0.3	45	-41.7934
0.3	45	136.586
0.3	45	-123.539
0.3	45	74.0619
0.3	45	-105.45
0.3	45	174.44
0.3	45	68.4759
0.3	45	165.579
0.3	45	-176.455
0.3	45	21.607
0.3	45	-9.4292
0.3	45	-156.071
0.3	45	-31.667
0.3	45	36.341
0.3	45	-37.4808
0.3	45	-20.3889
0.3	45	118.488
0.3	45	136.749
0.3	45	-30.6632
0.3	45	159.504
0.3	45	-27.7001
0.3	45	60.1944
0.3	45	-58.6657
0.3	45	52.8686
0.3	45	113.651
0.3	45	-122.994
0.3	45	-64.6983
0.3	45	-117.908
0.3	45	-142.496
0.3	45	58.9429
0.3	45	-52.119
0.3	45	105.603
0.3	45	-86.5041
0.3	45	-166.955
0.3	45	55.7741
0.3	45	-161.961
0.3	45	37.5502
0.3	45	170.869
0.3	45	-16.5236
0.3	45	-169.239
0.3	45	-101.027
0.3	45	-85.889
0.3	45	41.0982
0.3	45	61.5586
0.3	45	-42.4645
0.3	45	139.692
0.3	45	-79.2384
0.3	45	-0.5508
0.3	45	-95.8755
0.3	45	-179.401
0.3	45	-179.898
0.3	45	164.91
0.3	45	33.4735
0.3	45	72.3999
0.3	45	142.106
0.3	45	155.869
0.3	45	141.578
0.3	45	-58.0901
0.3	45	112.972
0.3	45	-167.491
0.3	45	77.4632
0.3	45	-76.3364
0.3	45	145.83
0.3	45	30.4782
0.3	45	-63.4142
0.3	45	-30.7334
0.3	45	56.1943
0.3	45	59.4035
0.3	45	-26.9567
0.3	45	-92.3591
0.3	45	-168.265
0.3	45	-168.583
0.3	45	-46.3401
0.3	45	-39.0342
0.3	45	-84.435
0.3	45	-33.1788
0.3	45	55.8362
0.3	45	-17.2139
0.3	45	146.093
0.3	45	-3.18374
0.3	45	73.9262
0.3	45	-6.26794
0.3	45	127.938
0.3	45	89.2135
0.3	45	-3.22595
0.3	45	-98.3861
0.3	45	38.5856
0.3	45	107.281
0.3	45	-16.1606
0.3	45	101.845
0.3	45	-0.303777
0.3	45	98.478
0.3	45	-51.2286
0.3	45	-79.5618
0.3	45	-94.6283
0.3	45	-123.671
0.3	45	-129.632
0.3	45	-153.283
0.3	45	79.0883
0.3	45	-79.644
0.3	45	5.04161
0.3	45	63.559
0.3	45	-26.7517
0.3	45	-22.6573
0.3	45	-54.2434
0.3	45	-27.3728
0.3	45	168.757
0.3	45	-50.59
0.3	45	-1.71776
0.3	45	-11.5749
0.3	45	2.92873
0.3	45	-49.6762
0.3	45	-151.744
0.3	45	164.99
0.3	45	65.9278
0.3	45	28.7165
0.3	45	-98.2778
0.3	45	-176.6
0.3	45	-69.8188
0.3	45	130.116
0.3	45	-27.0983
0.3	45	1.01285
0.3	45	155.295
0.3	45	161.291
0.3	45	118.462
0.3	45	-73.964
0.3	45	-40.5911
0.3	45	-178.836
0.3	45	86.3037
0.3	45	18.8032
0.3	45	-84.4708
0.3	45	9.7035
0.3	45	128.193
0.3	45	18.797
0.3	45	-24.8905
0.3	45	-37.5431
0.3	45	-58.399
0.3	45	-8.89738
0.3	45	172.596
0.3	45	115.299
0.3	45	-40.9022
0.3	45	95.2343
0.3	45	-69.6239
0.3	45	120.041
0.3	45	-27.4293
0.3	45	-175.698
0.3	45	-151.074
0.3	45	-56.2985
0.3	45	-50.0175
0.3	45	-3.06207
0.3	45	-43.6987
0.3	45	101.308
0.3	45	-56.0714
0.3	45	97.7284
0.3	45	-53.9976
0.3	45	-106.517
0.3	45	-78.2031
0.3	45	147.43
0.3	45	-77.137
0.3	45	-99.1982
0.3	45	118.539
0.3	45	24.4699
0.3	45	57.1529
0.3	45	15.1579
0.3	45	52.4841
0.3	45	-52.6104
0.3	45	25.7143
0.3	45	-148.542
0.3	45	31.3283
0.3	45	91.5582
0.3	45	-121.023
0.3	45	96.0109
0.3	45	-51.3931
0.3	45	54.4552
0.3	45	-127.569
0.3	45	-121.769
0.3	45	-17.3411
0.3	45	-175.311
0.3	45	45.3441
0.3	45	-143.81
0.3	45	-92.2515
0.3	45	167.082
0.3	45	-65.1209
0.3	45	-164.534
0.3	45	121.534
0.3	45	-81.4404
0.3	45	-118.168
0.3	45	-102.803
0.3	45	-89.4636
0.3	45	-62.5615
0.3	45	-108.877
0.3	45	128.581
0.3	45	-96.8129
0.3	45	26.6391
0.3	45	72.1762
0.3	45	-66.6892
0.3	45	-148.03
0.3	45	92.5462
0.3	45	-24.9673
0.3	45	101.532
0.3	45	-7.97777
0.3	45	-57.1178
0.3	45	-158.221
0.3	45	-70.4052
0.3	45	34.8301
0.3	45	114.933
0.3	45	115.154
0.3	45	6.99622
0.3	45	75.893
0.3	45	-65.2245
0.3	45	146.489
0.3	45	150.888
0.3	45	-23.8226
0.3	45	86.7101
0.3	45	64.6509
0.3	45	108.307
0.3	45	-111.623
0.3	45	22.1985
0.3	45	-47.887
0.3	45	93.7432
0.3	45	-118.02
0.3	45	-110.405
0.3	45	-177.428
0.3	45	130.129
0.3	45	-52.9348
0.3	45	48.0124
0.3	45	69.1851
0.3	45	-171.982
0.3	45	-121.83
0.3	45	122.609
0.3	45	76.509
0.3	45	114.864
0.3	45	174.612
0.3	45	-93.9825
0.3	45	93.4776
0.3	45	65.1999
0.3	45	-92.6921
0.3	45	-157.809
0.3	45	9.8377
0.3	45	3.78767
0.3	45	11.3816
0.3	45	-67.3055
0.3	45	133.07
0.3	45	64.1862
0.3	45	28.6067
0.3	45	-122.852
0.3	45	136.279
0.3	45	159.606
0.3	45	-95.7531
0.3	45	154.577
0.3	45	-72.759
0.3	45	165.154
0.3	45	145.213
0.3	45	121.788
0.3	45	111.26
0.3	45	51.6121
0.3	45	164.482
0.3	45	-83.0663
0.3	45	74.9378
0.3	45	87.232
0.3	45	132.266
0.3	45	-155.311
0.3	45	177.356
0.3	45	-30.699
0.3	45	74.5533
0.3	45	55.885
0.3	45	89.5155
0.3	45	96.6067
0.3	45	-82.002
0.3	45	43.1904
0.3	45	-48.5963
0.3	45	-169.166
0.3	45	27.216
0.3	45	119.233
0.3	45	60.9646
0.3	45	71.0479
0.3	45	155.455
0.3	45	19.1413
0.3	45	5.32882
0.3	45	-99.5963
0.3	45	-127.034
0.3	45	147.075
0.3	45	27.2725
0.3	45	-27.3517
0.3	45	-147.098
0.3	45	22.8657
0.3	45	-159.039
0.3	45	-84.9077
0.3	45	154.973
0.3	45	107.581
0.3	45	131.835
0.3	45	-33.9396
0.3	45	162.072
0.3	45	123.99
0.3	45	22.1056
0.3	45	46.2209
0.3	45	61.2525
0.3	45	139.847
0.3	45	-12.0723
0.3	45	-105.647
0.3	45	102.063
0.3	45	79.1138
0.3	45	-21.7388
0.3	45	-160.993
0.3	45	-95.4339
0.3	45	128.032
0.3	45	-174.632
0.3	45	136.333
0.3	45	62.9648
0.3	45	-177.499
0.3	45	-56.5368
0.3	45	-123.481
0.3	45	143.744
0.3	45	37.7126
0.3	45	45.3678
0.3	45	-112.524
0.3	45	-5.55922
0.3	45	55.2205
0.3	45	-35.7169
0.3	45	-83.4705
0.3	45	-142.69
0.3	45	-153.464
0.3	45	123.242
0.3	45	-23.522
0.3	45	-55.0659
0.3	45	-97.1689
0.3	45	-3.53122
0.3	45	-16.0586
0.3	45	-150.009
0.3	45	106.892
0.3	45	-137.511
0.3	45	-59.7057
0.3	45	0.149431
0.3	45	153.461
0.3	45	-77.3959
0.3	45	-128.141
0.3	45	-96.4853
0.3	45	-147.172
0.3	45	-102.666
0.3	45	-78.0511
0.3	45	111.006
0.3	45	-90.0318
0.3	45	56.1452
0.3	45	20.8096
0.3	45	70.0968
0.3	45	66.1263
0.3	45	-88.4847
0.3	45	111.401
0.3	45	-157.769
0.3	45	35.3382
0.3	45	119.379
0.3	45	132.093
0.3	45	132.53
0.3	45	162.239
0.3	45	-154.555
0.3	45	72.7445
0.3	45	150.24
0.3	45	-170.239
0.3	45	150.769
0.3	45	-20.5343
0.3	45	43.1452
0.3	45	70.9721
0.3	45	97.6021
0.3	45	-75.8396
0.3	45	-159.855
0.3	45	-147.965
0.3	45	-147.45
0.3	45	15.9262
0.3	45	47.6098
0.3	45	-155.596
0.3	45	-100.747
0.3	45	103.339
0.3	45	114.831
0.3	45	-123.395
0.3	45	112.48
0.3	45	-142.05
0.3	45	-13.1553
0.3	45	170.72
0.3	45	-130.127
0.3	45	-127.602
0.3	45	-147.549
0.3	45	-89.2255
0.3	45	128.796
0.3	45	-128.969
0.3	45	129.55
0.3	45	-60.3957
0.3	45	169.029
0.3	45	40.7509
0.3	45	149.378
0.3	45	76.2916
0.3	45	-3.7724
0.3	45	132.788
0.3	45	158.575
0.3	45	64.6546
0.3	45	5.43751
0.3	45	113.832
0.3	45	93.2996
0.3	45	-83.7176
0.3	45	129.878
0.3	45	-5.48531
0.3	45	115.576
0.3	45	84.6002
0.3	45	-75.5506
0.3	45	-154.666
0.3	45	96.947
0.3	45	-21.0216
0.3	45	143.422
0.3	45	39.9735
0.3	45	167.259
0.3	45	125.263
0.3	45	151.636
0.3	45	8.02552
0.3	45	26.2707
0.3	45	92.3716
0.3	45	55.6863
0.3	45	2.46807
0.3	45	-119.594
0.3	45	89.4354
0.3	45	-142.511
0.3	45	-119.894
0.3	45	-28.4686
0.3	45	151.017
0.3	45	146.193
0.3	45	3.05888
0.3	45	82.293
0.3	45	153.871
0.3	45	82.1667
0.3	45	-88.9875
0.3	45	56.3674
0.3	45	160.31
0.3	45	138.664
0.3	45	-136.754
0.3	45	-38.305
0.3	45	-168.41
0.3	45	-37.0198
0.3	45	144.163
0.3	45	-2.62182
0.3	45	-28.1642
0.3	45	122.011
0.3	45	112.544
0.3	45	127.071
0.3	45	127.211
0.3	45	38.4295
0.3	45	-96.6349
0.3	45	-84.8947
0.3	45	111.696
0.3	45	89.4952
0.3	45	21.8224
0.3	45	-37.6148
0.3	45	-27.8455
0.3	45	-143.967
0.3	45	-115.904
0.3	45	-26.7419
0.3	45	103.795
0.3	45	78.8851
0.3	45	-129.932
0.3	45	-66.6468
0.3	45	-9.59648
0.3	45	133.112
0.3	45	150.416
0.3	45	-133.465
0.3	45	133.87
0.3	45	-53.9216
0.3	45	-97.7976
0.3	45	-138.901
0.3	45	-172.919
0.3	45	-86.0391
0.3	45	-52.2273
0.3	45	-172.693
0.3	45	4.05607
0.3	45	-77.702
0.3	45	-102.208
0.3	45	-52.9025
0.3	45	35.8575
0.3	45	-137.535
0.3	45	127.087
0.3	45	133.544
0.3	45	-132.435
0.3	45	-150.059
0.3	45	-29.5224
0.3	45	-153.821
0.3	45	90.9276
0.3	45	152.168
0.3	45	-57.4503
0.3	45	-166.361
0.3	45	-58.5872
0.3	45	-77.2232
0.3	45	-88.0404
0.3	45	-66.1481
0.3	45	55.368
0.3	45	4.29043
0.3	45	64.5169
0.3	45	80.8014
0.3	45	74.9815
0.3	45	-58.2288
0.3	45	85.3882
0.3	45	149.244
0.3	45	-131.016
0.3	45	130.31
0.3	45	57.9948
0.3	45	-47.9771
0.3	45	141.292
0.3	45	108.039
0.3	45	139.06
0.3	45	-65.8053
0.3	45	15.1723
0.3	45	118.718
0.3	45	7.00127
0.3	45	150.056
0.3	45	26.0917
0.3	45	-162.043
0.3	45	174.181
0.3	45	-0.509311
0.3	45	97.6648
0.3	45	51.2974
0.3	45	-170.354
0.3	45	-93.7688
0.3	45	166.028
0.3	45	-154.608
0.3	45	65.649
0.3	45	-17.3935
0.3	45	125.797
0.3	45	29.9472
0.3	45	-6.35131
0.3	45	86.147
0.3	45	146.372
0.3	45	-141.642
0.3	45	-51.5774
0.3	45	156.166
0.3	45	-74.1517
0.3	45	-7.7083
0.3	45	-125.751
0.3	45	65.5628
0.3	45	51.6846
0.3	45	-93.1007
0.3	45	111.439
0.3	45	-17.7543
0.3	45	-168.354
0.3	45	-58.1336
0.3	45	97.8466
0.3	45	-104.118
0.3	45	129.05
0.3	45	-109.344
0.3	45	82.3571
0.3	45	-31.5218
0.3	45	11.3433
0.3	45	109.878
0.3	45	148.172
0.3	45	-44.5225
0.3	45	-171.146
0.3	45	-59.4503
0.3	45	2.9747
0.3	45	18.8558
0.3	45	-126.668
0.3	45	-29.19
0.3	45	-31.95
0.3	45	-1.57634
0.3	45	18.3531
0.3	45	-85.494
0.3	45	98.2092
0.3	45	116.023
0.3	45	173.374
0.3	45	-103.722
0.3	45	-136.748
0.3	45	173.202
0.3	45	-30.2152
0.3	45	63.2293
0.3	45	86.6308
0.3	45	7.76088
0.3	45	176.704
0.3	45	137.024
0.3	45	155.977
0.3	45	-9.10243
0.3	45	-23.7525
0.3	45	-55.003
0.3	45	-22.6922
0.3	45	-26.4517
0.3	45	163.977
0.3	45	-138.479
0.3	45	-129.348
0.3	45	-165.451
0.3	45	-165.549
0.3	45	46.4414
0.3	45	155.589
0.3	45	157.218
0.3	45	53.6896
0.3	45	-121.849
0.3	45	-167.806
0.3	45	40.8998
0.3	45	165.549
0.3	45	-167.251
0.3	45	-149.68
0.3	45	-17.2516
0.3	45	124.533
0.3	45	149.791
0.3	45	135.569
0.3	45	-63.993
0.3	45	171.081
0.3	45	98.1929
0.3	45	-113.525
0.3	45	-105.374
0.3	45	-139.583
0.3	45	31.4607
0.3	45	-36.6092
0.3	45	179.957
0.3	45	45.337
0.3	45	-160.486
0.3	45	36.0372
0.3	45	-163.854
0.3	45	-0.0217867
0.3	45	160.742
0.3	45	-124.822
0.3	45	-28.1891
0.3	45	140.869
0.3	45	-99.3531
0.3	45	148.863
0.3	45	92.0278
0.3	45	-146.983
0.3	45	-80.4811
0.3	45	128.097
0.3	45	88.8116
0.3	45	-87.5871
0.3	45	81.1182
0.3	45	-113.062
0.3	45	82.3374
0.3	45	-130.403
0.3	45	-108.716
0.3	45	22.5068
0.3	45	-24.815
0.3	45	54.0361
0.3	45	122.927
0.3	45	52.4976
0.3	45	-178.919
0.3	45	74.9317
0.3	45	-139.421
0.3	45	-139.576
0.3	45	177.81
0.3	45	-6.9188
0.3	45	158.934
0.3	45	107.425
0.3	45	-130.409
0.3	45	162.939
0.3	45	141.623
0.3	45	163.531
0.3	45	-155.917
0.3	45	47.529
0.3	45	-99.4933
0.3	45	66.5476
0.3	45	-2.81983
0.3	45	-85.6848
0.3	45	-138.844
0.3	45	-172.89
0.3	45	157.572
0.3	45	-169.169
0.3	45	56.7497
0.3	45	161.972
0.3	45	4.36726
0.3	45	110.958
0.3	45	-107.714
0.3	45	146.061
0.3	45	147.537
0.3	45	-69.4965
0.3	45	113.096
0.3	45	92.497
0.3	45	-33.3469
0.3	45	23.7062
0.3	45	161.375
0.3	45	-36.94
0.3	45	155.009
0.3	45	-35.4508
0.3	45	-58.9843
0.3	45	92.2961
0.3	45	179.311
0.3	45	-166.804
0.3	45	-10.529
0.3	45	162.494
0.3	45	-129.45
0.3	45	77.0743
0.3	45	-85.7958
0.3	45	-81.7696
0.3	45	-134.841
0.3	45	-140.656
0.3	45	105.348
0.3	45	-132.11
0.3	45	16.7714
0.3	45	-7.49254
0.3	45	-49.1039
0.3	45	-27.3632
0.3	45	115.202
0.3	45	61.695
0.3	45	-101.262
0.3	45	-92.8773
0.3	45	27.5116
0.3	45	23.0058
0.3	45	147.243
0.3	45	163.613
0.3	45	-91.7203
0.3	45	-27.4459
0.3	45	2.19174
0.3	45	-110.45
0.3	45	99.3669
0.3	45	44.6814
0.3	45	77.7696
0.3	45	-37.4241
0.3	45	151.078
0.3	45	1.50941
0.3	45	-125.534
0.3	45	-66.743
0.3	45	-108.323
0.3	45	78.8925
0.3	45	-55.6959
0.3	45	80.5129
0.3	45	140.737
0.3	45	127.203
0.3	45	-19.5815
0.3	45	-164.703
0.3	45	110.863
0.3	45	128.563
0.3	45	13.4552
0.3	45	-137.6
0.3	45	21.9586
0.3	45	-43.4721
0.3	45	112.179
0.3	45	-179.005
0.3	45	84.2425
0.3	45	25.6309
0.3	45	-84.1221
0.3	45	-7.54439
0.3	45	84.5889
0.3	45	4.7651
0.3	45	-44.3592
0.3	45	-49.2729
0.3	45	-33.6851
0.3	45	-105.649
0.3	45	-1.40232
0.3	45	100.873
0.3	45	-157.259
0.3	45	105.149
0.3	45	162.393
0.3	45	-164.235
0.3	45	-31.194
0.3	45	-60.3335
0.3	45	-42.3584
0.3	45	-133.793
0.3	45	-32.7181
0.3	45	-107.522
0.3	45	168.697
0.3	45	-53.1878
0.3	45	-124.139
0.3	45	73.4085
0.3	45	-75.7674
0.3	45	114.518
0.3	45	-178.819
0.3	45	136.037
0.3	45	-99.8568
0.3	45	102.55
0.3	45	104.916
0.3	45	-79.478
0.3	45	-100.348
0.3	45	53.1003
0.3	45	-48.9823
0.3	45	102.061
0.3	45	-85.8868
0.3	45	-12.4118
0.3	45	108.449
0.3	45	-120.638
0.3	45	-147.964
0.3	45	-154.878
0.3	45	-91.4271
0.3	45	-49.3662
0.3	45	125.658
0.3	45	-4.08368
0.3	45	27.9608
0.3	45	-22.5964
0.3	45	21.5599
0.3	45	-119.361
0.3	45	-6.69995
0.3	45	-110.364
0.3	45	-144.192
0.3	45	-10.8013
0.3	45	-101.549
0.3	45	-35.0182
0.3	45	-47.9097
0.3	45	-45.26
0.3	45	101.398
0.3	45	-85.3079
0.3	45	170.021
0.3	45	-108.771
0.3	45	-108.885
0.3	45	161.383
0.3	45	106.737
0.3	45	120.55
0.3	45	84.1858
0.3	45	121.776
0.3	45	-165.896
0.3	45	61.2779
0.3	45	107.857
0.3	45	-47.8387
0.3	45	-3.00123
0.3	45	-120.484
0.3	45	-21.2123
0.3	45	140.02
0.3	45	-22.7501
0.3	45	-172.804
0.3	45	-131.228
0.3	45	40.4389
0.3	45	106.051
0.3	45	-28.6086
0.3	45	47.6918
0.3	45	51.8644
0.3	45	68.37
0.3	45	-166.211
0.25	-45	33.9107
0.25	-45	14.1315
0.25	-45	-84.8257
0.25	-45	-1.50647
0.25	-45	0.470965
0.25	-45	111.902
0.25	-45	-156.714
0.25	-45	40.524
0.25	-45	-125.554
0.25	-45	-165.449
0.25	-45	158.739
0.25	-45	30.8494
0.25	-45	47.4746
0.25	-45	112.1
0.25	-45	-102.37
0.25	-45	-61.2753
0.25	-45	-31.8825
0.25	-45	-63.7066
0.25	-45	-153.577
0.25	-45	-103.181
0.25	-45	34.1803
0.25	-45	109.361
0.25	-45	-105.124
0.25	-45	-172.448
0.25	-45	43.2724
0.25	-45	-22.5597
0.25	-45	7.07432
0.25	-45	-71.4805
0.25	-45	7.47502
0.25	-45	-159.23
0.25	-45	170.305
0.25	-45	94.5441
0.25	-45	1.91055
0.25	-45	-19.9082
0.25	-45	26.3628
0.25	-45	165.998
0.25	-45	77.1773
0.25	-45	-32.8022
0.25	-45	147.004
0.25	-45	13.4842
0.25	-45	-157.354
0.25	-45	73.4064
0.25	-45	113.899
0.25	-45	112.414
0.25	-45	-21.0314
0.25	-45	-40.9352
0.25	-45	-73.8846
0.25	-45	-158.369
0.25	-45	137.53
0.25	-45	-170.905
0.25	-45	-111.932
0.25	-45	-77.4064
0.25	-45	-142.673
0.25	-45	16.1045
0.25	-45	37.8128
0.25	-45	-85.2899
0.25	-45	22.7511
0.25	-45	77.2639
0.25	-45	64.708
0.25	-45	-75.4224
0.25	-45	-1.04873
0.25	-45	-175.028
0.25	-45	141.258
0.25	-45	-82.3998
0.25	-45	169.178
0.25	-45	85.2107
0.25	-45	119.769
0.25	-45	-79.0127
0.25	-45	-133.423
0.25	-45	-32.7842
0.25	-45	-25.7861
0.25	-45	-69.0485
0.25	-45	-113.53
0.25	-45	-17.1654
0.25	-45	164.234
0.25	-45	-115.45
0.25	-45	-111.083
0.25	-45	119.624
0.25	-45	14.3272
0.25	-45	43.568
0.25	-45	-98.1098
0.25	-45	-2.68169
0.25	-45	142.677
0.25	-45	35.7994
0.25	-45	-66.5214
0.25	-45	-112.326
0.25	-45	-134.49
0.25	-45	-126.785
0.25	-45	-95.9999
0.25	-45	137.025
0.25	-45	71.1787
0.25	-45	175.521
0.25	-45	-69.8488
0.25	-45	85.6634
0.25	-45	-56.0838
0.25	-45	91.8251
0.25	-45	89.1025
0.25	-45	96.4555
0.25	-45	134.759
0.25	-45	-54.1137
0.25	-45	-68.897
0.25	-45	-100.056
0.25	-45	1.44591
0.25	-45	-47.044
0.25	-45	14.8729
0.25	-45	-132.465
0.25	-45	107.394
0.25	-45	-6.65841
0.25	-45	80.9225
0.25	-45	28.8208
0.25	-45	86.9281
0.25	-45	117.404
0.25	-45	-5.76499
0.25	-45	-170.179
0.25	-45	-20.3831
0.25	-45	174.591
0.25	-45	90.7031
0.25	-45	8.68437
0.25	-45	-174.912
0.25	-45	-73.3653
0.25	-45	-1.74598
0.25	-45	-158.63
0.25	-45	105.725
0.25	-45	47.9581
0.25	-45	149.392
0.25	-45	-90.3633
0.25	-45	98.4305
0.25	-45	130.774
0.25	-45	-169.711
0.25	-45	-15.2314
0.25	-45	89.6586
0.25	-45	141.948
0.25	-45	-158.178
0.25	-45	146.808
0.25	-45	102.358
0.25	-45	-89.7586
0.25	-45	-161.256
0.25	-45	132.875
0.25	-45	-72.5456
0.25	-45	18.5746
0.25	-45	104.092
0.25	-45	-129.671
0.25	-45	-162.643
0.25	-45	-168.206
0.25	-45	56.1811
0.25	-45	-143.885
0.25	-45	-61.5115
0.25	-45	129.788
0.25	-45	-87.8689
0.25	-45	72.7507
0.25	-45	154.844
0.25	-45	-94.5133
0.25	-45	-123.264
0.25	-45	86.3788
0.25	-45	113.68
0.25	-45	-77.8754
0.25	-45	-27.8845
0.25	-45	-76.3909
0.25	-45	-45.7743
0.25	-45	-109.067
0.25	-45	49.1989
0.25	-45	-152.543
0.25	-45	-14.1875
0.25	-45	38.4902
0.25	-45	46.5819
0.25	-45	-13.9652
0.25	-45	-163.487
0.25	-45	-172.13
0.25	-45	22.8347
0.25	-45	28.8004
0.25	-45	-116.375
0.25	-45	-50.8454
0.25	-45	-127.947
0.25	-45	-6.10041
0.25	-45	144.056
0.25	-45	-76.4684
0.25	-45	178.61
0.25	-45	132.522
0.25	-45	56.6206
0.25	-45	100.662
0.25	-45	-69.4757
0.25	-45	44.003
0.25	-45	15.6728
0.25	-45	57.8102
0.25	-45	-34.4706
0.25	-45	50.7114
0.25	-45	146.947
0.25	-45	146.99
0.25	-45	139.839
0.25	-45	-49.0258
0.25	-45	-6.77202
0.25	-45	-17.8981
0.25	-45	120.18
0.25	-45	-21.3219
0.25	-45	-147.59
0.25	-45	152.338
0.25	-45	-42.3549
0.25	-45	160.574
0.25	-45	-162.597
0.25	-45	154.49
0.25	-45	-57.2939
0.25	-45	-31.204
0.25	-45	-114.096
0.25	-45	-53.5675
0.25	-45	-40.8798
0.25	-45	90.1722
0.25	-45	93.7134
0.25	-45	40.7808
0.25	-45	-143.916
0.25	-45	-32.7143
0.25	-45	-46.246
0.25	-45	-65.7727
0.25	-45	-98.2341
0.25	-45	-170.56
0.25	-45	-142.219
0.25	-45	-116.265
0.25	-45	127.438
0.25	-45	-65.2003
0.25	-45	179.898
0.25	-45	-144.79
0.25	-45	-69.9082
0.25	-45	47.2467
0.25	-45	110.32
0.25	-45	84.6153
0.25	-45	-170.135
0.25	-45	133.535
0.25	-45	126.393
0.25	-45	-63.3969
0.25	-45	88.7723
0.25	-45	-44.0632
0.25	-45	-88.7432
0.25	-45	118.915
0.25	-45	115.622
0.25	-45	67.5378
0.25	-45	98.6311
0.25	-45	-58.8318
0.25	-45	-8.16067
0.25	-45	-34.5319
0.25	-45	63.3227
0.25	-45	-118.096
0.25	-45	-71.9164
0.25	-45	138.265
0.25	-45	-103.309
0.25	-45	-91.5439
0.25	-45	135.283
0.25	-45	-95.0161
0.25	-45	145.213
0.25	-45	-151.783
0.25	-45	38.4851
0.25	-45	176.856
0.25	-45	-7.08355
0.25	-45	138.36
0.25	-45	22.0778
0.25	-45	78.6643
0.25	-45	-63.2324
0.25	-45	112.581
0.25	-45	141.862
0.25	-45	-102.922
0.25	-45	-164.747
0.25	-45	107.097
0.25	-45	-44.0283
0.25	-45	-1.4789
0.25	-45	85.3746
0.25	-45	8.24234
0.25	-45	-19.1231
0.25	-45	-177.094
0.25	-45	-61.0481
0.25	-45	-179.654
0.25	-45	-111.346
0.25	-45	154.344
0.25	-45	-22.8539
0.25	-45	21.6723
0.25	-45	33.2002
0.25	-45	-23.0898
0.25	-45	-175.011
0.25	-45	-68.6278
0.25	-45	-126.751
0.25	-45	-19.3734
0.25	-45	-42.4724
0.25	-45	33.7869
0.25	-45	77.3154
0.25	-45	110.786
0.25	-45	-91.749
0.25	-45	74.6532
0.25	-45	-68.8645
0.25	-45	-114.956
0.25	-45	80.9395
0.25	-45	-77.9602
0.25	-45	-111.284
0.25	-45	33.3806
0.25	-45	-88.1197
0.25	-45	-97.6949
0.25	-45	108.55
0.25	-45	-50.8849
0.25	-45	107.909
0.25	-45	96.3605
0.25	-45	-166.446
0.25	-45	126.807
0.25	-45	-169.519
0.25	-45	31.306
0.25	-45	59.7482
0.25	-45	-60.9218
0.25	-45	-83.0263
0.25	-45	177.141
0.25	-45	107.071
0.25	-45	-165.012
0.25	-45	-134.289
0.25	-45	51.8161
0.25	-45	52.7336
0.25	-45	79.1635
0.25	-45	-75.9994
0.25	-45	13.9925
0.25	-45	177.597
0.25	-45	-99.301
0.25	-45	-38.9815
0.25	-45	77.6578
0.25	-45	170.644
0.25	-45	66.9785
0.25	-45	-119.415
0.25	-45	71.2529
0.25	-45	-115.509
0.25	-45	-124.818
0.25	-45	-73.5233
0.25	-45	-44.2814
0.25	-45	98.9937
0.25	-45	156.491
0.25	-45	17.2529
0.25	-45	-68.1205
0.25	-45	-46.7269
0.25	-45	87.9411
0.25	-45	-125.22
0.25	-45	15.1878
0.25	-45	128.506
0.25	-45	24.0887
0.25	-45	-179.886
0.25	-45	170.865
0.25	-45	-59.0497
0.25	-45	28.9084
0.25	-45	-127.464
0.25	-45	65.005
0.25	-45	88.4026
0.25	-45	-159.655
0.25	-45	-168.798
0.25	-45	4.25411
0.25	-45	32.347
0.25	-45	-139.994
0.25	-45	19.0521
0.25	-45	178.685
0.25	-45	-76.5503
0.25	-45	-109.099
0.25	-45	110.14
0.25	-45	29.2053
0.25	-45	-93.3484
0.25	-45	-139.005
0.25	-45	52.294
0.25	-45	-79.1912
0.25	-45	-19.9006
0.25	-45	-165.217
0.25	-45	33.351
0.25	-45	-55.9549
0.25	-45	136.075
0.25	-45	61.1599
0.25	-45	4.65133
0.25	-45	75.7251
0.25	-45	-156.717
0.25	-45	-66.5231
0.25	-45	76.8587
0.25	-45	-123.043
0.25	-45	-65.9532
0.25	-45	-0.0898537
0.25	-45	-117.142
0.25	-45	-159.17
0.25	-45	60.3782
0.25	-45	-4.64127
0.25	-45	-173.46
0.25	-45	-159.817
0.25	-45	-1.38697
0.25	-45	148.428
0.25	-45	-38.8082
0.25	-45	122.424
0.25	-45	-132.034
0.25	-45	82.7766
0.25	-45	-135.418
0.25	-45	63.8567
0.25	-45	-34.2004
0.25	-45	75.5916
0.25	-45	-160.248
0.25	-45	-37.0131
0.25	-45	-40.9409
0.25	-45	60.811
0.25	-45	-141.972
0.25	-45	50.191
0.25	-45	-146.174
0.25	-45	-11.1302
0.25	-45	-100.376
0.25	-45	-125.688
0.25	-45	132.515
0.25	-45	107.188
0.25	-45	2.12902
0.25	-45	-25.1207
0.25	-45	163.637
0.25	-45	-21.3779
0.25	-45	163.862
0.25	-45	-76.4607
0.25	-45	177.898
0.25	-45	168.386
0.25	-45	101.004
0.25	-45	120.27
0.25	-45	81.1258
0.25	-45	-19.7413
0.25	-45	113.17
0.25	-45	107.354
0.25	-45	-58.2148
0.25	-45	61.451
0.25	-45	26.7629
0.25	-45	-100.668
0.25	-45	42.6103
0.25	-45	-122.357
0.25	-45	-170.327
0.25	-45	12.0558
0.25	-45	70.1509
0.25	-45	67.6698
0.25	-45	82.0251
0.25	-45	43.7327
0.25	-45	-83.3265
0.25	-45	-138.997
0.25	-45	78.7405
0.25	-45	17.4959
0.25	-45	161.745
0.25	-45	-150.665
0.25	-45	-77.7958
0.25	-45	-69.0167
0.25	-45	165.298
0.25	-45	-149.569
0.25	-45	76.9902
0.25	-45	32.8943
0.25	-45	89.2559
0.25	-45	107.274
0.25	-45	-28.445
0.25	-45	-152.02
0.25	-45	118.239
0.25	-45	94.9354
0.25	-45	54.9315
0.25	-45	59.558
0.25	-45	-159.169
0.25	-45	-1.11875
0.25	-45	-46.4696
0.25	-45	-132.863
0.25	-45	-90.1711
0.25	-45	178.995
0.25	-45	-31.7771
0.25	-45	-16.9242
0.25	-45	-83.059
0.25	-45	-9.94789
0.25	-45	65.8365
0.25	-45	12.3162
0.25	-45	141.197
0.25	-45	61.4644
0.25	-45	-163.231
0.25	-45	-29.5435
0.25	-45	101.134
0.25	-45	-101.785
0.25	-45	43.4948
0.25	-45	-53.0646
0.25	-45	51.244
0.25	-45	-105.196
0.25	-45	37.0009
0.25	-45	67.112
0.25	-45	45.7764
0.25	-45	-86.1582
0.25	-45	-28.3162
0.25	-45	-56.1972
0.25	-45	97.7478
0.25	-45	-58.2514
0.25	-45	-27.2722
0.25	-45	49.7685
0.25	-45	-120.972
0.25	-45	-144.304
0.25	-45	147.217
0.25	-45	29.8401
0.25	-45	-179.35
0.25	-45	-10.7198
0.25	-45	-15.9006
0.25	-45	64.6855
0.25	-45	105.138
0.25	-45	176.311
0.25	-45	95.5589
0.25	-45	31.2166
0.25	-45	-131.416
0.25	-45	-93.2196
0.25	-45	-159.639
0.25	-45	-31.452
0.25	-45	170.372
0.25	-45	149.221
0.25	-45	-122.402
0.25	-45	61.0173
0.25	-45	-175.019
0.25	-45	88.2243
0.25	-45	-128.202
0.25	-45	-163.825
0.25	-45	50.534
0.25	-45	99.1009
0.25	-45	66.4236
0.25	-45	102.083
0.25	-45	85.7616
0.25	-45	120.065
0.25	-45	-27.0079
0.25	-45	115.888
0.25	-45	-115.724
0.25	-45	52.7562
0.25	-45	28.8433
0.25	-45	102.306
0.25	-45	103.354
0.25	-45	38.3134
0.25	-45	-58.8992
0.25	-45	121.909
0.25	-45	165.183
0.25	-45	29.9091
0.25	-45	-91.1271
0.25	-45	76.4123
0.25	-45	81.9364
0.25	-45	-145.776
0.25	-45	12.2661
0.25	-45	-136.332
0.25	-45	92.7194
0.25	-45	13.1957
0.25	-45	36.8124
0.25	-45	6.47516
0.25	-45	47.7208
0.25	-45	-156.799
0.25	-45	45.2151
0.25	-45	-79.6164
0.25	-45	114.25
0.25	-45	-107.582
0.25	-45	-69.6302
0.25	-45	-73.3423
0.25	-45	-53.2608
0.25	-45	147.277
0.25	-45	-42.8642
0.25	-45	-89.475
0.25	-45	169.694
0.25	-45	167.576
0.25	-45	17.6556
0.25	-45	91.4155
0.25	-45	-60.5692
0.25	-45	17.648
0.25	-45	147.597
0.25	-45	-94.5875
0.25	-45	-22.4852
0.25	-45	-152.809
0.25	-45	-119.264
0.25	-45	129.679
0.25	-45	140.795
0.25	-45	113.078
0.25	-45	-82.9088
0.25	-45	-92.8933
0.25	-45	16.7358
0.25	-45	35.6891
0.25	-45	147.338
0.25	-45	74.9919
0.25	-45	-148.947
0.25	-45	83.5199
0.25	-45	-42.3187
0.25	-45	138.186
0.25	-45	154.862
0.25	-45	-70.2339
0.25	-45	-53.1223
0.25	-45	120.813
0.25	-45	-168.538
0.25	-45	52.713
0.25	-45	18.8282
0.25	-45	23.0979
0.25	-45	45.7294
0.25	-45	85.4635
0.25	-45	-149.727
0.25	-45	-161.985
0.25	-45	-41.0741
0.25	-45	-121.989
0.25	-45	83.1124
0.25	-45	-159.985
0.25	-45	81.1822
0.25	-45	-94.2559
0.25	-45	86.2839
0.25	-45	-117.618
0.25	-45	147.485
0.25	-45	5.74666
0.25	-45	80.9848
0.25	-45	-140.845
0.25	-45	-130.772
0.25	-45	46.6069
0.25	-45	87.9192
0.25	-45	61.9124
0.25	-45	99.6642
0.25	-45	-138.8
0.25	-45	-41.2986
0.25	-45	123.641
0.25	-45	65.6595
0.25	-45	-88.7355
0.25	-45	87.5168
0.25	-45	26.0945
0.25	-45	-167.316
0.25	-45	-61.4533
0.25	-45	179.02
0.25	-45	165.249
0.25	-45	-154.239
0.25	-45	64.3592
0.25	-45	77.7617
0.25	-45	44.8706
0.25	-45	94.5074
0.25	-45	153.392
0.25	-45	90.0144
0.25	-45	-31.438
0.25	-45	16.9804
0.25	-45	-19.571
0.25	-45	170.682
0.25	-45	-54.1194
0.25	-45	-167.49
0.25	-45	56.8168
0.25	-45	58.0766
0.25	-45	-86.9802
0.25	-45	-95.2851
0.25	-45	-82.421
0.25	-45	59.3229
0.25	-45	-62.9004
0.25	-45	9.16058
0.25	-45	142.545
0.25	-45	-132.498
0.25	-45	95.9961
0.25	-45	139.03
0.25	-45	-82.9808
0.25	-45	3.59798
0.25	-45	71.7375
0.25	-45	-88.4817
0.25	-45	163.402
0.25	-45	19.9082
0.25	-45	-179.471
0.25	-45	75.5307
0.25	-45	-148.166
0.25	-45	-104.314
0.25	-45	110.394
0.25	-45	127.97
0.25	-45	-31.7042
0.25	-45	31.8838
0.25	-45	-126.905
0.25	-45	52.4805
0.25	-45	-103.15
0.25	-45	116.867
0.25	-45	150.586
0.25	-45	160.334
0.25	-45	82.6963
0.25	-45	-87.6909
0.25	-45	-51.3625
0.25	-45	-0.16964
0.25	-45	13.8096
0.25	-45	-26.91
0.25	-45	19.8627
0.25	-45	-166.868
0.25	-45	-21.1373
0.25	-45	-177.965
0.25	-45	-53.7223
0.25	-45	29.0206
0.25	-45	-56.3266
0.25	-45	-159.358
0.25	-45	-53.3359
0.25	-45	73.7823
0.25	-45	-53.8179
0.25	-45	-170.408
0.25	-45	82.1323
0.25	-45	65.2401
0.25	-45	57.8867
0.25	-45	18.8084
0.25	-45	94.5317
0.25	-45	-156.154
0.25	-45	-155.158
0.25	-45	102.089
0.25	-45	122.664
0.25	-45	-126.214
0.25	-45	36.4554
0.25	-45	-119.869
0.25	-45	-62.764
0.25	-45	-132.222
0.25	-45	45.3462
0.25	-45	140.014
0.25	-45	167.856
0.25	-45	2.90507
0.25	-45	-69.2243
0.25	-45	-129.07
0.25	-45	114.05
0.25	-45	-124.259
0.25	-45	57.7068
0.25	-45	-170.537
0.25	-45	136.987
0.25	-45	18.8885
0.25	-45	-124.471
0.25	-45	-103.898
0.25	-45	121.658
0.25	-45	73.0871
0.25	-45	-80.6779
0.25	-45	-0.371142
0.25	-45	38.7508
0.25	-45	167.133
0.25	-45	-142.716
0.25	-45	109.107
0.25	-45	52.9392
0.25	-45	7.41042
0.25	-45	-26.6749
0.25	-45	-133.818
0.25	-45	164.322
0.25	-45	172.459
0.25	-45	-45.8421
0.25	-45	-150.541
0.25	-45	151.552
0.25	-45	-117.934
0.25	-45	-154.654
0.25	-45	21.2414
0.25	-45	-56.4015
0.25	-45	38.3499
0.25	-45	-117.083
0.25	-45	-67.704
0.25	-45	53.4549
0.25	-45	94.8994
0.25	-45	-6.02648
0.25	-45	65.4325
0.25	-45	-65.1782
0.25	-45	-131.615
0.25	-45	-153.131
0.25	-45	-24.1516
0.25	-45	-100.53
0.25	-45	45.8763
0.25	-45	-130.335
0.25	-45	37.7421
0.25	-45	-126.709
0.25	-45	-86.5328
0.25	-45	9.98311
0.25	-45	59.2372
0.25	-45	69.0569
0.25	-45	125.915
0.25	-45	-124.574
0.25	-45	-153.564
0.25	-45	-109.785
0.25	-45	55.821
0.25	-45	81.6986
0.25	-45	91.6768
0.25	-45	51.945
0.25	-45	-169.682
0.25	-45	-123.459
0.25	-45	159.224
0.25	-45	53.9772
0.25	-45	11.2711
0.25	-45	34.1721
0.25	-45	-22.2236
0.25	-45	-122.609
0.25	-45	-127.236
0.25	-45	103.021
0.25	-45	122.892
0.25	-45	145.131
0.25	-45	166.365
0.25	-45	155.552
0.25	-45	-100.068
0.25	-45	-127.055
0.25	-45	-52.3339
0.25	-45	-42.3067
0.25	-45	82.9485
0.25	-45	-19.0077
0.25	-45	-3.03981
0.25	-45	36.3398
0.25	-45	-58.6707
0.25	-45	52.488
0.25	-45	-28.762
0.25	-45	-168.25
0.25	-45	177.453
0.25	-45	44.7369
0.25	-45	-19.7738
0.25	-45	125.973
0.25	-45	-59.3831
0.25	-45	156.595
0.25	-45	-0.581879
0.25	-45	14.1318
0.25	-45	-149.23
0.25	-45	-131.414
0.25	-45	129.381
0.25	-45	98.6418
0.25	-45	-1.82131
0.25	-45	-139.208
0.25	-45	64.3751
0.25	-45	-117.892
0.25	-45	-70.5196
0.25	-45	101.586
0.25	-45	47.2466
0.25	-45	153.509
0.25	-45	21.8827
0.25	-45	-88.2731
0.25	-45	-106.789
0.25	-45	-130.387
0.25	-45	109.97
0.25	-45	47.7079
0.25	-45	118.555
0.25	-45	-1.78891
0.25	-45	-153.898
0.25	-45	82.7044
