pol	setting	phi
0.3	45	176.118
0.3	45	74.065
0.3	45	123.875
0.3	45	35.133
0.3	45	-3.30326
0.3	45	-49.1811
0.3	45	59.0313
0.3	45	105.948
0.3	45	92.7046
0.3	45	146.815
0.3	45	85.3314
0.3	45	-87.1557
0.3	45	-170.551
0.3	45	160.019
0.3	45	4.31297
0.3	45	-111.14
0.3	45	-12.1289
0.3	45	-57.5821
0.3	45	24.4908
0.3	45	-116.991
0.3	45	-170.475
0.3	45	-74.9272
0.3	45	55.0188
0.3	45	143.113
0.3	45	126.558
0.3	45	20.6929
0.3	45	43.3622
0.3	45	164.231
0.3	45	-151.972
0.3	45	132.032
0.3	45	63.1525
0.3	45	-71.7688
0.3	45	-60.8489
0.3	45	-57.608
0.3	45	104.235
0.3	45	-16.5037
0.3	45	-39.3009
0.3	45	0.892126
0.3	45	-177.546
0.3	45	42.8666
0.3	45	-54.3995
0.3	45	-121.687
0.3	45	-148.228
0.3	45	-149.04
0.3	45	-137.475
0.3	45	178.821
0.3	45	-52.3089
0.3	45	86.6202
0.3	45	78.6436
0.3	45	158.374
0.3	45	146.243
0.3	45	-10.4092
0.3	45	-25.8496
0.3	45	-149.008
0.3	45	103.055
0.3	45	-45.6205
0.3	45	32.3499
0.3	45	-138.497
0.3	45	91.209
0.3	45	96.5277
0.3	45	111.591
0.3	45	4.6337
0.3	45	21.2599
0.3	45	152.588
0.3	45	-135.011
0.3	45	-28.0873
0.3	45	151.571
0.3	45	-69.8347
0.3	45	117.079
0.3	45	-0.285189
0.3	45	-92.3423
0.3	45	-33.9616
0.3	45	48.281
0.3	45	-144.481
0.3	45	-160.99
0.3	45	-16.7682
0.3	45	128.581
0.3	45	-172.623
0.3	45	-143.852
0.3	45	160.428
0.3	45	-131.769
0.3	45	-3.24559
0.3	45	160.293
0.3	45	-56.8307
0.3	45	98.7862
0.3	45	-95.4593
0.3	45	96.6162
0.3	45	23.2354
0.3	45	107.688
0.3	45	159.406
0.3	45	104.066
0.3	45	150.088
0.3	45	4.55322
0.3	45	30.0821
0.3	45	83.1788
0.3	45	143.542
0.3	45	135.787
0.3	45	-38.8232
0.3	45	-59.6571
0.3	45	14.2317
0.3	45	-14.4642
0.3	45	147.632
0.3	45	-47.9517
0.3	45	171.358
0.3	45	-64.659
0.3	45	-40.9207
0.3	45	-7.87706
0.3	45	122.334
0.3	45	-112.789
0.3	45	-84.8266
0.3	45	161.255
0.3	45	-3.91535
0.3	45	146.603
0.3	45	-144.27
0.3	45	-45.1267
0.3	45	-45.7155
0.3	45	-51.2113
0.3	45	22.8198
0.3	45	-4.38659
0.3	45	170.707
0.3	45	136.593
0.3	45	-109.74
0.3	45	159.711
0.3	45	179.88
0.3	45	35.8961
0.3	45	-172.639
0.3	45	12.2756
0.3	45	75.5458
0.3	45	116.592
0.3	45	-65.8101
0.3	45	-66.3733
0.3	45	-156.26
0.3	45	172.363
0.3	45	-134.279
0.3	45	146.81
0.3	45	8.56666
0.3	45	26.7602
0.3	45	-60.7122
0.3	45	-78.4321
0.3	45	-171.706
0.3	45	141.382
0.3	45	-21.5507
0.3	45	111.235
0.3	45	-48.4958
0.3	45	-124.034
0.3	45	-70.9498
0.3	45	117.072
0.3	45	159.69
0.3	45	-5.27359
0.3	45	-6.27573
0.3	45	72.2065
0.3	45	-160.585
0.3	45	-78.19
0.3	45	92.9142
0.3	45	-96.7542
0.3	45	122.729
0.3	45	141.36
0.3	45	96.806
0.3	45	-157.426
0.3	45	173.437
0.3	45	152.556
0.3	45	117.443
0.3	45	-104.717
0.3	45	-164.416
0.3	45	149.506
0.3	45	-98.687
0.3	45	-137.647
0.3	45	130.103
0.3	45	-73.5234
0.3	45	141.443
0.3	45	-133.661
0.3	45	114.415
0.3	45	-36.7684
0.3	45	-64.1835
0.3	45	-177.813
0.3	45	-170.81
0.3	45	58.4103
0.3	45	170.537
0.3	45	91.2182
0.3	45	-22.8809
0.3	45	-38.517
0.3	45	31.0392
0.3	45	-7.05328
0.3	45	172.318
0.3	45	134.805
0.3	45	-106.25
0.3	45	-143.971
0.3	45	-51.859
0.3	45	-134.392
0.3	45	36.7456
0.3	45	119.331
0.3	45	9.42818
0.3	45	43.4033
0.3	45	137.161
0.3	45	-101.146
0.3	45	-20.9316
0.3	45	15.1224
0.3	45	-80.1686
0.3	45	112.807
0.3	45	101.653
0.3	45	85.4251
0.3	45	11.5805
0.3	45	-58.0705
0.3	45	26.4906
0.3	45	7.136
0.3	45	31.1733
0.3	45	-174.35
0.3	45	38.4669
0.3	45	126.1
0.3	45	-93.5049
0.3	45	-19.7615
0.3	45	-91.5061
0.3	45	-130.421
0.3	45	142.635
0.3	45	-58.9303
0.3	45	98.4639
0.3	45	128.263
0.3	45	-146.348
0.3	45	-90.2633
0.3	45	-52.0619
0.3	45	-71.3152
0.3	45	123.249
0.3	45	34.7816
0.3	45	-174.319
0.3	45	163.287
0.3	45	-9.13279
0.3	45	-88.6913
0.3	45	103.791
0.3	45	133.136
0.3	45	131.727
0.3	45	-159.84
0.3	45	-6.0373
0.3	45	81.0114
0.3	45	146.054
0.3	45	-126.564
0.3	45	-36.6517
0.3	45	30.9863
0.3	45	65.9423
0.3	45	-141.057
0.3	45	-110.656
0.3	45	-61.8539
0.3	45	-53.7124
0.3	45	175.404
0.3	45	-75.5906
0.3	45	-145.765
0.3	45	-46.285
0.3	45	-72.1952
0.3	45	10.9626
0.3	45	36.624
0.3	45	-178.4
0.3	45	132.271
0.3	45	-172.576
0.3	45	-41.5087
0.3	45	-98.8305
0.3	45	66.659
0.3	45	-89.8152
0.3	45	-153.593
0.3	45	-49.5953
0.3	45	-132.288
0.3	45	80.8518
0.3	45	119.409
0.3	45	87.5238
0.3	45	-156.563
0.3	45	76.2733
0.3	45	161.242
0.3	45	28.6048
0.3	45	114.488
0.3	45	165.225
0.3	45	-13.3134
0.3	45	33.7298
0.3	45	-158.366
0.3	45	21.3764
0.3	45	-169.244
0.3	45	-89.087
0.3	45	-15.6486
0.3	45	-166.376
0.3	45	-173.076
0.3	45	-173.843
0.3	45	154.438
0.3	45	171.642
0.3	45	-70.3533
0.3	45	116.48
0.3	45	161.973
0.3	45	67.7427
0.3	45	-33.7641
0.3	45	-104.006
0.3	45	-148.836
0.3	45	-19.4283
0.3	45	129.514
0.3	45	56.7037
0.3	45	73.3243
0.3	45	-109.369
0.3	45	113.706
0.3	45	-98.4626
0.3	45	-169.604
0.3	45	72.0595
0.3	45	-34.9206
0.3	45	-133.108
0.3	45	-158.38
0.3	45	-109.24
0.3	45	92.4988
0.3	45	114.969
0.3	45	67.974
0.3	45	48.3828
0.3	45	102.054
0.3	45	129.517
0.3	45	143.788
0.3	45	8.01936
0.3	45	-21.9809
0.3	45	20.9531
0.3	45	114.447
0.3	45	-40.1634
0.3	45	20.1025
0.3	45	108.071
0.3	45	18.6089
0.3	45	-78.0093
0.3	45	-67.7971
0.3	45	9.62194
0.3	45	32.7874
0.3	45	145.697
0.3	45	32.3716
0.3	45	162.081
0.3	45	44.1467
0.3	45	19.8501
0.3	45	126.234
0.3	45	150.216
0.3	45	141.822
0.3	45	155.108
0.3	45	140.75
0.3	45	62.6282
0.3	45	153.06
0.3	45	162.276
0.3	45	9.67676
0.3	45	-93.1208
0.3	45	-36.7929
0.3	45	-75.1102
0.3	45	-132.445
0.3	45	173.601
0.3	45	-68.6277
0.3	45	-5.80054
0.3	45	164.061
0.3	45	-117.682
0.3	45	-111.238
0.3	45	69.2636
0.3	45	142.275
0.3	45	42.8836
0.3	45	-138.066
0.3	45	-78.0651
0.3	45	-76.0906
0.3	45	-75.4187
0.3	45	-17.6448
0.3	45	-60.183
0.3	45	87.7071
0.3	45	29.444
0.3	45	-173.257
0.3	45	128.992
0.3	45	173.935
0.3	45	61.9724
0.3	45	15.6136
0.3	45	55.9669
0.3	45	27.5514
0.3	45	-116.379
0.3	45	-57.2936
0.3	45	123.864
0.3	45	-102.118
0.3	45	-104.794
0.3	45	-38.9792
0.3	45	34.9648
0.3	45	158.403
0.3	45	178.331
0.3	45	70.2442
0.3	45	-2.99023
0.3	45	-43.3205
0.3	45	-3.54114
0.3	45	-82.2429
0.3	45	-97.0018
0.3	45	-37.3782
0.3	45	99.4057
0.3	45	78.855
0.3	45	-16.1837
0.3	45	151.059
0.3	45	4.99451
0.3	45	49.9393
0.3	45	113.361
0.3	45	55.635
0.3	45	104.42
0.3	45	-4.21511
0.3	45	-177.06
0.3	45	128.659
0.3	45	-161.375
0.3	45	106.021
0.3	45	78.3879
0.3	45	14.798
0.3	45	127.845
0.3	45	-145.764
0.3	45	-117.413
0.3	45	-150.098
0.3	45	77.2541
0.3	45	121.409
0.3	45	17.3563
0.3	45	110.756
0.3	45	113.949
0.3	45	107.544
0.3	45	-101.409
0.3	45	21.9885
0.3	45	-109.69
0.3	45	-25.5196
0.3	45	151.652
0.3	45	9.99919
0.3	45	56.5142
0.3	45	-62.5172
0.3	45	-21.2292
0.3	45	94.1888
0.3	45	-165.304
0.3	45	-176.128
0.3	45	3.70328
0.3	45	91.8082
0.3	45	75.1821
0.3	45	-65.1249
0.3	45	127.024
0.3	45	65.1
0.3	45	170.928
0.3	45	-88.2181
0.3	45	-40.5504
0.3	45	19.007
0.3	45	-130.279
0.3	45	-90.9244
0.3	45	-78.5884
0.3	45	90.4096
0.3	45	-3.12167
0.3	45	177.393
0.3	45	163.384
0.3	45	121.885
0.3	45	17.875
0.3	45	158.459
0.3	45	-135.694
0.3	45	24.28
0.3	45	176.196
0.3	45	170.952
0.3	45	-88.9016
0.3	45	-30.0699
0.3	45	-25.2584
0.3	45	123.527
0.3	45	-80.1556
0.3	45	-71.6083
0.3	45	154.042
0.3	45	157.514
0.3	45	99.2794
0.3	45	-47.7384
0.3	45	-115.949
0.3	45	82.1364
0.3	45	149.769
0.3	45	-155.458
0.3	45	69.121
0.3	45	-155.143
0.3	45	-61.2726
0.3	45	-27.6801
0.3	45	150.963
0.3	45	-98.5704
0.3	45	-105.297
0.3	45	143.464
0.3	45	-115.939
0.3	45	15.7609
0.3	45	-141.42
0.3	45	-163.006
0.3	45	-161.798
0.3	45	-66.9898
0.3	45	-117.005
0.3	45	56.6895
0.3	45	140.813
0.3	45	101.745
0.3	45	-40.2845
0.3	45	-162.998
0.3	45	-13.1888
0.3	45	97.921
0.3	45	-129.765
0.3	45	30.1811
0.3	45	64.2788
0.3	45	-48.8189
0.3	45	-80.4397
0.3	45	72.6338
0.3	45	53.0347
0.3	45	125.704
0.3	45	-13.0693
0.3	45	-168.365
0.3	45	-173.056
0.3	45	-112.801
0.3	45	24.7855
0.3	45	119.347
0.3	45	-29.1035
0.3	45	-48.0072
0.3	45	106.579
0.3	45	-62.3249
0.3	45	-3.72078
0.3	45	132.057
0.3	45	159.01
0.3	45	136.381
0.3	45	-74.2545
0.3	45	-27.3655
0.3	45	-60.0473
0.3	45	28.9629
0.3	45	-97.3467
0.3	45	-31.3473
0.3	45	78.3208
0.3	45	-24.8341
0.3	45	-65.1757
0.3	45	169.955
0.3	45	-114.559
0.3	45	172.107
0.3	45	13.4433
0.3	45	9.68046
0.3	45	178.904
0.3	45	-89.3441
0.3	45	91.2101
0.3	45	41.8853
0.3	45	-77.5982
0.3	45	-49.8993
0.3	45	61.3357
0.3	45	7.41504
0.3	45	-25.5614
0.3	45	-23.1593
0.3	45	150.275
0.3	45	-44.9755
0.3	45	167.913
0.3	45	154.712
0.3	45	92.7604
0.3	45	178.563
0.3	45	-115.324
0.3	45	149.407
0.3	45	99.5314
0.3	45	171.604
0.3	45	-178.673
0.3	45	-16.3767
0.3	45	128.921
0.3	45	110.815
0.3	45	11.3118
0.3	45	81.6871
0.3	45	-166.958
0.3	45	63.5255
0.3	45	-87.5282
0.3	45	-48.6102
0.3	45	7.53586
0.3	45	-59.2677
0.3	45	136.511
0.3	45	157.17
0.3	45	-19.8332
0.3	45	128.757
0.3	45	1.33974
0.3	45	-129.252
0.3	45	-43.3806
0.3	45	138.549
0.3	45	15.9961
0.3	45	-79.6706
0.3	45	133.086
0.3	45	44.7221
0.3	45	-89.9812
0.3	45	-92.0748
0.3	45	140.47
0.3	45	49.8331
0.3	45	-132.905
0.3	45	-0.197365
0.3	45	178.024
0.3	45	-158.628
0.3	45	135.582
0.3	45	146.411
0.3	45	-73.3309
0.3	45	148.968
0.3	45	-85.7132
0.3	45	31.7478
0.3	45	4.71249
0.3	45	21.769
0.3	45	-163.932
0.3	45	21.4884
0.3	45	121.319
0.3	45	-41.7821
0.3	45	-90.0581
0.3	45	57.393
0.3	45	-179.454
0.3	45	-11.5837
0.3	45	32.2617
0.3	45	-172.8
0.3	45	-77.7042
0.3	45	80.5929
0.3	45	141.98
0.3	45	157.916
0.3	45	-66.581
0.3	45	-53.8443
0.3	45	-148.562
0.3	45	-167.171
0.3	45	-26.4533
0.3	45	-30.6694
0.3	45	50.3458
0.3	45	-167.336
0.3	45	41.8831
0.3	45	-176.198
0.3	45	-137.258
0.3	45	-100.522
0.3	45	-72.0195
0.3	45	-11.8713
0.3	45	-75.009
0.3	45	5.79471
0.3	45	-57.7162
0.3	45	62.2702
0.3	45	20.1705
0.3	45	39.7816
0.3	45	131.448
0.3	45	171.03
0.3	45	128.415
0.3	45	40.8547
0.3	45	-26.0668
0.3	45	-151.005
0.3	45	-76.2651
0.3	45	-58.7783
0.3	45	-28.4465
0.3	45	-18.5195
0.3	45	47.5326
0.3	45	-177.882
0.3	45	-43.4747
0.3	45	132.27
0.3	45	-142.483
0.3	45	78.4543
0.3	45	146.234
0.3	45	-67.1811
0.3	45	175.726
0.3	45	-128.772
0.3	45	-73.0084
0.3	45	97.2192
0.3	45	-157.47
0.3	45	-101.753
0.3	45	101.321
0.3	45	166.856
0.3	45	88.1023
0.3	45	-18.1523
0.3	45	-156.363
0.3	45	-20.7134
0.3	45	-75.9514
0.3	45	-14.3487
0.3	45	-135.148
0.3	45	-35.4309
0.3	45	0.7328
0.3	45	-25.8787
0.3	45	129.887
0.3	45	-112.594
0.3	45	-64.3289
0.3	45	142.728
0.3	45	-7.72039
0.3	45	138.588
0.3	45	-21.0994
0.3	45	-47.4853
0.3	45	-102.002
0.3	45	-3.49561
0.3	45	-84.3482
0.3	45	110.433
0.3	45	135.881
0.3	45	-50.5611
0.3	45	-48.5206
0.3	45	15.4842
0.3	45	126.13
0.3	45	-103.729
0.3	45	70.7554
0.3	45	-90.888
0.3	45	-65.4804
0.3	45	-81.5881
0.3	45	-111.603
0.3	45	-170.211
0.3	45	146.981
0.3	45	-52.422
0.3	45	88.071
0.3	45	122.499
0.3	45	-57.9115
0.3	45	-38.4445
0.3	45	89.3008
0.3	45	-138.595
0.3	45	-60.0891
0.3	45	-143.977
0.3	45	137.229
0.3	45	115.724
0.3	45	179.909
0.3	45	-100.845
0.3	45	55.9602
0.3	45	44.9715
0.3	45	165.357
0.3	45	104.569
0.3	45	-118.451
0.3	45	57.7392
0.3	45	-116.268
0.3	45	8.6757
0.3	45	58.5544
0.3	45	26.0173
0.3	45	25.6697
0.3	45	-123.227
0.3	45	1.46567
0.3	45	-173.205
0.3	45	117.283
0.3	45	123.66
0.3	45	12.8549
0.3	45	-55.2715
0.3	45	2.29561
0.3	45	-137.165
0.3	45	-63.9021
0.3	45	22.998
0.3	45	-83.884
0.3	45	41.5782
0.3	45	-163.327
0.3	45	-93.3702
0.3	45	128.441
0.3	45	-56.9566
0.3	45	-25.4739
0.3	45	96.5469
0.3	45	-21.7113
0.3	45	149.122
0.3	45	144.254
0.3	45	143.826
0.3	45	10.8275
0.3	45	5.17428
0.3	45	-169.449
0.3	45	22.8323
0.3	45	42.1982
0.3	45	-76.2066
0.3	45	140.123
0.3	45	5.18573
0.3	45	-12.7466
0.3	45	90.698
0.3	45	-2.7938
0.3	45	83.4759
0.3	45	-45.8147
0.3	45	12.2134
0.3	45	53.9063
0.3	45	97.0337
0.3	45	-79.8912
0.3	45	167.394
0.3	45	-8.89027
0.3	45	-3.87254
0.3	45	106.106
0.3	45	168.327
0.3	45	-177.285
0.3	45	6.49298
0.3	45	78.7909
0.3	45	-24.0671
0.3	45	-72.5621
0.3	45	63.9702
0.3	45	-168.053
0.3	45	-122.346
0.3	45	-125.822
0.3	45	97.0791
0.3	45	-128.692
0.3	45	-126.029
0.3	45	-37.3043
0.3	45	90.1556
0.3	45	-74.5636
0.3	45	-86.533
0.3	45	-43.8079
0.3	45	11.7272
0.3	45	139.84
0.3	45	-88.5619
0.3	45	32.9535
0.3	45	120.776
0.3	45	81.7811
0.3	45	-77.1341
0.3	45	-114.467
0.3	45	-143.094
0.3	45	82.5554
0.3	45	169.311
0.3	45	-108.344
0.3	45	-33.1691
0.3	45	155.791
0.3	45	-47.0824
0.3	45	-38.2052
0.3	45	-47.9418
0.3	45	52.4588
0.3	45	-143.825
0.3	45	48.29
0.3	45	45.4699
0.3	45	130.842
0.3	45	21.1218
0.3	45	-51.0987
0.3	45	-160.106
0.3	45	100.346
0.3	45	-167.879
0.3	45	-9.50189
0.3	45	76.4889
0.3	45	-176.539
0.3	45	-18.7943
0.3	45	3.64205
0.3	45	148.106
0.3	45	-172.563
0.3	45	-55.4101
0.3	45	79.4444
0.3	45	-136.196
0.3	45	-18.5493
0.3	45	64.6307
0.3	45	127.297
0.3	45	144.891
0.3	45	83.0756
0.3	45	-18.8464
0.3	45	66.612
0.3	45	11.3162
0.3	45	66.8202
0.3	45	-134.248
0.3	45	-55.8551
0.3	45	78.1933
0.3	45	98.3298
0.3	45	53.913
0.3	45	-30.3664
0.3	45	-58.326
0.3	45	49.6861
0.3	45	128.608
0.3	45	148.684
0.3	45	-99.8443
0.3	45	-94.0761
0.3	45	154.04
0.3	45	127.091
0.3	45	-118.777
0.3	45	-173.409
0.3	45	-94.0075
0.3	45	-151.481
0.3	45	178.413
0.3	45	99.4013
0.3	45	-14.1012
0.3	45	60.9577
0.3	45	106.336
0.3	45	78.3199
0.3	45	-121.746
0.3	45	-99.1902
0.3	45	168.46
0.3	45	166.274
0.3	45	-31.5744
0.3	45	9.58044
0.3	45	143.903
0.3	45	119.415
0.3	45	-40.738
0.3	45	80.1141
0.3	45	109.679
0.3	45	-23.6192
0.3	45	130.488
0.3	45	159.495
0.3	45	120.322
0.3	45	122.817
0.3	45	27.552
0.3	45	-25.063
0.3	45	92.5924
0.3	45	48.9717
0.3	45	1.55971
0.3	45	57.9298
0.3	45	98.3957
0.3	45	132.471
0.3	45	-171.778
0.3	45	140.415
0.3	45	89.5043
0.3	45	-140.485
0.3	45	143.227
0.3	45	130.144
0.3	45	-148.665
0.3	45	-114.846
0.3	45	87.6182
0.3	45	42.3316
0.3	45	72.0404
0.3	45	96.8285
0.3	45	-80.7212
0.3	45	-143.809
0.3	45	-35.4157
0.3	45	114.093
0.3	45	-0.435178
0.3	45	106.743
0.3	45	152.945
0.3	45	-74.7589
0.3	45	-178.862
0.3	45	158.445
0.3	45	-27.2938
0.3	45	132.985
0.3	45	-77.9919
0.3	45	96.1832
0.3	45	176.28
0.3	45	72.032
0.3	45	56.5348
0.3	45	26.3971
0.3	45	98.4967
0.3	45	-109.116
0.3	45	107.641
0.3	45	-164.434
0.3	45	-149.55
0.3	45	157.319
0.3	45	57.1757
0.3	45	17.0157
0.3	45	-160.196
0.3	45	-151.193
0.3	45	-116.163
0.3	45	160.175
0.3	45	-29.7097
0.3	45	-15.632
0.3	45	-124.22
0.3	45	-38.6006
0.3	45	107.278
0.3	45	-76.6748
0.3	45	15.65
0.3	45	22.7649
0.3	45	-83.1814
0.3	45	-18.1721
0.3	45	176.703
0.3	45	-162.31
0.3	45	-111.156
0.3	45	-163.733
0.3	45	-16.3137
0.3	45	-160.325
0.3	45	16.6671
0.3	45	-32.117
0.3	45	-83.8589
0.3	45	163.493
0.3	45	46.6474
0.3	45	-5.46688
0.3	45	-166.595
0.3	45	-43.6392
0.3	45	-107.773
0.3	45	-145.743
0.3	45	86.7247
0.3	45	-122.763
0.3	45	161.24
0.3	45	-168.132
0.3	45	65.9113
0.3	45	-104.71
0.3	45	-138.465
0.3	45	54.6679
0.3	45	108.128
0.3	45	132.161
0.3	45	171.29
0.3	45	-56.5519
0.3	45	119.684
0.3	45	-51.1995
0.3	45	48.0939
0.3	45	-174.375
0.3	45	-10.1778
0.3	45	130.387
0.3	45	-132.589
0.3	45	135.084
0.3	45	36.4794
0.3	45	-138.57
0.3	45	116.945
0.3	45	60.0809
0.3	45	87.7715
0.3	45	45.0841
0.3	45	-104.155
0.3	45	152.382
0.3	45	10.5417
0.3	45	-164.603
0.3	45	-179.579
0.3	45	-137.49
0.3	45	164.979
0.3	45	158.723
0.3	45	129.936
0.3	45	-134.455
0.3	45	129.257
0.3	45	175.636
0.3	45	-92.2261
0.3	45	111.858
0.3	45	-32.2762
0.3	45	-53.6169
0.3	45	-35.2644
0.3	45	61.4813
0.3	45	97.018
0.3	45	-133.648
0.3	45	15.4777
0.3	45	-15.5608
0.3	45	18.9737
0.3	45	-13.9948
0.3	45	36.8561
0.3	45	162.553
0.3	45	-93.6272
0.3	45	-90.0154
0.3	45	-176.418
0.3	45	-69.6827
0.3	45	169.848
0.3	45	-117.549
0.3	45	172.613
0.3	45	-9.56667
0.3	45	-123.006
0.3	45	-99.8301
0.3	45	-125.606
0.3	45	-40.3841
0.3	45	84.3317
0.3	45	-3.00379
0.3	45	152.592
0.3	45	-174.639
0.3	45	-160.799
0.3	45	122.346
0.3	45	63.1293
0.3	45	135.723
0.3	45	163.388
0.3	45	135.51
0.3	45	-52.6251
0.3	45	117.896
0.3	45	-19.983
0.3	45	137.522
0.3	45	-62.7196
0.3	45	-164.976
0.3	45	154.432
0.3	45	-76.1206
0.3	45	19.1545
0.3	45	-126.622
0.3	45	48.7535
0.3	45	-87.9143
0.25	-45	-91.6252
0.25	-45	-5.48378
0.25	-45	156.584
0.25	-45	126.593
0.25	-45	159.375
0.25	-45	-14.6176
0.25	-45	-22.323
0.25	-45	-104.067
0.25	-45	-12.0579
0.25	-45	-137.551
0.25	-45	76.2802
0.25	-45	144.322
0.25	-45	-159.586
0.25	-45	-96.8017
0.25	-45	71.9471
0.25	-45	-177.794
0.25	-45	-128.791
0.25	-45	-140.904
0.25	-45	110.695
0.25	-45	27.43
0.25	-45	135.772
0.25	-45	-140.418
0.25	-45	-142.875
0.25	-45	-15.4942
0.25	-45	-88.7266
0.25	-45	32.4724
0.25	-45	118.552
0.25	-45	99.7764
0.25	-45	62.062
0.25	-45	-172.624
0.25	-45	-162.2
0.25	-45	104.586
0.25	-45	17.8296
0.25	-45	61.1371
0.25	-45	-156.496
0.25	-45	-19.0641
0.25	-45	-122.026
0.25	-45	100.802
0.25	-45	154.321
0.25	-45	-81.0342
0.25	-45	-100.682
0.25	-45	167.859
0.25	-45	69.9482
0.25	-45	124.039
0.25	-45	142.22
0.25	-45	43.0572
0.25	-45	9.5588
0.25	-45	25.0356
0.25	-45	52.0348
0.25	-45	144.057
0.25	-45	55.8064
0.25	-45	-131.467
0.25	-45	-162.718
0.25	-45	-56.6826
0.25	-45	-42.8677
0.25	-45	72.5748
0.25	-45	-125.84
0.25	-45	-91.9482
0.25	-45	171.424
0.25	-45	-10.0127
0.25	-45	73.3469
0.25	-45	109.486
0.25	-45	166.786
0.25	-45	27.7719
0.25	-45	165.084
0.25	-45	-134.368
0.25	-45	55.7086
0.25	-45	109.248
0.25	-45	156.979
0.25	-45	-123.749
0.25	-45	-51.9378
0.25	-45	-151.526
0.25	-45	-15.909
0.25	-45	102.829
0.25	-45	75.0019
0.25	-45	-65.0437
0.25	-45	-107.266
0.25	-45	-147.642
0.25	-45	128.894
0.25	-45	15.9755
0.25	-45	107.807
0.25	-45	126.863
0.25	-45	46.9854
0.25	-45	-124.689
0.25	-45	140.62
0.25	-45	132.879
0.25	-45	-165.371
0.25	-45	171.095
0.25	-45	14.3544
0.25	-45	-117.922
0.25	-45	-84.2289
0.25	-45	-54.8112
0.25	-45	-119.529
0.25	-45	21.9534
0.25	-45	-167.949
0.25	-45	-60.4154
0.25	-45	-109.899
0.25	-45	158.57
0.25	-45	-28.4334
0.25	-45	-17.7871
0.25	-45	-25.301
0.25	-45	-141.04
0.25	-45	-114.922
0.25	-45	146.173
0.25	-45	-140.455
0.25	-45	-138.982
0.25	-45	46.0823
0.25	-45	139.748
0.25	-45	-63.3034
0.25	-45	5.90866
0.25	-45	33.2449
0.25	-45	75.0222
0.25	-45	111.989
0.25	-45	-17.8027
0.25	-45	-160.604
0.25	-45	-70.569
0.25	-45	-66.2094
0.25	-45	105.761
0.25	-45	98.9984
0.25	-45	164.842
0.25	-45	98.1144
0.25	-45	158.05
0.25	-45	167.398
0.25	-45	-12.8172
0.25	-45	118.227
0.25	-45	53.8152
0.25	-45	44.8771
0.25	-45	-125.355
0.25	-45	-113.038
0.25	-45	-128.102
0.25	-45	115.259
0.25	-45	-146.627
0.25	-45	-118.143
0.25	-45	153.852
0.25	-45	178.961
0.25	-45	82.9237
0.25	-45	-81.7392
0.25	-45	-84.4262
0.25	-45	39.2061
0.25	-45	107.284
0.25	-45	-172.903
0.25	-45	-107.026
0.25	-45	72.5245
0.25	-45	-76.4223
0.25	-45	112.87
0.25	-45	-1.5512
0.25	-45	-121.937
0.25	-45	84.4738
0.25	-45	-136.052
0.25	-45	-142.75
0.25	-45	79.2407
0.25	-45	-55.4281
0.25	-45	136.149
0.25	-45	93.4523
0.25	-45	75.182
0.25	-45	32.2462
0.25	-45	-92.5743
0.25	-45	-153.871
0.25	-45	98.0485
0.25	-45	37.4579
0.25	-45	11.7013
0.25	-45	-146.131
0.25	-45	-36.4915
0.25	-45	-171.124
0.25	-45	103.525
0.25	-45	36.8245
0.25	-45	-175.555
0.25	-45	-93.3356
0.25	-45	9.80224
0.25	-45	170.883
0.25	-45	145.814
0.25	-45	142.187
0.25	-45	-3.02865
0.25	-45	127.218
0.25	-45	4.03757
0.25	-45	-148.269
0.25	-45	32.919
0.25	-45	-152.666
0.25	-45	111.978
0.25	-45	-161.572
0.25	-45	-58.5292
0.25	-45	8.34543
0.25	-45	105.858
0.25	-45	-149.941
0.25	-45	119.272
0.25	-45	157.307
0.25	-45	120.24
0.25	-45	-94.923
0.25	-45	38.1506
0.25	-45	-137.287
0.25	-45	3.65956
0.25	-45	161.947
0.25	-45	-1.67449
0.25	-45	-30.5315
0.25	-45	75.5922
0.25	-45	76.0055
0.25	-45	112.032
0.25	-45	78.2943
0.25	-45	176.502
0.25	-45	39.3841
0.25	-45	-143.618
0.25	-45	-168.595
0.25	-45	-1.68043
0.25	-45	28.5441
0.25	-45	-44.6958
0.25	-45	-4.7568
0.25	-45	-168.87
0.25	-45	-116.647
0.25	-45	-84.3582
0.25	-45	-94.2782
0.25	-45	108.354
0.25	-45	161.536
0.25	-45	101.105
0.25	-45	103.874
0.25	-45	157.864
0.25	-45	-144.186
0.25	-45	-139.023
0.25	-45	-158.197
0.25	-45	151.734
0.25	-45	-84.9799
0.25	-45	117.448
0.25	-45	-24.2038
0.25	-45	31.7603
0.25	-45	-48.5662
0.25	-45	-29.3301
0.25	-45	-136.093
0.25	-45	-40.2661
0.25	-45	127.975
0.25	-45	-135.43
0.25	-45	-107.279
0.25	-45	80.8654
0.25	-45	-173.546
0.25	-45	-163.436
0.25	-45	-78.0194
0.25	-45	50.7749
0.25	-45	-135.077
0.25	-45	-29.1133
0.25	-45	131.291
0.25	-45	-78.8023
0.25	-45	85.3277
0.25	-45	111.237
0.25	-45	-127.111
0.25	-45	-124.419
0.25	-45	-87.9715
0.25	-45	-167.234
0.25	-45	-150.764
0.25	-45	-23.6086
0.25	-45	-130.128
0.25	-45	43.4198
0.25	-45	-47.8565
0.25	-45	33.8687
0.25	-45	35.3822
0.25	-45	48.8009
0.25	-45	-15.9088
0.25	-45	8.01349
0.25	-45	3.88971
0.25	-45	-63.6938
0.25	-45	-114.867
0.25	-45	77.656
0.25	-45	-81.9438
0.25	-45	-85.3982
0.25	-45	-76.8479
0.25	-45	169.23
0.25	-45	-98.5026
0.25	-45	-166.357
0.25	-45	-40.0179
0.25	-45	-103.933
0.25	-45	-130.378
0.25	-45	5.08887
0.25	-45	132.244
0.25	-45	114.447
0.25	-45	-155.284
0.25	-45	-99.1867
0.25	-45	-118.134
0.25	-45	110.917
0.25	-45	-79.4254
0.25	-45	11.9783
0.25	-45	-161.158
0.25	-45	-125.127
0.25	-45	-130.563
0.25	-45	36.8595
0.25	-45	55.2518
0.25	-45	-67.3082
0.25	-45	173.249
0.25	-45	108.107
0.25	-45	-32.613
0.25	-45	85.1686
0.25	-45	-6.53122
0.25	-45	100.867
0.25	-45	111.201
0.25	-45	-96.8406
0.25	-45	18.4997
0.25	-45	-71.4036
0.25	-45	20.5534
0.25	-45	-119.152
0.25	-45	-166.771
0.25	-45	-78.3883
0.25	-45	-101.268
0.25	-45	68.7945
0.25	-45	14.7893
0.25	-45	65.5619
0.25	-45	-61.3591
0.25	-45	-169.746
0.25	-45	-123.966
0.25	-45	-70.4435
0.25	-45	-48.1897
0.25	-45	-17.3791
0.25	-45	85.5911
0.25	-45	-47.1855
0.25	-45	102.43
0.25	-45	63.2805
0.25	-45	177.447
0.25	-45	35.6792
0.25	-45	-102.394
0.25	-45	-18.2061
0.25	-45	35.8723
0.25	-45	154.637
0.25	-45	154.588
0.25	-45	-75.7775
0.25	-45	41.951
0.25	-45	-179.739
0.25	-45	11.6258
0.25	-45	38.8693
0.25	-45	-163.98
0.25	-45	-52.3086
0.25	-45	3.26362
0.25	-45	-81.6952
0.25	-45	164.843
0.25	-45	178.598
0.25	-45	-29.1986
0.25	-45	68.344
0.25	-45	-53.851
0.25	-45	-104.917
0.25	-45	-76.7787
0.25	-45	95.6997
0.25	-45	-16.1896
0.25	-45	147.904
0.25	-45	-37.568
0.25	-45	-55.7988
0.25	-45	150.268
0.25	-45	-109.154
0.25	-45	19.7138
0.25	-45	178.687
0.25	-45	66.0355
0.25	-45	-67.9829
0.25	-45	115.992
0.25	-45	63.2598
0.25	-45	129.871
0.25	-45	-52.9087
0.25	-45	50.2397
0.25	-45	-26.2929
0.25	-45	158.01
0.25	-45	-131.264
0.25	-45	116.461
0.25	-45	-49.8735
0.25	-45	33.2066
0.25	-45	142.232
0.25	-45	-35.9635
0.25	-45	-166.593
0.25	-45	-96.8743
0.25	-45	-64.9622
0.25	-45	-43.2069
0.25	-45	-41.386
0.25	-45	-8.75895
0.25	-45	-71.512
0.25	-45	62.0638
0.25	-45	44.3457
0.25	-45	-113.395
0.25	-45	-56.4569
0.25	-45	151.418
0.25	-45	119.707
0.25	-45	-113.853
0.25	-45	121.269
0.25	-45	-3.78744
0.25	-45	123.637
0.25	-45	165.879
0.25	-45	-148.605
0.25	-45	125.269
0.25	-45	-81.3615
0.25	-45	151.27
0.25	-45	130.392
0.25	-45	-109.6
0.25	-45	-117.177
0.25	-45	-64.33
0.25	-45	-75.7494
0.25	-45	179.078
0.25	-45	-157.98
0.25	-45	53.6574
0.25	-45	13.9912
0.25	-45	-72.9171
0.25	-45	34.7992
0.25	-45	-50.8439
0.25	-45	4.68874
0.25	-45	61.8997
0.25	-45	104.419
0.25	-45	145.65
0.25	-45	148.936
0.25	-45	4.75638
0.25	-45	-83.8695
0.25	-45	59.8286
0.25	-45	-137.535
0.25	-45	20.6728
0.25	-45	172.988
0.25	-45	170.59
0.25	-45	140.901
0.25	-45	-47.5188
0.25	-45	-142.965
0.25	-45	-29.2886
0.25	-45	-153.602
0.25	-45	-65.8766
0.25	-45	52.2413
0.25	-45	106.77
0.25	-45	134.216
0.25	-45	-33.8193
0.25	-45	115.169
0.25	-45	-96.8255
0.25	-45	-72.6554
0.25	-45	130.618
0.25	-45	157.281
0.25	-45	-148.096
0.25	-45	-173.905
0.25	-45	-20.3216
0.25	-45	92.7174
0.25	-45	39.1138
0.25	-45	-37.5873
0.25	-45	152.672
0.25	-45	49.5645
0.25	-45	27.2391
0.25	-45	141.477
0.25	-45	109.79
0.25	-45	-165.363
0.25	-45	152.079
0.25	-45	-4.42732
0.25	-45	-86.8319
0.25	-45	-149.115
0.25	-45	-14.5022
0.25	-45	171.312
0.25	-45	144.957
0.25	-45	77.751
0.25	-45	98.9099
0.25	-45	-98.3743
0.25	-45	-18.8209
0.25	-45	-92.5894
0.25	-45	-29.4773
0.25	-45	159.234
0.25	-45	-121.429
0.25	-45	-90.6562
0.25	-45	-46.7871
0.25	-45	-169.842
0.25	-45	130.758
0.25	-45	-10.3493
0.25	-45	-80.4454
0.25	-45	170.596
0.25	-45	162.981
0.25	-45	-115.74
0.25	-45	-35.0333
0.25	-45	-120.066
0.25	-45	-24.2017
0.25	-45	-62.9682
0.25	-45	-15.6047
0.25	-45	-50.6495
0.25	-45	-83.8448
0.25	-45	-92.3172
0.25	-45	-4.44873
0.25	-45	-4.47142
0.25	-45	155.332
0.25	-45	-72.9396
0.25	-45	-171.83
0.25	-45	-106.581
0.25	-45	24.1618
0.25	-45	-127.207
0.25	-45	103.332
0.25	-45	-7.21813
0.25	-45	-178.733
0.25	-45	-177.696
0.25	-45	-174.962
0.25	-45	-22.2674
0.25	-45	31.5527
0.25	-45	97.6898
0.25	-45	82.5954
0.25	-45	-174.11
0.25	-45	128.034
0.25	-45	-145.291
0.25	-45	-51.9783
0.25	-45	38.8812
0.25	-45	134.565
0.25	-45	164.647
0.25	-45	-75.6315
0.25	-45	-86.3577
0.25	-45	22.6425
0.25	-45	-94.5636
0.25	-45	4.97768
0.25	-45	36.576
0.25	-45	-23.4435
0.25	-45	9.28789
0.25	-45	136.524
0.25	-45	-65.9065
0.25	-45	120.481
0.25	-45	35.6698
0.25	-45	2.58435
0.25	-45	-10.687
0.25	-45	16.6368
0.25	-45	62.841
0.25	-45	-29.8684
0.25	-45	33.997
0.25	-45	94.2415
0.25	-45	172.929
0.25	-45	136.02
0.25	-45	-59.8019
0.25	-45	-76.2479
0.25	-45	-122.294
0.25	-45	-49.6778
0.25	-45	17.8118
0.25	-45	-93.6252
0.25	-45	-79.0502
0.25	-45	58.4391
0.25	-45	179.628
0.25	-45	-155.85
0.25	-45	-4.94497
0.25	-45	119.932
0.25	-45	-115.641
0.25	-45	153.421
0.25	-45	54.6591
0.25	-45	-148.9
0.25	-45	-117.771
0.25	-45	39.2133
0.25	-45	46.3265
0.25	-45	-147.853
0.25	-45	-80.9136
0.25	-45	-141.016
0.25	-45	-146.811
0.25	-45	-127.551
0.25	-45	-139.933
0.25	-45	-0.684746
0.25	-45	110.668
0.25	-45	-58.1211
0.25	-45	139.115
0.25	-45	-100.026
0.25	-45	49.9969
0.25	-45	-66.942
0.25	-45	-99.3436
0.25	-45	-12.2077
0.25	-45	-157.888
0.25	-45	69.4773
0.25	-45	43.1998
0.25	-45	-113.876
0.25	-45	160.888
0.25	-45	41.3466
0.25	-45	136.228
0.25	-45	-145.6
0.25	-45	56.7258
0.25	-45	137.084
0.25	-45	18.7615
0.25	-45	12.2721
0.25	-45	167.472
0.25	-45	-27.0631
0.25	-45	44.2221
0.25	-45	170.691
0.25	-45	101.676
0.25	-45	7.19881
0.25	-45	-65.1465
0.25	-45	120.721
0.25	-45	-132.247
0.25	-45	-100.076
0.25	-45	-98.339
0.25	-45	139.111
0.25	-45	80.6743
0.25	-45	-30.5923
0.25	-45	132.142
0.25	-45	-51.3745
0.25	-45	127.448
0.25	-45	-104.315
0.25	-45	68.0351
0.25	-45	39.7375
0.25	-45	129.784
0.25	-45	17.645
0.25	-45	-11.4766
0.25	-45	-99.2308
0.25	-45	-125.65
0.25	-45	39.2208
0.25	-45	29.3132
0.25	-45	74.5407
0.25	-45	153.501
0.25	-45	-77.5233
0.25	-45	-38.0179
0.25	-45	144.704
0.25	-45	-93.2494
0.25	-45	-21.1347
0.25	-45	-35.3614
0.25	-45	-95.7636
0.25	-45	59.7981
0.25	-45	-33.0407
0.25	-45	176.025
0.25	-45	61.8248
0.25	-45	-134.747
0.25	-45	101.793
0.25	-45	31.5727
0.25	-45	41.4018
0.25	-45	62.5321
0.25	-45	-2.2565
0.25	-45	143.372
0.25	-45	39.8251
0.25	-45	127.285
0.25	-45	-12.0241
0.25	-45	-46.0346
0.25	-45	155.888
0.25	-45	133.703
0.25	-45	-7.516
0.25	-45	-154.518
0.25	-45	35.1009
0.25	-45	170.899
0.25	-45	28.166
0.25	-45	81.66
0.25	-45	-134.777
0.25	-45	-45.4584
0.25	-45	179.786
0.25	-45	80.2568
0.25	-45	-69.3488
0.25	-45	93.5536
0.25	-45	-30.3132
0.25	-45	-37.7564
0.25	-45	157.205
0.25	-45	-141.996
0.25	-45	-2.85374
0.25	-45	160.911
0.25	-45	89.3749
0.25	-45	108.091
0.25	-45	15.0867
0.25	-45	16.3632
0.25	-45	-122.125
0.25	-45	150.658
0.25	-45	-64.7008
0.25	-45	-176.726
0.25	-45	125.181
0.25	-45	98.1979
0.25	-45	-153.304
0.25	-45	22.456
0.25	-45	-9.54563
0.25	-45	165.128
0.25	-45	-24.6208
0.25	-45	37.5244
0.25	-45	-151.762
0.25	-45	-132.173
0.25	-45	-46.0924
0.25	-45	121.909
0.25	-45	-164.471
0.25	-45	-8.51293
0.25	-45	-3.37321
0.25	-45	-63.6686
0.25	-45	-101.076
0.25	-45	-47.9068
0.25	-45	151.507
0.25	-45	155.894
0.25	-45	150.182
0.25	-45	82.5447
0.25	-45	-114.89
0.25	-45	51.5079
0.25	-45	3.39881
0.25	-45	-88.8132
0.25	-45	65.9892
0.25	-45	-95.9829
0.25	-45	-90.888
0.25	-45	55.6135
0.25	-45	86.7026
0.25	-45	149.973
0.25	-45	137.118
0.25	-45	52.1325
0.25	-45	171.878
0.25	-45	-46.4925
0.25	-45	-27.0998
0.25	-45	-5.39151
0.25	-45	6.01707
0.25	-45	-137.586
0.25	-45	-33.42
0.25	-45	-160.575
0.25	-45	90.5059
0.25	-45	169.335
0.25	-45	-74.5194
0.25	-45	117.135
0.25	-45	23.8656
0.25	-45	-16.2083
0.25	-45	84.8968
0.25	-45	-40.3607
0.25	-45	58.0485
0.25	-45	158.991
0.25	-45	-121.217
0.25	-45	167.871
0.25	-45	89.2086
0.25	-45	-8.50706
0.25	-45	51.9353
0.25	-45	104.842
0.25	-45	-166.843
0.25	-45	39.2273
0.25	-45	173.607
0.25	-45	-167.085
0.25	-45	86.7629
0.25	-45	116.934
0.25	-45	118.215
0.25	-45	-71.5604
0.25	-45	173.808
0.25	-45	98.7432
0.25	-45	-65.5755
0.25	-45	57.8867
0.25	-45	166.992
0.25	-45	58.2036
0.25	-45	-31.2471
0.25	-45	-78.0515
0.25	-45	-21.3891
0.25	-45	176.06
0.25	-45	26.2887
0.25	-45	-6.41597
0.25	-45	-175.838
0.25	-45	136.847
0.25	-45	-121.202
0.25	-45	140.379
0.25	-45	-104.794
0.25	-45	-31.0685
0.25	-45	117.13
0.25	-45	128.292
0.25	-45	146.412
0.25	-45	-96.5789
0.25	-45	29.0368
0.25	-45	-73.232
0.25	-45	-41.3173
0.25	-45	-19.0044
0.25	-45	60.2963
0.25	-45	141.009
0.25	-45	127.038
0.25	-45	86.799
0.25	-45	106.155
0.25	-45	-72.2316
0.25	-45	23.7491
0.25	-45	-130.2
0.25	-45	-141.607
0.25	-45	170.584
0.25	-45	30.6892
0.25	-45	166.367
0.25	-45	43.0812
0.25	-45	44.2952
0.25	-45	66.3081
0.25	-45	162.244
0.25	-45	73.7656
0.25	-45	90.9465
0.25	-45	-103.646
0.25	-45	146.657
0.25	-45	-83.3117
0.25	-45	69.6032
0.25	-45	-5.04594
0.25	-45	8.6655
0.25	-45	167.3
0.25	-45	112.864
0.25	-45	60.9414
0.25	-45	102.937
0.25	-45	-45.6845
0.25	-45	-79.9153
0.25	-45	-54.2503
0.25	-45	70.4501
0.25	-45	-107.855
0.25	-45	30.9393
0.25	-45	44.212
0.25	-45	133.291
0.25	-45	56.4529
0.25	-45	47.6801
0.25	-45	-32.7259
0.25	-45	-25.4961
0.25	-45	-111.028
0.25	-45	147.967
0.25	-45	124.544
0.25	-45	30.9781
0.25	-45	123.539
0.25	-45	-45.5696
0.25	-45	73.8849
0.25	-45	98.5064
0.25	-45	-146.932
0.25	-45	-9.54522
0.25	-45	-67.6688
0.25	-45	27.5392
0.25	-45	-120.983
0.25	-45	-101.318
0.25	-45	90.7504
0.25	-45	114.506
0.25	-45	113.641
0.25	-45	56.4134
0.25	-45	-23.209
0.25	-45	34.4178
0.25	-45	-57.1073
0.25	-45	37.8734
0.25	-45	17.6115
0.25	-45	-153.122
0.25	-45	148.674
0.25	-45	45.3229
0.25	-45	9.51054
0.25	-45	-62.0688
0.25	-45	143.165
0.25	-45	-176.594
0.25	-45	-54.6226
0.25	-45	-105.262
0.25	-45	-51.9167
0.25	-45	-130.888
0.25	-45	77.6985
