pol	setting	phi
0.3	45	-114.206
0.3	45	-40.3742
0.3	45	-144.157
0.3	45	-159.712
0.3	45	116.931
0.3	45	112.353
0.3	45	140.819
0.3	45	137.895
0.3	45	78.8228
0.3	45	144.326
0.3	45	-39.0569
0.3	45	-170.349
0.3	45	116.994
0.3	45	33.68
0.3	45	39.7335
0.3	45	141.379
0.3	45	-63.6953
0.3	45	155.937
0.3	45	-101.946
0.3	45	12.2214
0.3	45	127.165
0.3	45	-60.2452
0.3	45	141.469
0.3	45	-14.3121
0.3	45	24.3226
0.3	45	43.4002
0.3	45	-4.79457
0.3	45	46.0748
0.3	45	-55.4028
0.3	45	-14.5424
0.3	45	91.7431
0.3	45	-152.988
0.3	45	-36.6112
0.3	45	114.479
0.3	45	134.792
0.3	45	75.6985
0.3	45	-23.7679
0.3	45	123.375
0.3	45	137.082
0.3	45	-92.9694
0.3	45	69.5509
0.3	45	-95.032
0.3	45	-146.9
0.3	45	-155.278
0.3	45	-3.84192
0.3	45	-124.548
0.3	45	-98.7148
0.3	45	-40.4676
0.3	45	49.1252
0.3	45	-71.3568
0.3	45	79.4185
0.3	45	-135.928
0.3	45	112.268
0.3	45	-52.8894
0.3	45	51.7589
0.3	45	46.9289
0.3	45	-139.9
0.3	45	158.477
0.3	45	22.8335
0.3	45	54.8835
0.3	45	66.8762
0.3	45	26.5899
0.3	45	-33.7627
0.3	45	-50.9405
0.3	45	-31.3565
0.3	45	-140.32
0.3	45	11.5078
0.3	45	-87.5978
0.3	45	99.0887
0.3	45	-142.262
0.3	45	18.9691
0.3	45	71.4799
0.3	45	1.75671
0.3	45	78.9954
0.3	45	-10.9536
0.3	45	43.7651
0.3	45	-19.5972
0.3	45	-8.23501
0.3	45	70.431
0.3	45	-22.0836
0.3	45	-74.9373
0.3	45	100.283
0.3	45	42.8561
0.3	45	70.376
0.3	45	-173.918
0.3	45	-168.682
0.3	45	86.8513
0.3	45	146.054
0.3	45	0.873705
0.3	45	-87.6642
0.3	45	-48.5261
0.3	45	40.5557
0.3	45	72.2716
0.3	45	144.659
0.3	45	-175.117
0.3	45	-139.923
0.3	45	123.651
0.3	45	-58.1324
0.3	45	143.631
0.3	45	26.5271
0.3	45	141.005
0.3	45	101.792
0.3	45	-6.18401
0.3	45	-121.86
0.3	45	-41.1802
0.3	45	130.851
0.3	45	-20.9958
0.3	45	-17.5004
0.3	45	-19.2301
0.3	45	-45.5493
0.3	45	19.4425
0.3	45	122.217
0.3	45	163.225
0.3	45	106.916
0.3	45	-137.806
0.3	45	-171.414
0.3	45	137.981
0.3	45	6.96005
0.3	45	-104.566
0.3	45	-171.268
0.3	45	25.4657
0.3	45	152.632
0.3	45	-166.722
0.3	45	106.665
0.3	45	175.131
0.3	45	-81.0706
0.3	45	-157.744
0.3	45	83.2645
0.3	45	-97.5274
0.3	45	80.1443
0.3	45	76.4065
0.3	45	-115.734
0.3	45	-141.271
0.3	45	-52.9667
0.3	45	-63.2482
0.3	45	-14.7539
0.3	45	117.365
0.3	45	-173.351
0.3	45	144.46
0.3	45	-144.215
0.3	45	25.3632
0.3	45	-4.81657
0.3	45	-148.882
0.3	45	109.458
0.3	45	-126.986
0.3	45	33.9452
0.3	45	-111.779
0.3	45	-46.2607
0.3	45	-96.2828
0.3	45	-149.047
0.3	45	122.9
0.3	45	153.054
0.3	45	136.097
0.3	45	-10.364
0.3	45	-130.152
0.3	45	97.3637
0.3	45	-104.675
0.3	45	-67.6848
0.3	45	-175.381
0.3	45	168.294
0.3	45	54.6585
0.3	45	-47.1412
0.3	45	-58.2299
0.3	45	59.9306
0.3	45	-158.513
0.3	45	143.246
0.3	45	151.143
0.3	45	35.9456
0.3	45	-63.8194
0.3	45	165.701
0.3	45	24.7806
0.3	45	-140.891
0.3	45	58.3703
0.3	45	97.8331
0.3	45	170.962
0.3	45	21.4669
0.3	45	119.84
0.3	45	159.998
0.3	45	23.4442
0.3	45	135.093
0.3	45	129.513
0.3	45	-59.6681
0.3	45	-103.887
0.3	45	111.501
0.3	45	163.205
0.3	45	-153.452
0.3	45	159.065
0.3	45	172.742
0.3	45	-114.296
0.3	45	50.3546
0.3	45	-10.5061
0.3	45	171.558
0.3	45	-76.8458
0.3	45	1.34605
0.3	45	-37.4177
0.3	45	-176.697
0.3	45	-16.8161
0.3	45	-86.1878
0.3	45	113.606
0.3	45	-7.97834
0.3	45	83.8064
0.3	45	102.099
0.3	45	113.199
0.3	45	-38.9553
0.3	45	-4.72712
0.3	45	-143.366
0.3	45	56.1263
0.3	45	-47.9458
0.3	45	-85.734
0.3	45	-143.495
0.3	45	119.429
0.3	45	64.5178
0.3	45	165.094
0.3	45	-139.891
0.3	45	23.2804
0.3	45	160.65
0.3	45	-57.9983
0.3	45	12.4118
0.3	45	-164.095
0.3	45	58.4427
0.3	45	150.072
0.3	45	141.876
0.3	45	-95.9448
0.3	45	-169.97
0.3	45	-172.743
0.3	45	-122.799
0.3	45	40.8036
0.3	45	169.446
0.3	45	-39.5491
0.3	45	-115.666
0.3	45	55.7495
0.3	45	-24.4235
0.3	45	4.54029
0.3	45	129.391
0.3	45	72.7989
0.3	45	140.268
0.3	45	-72.034
0.3	45	38.1177
0.3	45	-106.671
0.3	45	61.9367
0.3	45	-68.2883
0.3	45	-83.455
0.3	45	-52.0023
0.3	45	-60.7468
0.3	45	-120.077
0.3	45	104.029
0.3	45	-48.7813
0.3	45	32.0998
0.3	45	-77.9159
0.3	45	-140.575
0.3	45	22.965
0.3	45	-10.6814
0.3	45	44.6773
0.3	45	26.3699
0.3	45	12.8084
0.3	45	-139.925
0.3	45	52.25
0.3	45	-178.098
0.3	45	138.534
0.3	45	151.769
0.3	45	-82.0183
0.3	45	168.983
0.3	45	-159.752
0.3	45	168.265
0.3	45	-0.928348
0.3	45	155.519
0.3	45	-6.90588
0.3	45	-31.738
0.3	45	-11.3599
0.3	45	154.635
0.3	45	82.3543
0.3	45	-4.14447
0.3	45	166.06
0.3	45	121.721
0.3	45	61.1438
0.3	45	-24.5937
0.3	45	-86.6545
0.3	45	122.857
0.3	45	107.858
0.3	45	97.6301
0.3	45	146.319
0.3	45	-151.329
0.3	45	143.192
0.3	45	-117.645
0.3	45	117.723
0.3	45	107.86
0.3	45	45.2546
0.3	45	-161.162
0.3	45	31.9521
0.3	45	-140.764
0.3	45	1.38766
0.3	45	152.396
0.3	45	89.7264
0.3	45	-145.581
0.3	45	-142.09
0.3	45	-44.6496
0.3	45	80.3956
0.3	45	118.905
0.3	45	44.6164
0.3	45	172.85
0.3	45	-51.6279
0.3	45	-88.3949
0.3	45	16.7638
0.3	45	68.9916
0.3	45	-38.5378
0.3	45	-169.941
0.3	45	159.651
0.3	45	30.365
0.3	45	-9.13103
0.3	45	95.0067
0.3	45	-80.3443
0.3	45	161.825
0.3	45	-161.414
0.3	45	-40.2871
0.3	45	-17.881
0.3	45	-44.7034
0.3	45	147.677
0.3	45	-143.348
0.3	45	-169.445
0.3	45	-122.857
0.3	45	-36.0278
0.3	45	-147.338
0.3	45	83.4541
0.3	45	-144.494
0.3	45	-142.669
0.3	45	130.425
0.3	45	-128.58
0.3	45	-17.3055
0.3	45	164.199
0.3	45	170.607
0.3	45	-29.977
0.3	45	153.788
0.3	45	-85.4153
0.3	45	38.0302
0.3	45	141.123
0.3	45	-2.22994
0.3	45	45.5306
0.3	45	162.282
0.3	45	121.163
0.3	45	163.882
0.3	45	104.753
0.3	45	-17.2125
0.3	45	9.73066
0.3	45	-9.68319
0.3	45	-2.42324
0.3	45	58.3375
0.3	45	157.482
0.3	45	99.8848
0.3	45	-81.0113
0.3	45	170.548
0.3	45	112.356
0.3	45	-105.801
0.3	45	-6.62717
0.3	45	36.9247
0.3	45	-27.4357
0.3	45	17.1587
0.3	45	69.5828
0.3	45	143.668
0.3	45	154.831
0.3	45	-30.073
0.3	45	-77.6989
0.3	45	-162.373
0.3	45	-137.104
0.3	45	138.844
0.3	45	158.383
0.3	45	-21.2031
0.3	45	-55.1414
0.3	45	-38.0354
0.3	45	-105.153
0.3	45	-105.95
0.3	45	-136.727
0.3	45	154.151
0.3	45	19.2983
0.3	45	115.487
0.3	45	-126.926
0.3	45	-38.843
0.3	45	84.6419
0.3	45	135.868
0.3	45	-29.6834
0.3	45	83.3023
0.3	45	171.294
0.3	45	-123.165
0.3	45	-63.378
0.3	45	112.704
0.3	45	-100.66
0.3	45	-157.643
0.3	45	116.516
0.3	45	123.121
0.3	45	36.4437
0.3	45	1.08756
0.3	45	38.9724
0.3	45	115.06
0.3	45	-16.4139
0.3	45	-105.652
0.3	45	-18.1858
0.3	45	49.8713
0.3	45	90.8485
0.3	45	102.273
0.3	45	-151.408
0.3	45	13.0913
0.3	45	-32.0873
0.3	45	-144.998
0.3	45	123.019
0.3	45	89.5196
0.3	45	-86.1145
0.3	45	154.097
0.3	45	149.629
0.3	45	102.315
0.3	45	-26.7371
0.3	45	3.76041
0.3	45	55.8789
0.3	45	123.898
0.3	45	-11.4597
0.3	45	-21.3198
0.3	45	97.2554
0.3	45	-158.385
0.3	45	-117.128
0.3	45	160.547
0.3	45	-171.622
0.3	45	-175.992
0.3	45	3.629
0.3	45	60.7408
0.3	45	106.663
0.3	45	-18.382
0.3	45	16.2884
0.3	45	-48.7687
0.3	45	133.179
0.3	45	103.097
0.3	45	-23.3135
0.3	45	-146.197
0.3	45	17.2889
0.3	45	154.462
0.3	45	-177.725
0.3	45	-149.987
0.3	45	-7.23653
0.3	45	117.1
0.3	45	-85.9923
0.3	45	-42.1044
0.3	45	-112.058
0.3	45	-162.999
0.3	45	17.816
0.3	45	44.5035
0.3	45	35.6824
0.3	45	-97.6921
0.3	45	-85.4497
0.3	45	73.0652
0.3	45	-11.2781
0.3	45	-117.754
0.3	45	97.245
0.3	45	-133.456
0.3	45	124.579
0.3	45	44.5341
0.3	45	-37.216
0.3	45	67.6028
0.3	45	-110.487
0.3	45	65.5527
0.3	45	56.2512
0.3	45	-9.72725
0.3	45	85.717
0.3	45	13.7595
0.3	45	-65.0514
0.3	45	-117.061
0.3	45	71.7553
0.3	45	139.756
0.3	45	-120.815
0.3	45	-176.961
0.3	45	-101.136
0.3	45	-12.0589
0.3	45	136.94
0.3	45	-87.33
0.3	45	178.176
0.3	45	174.549
0.3	45	-86.9608
0.3	45	49.6464
0.3	45	41.8636
0.3	45	-57.0699
0.3	45	133.387
0.3	45	-97.0217
0.3	45	-36.7488
0.3	45	9.44435
0.3	45	-112.03
0.3	45	92.0942
0.3	45	-153.909
0.3	45	25.3266
0.3	45	155.054
0.3	45	18.9665
0.3	45	29.6047
0.3	45	-125.023
0.3	45	125.809
0.3	45	39.7469
0.3	45	-42.9486
0.3	45	-47.6588
0.3	45	19.5673
0.3	45	114.513
0.3	45	-139.6
0.3	45	119.274
0.3	45	-137.798
0.3	45	36.619
0.3	45	89.6822
0.3	45	-43.8322
0.3	45	-29.4821
0.3	45	160.631
0.3	45	157.183
0.3	45	179.034
0.3	45	23.3443
0.3	45	55.3374
0.3	45	-67.1695
0.3	45	155.229
0.3	45	129.239
0.3	45	161.608
0.3	45	-172.041
0.3	45	-67.4105
0.3	45	108.345
0.3	45	-101.45
0.3	45	-114.389
0.3	45	32.4474
0.3	45	-109.248
0.3	45	-99.664
0.3	45	79.7919
0.3	45	-145.896
0.3	45	-41.3346
0.3	45	-140.478
0.3	45	-161.822
0.3	45	-68.3936
0.3	45	122.772
0.3	45	-117.083
0.3	45	-53.8706
0.3	45	142.882
0.3	45	-99.145
0.3	45	45.0058
0.3	45	-3.72507
0.3	45	-87.7433
0.3	45	50.0447
0.3	45	122.12
0.3	45	-43.2747
0.3	45	-175.102
0.3	45	-156.951
0.3	45	-127.492
0.3	45	-130.156
0.3	45	173.983
0.3	45	-112.424
0.3	45	-100.615
0.3	45	-62.0366
0.3	45	106.496
0.3	45	-94.6561
0.3	45	60.197
0.3	45	75.8307
0.3	45	-68.5304
0.3	45	-40.6508
0.3	45	-65.3105
0.3	45	55.2906
0.3	45	51.1022
0.3	45	169.82
0.3	45	43.677
0.3	45	149.088
0.3	45	45.7743
0.3	45	176.322
0.3	45	67.4914
0.3	45	-12.4013
0.3	45	11.9685
0.3	45	117.178
0.3	45	169.509
0.3	45	-179.91
0.3	45	-64.0091
0.3	45	49.0633
0.3	45	-122.437
0.3	45	-23.6118
0.3	45	-139.507
0.3	45	78.3709
0.3	45	-45.3149
0.3	45	-59.649
0.3	45	128.875
0.3	45	-32.0251
0.3	45	-2.12363
0.3	45	-122.731
0.3	45	20.3217
0.3	45	99.8612
0.3	45	-149.346
0.3	45	-38.9596
0.3	45	-113.07
0.3	45	48.7346
0.3	45	-167.888
0.3	45	-86.8928
0.3	45	19.2898
0.3	45	93.4795
0.3	45	178.826
0.3	45	26.3548
0.3	45	12.1004
0.3	45	-123.64
0.3	45	72.5281
0.3	45	0.936767
0.3	45	5.03516
0.3	45	-104.55
0.3	45	-125.99
0.3	45	35.8783
0.3	45	142.302
0.3	45	-4.98106
0.3	45	-60.5766
0.3	45	83.1847
0.3	45	-98.7616
0.3	45	-57.5762
0.3	45	-12.4893
0.3	45	97.6059
0.3	45	62.6312
0.3	45	-94.4432
0.3	45	-109.249
0.3	45	-158.676
0.3	45	-12.9146
0.3	45	100.998
0.3	45	142.759
0.3	45	-7.97149
0.3	45	146.123
0.3	45	-119.138
0.3	45	-138.25
0.3	45	128.004
0.3	45	59.8988
0.3	45	86.8035
0.3	45	0.519502
0.3	45	134.595
0.3	45	78.4988
0.3	45	-38.3611
0.3	45	-43.7572
0.3	45	118.814
0.3	45	-2.12504
0.3	45	139.193
0.3	45	109.801
0.3	45	138.696
0.3	45	-116.413
0.3	45	34.1278
0.3	45	-72.143
0.3	45	175.252
0.3	45	-45.8502
0.3	45	-60.4922
0.3	45	-49.6562
0.3	45	-160.727
0.3	45	116.717
0.3	45	-32.6492
0.3	45	51.3408
0.3	45	103.677
0.3	45	50.3397
0.3	45	-36.2331
0.3	45	-72.406
0.3	45	-159.862
0.3	45	-9.0423
0.3	45	153.423
0.3	45	64.4653
0.3	45	-95.7571
0.3	45	171.146
0.3	45	22.9826
0.3	45	65.3879
0.3	45	-81.9303
0.3	45	-55.5224
0.3	45	-27.2254
0.3	45	173.584
0.3	45	-85.1945
0.3	45	160.111
0.3	45	24.6347
0.3	45	-150.194
0.3	45	53.0778
0.3	45	63.7623
0.3	45	-52.8797
0.3	45	-104.494
0.3	45	166.677
0.3	45	-113.463
0.3	45	-17.9264
0.3	45	55.6025
0.3	45	-71.8078
0.3	45	38.0374
0.3	45	-27.2228
0.3	45	-158.587
0.3	45	178.017
0.3	45	170.359
0.3	45	16.3562
0.3	45	-167.301
0.3	45	-7.64505
0.3	45	-96.0994
0.3	45	-23.4045
0.3	45	-127.554
0.3	45	106.943
0.3	45	-48.1546
0.3	45	5.99959
0.3	45	127.843
0.3	45	60.8298
0.3	45	58.2579
0.3	45	-109.263
0.3	45	-104.56
0.3	45	158.371
0.3	45	-161.094
0.3	45	28.9138
0.3	45	-30.2337
0.3	45	142.582
0.3	45	115.305
0.3	45	60.1242
0.3	45	-175.714
0.3	45	-79.4094
0.3	45	133.152
0.3	45	90.8868
0.3	45	-2.99352
0.3	45	142.828
0.3	45	32.9456
0.3	45	168.486
0.3	45	22.4558
0.3	45	121.846
0.3	45	-61.0181
0.3	45	42.3621
0.3	45	24.663
0.3	45	80.1524
0.3	45	166.877
0.3	45	-58.3819
0.3	45	-61.001
0.3	45	-162.563
0.3	45	0.0250503
0.3	45	-74.5209
0.3	45	98.304
0.3	45	-171.328
0.3	45	-134.042
0.3	45	-126.707
0.3	45	58.4927
0.3	45	70.1401
0.3	45	146.537
0.3	45	34.6607
0.3	45	-172.661
0.3	45	104.115
0.3	45	81.101
0.3	45	107.25
0.3	45	77.9425
0.3	45	-101.535
0.3	45	-139.528
0.3	45	-145.364
0.3	45	148.801
0.3	45	2.45039
0.3	45	119.515
0.3	45	-16.4171
0.3	45	-25.0388
0.3	45	-2.00682
0.3	45	-89.7689
0.3	45	-84.1212
0.3	45	131.426
0.3	45	-46.8845
0.3	45	118.007
0.3	45	85.8934
0.3	45	-159.546
0.3	45	77.6917
0.3	45	43.2955
0.3	45	68.1823
0.3	45	-54.1276
0.3	45	128.916
0.3	45	31.6258
0.3	45	-34.3207
0.3	45	94.3511
0.3	45	96.6921
0.3	45	133.272
0.3	45	-76.8788
0.3	45	90.6225
0.3	45	101.021
0.3	45	-100.203
0.3	45	-82.7574
0.3	45	147.363
0.3	45	-41.6571
0.3	45	-122.052
0.3	45	-83.5117
0.3	45	-140.473
0.3	45	65.7358
0.3	45	-86.0175
0.3	45	136.791
0.3	45	53.9395
0.3	45	73.6046
0.3	45	-65.2465
0.3	45	121.168
0.3	45	-8.75472
0.3	45	-45.5346
0.3	45	-90.3862
0.3	45	24.292
0.3	45	-25.709
0.3	45	103.636
0.3	45	103.871
0.3	45	-179.464
0.3	45	21.7271
0.3	45	159.605
0.3	45	147.607
0.3	45	152.928
0.3	45	113.839
0.3	45	-133.841
0.3	45	79.3465
0.3	45	137.213
0.3	45	41.8707
0.3	45	44.8273
0.3	45	-62.0158
0.3	45	-129.422
0.3	45	-161.887
0.3	45	139.415
0.3	45	103.882
0.3	45	-70.8129
0.3	45	163.933
0.3	45	-77.7627
0.3	45	-39.9319
0.3	45	-5.95515
0.3	45	-160.177
0.3	45	78.5499
0.3	45	-5.44829
0.3	45	40.4396
0.3	45	175.34
0.3	45	126.83
0.3	45	-50.5844
0.3	45	-114.327
0.3	45	-15.7674
0.3	45	-7.1556
0.3	45	152.326
0.3	45	67.1893
0.3	45	-39.0209
0.3	45	-161.881
0.3	45	-62.3785
0.3	45	-43.8159
0.3	45	-143.705
0.3	45	8.56069
0.3	45	-56.8324
0.3	45	-148.971
0.3	45	72.9524
0.3	45	-129.642
0.3	45	147.87
0.3	45	82.9561
0.3	45	-16.7305
0.3	45	44.6496
0.3	45	172.886
0.3	45	-151.046
0.3	45	-151.852
0.3	45	-37.5101
0.3	45	14.5896
0.3	45	97.7057
0.3	45	82.5097
0.3	45	-29.5841
0.3	45	-71.533
0.3	45	-100.462
0.3	45	19.0838
0.3	45	-161.558
0.3	45	-44.404
0.3	45	-154.854
0.3	45	-93.0958
0.3	45	-51.5164
0.3	45	133.42
0.3	45	-82.4349
0.3	45	136.272
0.3	45	-136.262
0.3	45	177.73
0.3	45	31.6155
0.3	45	-97.4755
0.3	45	132.616
0.3	45	54.4459
0.3	45	-41.8875
0.3	45	2.02168
0.3	45	-118.533
0.3	45	154.677
0.3	45	138.792
0.3	45	90.2767
0.3	45	-55.2968
0.3	45	174.801
0.3	45	110.022
0.3	45	-11.3235
0.3	45	-162.336
0.3	45	-3.73177
0.3	45	131.681
0.3	45	177.344
0.3	45	-30.2712
0.3	45	-39.7727
0.3	45	-12.9053
0.3	45	111.013
0.3	45	-102.792
0.3	45	-54.4158
0.3	45	48.1784
0.3	45	149.961
0.3	45	32.8423
0.3	45	-160.932
0.3	45	-105.82
0.3	45	-126.706
0.3	45	-53.3942
0.3	45	3.88881
0.3	45	78.0557
0.3	45	96.5841
0.3	45	87.1533
0.3	45	146.881
0.3	45	150.649
0.3	45	106.815
0.3	45	89.2292
0.3	45	58.1686
0.3	45	-21.8843
0.3	45	-9.76415
0.3	45	75.5718
0.3	45	-12.701
0.3	45	-144.733
0.3	45	-62.5829
0.3	45	-92.5393
0.3	45	128.723
0.3	45	91.8016
0.3	45	156.997
0.3	45	-18.0928
0.3	45	-3.43972
0.3	45	83.9197
0.3	45	56.6574
0.3	45	-28.8122
0.3	45	-77.9304
0.3	45	-167.543
0.3	45	-118.24
0.3	45	97.0621
0.3	45	-157.319
0.3	45	-113.471
0.3	45	-161.824
0.3	45	-72.2173
0.3	45	153.433
0.3	45	-16.085
0.3	45	-75.6635
0.3	45	-72.6753
0.3	45	138.486
0.3	45	101.33
0.3	45	-171.679
0.3	45	-158.874
0.3	45	40.7934
0.3	45	-155.809
0.3	45	55.5611
0.3	45	57.5482
0.3	45	-13.2705
0.3	45	-58.1171
0.3	45	-138.009
0.3	45	94.7505
0.3	45	68.972
0.3	45	127.065
0.3	45	67.3879
0.3	45	93.0877
0.3	45	-72.9534
0.3	45	-178.157
0.3	45	118.743
0.3	45	-170.865
0.3	45	-52.5303
0.3	45	11.0358
0.3	45	-54.4273
0.3	45	139.271
0.3	45	164.322
0.3	45	80.4341
0.3	45	33.7131
0.3	45	-131.348
0.3	45	-106.206
0.3	45	-82.0127
0.3	45	-89.3115
0.3	45	-24.6873
0.3	45	-121.211
0.3	45	138.367
0.3	45	56.6054
0.3	45	79.3426
0.3	45	-166.735
0.3	45	150.428
0.3	45	24.4053
0.3	45	-150.728
0.3	45	-57.7267
0.3	45	-46.6157
0.3	45	-154.581
0.3	45	151.948
0.3	45	28.77
0.3	45	-29.9023
0.3	45	91.9109
0.3	45	69.6399
0.3	45	23.0926
0.3	45	-131.327
0.3	45	-158.594
0.3	45	-82.4848
0.3	45	164.496
0.3	45	-134.141
0.3	45	-59.2054
0.3	45	68.3427
0.3	45	78.0566
0.3	45	2.41011
0.3	45	-34.5366
0.3	45	32.5082
0.3	45	-75.1283
0.3	45	-95.2612
0.3	45	-29.1793
0.3	45	2.29742
0.3	45	-57.7239
0.3	45	167.129
0.3	45	-2.62402
0.3	45	129.524
0.3	45	-61.0595
0.3	45	44.1131
0.3	45	127.974
0.3	45	3.47496
0.3	45	-26.829
0.3	45	162.288
0.3	45	1.87079
0.3	45	-37.7105
0.3	45	-67.219
0.3	45	136.563
0.3	45	-85.3112
0.3	45	-33.5862
0.3	45	-174.107
0.3	45	-144.021
0.3	45	110.689
0.3	45	-178.052
0.3	45	-59.5056
0.3	45	-62.1046
0.3	45	125.38
0.3	45	170.559
0.3	45	119.152
0.25	-45	68.131
0.25	-45	-110.924
0.25	-45	135.212
0.25	-45	-21.3102
0.25	-45	-54.8087
0.25	-45	144.215
0.25	-45	-19.0991
0.25	-45	-124.415
0.25	-45	15.1548
0.25	-45	102.409
0.25	-45	176.904
0.25	-45	4.6794
0.25	-45	56.3872
0.25	-45	-73.6712
0.25	-45	-83.465
0.25	-45	-16.9445
0.25	-45	21.2393
0.25	-45	-82.0214
0.25	-45	-21.0954
0.25	-45	-111.414
0.25	-45	-171.651
0.25	-45	95.257
0.25	-45	-84.5822
0.25	-45	-10.7524
0.25	-45	54.7789
0.25	-45	27.7491
0.25	-45	-103.517
0.25	-45	-119.866
0.25	-45	-24.3583
0.25	-45	58.0108
0.25	-45	-77.563
0.25	-45	-132.397
0.25	-45	28.4748
0.25	-45	-122.122
0.25	-45	-21.3161
0.25	-45	161.06
0.25	-45	104.02
0.25	-45	-12.5172
0.25	-45	-71.5288
0.25	-45	82.9235
0.25	-45	-163.883
0.25	-45	32.499
0.25	-45	14.9472
0.25	-45	-164.581
0.25	-45	79.9002
0.25	-45	137.01
0.25	-45	68.7683
0.25	-45	-147.024
0.25	-45	49.1785
0.25	-45	-113.452
0.25	-45	101.964
0.25	-45	-134.346
0.25	-45	-3.29591
0.25	-45	-67.6341
0.25	-45	130.244
0.25	-45	-17.8141
0.25	-45	-98.4089
0.25	-45	129.657
0.25	-45	-30.7729
0.25	-45	68.0165
0.25	-45	25.1319
0.25	-45	-174.114
0.25	-45	-120.394
0.25	-45	110.351
0.25	-45	19.2174
0.25	-45	113.949
0.25	-45	165.886
0.25	-45	-173.699
0.25	-45	-45.2387
0.25	-45	-16.0305
0.25	-45	100.456
0.25	-45	103.172
0.25	-45	34.3749
0.25	-45	-136.68
0.25	-45	-150.413
0.25	-45	5.34574
0.25	-45	27.6085
0.25	-45	-56.8831
0.25	-45	77.7793
0.25	-45	112.084
0.25	-45	-46.6347
0.25	-45	-95.1572
0.25	-45	-98.974
0.25	-45	-150.611
0.25	-45	-59.7171
0.25	-45	47.4097
0.25	-45	9.35751
0.25	-45	-144.095
0.25	-45	164.668
0.25	-45	-84.7826
0.25	-45	-169.389
0.25	-45	-107.288
0.25	-45	-82.4567
0.25	-45	-54.2189
0.25	-45	-64.272
0.25	-45	46.5347
0.25	-45	17.3691
0.25	-45	17.4065
0.25	-45	-103.102
0.25	-45	-27.8889
0.25	-45	-114.519
0.25	-45	63.4437
0.25	-45	-114.16
0.25	-45	-88.6393
0.25	-45	-108.904
0.25	-45	-135.543
0.25	-45	105.551
0.25	-45	67.1196
0.25	-45	-152.644
0.25	-45	-39.4414
0.25	-45	-37.5312
0.25	-45	-14.6361
0.25	-45	161.464
0.25	-45	-74.0337
0.25	-45	-55.2896
0.25	-45	69.218
0.25	-45	-89.3216
0.25	-45	1.59846
0.25	-45	-41.1237
0.25	-45	80.3185
0.25	-45	73.4963
0.25	-45	-141.342
0.25	-45	-64.9282
0.25	-45	39.1406
0.25	-45	-113.184
0.25	-45	-43.7357
0.25	-45	35.1317
0.25	-45	-45.6522
0.25	-45	-168.834
0.25	-45	-92.2137
0.25	-45	-19.0861
0.25	-45	-96.2997
0.25	-45	-136.909
0.25	-45	26.424
0.25	-45	-178.488
0.25	-45	-5.91697
0.25	-45	-170.363
0.25	-45	-96.1052
0.25	-45	42.8028
0.25	-45	-14.3833
0.25	-45	-96.7843
0.25	-45	-134.369
0.25	-45	127.476
0.25	-45	93.7028
0.25	-45	137.297
0.25	-45	-156.532
0.25	-45	28.5175
0.25	-45	94.457
0.25	-45	67.5545
0.25	-45	-133.483
0.25	-45	65.8725
0.25	-45	-38.4564
0.25	-45	138.093
0.25	-45	-6.89158
0.25	-45	-113.592
0.25	-45	-109.774
0.25	-45	44.8095
0.25	-45	-105.83
0.25	-45	-98.7044
0.25	-45	-145.455
0.25	-45	46.3388
0.25	-45	174.656
0.25	-45	-133.518
0.25	-45	118.374
0.25	-45	130.953
0.25	-45	-2.70458
0.25	-45	152.364
0.25	-45	-114.699
0.25	-45	-109.295
0.25	-45	76.2563
0.25	-45	-3.97996
0.25	-45	38.5445
0.25	-45	-94.8954
0.25	-45	176.174
0.25	-45	-64.5585
0.25	-45	-109.023
0.25	-45	-71.4493
0.25	-45	59.8471
0.25	-45	-76.18
0.25	-45	-32.5179
0.25	-45	1.55067
0.25	-45	56.5566
0.25	-45	89.8251
0.25	-45	-87.2074
0.25	-45	55.4978
0.25	-45	-35.8978
0.25	-45	-64.6069
0.25	-45	30.2819
0.25	-45	104.974
0.25	-45	177.948
0.25	-45	-58.5531
0.25	-45	28.7243
0.25	-45	138.487
0.25	-45	70.952
0.25	-45	176.098
0.25	-45	127.837
0.25	-45	92.9269
0.25	-45	-28.0621
0.25	-45	-53.6527
0.25	-45	48.7014
0.25	-45	52.5622
0.25	-45	-146.433
0.25	-45	-27.0058
0.25	-45	-19.695
0.25	-45	-86.8617
0.25	-45	-73.1539
0.25	-45	125.152
0.25	-45	104.773
0.25	-45	163.203
0.25	-45	-63.2971
0.25	-45	-61.2291
0.25	-45	-26.0828
0.25	-45	22.3987
0.25	-45	-103.799
0.25	-45	-100.582
0.25	-45	33.3732
0.25	-45	-154.207
0.25	-45	125.915
0.25	-45	-29.7349
0.25	-45	-139.579
0.25	-45	178.47
0.25	-45	-69.9028
0.25	-45	-175.728
0.25	-45	-25.7408
0.25	-45	-31.1293
0.25	-45	162.322
0.25	-45	-119.903
0.25	-45	144.827
0.25	-45	-13.0184
0.25	-45	120.42
0.25	-45	13.4243
0.25	-45	43.3544
0.25	-45	38.2098
0.25	-45	-110.565
0.25	-45	9.69905
0.25	-45	16.7004
0.25	-45	-90.1003
0.25	-45	-41.063
0.25	-45	29.9978
0.25	-45	-122.211
0.25	-45	121.605
0.25	-45	-41.386
0.25	-45	-76.5596
0.25	-45	41.3907
0.25	-45	-150.475
0.25	-45	-146.037
0.25	-45	66.9837
0.25	-45	118.27
0.25	-45	151.247
0.25	-45	-13.797
0.25	-45	20.3591
0.25	-45	67.0155
0.25	-45	43.3724
0.25	-45	-99.0862
0.25	-45	-6.69811
0.25	-45	151.961
0.25	-45	10.13
0.25	-45	170.377
0.25	-45	65.6493
0.25	-45	133.059
0.25	-45	96.6999
0.25	-45	66.0439
0.25	-45	99.3728
0.25	-45	36.1899
0.25	-45	32.4054
0.25	-45	-89.8283
0.25	-45	96.7064
0.25	-45	18.9061
0.25	-45	-139.754
0.25	-45	173.689
0.25	-45	-153.607
0.25	-45	160.605
0.25	-45	-77.9149
0.25	-45	-153.371
0.25	-45	-136.29
0.25	-45	-35.2095
0.25	-45	-81.1876
0.25	-45	-47.0334
0.25	-45	160.623
0.25	-45	-2.05207
0.25	-45	89.1839
0.25	-45	-125.1
0.25	-45	163.997
0.25	-45	-31.7379
0.25	-45	66.5829
0.25	-45	92.1465
0.25	-45	34.9907
0.25	-45	10.4629
0.25	-45	-130.396
0.25	-45	-137.606
0.25	-45	17.331
0.25	-45	98.2539
0.25	-45	75.4552
0.25	-45	50.2809
0.25	-45	172.411
0.25	-45	-22.8025
0.25	-45	121.774
0.25	-45	-42.2294
0.25	-45	-175.823
0.25	-45	-108.153
0.25	-45	-85.5275
0.25	-45	-63.8921
0.25	-45	44.7926
0.25	-45	-134.924
0.25	-45	53.8762
0.25	-45	-0.639334
0.25	-45	-114.945
0.25	-45	93.569
0.25	-45	103.326
0.25	-45	-100.592
0.25	-45	-76.5214
0.25	-45	-35.851
0.25	-45	124.144
0.25	-45	9.84463
0.25	-45	-94.1883
0.25	-45	78.4204
0.25	-45	31.4463
0.25	-45	9.97375
0.25	-45	27.117
0.25	-45	169.696
0.25	-45	66.7769
0.25	-45	42.959
0.25	-45	-129.454
0.25	-45	-13.29
0.25	-45	-30.7487
0.25	-45	95.6337
0.25	-45	-1.5509
0.25	-45	-3.00175
0.25	-45	-150.076
0.25	-45	-175.608
0.25	-45	19.7788
0.25	-45	21.6499
0.25	-45	173.336
0.25	-45	-69.6213
0.25	-45	-70.789
0.25	-45	-148.354
0.25	-45	-118.553
0.25	-45	25.3521
0.25	-45	-120.659
0.25	-45	-45.3172
0.25	-45	-26.5644
0.25	-45	4.9013
0.25	-45	-74.8323
0.25	-45	111.508
0.25	-45	123.931
0.25	-45	-69.2247
0.25	-45	58.7709
0.25	-45	-111.141
0.25	-45	-71.8235
0.25	-45	135.01
0.25	-45	-157.367
0.25	-45	-159.186
0.25	-45	-120.779
0.25	-45	-61.5021
0.25	-45	13.5385
0.25	-45	-87.4109
0.25	-45	127.299
0.25	-45	-50.0025
0.25	-45	-149.142
0.25	-45	159.644
0.25	-45	-12.687
0.25	-45	89.5829
0.25	-45	7.06507
0.25	-45	-178.569
0.25	-45	-143.529
0.25	-45	-74.7659
0.25	-45	158.59
0.25	-45	-23.9568
0.25	-45	63.432
0.25	-45	119.127
0.25	-45	84.6059
0.25	-45	137.709
0.25	-45	48.7628
0.25	-45	-97.0588
0.25	-45	-121.701
0.25	-45	4.34039
0.25	-45	64.9968
0.25	-45	-2.28693
0.25	-45	-179.56
0.25	-45	49.4706
0.25	-45	-93.4607
0.25	-45	-140.786
0.25	-45	149.264
0.25	-45	60.7858
0.25	-45	-88.7466
0.25	-45	137.637
0.25	-45	172.981
0.25	-45	106.064
0.25	-45	80.4194
0.25	-45	67.988
0.25	-45	-138.092
0.25	-45	-19.7178
0.25	-45	-59.7064
0.25	-45	-22.8655
0.25	-45	-11.5184
0.25	-45	20.8881
0.25	-45	-170.68
0.25	-45	178.697
0.25	-45	-38.5521
0.25	-45	-118.355
0.25	-45	-2.81789
0.25	-45	98.5616
0.25	-45	-92.5829
0.25	-45	-131.671
0.25	-45	-52.5917
0.25	-45	167.93
0.25	-45	29.2356
0.25	-45	-140.286
0.25	-45	-110.438
0.25	-45	-64.106
0.25	-45	-152.43
0.25	-45	-37.3069
0.25	-45	-38.5139
0.25	-45	80.4686
0.25	-45	172.498
0.25	-45	-97.5564
0.25	-45	-119.941
0.25	-45	86.7099
0.25	-45	12.2931
0.25	-45	-83.5581
0.25	-45	-69.618
0.25	-45	-82.7543
0.25	-45	-154.159
0.25	-45	-158.762
0.25	-45	-159.838
0.25	-45	73.3012
0.25	-45	-120.792
0.25	-45	15.9187
0.25	-45	-106.321
0.25	-45	99.2471
0.25	-45	84.1942
0.25	-45	78.3439
0.25	-45	-86.4804
0.25	-45	-126.001
0.25	-45	89.5562
0.25	-45	-139.731
0.25	-45	-102.734
0.25	-45	129.624
0.25	-45	-122.366
0.25	-45	147.524
0.25	-45	-24.7843
0.25	-45	-5.01994
0.25	-45	-146.551
0.25	-45	-126.695
0.25	-45	121.888
0.25	-45	-17.1484
0.25	-45	135.332
0.25	-45	-154.992
0.25	-45	108.903
0.25	-45	-177.132
0.25	-45	31.211
0.25	-45	-53.9451
0.25	-45	62.7114
0.25	-45	-93.325
0.25	-45	-113.945
0.25	-45	83.4338
0.25	-45	158.516
0.25	-45	1.31473
0.25	-45	-143.321
0.25	-45	-93.5903
0.25	-45	111.564
0.25	-45	-59.8242
0.25	-45	78.7792
0.25	-45	147.194
0.25	-45	-10.6544
0.25	-45	169.976
0.25	-45	-102.982
0.25	-45	-131.27
0.25	-45	-168.66
0.25	-45	-123.032
0.25	-45	-61.5069
0.25	-45	67.2641
0.25	-45	131.292
0.25	-45	-7.2439
0.25	-45	-64.5203
0.25	-45	171.015
0.25	-45	-9.25038
0.25	-45	22.7041
0.25	-45	-76.3785
0.25	-45	30.7618
0.25	-45	-174.851
0.25	-45	27.2904
0.25	-45	91.0477
0.25	-45	-15.9676
0.25	-45	-160.146
0.25	-45	-177.271
0.25	-45	26.3473
0.25	-45	-92.6251
0.25	-45	68.2966
0.25	-45	-169.285
0.25	-45	-121.365
0.25	-45	-132.333
0.25	-45	163.765
0.25	-45	97.3029
0.25	-45	20.8253
0.25	-45	172.611
0.25	-45	-136.993
0.25	-45	-27.8687
0.25	-45	-27.2538
0.25	-45	52.107
0.25	-45	-109.266
0.25	-45	66.718
0.25	-45	-76.7366
0.25	-45	-52.8362
0.25	-45	109.998
0.25	-45	-16.9196
0.25	-45	-70.3307
0.25	-45	70.4855
0.25	-45	-120.751
0.25	-45	149.141
0.25	-45	24.9714
0.25	-45	129.587
0.25	-45	-159.653
0.25	-45	-167.092
0.25	-45	-95.4374
0.25	-45	45.3697
0.25	-45	-31.0366
0.25	-45	-160.563
0.25	-45	-22.6994
0.25	-45	23.6989
0.25	-45	-121.248
0.25	-45	-161.75
0.25	-45	-10.9214
0.25	-45	5.5063
0.25	-45	-14.593
0.25	-45	86.0609
0.25	-45	82.1792
0.25	-45	41.5481
0.25	-45	-16.018
0.25	-45	-72.7104
0.25	-45	-23.4389
0.25	-45	153.025
0.25	-45	-165.34
0.25	-45	11.134
0.25	-45	-31.8785
0.25	-45	-100.371
0.25	-45	149.829
0.25	-45	-112.165
0.25	-45	-36.4469
0.25	-45	91.4735
0.25	-45	-32.707
0.25	-45	-27.499
0.25	-45	-156.165
0.25	-45	-124.665
0.25	-45	36.7453
0.25	-45	-113.113
0.25	-45	72.9029
0.25	-45	12.8285
0.25	-45	-158.974
0.25	-45	-29.7925
0.25	-45	66.7908
0.25	-45	-4.33345
0.25	-45	-133.132
0.25	-45	-161.013
0.25	-45	-81.5908
0.25	-45	-65.7732
0.25	-45	18.1
0.25	-45	84.7473
0.25	-45	-30.8819
0.25	-45	55.5816
0.25	-45	-140.657
0.25	-45	149.562
0.25	-45	-23.3914
0.25	-45	154.527
0.25	-45	121.004
0.25	-45	103.727
0.25	-45	130.433
0.25	-45	-101.338
0.25	-45	-82.4325
0.25	-45	-38.1313
0.25	-45	-101.064
0.25	-45	-133.198
0.25	-45	26.1177
0.25	-45	8.47611
0.25	-45	170.129
0.25	-45	-23.7249
0.25	-45	-170.72
0.25	-45	146.101
0.25	-45	171.622
0.25	-45	162.69
0.25	-45	-11.6659
0.25	-45	150.234
0.25	-45	-18.1875
0.25	-45	-117.641
0.25	-45	140.522
0.25	-45	-59.9995
0.25	-45	177.431
0.25	-45	3.29287
0.25	-45	2.04659
0.25	-45	149.405
0.25	-45	-175.612
0.25	-45	107.086
0.25	-45	-117.289
0.25	-45	128.13
0.25	-45	-11.7343
0.25	-45	-126.153
0.25	-45	151.962
0.25	-45	6.55417
0.25	-45	-98.8922
0.25	-45	-104.94
0.25	-45	-146.073
0.25	-45	-77.6714
0.25	-45	-152.15
0.25	-45	21.003
0.25	-45	-109.163
0.25	-45	-96.1999
0.25	-45	-125.223
0.25	-45	28.4769
0.25	-45	-147.752
0.25	-45	-111.003
0.25	-45	65.6126
0.25	-45	-55.9407
0.25	-45	-132.971
0.25	-45	-110.066
0.25	-45	-177.28
0.25	-45	-30.24
0.25	-45	57.5728
0.25	-45	-174.455
0.25	-45	111.685
0.25	-45	-150.423
0.25	-45	105.496
0.25	-45	-34.2502
0.25	-45	-87.9907
0.25	-45	-55.9043
0.25	-45	166.816
0.25	-45	172.554
0.25	-45	-0.214083
0.25	-45	-148.623
0.25	-45	125.689
0.25	-45	-106.456
0.25	-45	90.4076
0.25	-45	167.133
0.25	-45	4.95505
0.25	-45	174.574
0.25	-45	174.347
0.25	-45	-67.3888
0.25	-45	-43.4667
0.25	-45	-145.586
0.25	-45	178.922
0.25	-45	122.844
0.25	-45	29.677
0.25	-45	-105.25
0.25	-45	-99.4415
0.25	-45	41.2708
0.25	-45	-142.143
0.25	-45	-175.221
0.25	-45	5.9316
0.25	-45	16.3529
0.25	-45	9.06624
0.25	-45	-105.515
0.25	-45	-127.048
0.25	-45	-140.518
0.25	-45	132.98
0.25	-45	16.8792
0.25	-45	-158.525
0.25	-45	-14.1439
0.25	-45	-50.6373
0.25	-45	114.315
0.25	-45	-143.815
0.25	-45	38.8695
0.25	-45	-121.253
0.25	-45	-134.989
0.25	-45	-72.9798
0.25	-45	-134.068
0.25	-45	-65.0156
0.25	-45	-162.389
0.25	-45	-82.0687
0.25	-45	97.0122
0.25	-45	139.85
0.25	-45	67.8767
0.25	-45	56.0461
0.25	-45	101.888
0.25	-45	19.0217
0.25	-45	6.71156
0.25	-45	25.9524
0.25	-45	-117.226
0.25	-45	-8.43994
0.25	-45	-112.135
0.25	-45	53.9744
0.25	-45	149.948
0.25	-45	155.117
0.25	-45	154.48
0.25	-45	-171.18
0.25	-45	49.1724
0.25	-45	146.981
0.25	-45	-8.36215
0.25	-45	-65.5703
0.25	-45	-158.076
0.25	-45	-117.755
0.25	-45	68.709
0.25	-45	-132.244
0.25	-45	147.622
0.25	-45	158.175
0.25	-45	42.0122
0.25	-45	131.702
0.25	-45	-84.6937
0.25	-45	87.3369
0.25	-45	178.149
0.25	-45	-65.7704
0.25	-45	152.924
0.25	-45	170.14
0.25	-45	-138.7
0.25	-45	54.2543
0.25	-45	75.8689
0.25	-45	123.852
0.25	-45	-164.255
0.25	-45	-176.794
0.25	-45	43.5204
0.25	-45	35.0791
0.25	-45	-6.68145
0.25	-45	-126.526
0.25	-45	19.8606
0.25	-45	17.1262
0.25	-45	-78.0943
0.25	-45	38.036
0.25	-45	179.858
0.25	-45	-109.119
0.25	-45	19.3341
0.25	-45	-58.8257
0.25	-45	131.236
0.25	-45	148.385
0.25	-45	-106.177
0.25	-45	-28.1766
0.25	-45	-81.2634
0.25	-45	135.959
0.25	-45	169.779
0.25	-45	117.443
0.25	-45	-104.056
0.25	-45	75.7661
0.25	-45	20.2407
0.25	-45	-40.6091
0.25	-45	-90.6614
0.25	-45	149.468
0.25	-45	86.6566
0.25	-45	-42.4189
0.25	-45	-132.69
0.25	-45	-105.459
0.25	-45	39.9473
0.25	-45	-74.3416
0.25	-45	170.052
0.25	-45	88.3295
0.25	-45	45.3353
0.25	-45	-5.71335
0.25	-45	111.151
0.25	-45	98.1471
0.25	-45	-107.59
0.25	-45	-96.4086
0.25	-45	-47.9717
0.25	-45	-99.8007
0.25	-45	-143.237
0.25	-45	-101.639
0.25	-45	-7.67479
0.25	-45	83.3353
0.25	-45	148.719
0.25	-45	124.531
0.25	-45	174.55
0.25	-45	-145.633
0.25	-45	132.187
0.25	-45	177.391
0.25	-45	-96.732
0.25	-45	17.372
0.25	-45	153.715
0.25	-45	85.423
0.25	-45	53.3803
0.25	-45	-153.666
0.25	-45	-148.263
0.25	-45	-27.9676
0.25	-45	-143.007
0.25	-45	110.709
0.25	-45	22.9691
0.25	-45	142.478
0.25	-45	62.73
0.25	-45	133.53
0.25	-45	-80.6778
0.25	-45	0.383462
0.25	-45	-110.227
0.25	-45	9.85419
0.25	-45	-28.9763
0.25	-45	-65.7409
0.25	-45	10.1343
0.25	-45	-67.1772
0.25	-45	-62.2142
0.25	-45	69.0852
0.25	-45	90.8978
0.25	-45	152.508
0.25	-45	9.80407
0.25	-45	-29.5778
0.25	-45	-16.7261
0.25	-45	133.471
0.25	-45	-40.3498
0.25	-45	16.2804
0.25	-45	79.154
0.25	-45	-57.2749
0.25	-45	46.7182
0.25	-45	65.9488
0.25	-45	-150.906
0.25	-45	-5.526
0.25	-45	166.247
0.25	-45	114.335
0.25	-45	-124.518
