pol	phi
0.3	-49.7592
0.3	-90.958
0.3	-66.2476
0.3	120.459
0.3	133.122
0.3	21.0608
0.3	40.2623
0.3	54.193
0.3	-167.691
0.3	26.4579
0.3	133.265
0.3	74.067
0.3	8.40825
0.3	-167.199
0.3	-70.1873
0.3	-159.251
0.3	115.175
0.3	-31.4033
0.3	-36.1543
0.3	161.87
0.3	-129.922
0.3	-131.123
0.3	120.174
0.3	73.3755
0.3	-144.944
0.3	4.39355
0.3	104.748
0.3	140.739
0.3	-3.07477
0.3	157.703
0.3	-59.0005
0.3	23.777
0.3	172.694
0.3	115.98
0.3	-102.035
0.3	-116.401
0.3	137.768
0.3	-108.418
0.3	48.6131
0.3	105.765
0.3	88.9204
0.3	174.004
0.3	-45.4931
0.3	-24.3185
0.3	-154.212
0.3	13.4018
0.3	117.473
0.3	-123.329
0.3	-176.75
0.3	-76.8057
0.3	-126.988
0.3	19.7186
0.3	150.861
0.3	-171.294
0.3	103.464
0.3	135.948
0.3	-143.102
0.3	156.728
0.3	27.414
0.3	157.252
0.3	-80.3577
0.3	-32.8681
0.3	-164.536
0.3	94.6937
0.3	96.1022
0.3	126.539
0.3	163.811
0.3	-11.5639
0.3	66.405
0.3	59.2704
0.3	-94.5057
0.3	87.1718
0.3	82.9566
0.3	-16.488
0.3	-160.39
0.3	-115.126
0.3	122.032
0.3	45.1644
0.3	116.164
0.3	44.9387
0.3	-45.4552
0.3	122.743
0.3	-12.4583
0.3	132.101
0.3	-136.482
0.3	-113.811
0.3	-7.52528
0.3	90.1935
0.3	-18.3601
0.3	-143.218
0.3	55.0274
0.3	74.7456
0.3	-76.4711
0.3	21.6698
0.3	-75.6357
0.3	141.6
0.3	119.693
0.3	-156.107
0.3	-36.2598
0.3	14.2405
0.3	-35.0655
0.3	-135.566
0.3	27.3776
0.3	53.3924
0.3	113.695
0.3	62.5891
0.3	91.4979
0.3	-113.124
0.3	-56.4968
0.3	77.6725
0.3	-21.8896
0.3	65.68
0.3	55.1985
0.3	-171.896
0.3	106.362
0.3	35.401
0.3	146.616
0.3	123.109
0.3	-171.32
0.3	-67.4762
0.3	-76.2419
0.3	144.483
0.3	-147.609
0.3	-3.5092
0.3	37.4869
0.3	107.568
0.3	-75.0352
0.3	146.538
0.3	-16.2687
0.3	-94.8156
0.3	0.940005
0.3	-158.352
0.3	149.978
0.3	-160.506
0.3	127.526
0.3	-26.9484
0.3	167.188
0.3	-106.456
0.3	10.3326
0.3	-151.405
0.3	50.0017
0.3	-117.469
0.3	132.93
0.3	167.474
0.3	-13.2262
0.3	96.901
0.3	-54.7667
0.3	-102.813
0.3	-103.184
0.3	73.25
0.3	113.428
0.3	-171.805
0.3	26.3519
0.3	-27.4872
0.3	-15.3478
0.3	123.047
0.3	105.165
0.3	9.90257
0.3	129.749
0.3	123.601
0.3	146.123
0.3	-64.6498
0.3	3.72493
0.3	141.878
0.3	-4.76724
0.3	136.8
0.3	-151.235
0.3	-55.1804
0.3	-41.5044
0.3	177.218
0.3	159.635
0.3	-176.94
0.3	170.632
0.3	129.674
0.3	-91.4563
0.3	115.894
0.3	19.0367
0.3	-70.6835
0.3	154.181
0.3	-179.366
0.3	-154.646
0.3	104.577
0.3	80.7839
0.3	-1.90913
0.3	-105.774
0.3	0.911019
0.3	-74.8608
0.3	-148.838
0.3	141.615
0.3	-109.032
0.3	-71.2803
0.3	75.4641
0.3	-133.501
0.3	93.6884
0.3	-33.5293
0.3	-10.7234
0.3	161.543
0.3	90.7944
0.3	63.848
0.3	110.284
0.3	103.109
0.3	-113.439
0.3	-101.46
0.3	-50.3899
0.3	-137.626
0.3	-111.041
0.3	-142.478
0.3	-99.654
0.3	151.179
0.3	-34.3585
0.3	72.6291
0.3	-41.7183
0.3	-106.902
0.3	50.0559
0.3	8.18338
0.3	-77.6031
0.3	-162.739
0.3	-74.5748
0.3	112.862
0.3	59.8445
0.3	-31.7981
0.3	148.233
0.3	-60.0729
0.3	4.03664
0.3	-82.0384
0.3	131.821
0.3	120.666
0.3	38.3892
0.3	-167.797
0.3	-169.369
0.3	-121.297
0.3	1.85005
0.3	-130.657
0.3	120.683
0.3	98.2537
0.3	48.1385
0.3	129.891
0.3	-67.0361
0.3	-159.78
0.3	-164.188
0.3	-106.488
0.3	-104.74
0.3	-26.2508
0.3	-30.6113
0.3	152.987
0.3	-2.37402
0.3	163.242
0.3	-32.3175
0.3	-72.4722
0.3	121.356
0.3	62.2947
0.3	71.7639
0.3	-134.346
0.3	-160.14
0.3	-157.16
0.3	30.7803
0.3	-136.357
0.3	-96.4989
0.3	78.6655
0.3	-166.849
0.3	107.647
0.3	-19.0087
0.3	-71.356
0.3	-164.241
0.3	-144.472
0.3	-88.3029
0.3	-44.2037
0.3	99.2867
0.3	80.7026
0.3	7.08597
0.3	-67.6606
0.3	127.942
0.3	-109.179
0.3	83.2691
0.3	109.282
0.3	160.382
0.3	153.22
0.3	169.087
0.3	45.9806
0.3	-126.881
0.3	-57.9932
0.3	24.1636
0.3	-19.6115
0.3	179.126
0.3	-52.4374
0.3	-161.452
0.3	25.1394
0.3	-51.8836
0.3	169.084
0.3	10.0675
0.3	-12.169
0.3	107.642
0.3	51.3782
0.3	-140.336
0.3	132.179
0.3	119.517
0.3	121.345
0.3	159.134
0.3	107.513
0.3	55.8042
0.3	151.302
0.3	-40.7284
0.3	147.992
0.3	-34.7642
0.3	68.5499
0.3	86.8039
0.3	-124.544
0.3	-95.9631
0.3	-108.281
0.3	3.9066
0.3	68.3938
0.3	149.889
0.3	123.825
0.3	-17.4192
0.3	149.83
0.3	176.417
0.3	-140.523
0.3	-173.643
0.3	-149.831
0.3	169.919
0.3	-128.271
0.3	3.87254
0.3	-136.463
0.3	-145.937
0.3	-16.6093
0.3	20.425
0.3	-87.1933
0.3	-33.3681
0.3	55.7706
0.3	104.885
0.3	-83.0957
0.3	11.8374
0.3	97.8921
0.3	173.743
0.3	-96.2253
0.3	42.3176
0.3	-13.1115
0.3	-49.6779
0.3	-43.7043
0.3	-122.764
0.3	-123.095
0.3	-10.8066
0.3	-111.821
0.3	119.203
0.3	-137.058
0.3	-80.0067
0.3	-126.314
0.3	86.0142
0.3	-48.3699
0.3	-131.433
0.3	-58.93
0.3	88.1511
0.3	95.16
0.3	-110.608
0.3	70.7686
0.3	174.307
0.3	177.607
0.3	-30.9308
0.3	-169.022
0.3	-31.8693
0.3	162.672
0.3	-48.7336
0.3	58.381
0.3	-56.523
0.3	63.1474
0.3	107.116
0.3	-119.126
0.3	-12.8356
0.3	-39.746
0.3	-104.574
0.3	100.728
0.3	101.205
0.3	63.9447
0.3	139.071
0.3	167.836
0.3	-52.7785
0.3	-165.429
0.3	122.87
0.3	-175
0.3	-160.849
0.3	120
0.3	-68.1465
0.3	123.457
0.3	108.59
0.3	-89.2416
0.3	164.908
0.3	-11.2705
0.3	84.5789
0.3	115.446
0.3	-148.326
0.3	79.8565
0.3	-144.391
0.3	-119.006
0.3	-167.112
0.3	18.0508
0.3	-68.2306
0.3	70.3578
0.3	1.9281
0.3	104.482
0.3	-145.882
0.3	-77.1785
0.3	113.711
0.3	4.45788
0.3	-14.045
0.3	90.0739
0.3	62.4786
0.3	124.398
0.3	-106.18
0.3	-69.2578
0.3	10.8759
0.3	-106.109
0.3	-56.0106
0.3	-15.7927
0.3	93.8127
0.3	-72.0925
0.3	175.663
0.3	124.112
0.3	92.2745
0.3	-163.559
0.3	-99.932
0.3	-139.93
0.3	76.4008
0.3	116.693
0.3	109.159
0.3	7.99508
0.3	171.106
0.3	91.1771
0.3	-178.325
0.3	-91.9934
0.3	-129.229
0.3	146.006
0.3	140.157
0.3	-13.095
0.3	-49.8236
0.3	-66.3112
0.3	-176.625
0.3	142.88
0.3	106.804
0.3	133.399
0.3	-100.022
0.3	8.51834
0.3	-0.476711
0.3	155.666
0.3	116.225
0.3	-81.9527
0.3	-14.8768
0.3	58.8339
0.3	110.446
0.3	55.5229
0.3	46.5213
0.3	126.979
0.3	63.9757
0.3	6.20197
0.3	24.443
0.3	34.5987
0.3	-75.5682
0.3	166.286
0.3	-8.64798
0.3	-168.257
0.3	177.585
0.3	-80.0324
0.3	-23.6318
0.3	-35.89
0.3	114.78
0.3	-112.639
0.3	33.8218
0.3	83.6915
0.3	159.368
0.3	-43.9345
0.3	32.7588
0.3	54.9713
0.3	15.4152
0.3	33.0185
0.3	62.9803
0.3	-138.683
0.3	-135.151
0.3	26.3419
0.3	-179.824
0.3	-153.513
0.3	95.0154
0.3	-52.1989
0.3	82.9727
0.3	112.528
0.3	36.8752
0.3	-131.701
0.3	43.4448
0.3	3.56367
0.3	58.1111
0.3	-103.291
0.3	140.108
0.3	126.742
0.3	170.771
0.3	93.1806
0.3	-151.93
0.3	-5.71941
0.3	-83.8228
0.3	14.2082
0.3	6.67004
0.3	-2.12929
0.3	49.382
0.3	-57.8437
0.3	129.962
0.3	-84.2396
0.3	-175.045
0.3	-23.6675
0.3	-97.8094
0.3	-118.944
0.3	173.493
0.3	-100.21
0.3	-27.349
0.3	-39.0622
0.3	-144.829
0.3	17.4621
0.3	-33.524
0.3	-170.445
0.3	143.759
0.3	157.284
0.3	-156.535
0.3	-90.8294
0.3	33.8595
0.3	69.1142
0.3	-124.683
0.3	-106.857
0.3	102.785
0.3	-89.9728
0.3	-161.07
0.3	-32.4978
0.3	-147.526
0.3	-5.50553
0.3	-52.5107
0.3	-134.376
0.3	-38.539
0.3	71.7946
0.3	50.6861
0.3	91.2241
0.3	-31.6313
0.3	114.562
0.3	113.921
0.3	-122.048
0.3	-146.55
0.3	-138.029
0.3	63.7801
0.3	-81.0813
0.3	125.333
0.3	67.5641
0.3	-70.0149
0.3	-44.7071
0.3	-85.2105
0.3	140.498
0.3	106.552
0.3	-34.2337
0.3	-168.275
0.3	40.3339
0.3	-57.8307
0.3	128.059
0.3	36.3388
0.3	-46.9665
0.3	-142.638
0.3	122.303
0.3	91.9097
0.3	162.45
0.3	115.962
0.3	175.337
0.3	88.6612
0.3	-26.5809
0.3	12.527
0.3	-178.151
0.3	40.1677
0.3	100.872
0.3	152.443
0.3	109.968
0.3	46.7317
0.3	-9.27598
0.3	-120.894
0.3	-46.3717
0.3	40.3748
0.3	125.528
0.3	-52.3339
0.3	-102.539
0.3	176.588
0.3	140.86
0.3	-11.3616
0.3	-35.4571
0.3	-27.02
0.3	1.50606
0.3	-35.4978
0.3	114.621
0.3	127.897
0.3	84.9301
0.3	111.148
0.3	158.339
0.3	-171.359
0.3	92.0196
0.3	-169.356
0.3	32.2215
0.3	52.1101
0.3	-168.145
0.3	60.1877
0.3	-16.7213
0.3	-49.7214
0.3	-117.67
0.3	-60.4946
0.3	-56.9514
0.3	-155.254
0.3	147.564
0.3	-99.9346
0.3	132.012
0.3	-27.7661
0.3	80.0682
0.3	-143.602
0.3	-44.0881
0.3	89.2239
0.3	-68.3582
0.3	-16.8243
0.3	-142.865
0.3	-19.0162
0.3	-100.334
0.3	-144.151
0.3	71.5503
0.3	-51.5871
0.3	11.9309
0.3	-23.3275
0.3	-101.187
0.3	-23.482
0.3	-71.5509
0.3	108.439
0.3	-2.47339
0.3	-1.20281
0.3	-17.1381
0.3	-150.269
0.3	-151.386
0.3	175.565
0.3	-73.6776
0.3	120.841
0.3	-1.76337
0.3	22.7941
0.3	-145.607
0.3	101.525
0.3	132.903
0.3	-109.015
0.3	-170.936
0.3	131.142
0.3	-73.1232
0.3	168.481
0.3	165.438
0.3	-5.36957
0.3	61.3523
0.3	34.3929
0.3	-70.3958
0.3	-114.113
0.3	-28.5715
0.3	-165.384
0.3	-81.6261
0.3	-108.209
0.3	-10.5867
0.3	-93.7053
0.3	163.986
0.3	85.3573
0.3	-106.977
0.3	1.47133
0.3	81.0564
0.3	-96.6108
0.3	75.3732
0.3	17.2989
0.3	-160.305
0.3	-27.9294
0.3	78.7287
0.3	-171.568
0.3	21.1657
0.3	-69.8879
0.3	62.9735
0.3	14.9429
0.3	-124.616
0.3	-14.8172
0.3	96.7492
0.3	-170.254
0.3	24.7328
0.3	126.084
0.3	133.614
0.3	116.175
0.3	76.0442
0.3	-161.225
0.3	-3.48966
0.3	-24.9052
0.3	127.887
0.3	-19.9865
0.3	-90.6174
0.3	-5.52342
0.3	-110.822
0.3	159.35
0.3	148.195
0.3	17.585
0.3	-44.7301
0.3	-67.4116
0.3	19.5065
0.3	-77.0008
0.3	26.9863
0.3	34.2005
0.3	78.046
0.3	-143.911
0.3	160.642
0.3	-10.1744
0.3	-145.721
0.3	134.022
0.3	44.2361
0.3	53.4468
0.3	30.7834
0.3	-90.6862
0.3	-51.5691
0.3	66.9478
0.3	-11.2538
0.3	-171.435
0.3	134.978
0.3	6.12589
0.3	-148.192
0.3	-51.2461
0.3	176.016
0.3	67.673
0.3	6.6863
0.3	81.8281
0.3	-137.051
0.3	-11.2247
0.3	33.0654
0.3	173.809
0.3	21.0376
0.3	35.8701
0.3	-29.4796
0.3	93.578
0.3	-67.1444
0.3	164.92
0.3	83.4544
0.3	-1.44996
0.3	2.75583
0.3	9.38961
0.3	-71.3946
0.3	-168.056
0.3	-175.29
0.3	118.931
0.3	-155.723
0.3	-171.414
0.3	46.0954
0.3	99.1011
0.3	10.7065
0.3	-137.778
0.3	166.523
0.3	-88.9801
0.3	-137.443
0.3	-49.9697
0.3	-178.25
0.3	-129.64
0.3	11.2255
0.3	-46.1945
0.3	99.3695
0.3	-95.0137
0.3	-107.74
0.3	53.2272
0.3	-67.4892
0.3	-2.80919
0.3	10.8719
0.3	52.5883
0.3	45.1207
0.3	58.937
0.3	55.4115
0.3	143.479
0.3	79.1592
0.3	-66.4346
0.3	141.788
0.3	-115.195
0.3	-73.2716
0.3	1.05626
0.3	82.1944
0.3	-74.0811
0.3	-139.033
0.3	43.8756
0.3	148.542
0.3	-12.8076
0.3	154.818
0.3	-35.2075
0.3	123.844
0.3	-155.836
0.3	-89.7093
0.3	115.434
0.3	137.771
0.3	76.9196
0.3	-77.695
0.3	-168.834
0.3	76.9132
0.3	-56.0425
0.3	-38.3236
0.3	-44.9221
0.3	-112.216
0.3	-30.748
0.3	-20.6354
0.3	-178.628
0.3	-64.2609
0.3	-139.738
0.3	-120.029
0.3	125.726
0.3	-128.614
0.3	141.86
0.3	59.7367
0.3	26.8328
0.3	-32.3824
0.3	20.0903
0.3	145.325
0.3	121.594
0.3	-103.436
0.3	-105.824
0.3	-89.6295
0.3	-66.066
0.3	43.4172
0.3	63.7221
0.3	-71.9645
0.3	79.525
0.3	-15.8128
0.3	129.209
0.3	-171.843
0.3	139.7
0.3	-51.7463
0.3	4.62651
0.3	-123.582
0.3	-150.092
0.3	-65.5255
0.3	19.3234
0.3	-44.2149
0.3	60.8004
0.3	-126.071
0.3	44.2133
0.3	-134.853
0.3	-22.0579
0.3	86.6669
0.3	88.238
0.3	-12.974
0.3	43.0647
0.3	154.429
0.3	-152.42
0.3	-125.067
0.3	-124.027
0.3	-47.6033
0.3	135.558
0.3	-53.6902
0.3	-178.174
0.3	30.2429
0.3	-8.33362
0.3	141.099
0.3	-1.80968
0.3	-115.057
0.3	-72.2789
0.3	143.188
0.3	124.045
0.3	69.0092
0.3	-83.0869
0.3	8.33791
0.3	-139.537
0.3	-179.601
0.3	159.589
0.3	105.626
0.3	172.404
0.3	163.063
0.3	166.955
0.3	108.035
0.3	117.404
0.3	-116.403
0.3	110.579
0.3	-48.1802
0.3	101.156
0.3	136.493
0.3	82.7129
0.3	57.9334
0.3	-31.3855
0.3	118.758
0.3	-18.4004
0.3	-22.6849
0.3	-160.436
0.3	-26.5097
0.3	105.33
0.3	106.658
0.3	-161.314
0.3	-108.151
0.3	-148.088
0.3	-83.986
0.3	-9.5057
0.3	-155.273
0.3	-119.393
0.3	111.098
0.3	172.004
0.3	-151.324
0.3	-31.0946
0.3	87.715
0.3	178.835
0.3	-78.9873
0.3	133.247
0.3	170.586
0.3	-150.743
0.3	84.9483
0.3	-69.5787
0.3	-52.9468
0.3	-97.0808
0.3	168.289
0.3	96.7612
0.3	87.4688
0.3	-8.03298
0.3	-87.0494
0.3	-61.2403
0.3	-42.1899
0.3	-161.1
0.3	-107.835
0.3	-48.419
0.3	-176.983
0.3	-59.7977
0.3	-177.294
0.3	16.6563
0.3	47.3525
0.3	-48.6586
0.3	5.5499
0.3	96.9955
0.3	-147.974
0.3	128.607
0.3	-91.2644
0.3	113.021
0.3	164.71
0.3	53.0014
0.3	62.8916
0.3	-156.328
0.3	-36.598
0.3	44.256
0.3	156.426
0.3	167.806
0.3	32.9257
0.3	77.3169
0.3	33.9886
0.3	40.1484
0.3	-3.75154
0.3	153.751
0.3	12.7958
0.3	-13.2539
0.3	-147.151
0.3	-141.642
0.3	155.039
0.3	34.618
0.3	17.2845
0.3	89.9389
0.3	-84.2305
0.3	66.4791
0.3	46.9709
0.3	72.2989
0.3	158.134
0.3	-54.5639
0.3	-23.6444
0.3	8.64887
0.3	-109.839
0.3	-74.4863
0.3	-79.9235
0.3	-77.7815
0.3	-91.5252
0.3	-37.046
0.3	20.323
0.3	-37.9426
0.3	-177.612
0.3	-53.7764
0.3	-121.086
0.3	-65.1597
0.3	-7.64983
0.3	-74.256
0.3	-73.5974
0.3	171.407
0.3	0.13618
0.3	-38.3739
0.3	-94.3806
0.3	-45.8033
0.3	5.18473
0.3	178.833
0.3	-91.1247
0.3	-90.1861
0.3	10.9741
0.3	-75.9643
0.3	157.955
0.3	-145.176
0.3	-64.2078
0.3	73.998
0.3	-176.432
0.3	-88.5683
0.3	143.441
0.3	-151.865
0.3	26.5475
0.3	-31.5225
0.3	53.3869
0.3	-112.202
0.3	121.766
0.3	-136.323
0.3	105.554
0.3	133.555
0.3	-112.052
0.3	-90.4614
0.3	73.0732
0.3	-55.3556
0.3	47.4692
0.3	151.081
0.3	-29.4365
0.3	-116.725
0.25	37.2963
0.25	-82.7391
0.25	167.334
0.25	-140.994
0.25	54.663
0.25	-135.302
0.25	32.0954
0.25	-13.3215
0.25	54.0857
0.25	-93.1709
0.25	40.8751
0.25	-178.197
0.25	-151.023
0.25	168.446
0.25	-88.6746
0.25	-77.9804
0.25	129.582
0.25	91.5901
0.25	-170.263
0.25	-67.196
0.25	69.2752
0.25	-119.06
0.25	77.8356
0.25	-72.7508
0.25	78.8108
0.25	69.289
0.25	75.1793
0.25	10.8797
0.25	140.521
0.25	-72.3005
0.25	33.5118
0.25	123.35
0.25	99.9368
0.25	137.414
0.25	-113.471
0.25	-106.427
0.25	-156.07
0.25	160.144
0.25	170.872
0.25	-82.7468
0.25	143.171
0.25	-143.949
0.25	10.0268
0.25	134.053
0.25	-142.24
0.25	-64.11
0.25	126.257
0.25	-141.899
0.25	9.35781
0.25	48.5549
0.25	-13.5584
0.25	-136.321
0.25	-174.763
0.25	-41.1737
0.25	167.086
0.25	-176.866
0.25	103.556
0.25	-166.824
0.25	7.54694
0.25	0.640421
0.25	12.6607
0.25	121.533
0.25	-88.3346
0.25	43.9149
0.25	-36.9997
0.25	-155.413
0.25	49.4119
0.25	29.1974
0.25	-96.0237
0.25	-31.7744
0.25	59.1738
0.25	-39.8
0.25	-28.4487
0.25	-73.8367
0.25	62.9438
0.25	-146.899
0.25	102.528
0.25	-131.38
0.25	-27.9146
0.25	59.9905
0.25	-38.872
0.25	-122.263
0.25	118.692
0.25	127.321
0.25	39.3775
0.25	-161.007
0.25	80.3712
0.25	-107.871
0.25	4.80144
0.25	100.971
0.25	-161.264
0.25	-109.232
0.25	-146.221
0.25	29.7642
0.25	-123.588
0.25	3.16426
0.25	70.3106
0.25	111.475
0.25	13.9722
0.25	14.2846
0.25	153.122
0.25	169.513
0.25	177.733
0.25	149.271
0.25	-2.85202
0.25	120.259
0.25	-31.6729
0.25	-67.0674
0.25	165.513
0.25	110.103
0.25	38.0745
0.25	113.513
0.25	-102.123
0.25	-121.457
0.25	46.813
0.25	128.44
0.25	-67.6794
0.25	-25.7346
0.25	-132.808
0.25	-47.0276
0.25	-60.2114
0.25	96.3111
0.25	-137.426
0.25	-72.4573
0.25	34.2229
0.25	-107.127
0.25	154.41
0.25	-91.8851
0.25	-136.71
0.25	110.209
0.25	-137.535
0.25	-86.7567
0.25	-58.9627
0.25	-169.74
0.25	-158.28
0.25	-146.559
0.25	-118.014
0.25	-29.0423
0.25	-176.397
0.25	-0.212546
0.25	79.713
0.25	-165.954
0.25	48.7939
0.25	52.4774
0.25	109.329
0.25	-5.35673
0.25	60.3344
0.25	7.02206
0.25	-55.7907
0.25	-144.303
0.25	-73.7061
0.25	14.161
0.25	-140.513
0.25	93.2458
0.25	-86.3406
0.25	-165.13
0.25	14.4251
0.25	159.511
0.25	-86.5167
0.25	-141.067
0.25	-92.8116
0.25	-59.3702
0.25	-172.749
0.25	103.78
0.25	31.0263
0.25	-94.7851
0.25	-41.2885
0.25	10.7028
0.25	167.973
0.25	-28.1326
0.25	6.57512
0.25	-41.9282
0.25	-28.586
0.25	-178.318
0.25	153.247
0.25	-153.569
0.25	98.7837
0.25	165.201
0.25	74.393
0.25	-79.8457
0.25	-103.047
0.25	-164.372
0.25	-147.119
0.25	12.3344
0.25	-65.1511
0.25	-20.1475
0.25	46.4567
0.25	-153.862
0.25	-61.3917
0.25	13.7634
0.25	-39.4376
0.25	103.349
0.25	-5.28689
0.25	-35.2022
0.25	-132.276
0.25	-168.602
0.25	-16.8019
0.25	7.55307
0.25	-114.175
0.25	-156.41
0.25	-78.8037
0.25	-80.3483
0.25	100.39
0.25	-9.0648
0.25	-60.1273
0.25	-67.8527
0.25	158.805
0.25	149.51
0.25	21.0674
0.25	99.3199
0.25	-140.705
0.25	-122.084
0.25	-165.289
0.25	167.74
0.25	-128.75
0.25	68.1079
0.25	-160.718
0.25	-106.253
0.25	73.1701
0.25	-176.292
0.25	-35.7809
0.25	179.342
0.25	-61.723
0.25	81.2884
0.25	103.517
0.25	57.2127
0.25	-15.9124
0.25	-170.385
0.25	-12.1371
0.25	25.2531
0.25	110.941
0.25	44.2265
0.25	-130.764
0.25	-33.975
0.25	-114.901
0.25	-123.909
0.25	-9.70549
0.25	-116.246
0.25	45.2327
0.25	168.1
0.25	-12.4772
0.25	-88.0434
0.25	-72.6507
0.25	-142.165
0.25	163.045
0.25	-40.6238
0.25	-21.5517
0.25	144.257
0.25	-22.9973
0.25	131.41
0.25	-81.0866
0.25	24.6387
0.25	-73.2792
0.25	-18.5277
0.25	-119.241
0.25	-11.5918
0.25	-43.5197
0.25	-52.6876
0.25	27.7541
0.25	-135.359
0.25	117.209
0.25	-4.69465
0.25	-12.101
0.25	-100.804
0.25	162.033
0.25	171.385
0.25	56.4502
0.25	108.987
0.25	-45.0473
0.25	-146.766
0.25	-173.193
0.25	67.9196
0.25	-48.8385
0.25	51.7592
0.25	-80.7883
0.25	31.6322
0.25	38.6174
0.25	86.7514
0.25	-31.8096
0.25	-7.29614
0.25	-72.4198
0.25	-123.234
0.25	79.7775
0.25	164.493
0.25	30.871
0.25	75.55
0.25	-162.1
0.25	-103.517
0.25	-151.919
0.25	-13.0363
0.25	-158.561
0.25	25.8359
0.25	134.137
0.25	128.641
0.25	140.93
0.25	-128.735
0.25	-143.737
0.25	-35.4631
0.25	65.5591
0.25	-140.284
0.25	-161.997
0.25	-83.7287
0.25	38.8278
0.25	73.7589
0.25	-178.705
0.25	16.5744
0.25	16.4354
0.25	-70.038
0.25	-14.6163
0.25	125.247
0.25	178.934
0.25	41.7524
0.25	72.2007
0.25	-24.9271
0.25	25.7082
0.25	-97.0775
0.25	-4.97302
0.25	-84.6979
0.25	-137.941
0.25	-148.197
0.25	14.5101
0.25	133.078
0.25	6.78277
0.25	-43.0747
0.25	-93.6416
0.25	-43.2659
0.25	-153.406
0.25	-73.3672
0.25	39.9095
0.25	4.979
0.25	4.34987
0.25	-65.7011
0.25	-119.973
0.25	-153.567
0.25	-7.07575
0.25	-77.3546
0.25	-153.193
0.25	-170.007
0.25	-150.49
0.25	19.5297
0.25	-86.2629
0.25	-11.7012
0.25	-160.037
0.25	54.3388
0.25	171.366
0.25	25.6946
0.25	127.636
0.25	-60.8112
0.25	121.018
0.25	-130.511
0.25	-39.9465
0.25	107.982
0.25	88.7447
0.25	-54.9553
0.25	-51.5588
0.25	106.301
0.25	-112.252
0.25	166.46
0.25	-167.164
0.25	44.7318
0.25	179.34
0.25	14.3749
0.25	179.327
0.25	168.647
0.25	-27.9843
0.25	-178.939
0.25	-119.509
0.25	93.1704
0.25	27.6612
0.25	-84.5954
0.25	-149.316
0.25	68.1292
0.25	-123.825
0.25	-70.5942
0.25	142.372
0.25	26.1752
0.25	31.5141
0.25	-104.991
0.25	-160.226
0.25	-175.237
0.25	89.6137
0.25	20.4549
0.25	-88.3146
0.25	165.65
0.25	-127.095
0.25	-124.054
0.25	106.734
0.25	96.0593
0.25	28.0577
0.25	-2.58403
0.25	32.4552
0.25	60.3183
0.25	-7.25818
0.25	-174.855
0.25	149.829
0.25	-159.731
0.25	-92.2375
0.25	158.073
0.25	-102.757
0.25	129.75
0.25	24.9058
0.25	98.2459
0.25	-179.098
0.25	-77.3682
0.25	15.4416
0.25	47.1283
0.25	52.6949
0.25	-13.2378
0.25	16.3761
0.25	22.8939
0.25	-45.945
0.25	81.1551
0.25	54.0266
0.25	-172.689
0.25	-4.79651
0.25	103.428
0.25	-119.335
0.25	-91.8715
0.25	57.4941
0.25	-143.317
0.25	103.362
0.25	-105.569
0.25	13.4458
0.25	73.3179
0.25	34.7752
0.25	175.619
0.25	-18.4642
0.25	0.270333
0.25	-160.629
0.25	-42.3727
0.25	125.369
0.25	-70.6848
0.25	-136.969
0.25	-94.6076
0.25	95.246
0.25	159.715
0.25	171.994
0.25	150.178
0.25	-151.679
0.25	-10.5721
0.25	125.51
0.25	14.2439
0.25	-88.9148
0.25	119.861
0.25	54.522
0.25	54.9885
0.25	109.342
0.25	141.592
0.25	-109.399
0.25	-147.217
0.25	-167.465
0.25	-66.6478
0.25	-151.199
0.25	-94.8548
0.25	73.2383
0.25	1.9448
0.25	79.8791
0.25	-134.915
0.25	-4.33722
0.25	-135.411
0.25	-34.6012
0.25	89.7347
0.25	132.078
0.25	26.1748
0.25	-132.356
0.25	-110.868
0.25	-106.351
0.25	-122.215
0.25	121.133
0.25	-128.391
0.25	-25.8675
0.25	-123.072
0.25	-168.605
0.25	85.7593
0.25	-86.3011
0.25	-107.894
0.25	-74.0284
0.25	16.5904
0.25	162.854
0.25	-109.26
0.25	34.4724
0.25	86.228
0.25	-72.4436
0.25	40.9088
0.25	145.408
0.25	17.3564
0.25	54.4212
0.25	98.8851
0.25	-103.632
0.25	-53.3616
0.25	-19.3769
0.25	-161.262
0.25	82.525
0.25	-6.61486
0.25	-110.176
0.25	124.942
0.25	-139.742
0.25	105.85
0.25	-92.4053
0.25	-103.458
0.25	112.186
0.25	36.2152
0.25	-103.689
0.25	87.3956
0.25	92.6089
0.25	-153.647
0.25	-140.725
0.25	10.5887
0.25	-97.8402
0.25	52.9298
0.25	-23.2558
0.25	11.1356
0.25	-24.5406
0.25	-16.3942
0.25	167.875
0.25	-6.79384
0.25	130.476
0.25	2.64727
0.25	17.2023
0.25	18.8909
0.25	-103.539
0.25	-137.642
0.25	138.046
0.25	75.607
0.25	150.981
0.25	-73.4093
0.25	-155.571
0.25	-4.71758
0.25	-113.179
0.25	-40.9863
0.25	147.227
0.25	-31.3862
0.25	-128.168
0.25	-114.319
0.25	46.3596
0.25	53.6885
0.25	-154.657
0.25	159.34
0.25	138.431
0.25	0.68169
0.25	110.891
0.25	170.652
0.25	-52.4647
0.25	-16.0705
0.25	106.316
0.25	-174.4
0.25	13.523
0.25	47.8783
0.25	34.8421
0.25	29.9748
0.25	167.661
0.25	121.587
0.25	39.8445
0.25	42.849
0.25	93.0973
0.25	118.521
0.25	155.333
0.25	83.2822
0.25	-94.0921
0.25	-113.15
0.25	-110.504
0.25	-167.661
0.25	93.2449
0.25	27.982
0.25	-134.936
0.25	102.342
0.25	-39.1394
0.25	74.1521
0.25	-28.5217
0.25	-19.5606
0.25	-70.5234
0.25	-93.2844
0.25	-101.552
0.25	-116.171
0.25	43.8759
0.25	-86.7704
0.25	-142.797
0.25	-124.821
0.25	20.297
0.25	71.9218
0.25	4.72747
0.25	55.0311
0.25	-97.6574
0.25	-43.3093
0.25	-2.49313
0.25	177.761
0.25	137.953
0.25	29.1237
0.25	-67.3536
0.25	142.021
0.25	-145.096
0.25	103.491
0.25	-46.4346
0.25	-60.744
0.25	113.323
0.25	24.426
0.25	-123.921
0.25	4.72668
0.25	20.5629
0.25	-154.676
0.25	21.9812
0.25	-132.491
0.25	37.1128
0.25	118.816
0.25	73.0008
0.25	-131.164
0.25	-100.959
0.25	112.034
0.25	178.413
0.25	78.2428
0.25	125.143
0.25	174.648
0.25	-70.7902
0.25	48.8131
0.25	-108
0.25	12.2561
0.25	145.15
0.25	140.763
0.25	-111.548
0.25	123.19
0.25	-114.059
0.25	-94.636
0.25	-110.934
0.25	70.398
0.25	-117.161
0.25	-123.617
0.25	82.5885
0.25	150.93
0.25	100.699
0.25	-30.5887
0.25	101.422
0.25	42.6939
0.25	114.519
0.25	-118.299
0.25	-156.869
0.25	141.803
0.25	-52.7003
0.25	89.2908
0.25	111.607
0.25	60.6364
0.25	19.1591
0.25	108.497
0.25	68.075
0.25	70.2934
0.25	-158.658
0.25	118.898
0.25	-84.0643
0.25	-66.3439
0.25	145.546
0.25	160.417
0.25	26.9065
0.25	-134.05
0.25	1.13476
0.25	48.0894
0.25	174.967
0.25	55.5175
0.25	-8.57974
0.25	-177.081
0.25	-50.2228
0.25	-133.326
0.25	100.133
0.25	84.6774
0.25	-171.752
0.25	-70.9953
0.25	-8.65074
0.25	-6.9173
0.25	154.078
0.25	107.104
0.25	14.9076
0.25	-89.6155
0.25	84.6377
0.25	-163.603
0.25	16.5568
0.25	-149.271
0.25	-3.2132
0.25	-77.0247
0.25	-99.9394
0.25	-54.1513
0.25	-172.561
0.25	146.581
0.25	24.3584
0.25	-93.6408
0.25	-141.17
0.25	-168.011
0.25	148.718
0.25	-23.9596
0.25	42.1871
0.25	4.91371
0.25	162.351
0.25	-87.3402
0.25	-18.7454
0.25	46.9614
0.25	-175.072
0.25	114.095
0.25	-98.6361
0.25	-10.61
0.25	35.6023
0.25	-78.0302
0.25	110.05
0.25	63.7141
0.25	-130.693
0.25	71.4589
0.25	-170.761
0.25	-136.017
0.25	-98.867
0.25	-70.9135
0.25	36.4554
0.25	-32.4938
0.25	73.5742
0.25	106.74
0.25	157.945
0.25	53.4235
0.25	-97.9588
0.25	-150.813
0.25	-75.0726
0.25	-149.636
0.25	-88.1613
0.25	-80.5077
0.25	171.265
0.25	29.8559
0.25	121.625
0.25	98.9285
0.25	95.5553
0.25	101.993
0.25	-119.214
0.25	-123.246
0.25	132.345
0.25	-138.164
0.25	116.191
0.25	2.99172
0.25	24.3529
0.25	-7.87697
0.25	109.648
0.25	-27.6256
0.25	140.714
0.25	82.0699
0.25	-171.93
0.25	-48.6452
0.25	-158.719
0.25	158.247
0.25	6.55998
0.25	169.203
0.25	74.0707
0.25	46.8027
0.25	-167.401
0.25	-91.4057
0.25	-17.2856
0.25	-20.5383
0.25	-91.1776
0.25	179.47
0.25	-64.5861
0.25	68.2911
0.25	-112.929
0.25	-2.23453
0.25	154.165
0.25	-2.94834
0.25	104.048
0.25	136.867
0.25	-105.347
0.25	82.6212
0.25	-90.4449
0.25	-139.195
0.25	177.703
0.25	-17.8177
0.25	131.683
0.25	121.314
0.25	90.4794
0.25	52.0665
0.25	-105.493
0.25	-5.5526
0.25	-89.7406
0.25	-162.758
0.25	-160.771
0.25	-4.58803
0.25	98.5745
0.25	141.74
0.25	-4.08149
0.25	118.521
0.25	45.4149
0.25	149.748
0.25	-165.437
0.25	42.0935
0.25	-163.89
0.25	11.6757
0.25	-47.8327
0.25	-170.63
0.25	-45.7419
0.25	-88.7362
0.25	31.7711
0.25	16.4701
0.25	169.004
0.25	89.9298
0.25	170.886
0.25	-130.594
0.25	-105.63
0.25	-104.157
0.25	-116.907
0.25	-111.228
0.25	0.227159
0.25	70.8872
