pol	setting	phi
0.3	45	-166.822
0.3	45	106.483
0.3	45	-3.87494
0.3	45	-110.461
0.3	45	-176.145
0.3	45	149.526
0.3	45	43.7673
0.3	45	144.314
0.3	45	161.764
0.3	45	-82.9274
0.3	45	17.5584
0.3	45	58.4739
0.3	45	-39.9128
0.3	45	143.481
0.3	45	178.771
0.3	45	-19.5214
0.3	45	-4.95223
0.3	45	140.924
0.3	45	69.525
0.3	45	156.299
0.3	45	132.387
0.3	45	-1.08315
0.3	45	-124.522
0.3	45	-140.442
0.3	45	71.5622
0.3	45	-172.758
0.3	45	96.6172
0.3	45	146.768
0.3	45	-158.943
0.3	45	1.74392
0.3	45	-111.404
0.3	45	90.5301
0.3	45	-154.681
0.3	45	-25.4669
0.3	45	-61.8119
0.3	45	167.647
0.3	45	-8.54881
0.3	45	171.866
0.3	45	-146.758
0.3	45	16.9501
0.3	45	-141.032
0.3	45	-168.315
0.3	45	-159.319
0.3	45	88.6198
0.3	45	-159.517
0.3	45	-116.302
0.3	45	105.03
0.3	45	121.534
0.3	45	-103.019
0.3	45	177.663
0.3	45	-136.736
0.3	45	-171.566
0.3	45	-114.006
0.3	45	-52.6951
0.3	45	-61.7707
0.3	45	28.3209
0.3	45	25.1897
0.3	45	151.47
0.3	45	-57.6888
0.3	45	-1.79066
0.3	45	-131.694
0.3	45	-153.545
0.3	45	37.6373
0.3	45	-131.511
0.3	45	-171.12
0.3	45	177.143
0.3	45	-129.892
0.3	45	-152.192
0.3	45	-107.168
0.3	45	65.3222
0.3	45	-23.7253
0.3	45	-121.904
0.3	45	-33.3866
0.3	45	-162.482
0.3	45	-56.4278
0.3	45	-85.9745
0.3	45	-116.974
0.3	45	-86.0483
0.3	45	137.259
0.3	45	147.922
0.3	45	117.289
0.3	45	-174.808
0.3	45	-60.9203
0.3	45	-38.8249
0.3	45	-93.0844
0.3	45	147.66
0.3	45	177.535
0.3	45	91.5405
0.3	45	153.894
0.3	45	144.912
0.3	45	-119.788
0.3	45	106.303
0.3	45	114.658
0.3	45	-126.375
0.3	45	5.40606
0.3	45	-121.959
0.3	45	-159.506
0.3	45	108.634
0.3	45	-35.7621
0.3	45	-88.5068
0.3	45	-19.8497
0.3	45	-161.212
0.3	45	-36.3347
0.3	45	155.866
0.3	45	-39.2182
0.3	45	102.37
0.3	45	68.8923
0.3	45	-173.142
0.3	45	5.09887
0.3	45	-116.05
0.3	45	166.354
0.3	45	-100.312
0.3	45	177.063
0.3	45	8.71488
0.3	45	145.415
0.3	45	-141.174
0.3	45	170.411
0.3	45	25.4748
0.3	45	-118.004
0.3	45	40.8334
0.3	45	-45.2283
0.3	45	-91.5401
0.3	45	-90.6955
0.3	45	-45.7853
0.3	45	161.666
0.3	45	-34.2561
0.3	45	168.361
0.3	45	125.817
0.3	45	171.682
0.3	45	-55.8377
0.3	45	-170.484
0.3	45	-65.6294
0.3	45	-138.238
0.3	45	143.717
0.3	45	-2.62602
0.3	45	-147.396
0.3	45	-24.0191
0.3	45	-172.985
0.3	45	49.104
0.3	45	149.314
0.3	45	-96.8495
0.3	45	-153.673
0.3	45	159.214
0.3	45	6.72582
0.3	45	125.184
0.3	45	-65.8966
0.3	45	-15.6007
0.3	45	64.4198
0.3	45	112.919
0.3	45	-125.047
0.3	45	179.962
0.3	45	87.3231
0.3	45	135.908
0.3	45	77.5178
0.3	45	-148.711
0.3	45	72.5687
0.3	45	20.0183
0.3	45	111.195
0.3	45	43.4646
0.3	45	-28.0509
0.3	45	-21.918
0.3	45	145.999
0.3	45	-55.4669
0.3	45	60.1277
0.3	45	-6.1505
0.3	45	-28.4391
0.3	45	18.4167
0.3	45	133.244
0.3	45	135.843
0.3	45	-23.3203
0.3	45	16.0046
0.3	45	-35.686
0.3	45	-60.4811
0.3	45	65.1847
0.3	45	41.8933
0.3	45	-31.2744
0.3	45	172.08
0.3	45	102.434
0.3	45	-86.9059
0.3	45	73.613
0.3	45	-141.86
0.3	45	-163.49
0.3	45	-128.626
0.3	45	-167.806
0.3	45	-173.544
0.3	45	-33.8839
0.3	45	79.8167
0.3	45	-40.375
0.3	45	23.0035
0.3	45	72.7915
0.3	45	-71.418
0.3	45	-80.8502
0.3	45	-133.209
0.3	45	50.4804
0.3	45	168.173
0.3	45	32.9852
0.3	45	31.78
0.3	45	169.209
0.3	45	-55.2005
0.3	45	-167.306
0.3	45	-163.662
0.3	45	47.289
0.3	45	27.4451
0.3	45	46.1544
0.3	45	27.6629
0.3	45	79.8727
0.3	45	107.092
0.3	45	67.1745
0.3	45	4.35202
0.3	45	-98.692
0.3	45	29.1558
0.3	45	30.7753
0.3	45	156.793
0.3	45	-104.772
0.3	45	-64.835
0.3	45	-152.125
0.3	45	-149.788
0.3	45	164.133
0.3	45	-96.9326
0.3	45	66.8244
0.3	45	-24.6525
0.3	45	174.594
0.3	45	145.778
0.3	45	65.6309
0.3	45	161.925
0.3	45	-124.602
0.3	45	-176.197
0.3	45	25.6668
0.3	45	81.0224
0.3	45	-94.9766
0.3	45	108.827
0.3	45	128.583
0.3	45	94.1762
0.3	45	141.071
0.3	45	-7.13675
0.3	45	137.724
0.3	45	38.7602
0.3	45	160.561
0.3	45	90.9775
0.3	45	78.7553
0.3	45	46.123
0.3	45	57.6186
0.3	45	13.0804
0.3	45	-160.45
0.3	45	17.7579
0.3	45	37.774
0.3	45	-161.541
0.3	45	103.921
0.3	45	-58.1514
0.3	45	58.3038
0.3	45	47.0223
0.3	45	8.38643
0.3	45	113.326
0.3	45	171.944
0.3	45	-96.6426
0.3	45	-34.3675
0.3	45	33.6273
0.3	45	-120.563
0.3	45	-46.5059
0.3	45	142.112
0.3	45	-107.899
0.3	45	-167.721
0.3	45	-99.0586
0.3	45	-64.1364
0.3	45	178.902
0.3	45	-149.904
0.3	45	87.794
0.3	45	16.5547
0.3	45	-175.661
0.3	45	-175.628
0.3	45	105.076
0.3	45	-98.1025
0.3	45	-177.341
0.3	45	-25.3291
0.3	45	21.9569
0.3	45	81.0669
0.3	45	-113.048
0.3	45	-93.7451
0.3	45	98.9721
0.3	45	-2.83632
0.3	45	-105.228
0.3	45	21.0013
0.3	45	172.732
0.3	45	-121.846
0.3	45	9.6357
0.3	45	34.9834
0.3	45	-34.2064
0.3	45	25.2313
0.3	45	114.816
0.3	45	-157.537
0.3	45	-129.549
0.3	45	129.806
0.3	45	-78.1062
0.3	45	164.939
0.3	45	166.323
0.3	45	-117.369
0.3	45	73.0865
0.3	45	99.4319
0.3	45	62.9034
0.3	45	-24.4964
0.3	45	-136.028
0.3	45	-129.412
0.3	45	-104.776
0.3	45	-125.956
0.3	45	149.856
0.3	45	108.125
0.3	45	130.896
0.3	45	170.17
0.3	45	14.0477
0.3	45	-134.195
0.3	45	85.2794
0.3	45	45.3519
0.3	45	-154.017
0.3	45	-10.1141
0.3	45	-106.222
0.3	45	-104.769
0.3	45	176.889
0.3	45	123.777
0.3	45	149.474
0.3	45	-149.781
0.3	45	-7.26048
0.3	45	162.972
0.3	45	154.233
0.3	45	22.0526
0.3	45	-126.431
0.3	45	-18.1401
0.3	45	170.414
0.3	45	-44.1777
0.3	45	-45.3833
0.3	45	173.438
0.3	45	-97.2237
0.3	45	-113.907
0.3	45	54.5176
0.3	45	6.34457
0.3	45	5.50839
0.3	45	66.2135
0.3	45	129.857
0.3	45	7.18674
0.3	45	137.923
0.3	45	118.036
0.3	45	165.89
0.3	45	114.07
0.3	45	109.604
0.3	45	-3.54709
0.3	45	-149.5
0.3	45	158.386
0.3	45	-9.53729
0.3	45	78.3229
0.3	45	128.63
0.3	45	51.1663
0.3	45	-89.9032
0.3	45	-83.5689
0.3	45	-48.6751
0.3	45	132.106
0.3	45	-22.2469
0.3	45	35.6554
0.3	45	70.9402
0.3	45	-88.1161
0.3	45	-78.9527
0.3	45	-72.3345
0.3	45	30.5696
0.3	45	-134.875
0.3	45	-83.9184
0.3	45	7.08832
0.3	45	161.966
0.3	45	-171.947
0.3	45	108.968
0.3	45	-3.04934
0.3	45	150.964
0.3	45	115.854
0.3	45	77.9116
0.3	45	106.039
0.3	45	-8.77128
0.3	45	43.1452
0.3	45	50.4622
0.3	45	-70.4015
0.3	45	151.988
0.3	45	-94.6773
0.3	45	59.7775
0.3	45	-16.5426
0.3	45	59.5693
0.3	45	-33.8513
0.3	45	135.416
0.3	45	-48.371
0.3	45	118.278
0.3	45	3.76848
0.3	45	131.456
0.3	45	-83.5936
0.3	45	-104.057
0.3	45	-5.07161
0.3	45	-35.287
0.3	45	-172.225
0.3	45	69.6402
0.3	45	26.7243
0.3	45	-41.6219
0.3	45	-110.165
0.3	45	-136.338
0.3	45	131.546
0.3	45	44.7232
0.3	45	-122.061
0.3	45	47.9873
0.3	45	-47.2572
0.3	45	-68.7943
0.3	45	-145.995
0.3	45	-112.963
0.3	45	167.003
0.3	45	74.2419
0.3	45	70.5501
0.3	45	-70.413
0.3	45	-99.5986
0.3	45	-122.916
0.3	45	43.6434
0.3	45	82.3525
0.3	45	-61.4721
0.3	45	-64.416
0.3	45	156.882
0.3	45	86.7961
0.3	45	-143.921
0.3	45	95.9516
0.3	45	62.4414
0.3	45	-72.4748
0.3	45	66.8332
0.3	45	-178.992
0.3	45	-150.861
0.3	45	-15.9985
0.3	45	61.0122
0.3	45	-107.243
0.3	45	-96.9696
0.3	45	61.214
0.3	45	-52.5459
0.3	45	136.557
0.3	45	-46.8239
0.3	45	142.474
0.3	45	44.7317
0.3	45	-69.6401
0.3	45	-172.071
0.3	45	-69.2358
0.3	45	118.472
0.3	45	5.66667
0.3	45	-60.1527
0.3	45	-173.919
0.3	45	143.588
0.3	45	-156.756
0.3	45	-172.99
0.3	45	-33.6165
0.3	45	-20.4611
0.3	45	97.9532
0.3	45	157.787
0.3	45	2.03924
0.3	45	-39.9742
0.3	45	-19.3067
0.3	45	131.319
0.3	45	-118.047
0.3	45	172.431
0.3	45	72.4489
0.3	45	-34.571
0.3	45	-41.0908
0.3	45	10.2753
0.3	45	-153.964
0.3	45	-137.777
0.3	45	86.0926
0.3	45	4.49297
0.3	45	-164.339
0.3	45	49.6599
0.3	45	-79.1048
0.3	45	-24.5283
0.3	45	-125.893
0.3	45	-123.24
0.3	45	75.3323
0.3	45	113.065
0.3	45	85.0235
0.3	45	-18.3494
0.3	45	157.274
0.3	45	-7.66109
0.3	45	-75.9086
0.3	45	-82.1859
0.3	45	24.475
0.3	45	166.537
0.3	45	29.7133
0.3	45	144.222
0.3	45	-81.642
0.3	45	90.5099
0.3	45	-87.2316
0.3	45	174.776
0.3	45	14.4045
0.3	45	170.37
0.3	45	2.53645
0.3	45	-168.778
0.3	45	-161.009
0.3	45	-155.876
0.3	45	18.7041
0.3	45	-32.738
0.3	45	10.4697
0.3	45	-47.5111
0.3	45	140.51
0.3	45	34.4376
0.3	45	-96.7383
0.3	45	54.5366
0.3	45	46.0069
0.3	45	4.00003
0.3	45	31.732
0.3	45	-147.992
0.3	45	178.28
0.3	45	-45.4835
0.3	45	-12.8525
0.3	45	-152.873
0.3	45	6.88858
0.3	45	15.7132
0.3	45	160.81
0.3	45	59.9611
0.3	45	61.5942
0.3	45	129.952
0.3	45	-168.658
0.3	45	134.339
0.3	45	-56.8924
0.3	45	-92.4941
0.3	45	-104.689
0.3	45	133.952
0.3	45	-23.7966
0.3	45	59.7947
0.3	45	68.5613
0.3	45	27.5228
0.3	45	-40.131
0.3	45	21.4401
0.3	45	38.9032
0.3	45	156.826
0.3	45	13.9035
0.3	45	92.5163
0.3	45	121.989
0.3	45	-179.415
0.3	45	173.127
0.3	45	-47.3233
0.3	45	-119.777
0.3	45	88.7373
0.3	45	-26.3972
0.3	45	-61.2298
0.3	45	63.3254
0.3	45	175.258
0.3	45	133.634
0.3	45	-23.741
0.3	45	103.406
0.3	45	35.3529
0.3	45	64.1497
0.3	45	-1.24268
0.3	45	-6.6907
0.3	45	-11.7773
0.3	45	-121.564
0.3	45	-86.8609
0.3	45	-61.4795
0.3	45	42.7858
0.3	45	-127.412
0.3	45	-69.2456
0.3	45	-88.2337
0.3	45	-17.1526
0.3	45	-77.4572
0.3	45	-28.632
0.3	45	-174.55
0.3	45	119.191
0.3	45	32.7094
0.3	45	-55.4178
0.3	45	-118.227
0.3	45	157.123
0.3	45	-49.3481
0.3	45	19.0991
0.3	45	-1.32715
0.3	45	-53.4326
0.3	45	-50.7921
0.3	45	23.1785
0.3	45	-73.6645
0.3	45	168.554
0.3	45	-90.1708
0.3	45	-19.0344
0.3	45	61.8032
0.3	45	161.086
0.3	45	107.656
0.3	45	129.608
0.3	45	-68.5179
0.3	45	6.44407
0.3	45	-133.341
0.3	45	-151.761
0.3	45	-91.313
0.3	45	73.1067
0.3	45	149.504
0.3	45	-176.127
0.3	45	131.046
0.3	45	-15.1742
0.3	45	156.241
0.3	45	-102.589
0.3	45	-23.1549
0.3	45	144.868
0.3	45	11.3472
0.3	45	-81.7797
0.3	45	-112.136
0.3	45	-116.738
0.3	45	-72.3769
0.3	45	-13.3051
0.3	45	-152.217
0.3	45	-156.359
0.3	45	130.925
0.3	45	104.797
0.3	45	78.0014
0.3	45	-53.5645
0.3	45	-34.0369
0.3	45	-41.9725
0.3	45	87.0708
0.3	45	6.80917
0.3	45	-124.688
0.3	45	-143.299
0.3	45	39.6267
0.3	45	120.86
0.3	45	80.4981
0.3	45	-117.106
0.3	45	17.5664
0.3	45	-50.6936
0.3	45	-170.446
0.3	45	138.553
0.3	45	-5.59347
0.3	45	-62.0324
0.3	45	-49.0367
0.3	45	-157.378
0.3	45	-31.3189
0.3	45	116.457
0.3	45	8.36985
0.3	45	169.044
0.3	45	101.286
0.3	45	-8.72659
0.3	45	154.99
0.3	45	-79.5693
0.3	45	2.06625
0.3	45	79.6678
0.3	45	-33.02
0.3	45	-50.4741
0.3	45	-82.0187
0.3	45	-51.2345
0.3	45	26.9877
0.3	45	148.365
0.3	45	-9.84895
0.3	45	-31.1907
0.3	45	130.13
0.3	45	47.1485
0.3	45	-124.922
0.3	45	32.067
0.3	45	-2.10338
0.3	45	-4.10062
0.3	45	154.313
0.3	45	-131.365
0.3	45	81.6539
0.3	45	-131.316
0.3	45	62.6888
0.3	45	146.668
0.3	45	164.475
0.3	45	150.832
0.3	45	63.8834
0.3	45	27.1026
0.3	45	162.203
0.3	45	-54.5529
0.3	45	12.0389
0.3	45	-155.324
0.3	45	102.145
0.3	45	116.706
0.3	45	-88.5899
0.3	45	-76.4216
0.3	45	-45.8685
0.3	45	-158.921
0.3	45	-51.8261
0.3	45	159.082
0.3	45	177.436
0.3	45	-142.386
0.3	45	54.7183
0.3	45	12.7646
0.3	45	-66.8189
0.3	45	-121.183
0.3	45	-125.913
0.3	45	-176.713
0.3	45	80.1872
0.3	45	10.7866
0.3	45	25.7266
0.3	45	-78.7279
0.3	45	159.127
0.3	45	104.248
0.3	45	34.3984
0.3	45	-117.346
0.3	45	92.5411
0.3	45	155.555
0.3	45	66.1242
0.3	45	99.7441
0.3	45	177.874
0.3	45	-111.106
0.3	45	73.955
0.3	45	119.479
0.3	45	-53.4824
0.3	45	-11.2984
0.3	45	-49.5142
0.3	45	-115.683
0.3	45	33.2302
0.3	45	-7.14961
0.3	45	-81.8787
0.3	45	8.56934
0.3	45	-110.332
0.3	45	-20.9576
0.3	45	149.082
0.3	45	20.9201
0.3	45	100.064
0.3	45	-67.2658
0.3	45	71.6542
0.3	45	72.3491
0.3	45	142.095
0.3	45	-147.601
0.3	45	-22.4407
0.3	45	-96.3196
0.3	45	32.2916
0.3	45	-4.55181
0.3	45	-114.283
0.3	45	24.6452
0.3	45	35.8636
0.3	45	-139.739
0.3	45	76.0642
0.3	45	26.6947
0.3	45	63.4333
0.3	45	-14.2479
0.3	45	37.2681
0.3	45	108.168
0.3	45	-78.4037
0.3	45	53.7228
0.3	45	136.458
0.3	45	-77.9126
0.3	45	-87.6546
0.3	45	-70.3683
0.3	45	-34.4599
0.3	45	178.702
0.3	45	-143.99
0.3	45	172.242
0.3	45	157.203
0.3	45	141.209
0.3	45	-179.362
0.3	45	-94.0166
0.3	45	151.262
0.3	45	97.4341
0.3	45	-131.979
0.3	45	178.72
0.3	45	-59.8357
0.3	45	24.6454
0.3	45	-27.7941
0.3	45	-100.03
0.3	45	-153.337
0.3	45	-93.5433
0.3	45	-95.1117
0.3	45	12.0841
0.3	45	86.1713
0.3	45	-130.305
0.3	45	-163.574
0.3	45	-136.518
0.3	45	176.64
0.3	45	83.8809
0.3	45	-4.60802
0.3	45	-159.291
0.3	45	93.6434
0.3	45	-25.9881
0.3	45	4.4166
0.3	45	117.44
0.3	45	148.724
0.3	45	20.4541
0.3	45	-166.031
0.3	45	0.384056
0.3	45	151.206
0.3	45	-103.7
0.3	45	-6.96366
0.3	45	123.282
0.3	45	-44.5389
0.3	45	159.4
0.3	45	-136.185
0.3	45	78.2714
0.3	45	122.582
0.3	45	2.40643
0.3	45	93.6022
0.3	45	101.058
0.3	45	170.219
0.3	45	0.199107
0.3	45	108.845
0.3	45	131.714
0.3	45	-128.128
0.3	45	-102.444
0.3	45	-60.7415
0.3	45	-139.301
0.3	45	-24.3663
0.3	45	-22.3664
0.3	45	37.3572
0.3	45	131.382
0.3	45	-44.6482
0.3	45	103.513
0.3	45	128.741
0.3	45	-67.1569
0.3	45	-31.8645
0.3	45	-131.503
0.3	45	-105.472
0.3	45	-89.4083
0.3	45	-52.0087
0.3	45	4.49847
0.3	45	100.007
0.3	45	-60.9381
0.3	45	-56.0767
0.3	45	11.4265
0.3	45	165.99
0.3	45	152.441
0.3	45	32.3788
0.3	45	-0.0964204
0.3	45	91.4297
0.3	45	174.686
0.3	45	41.2271
0.3	45	156.06
0.3	45	131.532
0.3	45	-28.1749
0.3	45	133.313
0.3	45	-34.4093
0.3	45	-132.837
0.3	45	-57.2478
0.3	45	170.101
0.3	45	64.6445
0.3	45	-130.494
0.3	45	7.95388
0.3	45	159.905
0.3	45	-15.921
0.3	45	27.5899
0.3	45	161.031
0.3	45	4.8184
0.3	45	-38.184
0.3	45	123.828
0.3	45	-126.49
0.3	45	-7.7028
0.3	45	149.914
0.3	45	-57.5111
0.3	45	143.065
0.3	45	-120.498
0.3	45	-178.948
0.3	45	147.125
0.3	45	67.3334
0.3	45	78.556
0.3	45	-66.2493
0.3	45	66.8146
0.3	45	106.448
0.3	45	27.5679
0.3	45	67.6707
0.3	45	-111.727
0.3	45	126.587
0.3	45	86.9802
0.3	45	45.1172
0.3	45	-44.8045
0.3	45	33.2327
0.3	45	119.002
0.3	45	-18.6846
0.3	45	19.9526
0.3	45	40.7796
0.3	45	-47.0534
0.3	45	-178.847
0.3	45	-7.1341
0.3	45	97.2823
0.3	45	101.104
0.3	45	-165.553
0.3	45	-72.4098
0.3	45	-91.1312
0.3	45	-118.79
0.3	45	-120.848
0.3	45	-83.4866
0.3	45	119.816
0.3	45	2.35989
0.3	45	148.709
0.3	45	71.5094
0.3	45	142.729
0.3	45	-56.5535
0.3	45	59.283
0.3	45	19.5125
0.3	45	-168.878
0.3	45	-177.702
0.3	45	-76.8113
0.3	45	67.2866
0.3	45	-109.703
0.3	45	78.0567
0.3	45	-113.328
0.3	45	126.62
0.3	45	-47.857
0.3	45	-85.4203
0.3	45	-85.9805
0.3	45	-129.404
0.3	45	137.273
0.3	45	-153.13
0.3	45	-90.3083
0.3	45	-57.9388
0.3	45	-25.8148
0.3	45	151.86
0.3	45	16.5688
0.3	45	-46.612
0.3	45	78.4846
0.3	45	66.272
0.3	45	8.61055
0.3	45	54.706
0.3	45	102.638
0.3	45	154.713
0.3	45	66.3593
0.3	45	-128.493
0.3	45	-51.5051
0.3	45	132.505
0.3	45	46.3578
0.3	45	40.9814
0.3	45	31.78
0.3	45	153.187
0.3	45	-174.233
0.3	45	-44.0893
0.3	45	113.896
0.3	45	66.2579
0.3	45	-142.934
0.3	45	-164.796
0.3	45	7.24527
0.3	45	-162.044
0.3	45	-164.749
0.3	45	-62.5909
0.3	45	-54.9189
0.3	45	73.2725
0.3	45	148.167
0.3	45	-161.101
0.3	45	-72.0171
0.3	45	94.9091
0.3	45	-64.9181
0.3	45	151.077
0.3	45	-95.7299
0.3	45	-47.5345
0.3	45	96.9113
0.3	45	87.5091
0.3	45	55.4328
0.3	45	-48.3618
0.3	45	-125.496
0.3	45	176.871
0.3	45	118.25
0.3	45	0.660857
0.3	45	-0.149945
0.3	45	122.805
0.3	45	-142.127
0.3	45	-29.7516
0.3	45	-49.5776
0.3	45	149.339
0.3	45	-1.92022
0.3	45	-119.915
0.3	45	163.387
0.3	45	65.8845
0.3	45	105.129
0.3	45	-123.06
0.3	45	-20.419
0.3	45	-17.7738
0.3	45	-1.47811
0.3	45	-75.7489
0.3	45	45.6943
0.3	45	-120.556
0.3	45	-160.138
0.3	45	38.1994
0.3	45	-154.152
0.3	45	106.492
0.3	45	-99.7341
0.3	45	-89.4257
0.3	45	-6.53956
0.3	45	-124.038
0.3	45	-25.5179
0.3	45	42.4668
0.3	45	91.5485
0.3	45	-25.8599
0.3	45	85.0708
0.3	45	92.7108
0.3	45	162.227
0.3	45	-16.7972
0.3	45	-16.112
0.3	45	-177.591
0.3	45	-4.80359
0.3	45	-97.0044
0.3	45	-41.6567
0.3	45	81.087
0.3	45	-2.69503
0.3	45	38.2972
0.3	45	-178.378
0.3	45	60.8948
0.3	45	133.339
0.3	45	-81.4994
0.3	45	43.9466
0.3	45	-122.03
0.3	45	157.008
0.3	45	5.86673
0.3	45	17.4659
0.3	45	-95.9991
0.3	45	91.3008
0.3	45	145.953
0.3	45	-42.0975
0.3	45	138.035
0.3	45	118.784
0.3	45	-50.2896
0.3	45	-46.5848
0.3	45	19.7246
0.3	45	62.3583
0.3	45	-115.953
0.3	45	-44.0483
0.3	45	42.7258
0.3	45	47.9753
0.3	45	31.142
0.3	45	-117.154
0.25	-45	79.6857
0.25	-45	22.6685
0.25	-45	177.005
0.25	-45	153.651
0.25	-45	-110.81
0.25	-45	-82.6017
0.25	-45	-100.707
0.25	-45	-106.704
0.25	-45	92.485
0.25	-45	136.855
0.25	-45	43.5378
0.25	-45	-161.677
0.25	-45	167.216
0.25	-45	168.623
0.25	-45	-102.893
0.25	-45	-5.03475
0.25	-45	149.186
0.25	-45	-152.517
0.25	-45	-93.9156
0.25	-45	-170.57
0.25	-45	91.8884
0.25	-45	-83.6139
0.25	-45	-73.9502
0.25	-45	23.1796
0.25	-45	156.82
0.25	-45	-132.832
0.25	-45	95.6432
0.25	-45	-92.4667
0.25	-45	-124.53
0.25	-45	176.466
0.25	-45	33.7949
0.25	-45	-137.585
0.25	-45	-14.9267
0.25	-45	112.113
0.25	-45	95.3477
0.25	-45	-11.405
0.25	-45	94.3164
0.25	-45	0.305472
0.25	-45	19.0318
0.25	-45	144.599
0.25	-45	125.38
0.25	-45	177.253
0.25	-45	35.3079
0.25	-45	-123.425
0.25	-45	109.745
0.25	-45	-65.9256
0.25	-45	35.2485
0.25	-45	97.1912
0.25	-45	-114.413
0.25	-45	148.9
0.25	-45	73.2815
0.25	-45	160.096
0.25	-45	66.7902
0.25	-45	-33.3397
0.25	-45	76.4837
0.25	-45	-102.955
0.25	-45	-49.5227
0.25	-45	-143.329
0.25	-45	-115.898
0.25	-45	-13.8856
0.25	-45	-128.969
0.25	-45	-36.6583
0.25	-45	-38.4786
0.25	-45	27.3941
0.25	-45	97.3344
0.25	-45	-78.3264
0.25	-45	-102.511
0.25	-45	70.1468
0.25	-45	-169.148
0.25	-45	-11.1762
0.25	-45	-122.603
0.25	-45	-89.6538
0.25	-45	79.3039
0.25	-45	-65.8091
0.25	-45	-178.232
0.25	-45	-78.9572
0.25	-45	88.923
0.25	-45	21.8525
0.25	-45	-153.024
0.25	-45	-151.384
0.25	-45	24.9125
0.25	-45	-129.251
0.25	-45	-155.51
0.25	-45	-153.891
0.25	-45	-84.6871
0.25	-45	-25.8923
0.25	-45	48.9394
0.25	-45	81.1307
0.25	-45	-2.28745
0.25	-45	-65.7233
0.25	-45	116.681
0.25	-45	-147.902
0.25	-45	15.1266
0.25	-45	176.912
0.25	-45	-77.3659
0.25	-45	-17.7079
0.25	-45	-42.5101
0.25	-45	73.0617
0.25	-45	131.362
0.25	-45	-157.504
0.25	-45	6.34639
0.25	-45	19.1054
0.25	-45	24.8545
0.25	-45	65.2354
0.25	-45	-93.0457
0.25	-45	-80.5715
0.25	-45	-129.905
0.25	-45	-176.81
0.25	-45	-52.9304
0.25	-45	-132.273
0.25	-45	157.743
0.25	-45	-108.91
0.25	-45	58.2486
0.25	-45	-136.733
0.25	-45	-58.3195
0.25	-45	-122.897
0.25	-45	15.2417
0.25	-45	167.862
0.25	-45	96.6169
0.25	-45	101.791
0.25	-45	-78.1306
0.25	-45	140.425
0.25	-45	-49.8168
0.25	-45	-178.291
0.25	-45	9.88949
0.25	-45	-162.886
0.25	-45	26.3845
0.25	-45	3.55265
0.25	-45	110.739
0.25	-45	-153.757
0.25	-45	101.299
0.25	-45	140.619
0.25	-45	-31.9802
0.25	-45	166.127
0.25	-45	-143.977
0.25	-45	148.004
0.25	-45	-163.091
0.25	-45	-18.0478
0.25	-45	-49.0012
0.25	-45	-34.6706
0.25	-45	-165.796
0.25	-45	-142.827
0.25	-45	143.779
0.25	-45	-78.5215
0.25	-45	118.701
0.25	-45	-112.416
0.25	-45	43.3533
0.25	-45	-147.042
0.25	-45	-21.5583
0.25	-45	5.07258
0.25	-45	127.813
0.25	-45	-54.0379
0.25	-45	58.2534
0.25	-45	118.132
0.25	-45	-128.535
0.25	-45	-169.194
0.25	-45	-62.3613
0.25	-45	-97.9924
0.25	-45	32.1134
0.25	-45	14.1713
0.25	-45	-137.777
0.25	-45	-58.2459
0.25	-45	-62.3119
0.25	-45	15.8811
0.25	-45	-28.9617
0.25	-45	7.3274
0.25	-45	-151.218
0.25	-45	-162.456
0.25	-45	30.7132
0.25	-45	-155.869
0.25	-45	-114.517
0.25	-45	-27.2916
0.25	-45	-64.7204
0.25	-45	-27.2752
0.25	-45	171.938
0.25	-45	179.329
0.25	-45	-102.562
0.25	-45	-178.12
0.25	-45	81.4332
0.25	-45	46.6119
0.25	-45	-56.6909
0.25	-45	169.993
0.25	-45	-16.749
0.25	-45	56.5465
0.25	-45	-36.2744
0.25	-45	-148.186
0.25	-45	67.1039
0.25	-45	-69.1145
0.25	-45	-78.337
0.25	-45	142.611
0.25	-45	40.6295
0.25	-45	-175.439
0.25	-45	120.453
0.25	-45	40.7555
0.25	-45	142.975
0.25	-45	-109.539
0.25	-45	94.5906
0.25	-45	76.1606
0.25	-45	-26.401
0.25	-45	77.4094
0.25	-45	-130.46
0.25	-45	-77.6182
0.25	-45	32.2531
0.25	-45	-123.165
0.25	-45	-113.563
0.25	-45	-156.745
0.25	-45	-158.485
0.25	-45	-147.162
0.25	-45	-37.2146
0.25	-45	83.239
0.25	-45	150.065
0.25	-45	132.39
0.25	-45	19.2736
0.25	-45	135.151
0.25	-45	84.4549
0.25	-45	-115.524
0.25	-45	39.2844
0.25	-45	107.025
0.25	-45	140.345
0.25	-45	95.4425
0.25	-45	-165.032
0.25	-45	18.0699
0.25	-45	113.934
0.25	-45	44.4243
0.25	-45	-172.083
0.25	-45	-97.752
0.25	-45	-126.894
0.25	-45	-15.6797
0.25	-45	-91.8458
0.25	-45	13.9707
0.25	-45	-29.4981
0.25	-45	153.005
0.25	-45	71.8198
0.25	-45	-128.356
0.25	-45	72.2556
0.25	-45	-0.803512
0.25	-45	-63.2691
0.25	-45	64.2157
0.25	-45	136.938
0.25	-45	-7.09305
0.25	-45	-9.58005
0.25	-45	32.791
0.25	-45	131.989
0.25	-45	92.4605
0.25	-45	127.811
0.25	-45	-172.594
0.25	-45	-173.185
0.25	-45	-140.285
0.25	-45	153.253
0.25	-45	173.596
0.25	-45	-78.8727
0.25	-45	115.855
0.25	-45	23.1221
0.25	-45	108.055
0.25	-45	-117.971
0.25	-45	170.78
0.25	-45	136.014
0.25	-45	-130.65
0.25	-45	67.0742
0.25	-45	5.28012
0.25	-45	51.5999
0.25	-45	-172.915
0.25	-45	41.4265
0.25	-45	167.236
0.25	-45	105.597
0.25	-45	170.541
0.25	-45	88.4155
0.25	-45	30.8953
0.25	-45	-94.5736
0.25	-45	-57.16
0.25	-45	-122.901
0.25	-45	-9.14113
0.25	-45	2.97409
0.25	-45	-101.343
0.25	-45	-31.0556
0.25	-45	81.2028
0.25	-45	-108.108
0.25	-45	5.59685
0.25	-45	31.7003
0.25	-45	170.883
0.25	-45	-22.915
0.25	-45	170.789
0.25	-45	17.8838
0.25	-45	21.5419
0.25	-45	145.794
0.25	-45	-130.617
0.25	-45	-61.5619
0.25	-45	-78.4171
0.25	-45	91.3768
0.25	-45	30.1019
0.25	-45	-144.656
0.25	-45	144.386
0.25	-45	-101.163
0.25	-45	-108.564
0.25	-45	-18.6503
0.25	-45	46.0379
0.25	-45	97.9536
0.25	-45	-119.318
0.25	-45	143.832
0.25	-45	37.5835
0.25	-45	164.612
0.25	-45	112.611
0.25	-45	165.472
0.25	-45	-33.3358
0.25	-45	-126.144
0.25	-45	95.6131
0.25	-45	-115.537
0.25	-45	-39.2116
0.25	-45	171.801
0.25	-45	-12.2395
0.25	-45	-119.611
0.25	-45	-66.4616
0.25	-45	-115.234
0.25	-45	-163.749
0.25	-45	119.806
0.25	-45	55.4222
0.25	-45	-17.4611
0.25	-45	-32.0548
0.25	-45	-170.984
0.25	-45	67.2814
0.25	-45	105.911
0.25	-45	-139.412
0.25	-45	-158.803
0.25	-45	27.5751
0.25	-45	7.1776
0.25	-45	-126.493
0.25	-45	-20.6739
0.25	-45	68.9053
0.25	-45	167.52
0.25	-45	128.94
0.25	-45	65.1957
0.25	-45	-150.317
0.25	-45	33.7309
0.25	-45	-56.7902
0.25	-45	-105.456
0.25	-45	-85.5048
0.25	-45	112.096
0.25	-45	60.9507
0.25	-45	38.3316
0.25	-45	-157.433
0.25	-45	19.1601
0.25	-45	21.2526
0.25	-45	-64.7175
0.25	-45	-21.6786
0.25	-45	13.9434
0.25	-45	-20.634
0.25	-45	122.769
0.25	-45	-64.6485
0.25	-45	-9.09652
0.25	-45	-20.5652
0.25	-45	123.105
0.25	-45	-123.759
0.25	-45	10.1604
0.25	-45	-121.412
0.25	-45	25.308
0.25	-45	-153.055
0.25	-45	-173.073
0.25	-45	62.8485
0.25	-45	179.627
0.25	-45	35.5214
0.25	-45	121.16
0.25	-45	-24.0735
0.25	-45	-176.822
0.25	-45	-55.0121
0.25	-45	-90.057
0.25	-45	29.9919
0.25	-45	-168.207
0.25	-45	-88.7357
0.25	-45	166.977
0.25	-45	27.4982
0.25	-45	172.165
0.25	-45	-152.661
0.25	-45	-48.3207
0.25	-45	54.8876
0.25	-45	-45.1216
0.25	-45	-170.881
0.25	-45	-2.3711
0.25	-45	145.251
0.25	-45	-65.934
0.25	-45	-118.74
0.25	-45	28.9977
0.25	-45	-115.762
0.25	-45	169.24
0.25	-45	80.6031
0.25	-45	-23.4102
0.25	-45	99.0985
0.25	-45	-31.6706
0.25	-45	175.996
0.25	-45	114.819
0.25	-45	-122.175
0.25	-45	157.452
0.25	-45	149.072
0.25	-45	163.059
0.25	-45	-27.9014
0.25	-45	33.049
0.25	-45	99.0337
0.25	-45	-74.9283
0.25	-45	-98.3107
0.25	-45	61.6975
0.25	-45	-14.8947
0.25	-45	53.7976
0.25	-45	-90.8337
0.25	-45	-96.789
0.25	-45	63.4875
0.25	-45	-114.428
0.25	-45	98.5339
0.25	-45	-91.9482
0.25	-45	9.8813
0.25	-45	-9.32169
0.25	-45	117.72
0.25	-45	33.7219
0.25	-45	100.76
0.25	-45	50.0802
0.25	-45	171.335
0.25	-45	24.6945
0.25	-45	125.071
0.25	-45	-118.891
0.25	-45	33.5742
0.25	-45	-9.60309
0.25	-45	-6.70473
0.25	-45	25.1959
0.25	-45	-81.1353
0.25	-45	-29.5389
0.25	-45	-37.3332
0.25	-45	167.849
0.25	-45	77.539
0.25	-45	17.4401
0.25	-45	48.7961
0.25	-45	-179.832
0.25	-45	41.7785
0.25	-45	-119.261
0.25	-45	-145.538
0.25	-45	94.0159
0.25	-45	41.2161
0.25	-45	-169.469
0.25	-45	-147.891
0.25	-45	38.1969
0.25	-45	35.4104
0.25	-45	-67.6522
0.25	-45	-98.6336
0.25	-45	-36.1583
0.25	-45	92.7926
0.25	-45	-6.23396
0.25	-45	-158.707
0.25	-45	91.4042
0.25	-45	-70.5642
0.25	-45	176.224
0.25	-45	167.326
0.25	-45	129.006
0.25	-45	-94.4006
0.25	-45	-72.9002
0.25	-45	132.257
0.25	-45	-2.70577
0.25	-45	-23.5868
0.25	-45	26.6438
0.25	-45	-150.222
0.25	-45	-92.2264
0.25	-45	-63.1364
0.25	-45	157.617
0.25	-45	-174.039
0.25	-45	-77.2421
0.25	-45	-7.318
0.25	-45	-28.5442
0.25	-45	-59.9216
0.25	-45	68.7998
0.25	-45	93.0141
0.25	-45	30.8445
0.25	-45	52.7171
0.25	-45	119.537
0.25	-45	-173.557
0.25	-45	-44.8118
0.25	-45	57.5331
0.25	-45	72.7758
0.25	-45	48.5622
0.25	-45	115.813
0.25	-45	112.521
0.25	-45	14.1012
0.25	-45	-40.9486
0.25	-45	-103.676
0.25	-45	-135.268
0.25	-45	-59.5088
0.25	-45	146.379
0.25	-45	-114.005
0.25	-45	53.4213
0.25	-45	-23.2951
0.25	-45	157.223
0.25	-45	49.0181
0.25	-45	-19.067
0.25	-45	92.1736
0.25	-45	43.8086
0.25	-45	158.969
0.25	-45	152.19
0.25	-45	149.711
0.25	-45	79.7621
0.25	-45	-35.7111
0.25	-45	65.6988
0.25	-45	113.738
0.25	-45	-78.7361
0.25	-45	24.9947
0.25	-45	-87.3187
0.25	-45	-13.2399
0.25	-45	78.1905
0.25	-45	-140.476
0.25	-45	-119.721
0.25	-45	122.248
0.25	-45	-62.4343
0.25	-45	52.1758
0.25	-45	47.3311
0.25	-45	43.1773
0.25	-45	-169.879
0.25	-45	104.026
0.25	-45	-102.45
0.25	-45	-116.958
0.25	-45	63.2998
0.25	-45	88.5666
0.25	-45	-7.68898
0.25	-45	-111.312
0.25	-45	-139.427
0.25	-45	117.788
0.25	-45	-47.6532
0.25	-45	57.7639
0.25	-45	122.028
0.25	-45	-0.772242
0.25	-45	119.628
0.25	-45	-141.95
0.25	-45	-23.6878
0.25	-45	-64.9256
0.25	-45	-16.3623
0.25	-45	-122.51
0.25	-45	-97.2347
0.25	-45	-6.96446
0.25	-45	-87.0234
0.25	-45	67.6432
0.25	-45	108.619
0.25	-45	-168.239
0.25	-45	138.624
0.25	-45	-141.959
0.25	-45	-173.136
0.25	-45	102.366
0.25	-45	41.6457
0.25	-45	-61.3815
0.25	-45	119.526
0.25	-45	55.0462
0.25	-45	-124.728
0.25	-45	-76.9746
0.25	-45	115.002
0.25	-45	-165.584
0.25	-45	-56.1557
0.25	-45	155.122
0.25	-45	-176.123
0.25	-45	45.7462
0.25	-45	128.877
0.25	-45	-67.1624
0.25	-45	79.8032
0.25	-45	67.7715
0.25	-45	-38.9965
0.25	-45	-81.2383
0.25	-45	-77.9444
0.25	-45	-18.3233
0.25	-45	-125.069
0.25	-45	102.848
0.25	-45	43.3026
0.25	-45	92.0726
0.25	-45	141.131
0.25	-45	-78.9282
0.25	-45	-77.9821
0.25	-45	103.434
0.25	-45	122.759
0.25	-45	-178.434
0.25	-45	28.3329
0.25	-45	36.2544
0.25	-45	59.7821
0.25	-45	-157.427
0.25	-45	43.5492
0.25	-45	131.306
0.25	-45	71.3914
0.25	-45	99.9814
0.25	-45	128.847
0.25	-45	-33.5558
0.25	-45	-87.5126
0.25	-45	73.501
0.25	-45	160.896
0.25	-45	35.5995
0.25	-45	-5.17427
0.25	-45	126.119
0.25	-45	94.2535
0.25	-45	173.834
0.25	-45	-112.098
0.25	-45	-172.239
0.25	-45	-84.0698
0.25	-45	-45.6183
0.25	-45	-10.3564
0.25	-45	-79.2536
0.25	-45	-117.118
0.25	-45	-35.9839
0.25	-45	1.44968
0.25	-45	120.634
0.25	-45	-125.267
0.25	-45	50.3842
0.25	-45	22.4219
0.25	-45	105.239
0.25	-45	-69.252
0.25	-45	105.84
0.25	-45	39.2647
0.25	-45	-73.66
0.25	-45	-30.1241
0.25	-45	-146.314
0.25	-45	30.5833
0.25	-45	120.347
0.25	-45	-75.9453
0.25	-45	2.76189
0.25	-45	28.7623
0.25	-45	105.923
0.25	-45	-28.2934
0.25	-45	-3.02662
0.25	-45	28.0017
0.25	-45	144.993
0.25	-45	-109.843
0.25	-45	-30.3974
0.25	-45	110.706
0.25	-45	-169.272
0.25	-45	33.0138
0.25	-45	172.259
0.25	-45	24.6541
0.25	-45	-45.966
0.25	-45	-16.7276
0.25	-45	43.999
0.25	-45	-65.6522
0.25	-45	77.6298
0.25	-45	40.747
0.25	-45	55.0862
0.25	-45	-114.012
0.25	-45	157.015
0.25	-45	-26.7567
0.25	-45	-18.7477
0.25	-45	-0.451699
0.25	-45	-19.9745
0.25	-45	49.7662
0.25	-45	37.3128
0.25	-45	-99.5686
0.25	-45	79.9168
0.25	-45	-78.399
0.25	-45	-137.19
0.25	-45	9.92193
0.25	-45	17.806
0.25	-45	-71.8636
0.25	-45	77.48
0.25	-45	-115.544
0.25	-45	145.947
0.25	-45	152.733
0.25	-45	-39.9201
0.25	-45	156.829
0.25	-45	19.7651
0.25	-45	121.945
0.25	-45	36.3086
0.25	-45	42.2628
0.25	-45	-40.5027
0.25	-45	-60.8134
0.25	-45	-136.745
0.25	-45	-25.643
0.25	-45	-50.79
0.25	-45	-44.8592
0.25	-45	-43.3958
0.25	-45	-30.4876
0.25	-45	62.8206
0.25	-45	42.5004
0.25	-45	155.93
0.25	-45	49.1912
0.25	-45	-160.144
0.25	-45	146.563
0.25	-45	138.202
0.25	-45	108.671
0.25	-45	66.9405
0.25	-45	-27.0152
0.25	-45	-14.8755
0.25	-45	-124.165
0.25	-45	81.8342
0.25	-45	-14.1704
0.25	-45	172.13
0.25	-45	-71.7832
0.25	-45	-152.19
0.25	-45	76.186
0.25	-45	3.93529
0.25	-45	-171.404
0.25	-45	-11.4358
0.25	-45	87.7766
0.25	-45	-76.6044
0.25	-45	-132.032
0.25	-45	47.6137
0.25	-45	-16.5226
0.25	-45	-134.038
0.25	-45	-25.5765
0.25	-45	68.3587
0.25	-45	110.337
0.25	-45	-58.0488
0.25	-45	37.7832
0.25	-45	41.792
0.25	-45	87.6784
0.25	-45	29.8882
0.25	-45	-119.847
0.25	-45	-120.23
0.25	-45	149.817
0.25	-45	-19.1279
0.25	-45	5.83648
0.25	-45	56.7253
0.25	-45	-70.8321
0.25	-45	126.261
0.25	-45	21.3385
0.25	-45	-57.9616
0.25	-45	61.1425
0.25	-45	-15.6344
0.25	-45	45.0225
0.25	-45	-69.9331
0.25	-45	107.444
0.25	-45	-6.06937
0.25	-45	70.5108
0.25	-45	-33.36
0.25	-45	-130.249
0.25	-45	79.5043
0.25	-45	-162.913
0.25	-45	110.176
0.25	-45	32.3933
0.25	-45	29.5355
0.25	-45	116.687
0.25	-45	-79.9093
0.25	-45	-169.259
0.25	-45	-154.102
0.25	-45	-53.719
0.25	-45	-22.2674
0.25	-45	-66.0593
0.25	-45	-111.225
0.25	-45	-95.6155
0.25	-45	-172.778
0.25	-45	24.7748
0.25	-45	-112.098
0.25	-45	76.3213
0.25	-45	-22.9976
0.25	-45	-150.531
0.25	-45	-22.4646
0.25	-45	54.9009
0.25	-45	-11.9016
0.25	-45	-126.159
0.25	-45	151.132
0.25	-45	-169.099
0.25	-45	-59.2332
0.25	-45	64.6167
0.25	-45	-55.2173
0.25	-45	104.596
0.25	-45	-148.503
0.25	-45	126.305
0.25	-45	56.886
0.25	-45	93.2962
0.25	-45	40.2577
0.25	-45	25.6301
0.25	-45	77.6476
0.25	-45	100.853
0.25	-45	125.656
0.25	-45	-21.109
0.25	-45	-28.5401
0.25	-45	29.0863
0.25	-45	14.3989
0.25	-45	35.2946
0.25	-45	-178.994
0.25	-45	130.877
0.25	-45	27.8957
0.25	-45	-170.184
0.25	-45	80.388
0.25	-45	128.351
0.25	-45	69.405
0.25	-45	93.1561
0.25	-45	0.450997
0.25	-45	123.656
0.25	-45	132.149
0.25	-45	-57.2227
0.25	-45	-74.2255
0.25	-45	-128.075
0.25	-45	-19.2852
0.25	-45	94.9507
0.25	-45	-125.979
0.25	-45	-165.01
0.25	-45	9.00351
0.25	-45	168.93
0.25	-45	-147.135
0.25	-45	-116.04
0.25	-45	-178.404
0.25	-45	81.2195
0.25	-45	-133.462
0.25	-45	-48.182
0.25	-45	-13.7579
0.25	-45	92.8154
0.25	-45	11.4252
0.25	-45	-143.229
0.25	-45	-3.55651
0.25	-45	13.9453
0.25	-45	-179.107
0.25	-45	-14.3998
0.25	-45	168.716
0.25	-45	-115.07
0.25	-45	58.939
0.25	-45	134.254
