pol	setting	phi
0.3	45	-57.541
0.3	45	22.1125
0.3	45	1.6962
0.3	45	1.20625
0.3	45	-144.837
0.3	45	8.2456
0.3	45	-32.9009
0.3	45	130.496
0.3	45	142.598
0.3	45	127.414
0.3	45	26.7181
0.3	45	126.087
0.3	45	81.3477
0.3	45	-119.162
0.3	45	88.2887
0.3	45	161.45
0.3	45	102.849
0.3	45	-159.765
0.3	45	-79.9931
0.3	45	-94.5392
0.3	45	150.537
0.3	45	55.2056
0.3	45	-85.9109
0.3	45	38.9564
0.3	45	94.056
0.3	45	96.3625
0.3	45	-103.25
0.3	45	141.133
0.3	45	-48.0789
0.3	45	-37.6915
0.3	45	21.6819
0.3	45	-32.7609
0.3	45	-149.035
0.3	45	-116.008
0.3	45	72.2773
0.3	45	8.74452
0.3	45	-129.874
0.3	45	-107.801
0.3	45	-140.633
0.3	45	-66.6017
0.3	45	111.911
0.3	45	-87.0659
0.3	45	159.413
0.3	45	-13.9414
0.3	45	-101.384
0.3	45	-1.45417
0.3	45	-126.218
0.3	45	-45.0898
0.3	45	-26.559
0.3	45	133.67
0.3	45	1.69246
0.3	45	87.4389
0.3	45	-144.502
0.3	45	6.23977
0.3	45	102.536
0.3	45	106.67
0.3	45	22.4856
0.3	45	-120.613
0.3	45	-87.1001
0.3	45	147.575
0.3	45	-71.3402
0.3	45	-5.00685
0.3	45	165.161
0.3	45	116.766
0.3	45	153.181
0.3	45	-66.0878
0.3	45	-81.6778
0.3	45	-64.4424
0.3	45	-34.8407
0.3	45	50.5879
0.3	45	156.001
0.3	45	-25.2044
0.3	45	31.2401
0.3	45	28.8618
0.3	45	87.7486
0.3	45	4.17348
0.3	45	176.159
0.3	45	-14.4018
0.3	45	147.073
0.3	45	-51.6418
0.3	45	-12.2024
0.3	45	-158.45
0.3	45	-105.014
0.3	45	-5.13282
0.3	45	-105.042
0.3	45	-132.223
0.3	45	-176.563
0.3	45	107.66
0.3	45	102.834
0.3	45	-129.679
0.3	45	129.29
0.3	45	-31.5838
0.3	45	-43.1681
0.3	45	-114.685
0.3	45	-36.5498
0.3	45	45.1931
0.3	45	152.403
0.3	45	100.827
0.3	45	-134.859
0.3	45	79.6547
0.3	45	79.0625
0.3	45	74.6698
0.3	45	13.046
0.3	45	112.318
0.3	45	35.3568
0.3	45	-150.765
0.3	45	30.9952
0.3	45	-160.106
0.3	45	54.9564
0.3	45	67.8515
0.3	45	-153.373
0.3	45	130.99
0.3	45	-29.744
0.3	45	-111.805
0.3	45	-143.241
0.3	45	117.114
0.3	45	-164.368
0.3	45	55.0533
0.3	45	39.0789
0.3	45	-64.4632
0.3	45	-153.518
0.3	45	-37.3479
0.3	45	-139.216
0.3	45	133.236
0.3	45	48.2815
0.3	45	18.5607
0.3	45	160.293
0.3	45	68.1977
0.3	45	-106.961
0.3	45	67.1614
0.3	45	-130.516
0.3	45	131.554
0.3	45	-44.7287
0.3	45	-150.514
0.3	45	30.2267
0.3	45	78.481
0.3	45	-59.6243
0.3	45	-71.462
0.3	45	20.2181
0.3	45	120.436
0.3	45	-31.0522
0.3	45	-37.8305
0.3	45	171.504
0.3	45	18.1114
0.3	45	-173.435
0.3	45	114.099
0.3	45	-49.1124
0.3	45	-40.3714
0.3	45	107.427
0.3	45	39.9045
0.3	45	-71.1523
0.3	45	38.2131
0.3	45	-4.44909
0.3	45	144.012
0.3	45	-59.3296
0.3	45	96.6496
0.3	45	-10.4714
0.3	45	-0.0761343
0.3	45	-116.998
0.3	45	132.379
0.3	45	151.018
0.3	45	47.7012
0.3	45	86.1236
0.3	45	-179.95
0.3	45	-12.2882
0.3	45	61.7946
0.3	45	178.194
0.3	45	50.2601
0.3	45	85.7935
0.3	45	-164.352
0.3	45	-73.7945
0.3	45	58.207
0.3	45	158.713
0.3	45	-47.3128
0.3	45	-96.7859
0.3	45	-7.90569
0.3	45	113.641
0.3	45	52.714
0.3	45	-49.1459
0.3	45	176.687
0.3	45	114.127
0.3	45	158.299
0.3	45	-67.9923
0.3	45	-22.4381
0.3	45	-149.655
0.3	45	71.9907
0.3	45	-32.569
0.3	45	-102.851
0.3	45	64.123
0.3	45	-141.973
0.3	45	-67.3882
0.3	45	36.8912
0.3	45	-97.7853
0.3	45	-121.643
0.3	45	126.654
0.3	45	48.5062
0.3	45	57.2934
0.3	45	77.5332
0.3	45	116.12
0.3	45	98.4886
0.3	45	-105.713
0.3	45	-139.136
0.3	45	-79.2312
0.3	45	-12.7574
0.3	45	-83.6772
0.3	45	-97.3985
0.3	45	48.8203
0.3	45	-107.254
0.3	45	-109.249
0.3	45	121.88
0.3	45	22.8038
0.3	45	111.104
0.3	45	17.6599
0.3	45	-95.1999
0.3	45	-176.495
0.3	45	160.18
0.3	45	-0.785208
0.3	45	171.753
0.3	45	-136.395
0.3	45	-91.5812
0.3	45	-2.62543
0.3	45	87.3854
0.3	45	168.632
0.3	45	154.241
0.3	45	19.9319
0.3	45	92.5667
0.3	45	56.7274
0.3	45	-26.4379
0.3	45	-124.943
0.3	45	-29.9238
0.3	45	-143.257
0.3	45	141.075
0.3	45	-11.6295
0.3	45	-78.1595
0.3	45	-81.2913
0.3	45	-74.8075
0.3	45	4.27774
0.3	45	14.4439
0.3	45	-158.634
0.3	45	-135.277
0.3	45	-57.596
0.3	45	40.3739
0.3	45	47.7924
0.3	45	-107.855
0.3	45	37.9301
0.3	45	-60.0533
0.3	45	132.914
0.3	45	-92.4903
0.3	45	-150.538
0.3	45	160.671
0.3	45	142.742
0.3	45	67.6211
0.3	45	177.291
0.3	45	-173.148
0.3	45	91.3264
0.3	45	171.787
0.3	45	-11.9437
0.3	45	-53.4833
0.3	45	88.9724
0.3	45	-159.055
0.3	45	45.7531
0.3	45	158.275
0.3	45	-49.5163
0.3	45	127.298
0.3	45	179.231
0.3	45	104.592
0.3	45	-89.7549
0.3	45	46.8147
0.3	45	-84.5134
0.3	45	-68.1436
0.3	45	-164.869
0.3	45	-53.0212
0.3	45	-36.5896
0.3	45	85.7838
0.3	45	-173.845
0.3	45	-92.525
0.3	45	57.5798
0.3	45	57.4116
0.3	45	19.3093
0.3	45	117.238
0.3	45	81.2298
0.3	45	-15.815
0.3	45	159.209
0.3	45	-135.862
0.3	45	56.4269
0.3	45	144.694
0.3	45	-30.9235
0.3	45	-76.3225
0.3	45	-21.6678
0.3	45	108.759
0.3	45	110.436
0.3	45	-142.309
0.3	45	-12.2398
0.3	45	99.526
0.3	45	-36.3999
0.3	45	137.229
0.3	45	147.926
0.3	45	-125.022
0.3	45	-44.4034
0.3	45	-42.2049
0.3	45	67.4738
0.3	45	-35.4694
0.3	45	-82.9239
0.3	45	-144.414
0.3	45	124.763
0.3	45	-124.983
0.3	45	-157.238
0.3	45	29.1372
0.3	45	126.672
0.3	45	-50.3161
0.3	45	-134.699
0.3	45	129.92
0.3	45	66.6246
0.3	45	-170.217
0.3	45	144.75
0.3	45	118.773
0.3	45	-167.157
0.3	45	162.636
0.3	45	-8.75666
0.3	45	-88.2745
0.3	45	105.283
0.3	45	-19.1806
0.3	45	-111.594
0.3	45	-174.108
0.3	45	-169.354
0.3	45	12.4869
0.3	45	-155.278
0.3	45	53.4525
0.3	45	177.106
0.3	45	92.7642
0.3	45	91.3171
0.3	45	29.5973
0.3	45	144.605
0.3	45	23.1594
0.3	45	-97.5172
0.3	45	94.5318
0.3	45	17.8851
0.3	45	113.554
0.3	45	35.6937
0.3	45	88.5666
0.3	45	132.347
0.3	45	47.3792
0.3	45	6.63599
0.3	45	93.9287
0.3	45	-31.7545
0.3	45	115.127
0.3	45	152.987
0.3	45	-51.3501
0.3	45	-52.6405
0.3	45	149.88
0.3	45	29.647
0.3	45	-120.477
0.3	45	75.8342
0.3	45	-11.9638
0.3	45	62.5399
0.3	45	1.69874
0.3	45	-128.659
0.3	45	92.0686
0.3	45	-150.238
0.3	45	161.441
0.3	45	46.6595
0.3	45	44.3624
0.3	45	9.96442
0.3	45	8.31865
0.3	45	137.874
0.3	45	106.271
0.3	45	-125.048
0.3	45	-78.9044
0.3	45	-116.193
0.3	45	-138.926
0.3	45	-113.915
0.3	45	-138.455
0.3	45	-157.996
0.3	45	148.552
0.3	45	1.73581
0.3	45	-136.717
0.3	45	177.635
0.3	45	169.109
0.3	45	76.0543
0.3	45	41.1801
0.3	45	18.861
0.3	45	174.283
0.3	45	-144.191
0.3	45	-39.7015
0.3	45	-54.9131
0.3	45	98.3496
0.3	45	-51.2104
0.3	45	-26.2485
0.3	45	-27.2649
0.3	45	-41.7048
0.3	45	-92.9749
0.3	45	104.765
0.3	45	94.0595
0.3	45	-98.3142
0.3	45	125.523
0.3	45	-176.118
0.3	45	149.145
0.3	45	-25.5824
0.3	45	-12.3902
0.3	45	69.9205
0.3	45	143.704
0.3	45	48.095
0.3	45	-59.4526
0.3	45	113.685
0.3	45	70.2254
0.3	45	-68.3186
0.3	45	-139.422
0.3	45	-48.0962
0.3	45	-118.901
0.3	45	168.038
0.3	45	-157.668
0.3	45	86.3258
0.3	45	-42.9343
0.3	45	-77.4928
0.3	45	-37.1101
0.3	45	-172.97
0.3	45	-37.5927
0.3	45	-133.724
0.3	45	38.1415
0.3	45	167.756
0.3	45	31.8596
0.3	45	-122.465
0.3	45	156.35
0.3	45	-59.2067
0.3	45	-128.908
0.3	45	-85.5299
0.3	45	146.161
0.3	45	75.8155
0.3	45	-107.141
0.3	45	21.6211
0.3	45	-78.1745
0.3	45	68.7508
0.3	45	-89.5668
0.3	45	86.4264
0.3	45	11.7582
0.3	45	-61.5413
0.3	45	-106.792
0.3	45	151.778
0.3	45	-81.3087
0.3	45	21.8646
0.3	45	-137.343
0.3	45	95.0715
0.3	45	62.3565
0.3	45	165.366
0.3	45	-63.7003
0.3	45	-96.6747
0.3	45	128.474
0.3	45	-0.234241
0.3	45	-45.2708
0.3	45	139.85
0.3	45	-87.6029
0.3	45	-126.277
0.3	45	103.778
0.3	45	15.2267
0.3	45	107.836
0.3	45	54.8637
0.3	45	-173.86
0.3	45	-14.1737
0.3	45	-90.1374
0.3	45	-51.6784
0.3	45	166.304
0.3	45	51.3841
0.3	45	-35.0012
0.3	45	3.37344
0.3	45	-27.1537
0.3	45	-56.0291
0.3	45	-34.5735
0.3	45	-109.864
0.3	45	159.173
0.3	45	-8.1037
0.3	45	-19.4274
0.3	45	-137.923
0.3	45	-45.3823
0.3	45	-70.7953
0.3	45	146.187
0.3	45	84.7867
0.3	45	24.3025
0.3	45	118.21
0.3	45	11.7428
0.3	45	159.952
0.3	45	144.634
0.3	45	75.6083
0.3	45	113.509
0.3	45	178.846
0.3	45	1.55755
0.3	45	-56.0565
0.3	45	176.929
0.3	45	157.604
0.3	45	147.324
0.3	45	157.805
0.3	45	-86.9268
0.3	45	-171.777
0.3	45	-10.4032
0.3	45	-36.1208
0.3	45	-30.5086
0.3	45	146.788
0.3	45	85.7885
0.3	45	-82.0607
0.3	45	95.8279
0.3	45	-19.3586
0.3	45	34.7062
0.3	45	37.9885
0.3	45	46.4059
0.3	45	-6.76047
0.3	45	-175.496
0.3	45	-110.733
0.3	45	140.334
0.3	45	-152.013
0.3	45	-14.7029
0.3	45	-46.2018
0.3	45	129.328
0.3	45	159.874
0.3	45	1.83783
0.3	45	-120.51
0.3	45	-163.665
0.3	45	120.537
0.3	45	26.306
0.3	45	-101.74
0.3	45	-50.433
0.3	45	-58.074
0.3	45	-173.031
0.3	45	-179.467
0.3	45	-30.0096
0.3	45	-111.241
0.3	45	21.3692
0.3	45	35.3164
0.3	45	40.5991
0.3	45	146.104
0.3	45	-63.7345
0.3	45	-131.508
0.3	45	127.066
0.3	45	20.4408
0.3	45	-81.5632
0.3	45	42.9456
0.3	45	-44.8014
0.3	45	-68.312
0.3	45	-73.9272
0.3	45	19.5702
0.3	45	65.2794
0.3	45	118.01
0.3	45	16.718
0.3	45	-119.494
0.3	45	138.91
0.3	45	-83.4546
0.3	45	-121.239
0.3	45	0.742524
0.3	45	67.7514
0.3	45	115.105
0.3	45	117.435
0.3	45	-145.238
0.3	45	-121.718
0.3	45	87.0688
0.3	45	40.1262
0.3	45	100.299
0.3	45	172.233
0.3	45	-160.34
0.3	45	-138.11
0.3	45	60.8678
0.3	45	-154.927
0.3	45	-77.6773
0.3	45	84.5215
0.3	45	-96.0015
0.3	45	61.1127
0.3	45	-39.6058
0.3	45	94.6451
0.3	45	124.704
0.3	45	-18.9694
0.3	45	-1.77768
0.3	45	-53.1899
0.3	45	-77.2827
0.3	45	-63.2959
0.3	45	-179.918
0.3	45	-142.353
0.3	45	125.86
0.3	45	89.8914
0.3	45	101.145
0.3	45	-42.5276
0.3	45	88.9888
0.3	45	162.65
0.3	45	146.78
0.3	45	165.346
0.3	45	-178.36
0.3	45	102.609
0.3	45	-147.961
0.3	45	-9.52406
0.3	45	-135.323
0.3	45	12.0316
0.3	45	-72.2781
0.3	45	-115.462
0.3	45	39.4425
0.3	45	81.6466
0.3	45	-84.4678
0.3	45	-87.941
0.3	45	129.721
0.3	45	-115.911
0.3	45	178.116
0.3	45	-32.4467
0.3	45	-155.62
0.3	45	-112.498
0.3	45	131.389
0.3	45	-95.897
0.3	45	-32.1627
0.3	45	84.96
0.3	45	160.947
0.3	45	-108.087
0.3	45	2.53064
0.3	45	83.472
0.3	45	-96.8079
0.3	45	91.3409
0.3	45	-108.191
0.3	45	87.9068
0.3	45	-97.6622
0.3	45	113.556
0.3	45	28.2191
0.3	45	18.8643
0.3	45	-53.0064
0.3	45	78.4401
0.3	45	21.502
0.3	45	60.5642
0.3	45	178.176
0.3	45	-63.4535
0.3	45	83.0904
0.3	45	10.2127
0.3	45	123.29
0.3	45	-62.3776
0.3	45	-119.272
0.3	45	124.758
0.3	45	-112.027
0.3	45	-154.545
0.3	45	108.596
0.3	45	-16.1545
0.3	45	83.7069
0.3	45	-70.9048
0.3	45	155.637
0.3	45	129.07
0.3	45	-56.773
0.3	45	-98.3717
0.3	45	100.679
0.3	45	52.9281
0.3	45	-70.4642
0.3	45	-161.647
0.3	45	173.063
0.3	45	-164.218
0.3	45	-0.286107
0.3	45	72.8483
0.3	45	28.2587
0.3	45	101.353
0.3	45	172.516
0.3	45	-29.3524
0.3	45	48.1728
0.3	45	-107.642
0.3	45	-33.6513
0.3	45	-11.6118
0.3	45	66.6304
0.3	45	-126.105
0.3	45	-62.2366
0.3	45	-99.8287
0.3	45	102.591
0.3	45	148.276
0.3	45	-58.1755
0.3	45	-46.7465
0.3	45	-36.4698
0.3	45	149.673
0.3	45	106.152
0.3	45	88.0161
0.3	45	-70.9354
0.3	45	-41.6898
0.3	45	-68.8917
0.3	45	-53.1707
0.3	45	-80.4727
0.3	45	-17.3705
0.3	45	-85.3073
0.3	45	121.264
0.3	45	31.4998
0.3	45	73.1114
0.3	45	48.0258
0.3	45	76.4092
0.3	45	162.853
0.3	45	1.98284
0.3	45	92.2427
0.3	45	-48.3156
0.3	45	-176.579
0.3	45	-179.223
0.3	45	165.795
0.3	45	-21.3021
0.3	45	-145.315
0.3	45	115.394
0.3	45	99.1537
0.3	45	26.6039
0.3	45	-64.9998
0.3	45	18.4977
0.3	45	88.4158
0.3	45	129.528
0.3	45	-90.4726
0.3	45	38.3783
0.3	45	-19.814
0.3	45	136.089
0.3	45	-136.766
0.3	45	53.8587
0.3	45	118.831
0.3	45	-114.672
0.3	45	153.079
0.3	45	149.806
0.3	45	-52.4271
0.3	45	123.23
0.3	45	-41.7596
0.3	45	96.2712
0.3	45	39.756
0.3	45	47.5251
0.3	45	-106.582
0.3	45	-0.91803
0.3	45	152.968
0.3	45	-22.0347
0.3	45	141.455
0.3	45	173.648
0.3	45	-44.2024
0.3	45	-12.3726
0.3	45	173.903
0.3	45	38.5313
0.3	45	135.021
0.3	45	-167.787
0.3	45	31.3738
0.3	45	-173.04
0.3	45	-16.435
0.3	45	42.346
0.3	45	92.7472
0.3	45	132.464
0.3	45	116.846
0.3	45	15.9945
0.3	45	35.6379
0.3	45	-144.955
0.3	45	-34.5255
0.3	45	-12.6488
0.3	45	-17.0003
0.3	45	69.9761
0.3	45	-48.4969
0.3	45	-119.59
0.3	45	138.177
0.3	45	-66.3239
0.3	45	-90.3462
0.3	45	-83.3363
0.3	45	-148.763
0.3	45	-72.434
0.3	45	-169.981
0.3	45	128.389
0.3	45	147.409
0.3	45	3.85793
0.3	45	-178.892
0.3	45	170.527
0.3	45	159.361
0.3	45	-103.682
0.3	45	136.356
0.3	45	-10.4475
0.3	45	-7.26278
0.3	45	75.0474
0.3	45	-2.93342
0.3	45	-169.93
0.3	45	119.902
0.3	45	18.6899
0.3	45	4.61523
0.3	45	-34.9669
0.3	45	-117.421
0.3	45	-120.153
0.3	45	-171.492
0.3	45	-78.5664
0.3	45	137.641
0.3	45	76.4498
0.3	45	-160.226
0.3	45	-167.864
0.3	45	-64.5702
0.3	45	-11.4191
0.3	45	-13.5092
0.3	45	42.953
0.3	45	69.6283
0.3	45	165.829
0.3	45	140.846
0.3	45	-66.6717
0.3	45	-153.319
0.3	45	176.301
0.3	45	84.612
0.3	45	161.68
0.3	45	-19.102
0.3	45	178.091
0.3	45	-6.59452
0.3	45	-28.9549
0.3	45	-60.3627
0.3	45	123.759
0.3	45	-75.9337
0.3	45	130.417
0.3	45	-77.4486
0.3	45	-11.8982
0.3	45	-74.8989
0.3	45	99.9049
0.3	45	-61.8512
0.3	45	-58.532
0.3	45	24.3819
0.3	45	-126.723
0.3	45	-69.0244
0.3	45	32.1578
0.3	45	-40.0129
0.3	45	-102.818
0.3	45	-43.094
0.3	45	21.3937
0.3	45	-79.3047
0.3	45	-165.821
0.3	45	171.573
0.3	45	-174.334
0.3	45	-87.1192
0.3	45	72.5049
0.3	45	37.8435
0.3	45	130.459
0.3	45	-154.836
0.3	45	-124.522
0.3	45	179.434
0.3	45	111.605
0.3	45	174.386
0.3	45	-65.1423
0.3	45	145.557
0.3	45	124.817
0.3	45	136.565
0.3	45	51.8083
0.3	45	-161.661
0.3	45	-35.345
0.3	45	60.0159
0.3	45	-36.2229
0.3	45	19.578
0.3	45	-65.776
0.3	45	119.463
0.3	45	105.676
0.3	45	-121.201
0.3	45	-29.436
0.3	45	102.323
0.3	45	156.842
0.3	45	-74.984
0.3	45	-122.343
0.3	45	148.658
0.3	45	74.4362
0.3	45	-18.8202
0.3	45	-113.297
0.3	45	-112.233
0.3	45	5.34957
0.3	45	149.703
0.3	45	77.3092
0.3	45	-168.716
0.3	45	7.36657
0.3	45	-150.18
0.3	45	-158.392
0.3	45	166.652
0.3	45	101.719
0.3	45	115.069
0.3	45	-64.696
0.3	45	-153.829
0.3	45	-32.3485
0.3	45	-111.761
0.3	45	-170.438
0.3	45	132.856
0.3	45	11.0917
0.3	45	55.3959
0.3	45	-58.3862
0.3	45	-40.2013
0.3	45	-40.3113
0.3	45	158.985
0.3	45	109.406
0.3	45	15.7464
0.3	45	67.1998
0.3	45	116.856
0.3	45	137.256
0.3	45	-94.3328
0.3	45	171.955
0.3	45	20.6057
0.3	45	-120.966
0.3	45	-147.709
0.3	45	120.573
0.3	45	-115.886
0.3	45	-168.191
0.3	45	48.3926
0.3	45	-95.8125
0.3	45	-132.532
0.3	45	-119.751
0.3	45	-169.349
0.3	45	-71.6533
0.3	45	-32.6202
0.3	45	79.8765
0.3	45	17.3188
0.3	45	-138.444
0.3	45	155.703
0.3	45	-162.732
0.3	45	-105.962
0.3	45	10.0222
0.3	45	2.40343
0.3	45	7.87677
0.3	45	-153.331
0.3	45	-120.805
0.3	45	13.9722
0.3	45	115.475
0.3	45	-164.218
0.3	45	2.46261
0.3	45	-112.696
0.3	45	-41.7937
0.3	45	124.914
0.3	45	167.161
0.3	45	-146.481
0.3	45	-137.261
0.3	45	-152.044
0.3	45	48.9669
0.3	45	84.12
0.3	45	-107.331
0.3	45	76.5374
0.3	45	24.0045
0.3	45	44.2737
0.3	45	-142.881
0.3	45	-122.498
0.3	45	-84.8981
0.3	45	-20.4323
0.3	45	-51.2064
0.3	45	-115.107
0.3	45	171.478
0.3	45	55.212
0.3	45	-20.8497
0.3	45	-99.1669
0.3	45	104.353
0.3	45	146.677
0.3	45	99.8863
0.3	45	136.354
0.3	45	-117.223
0.3	45	-108.391
0.3	45	-175.594
0.3	45	-161.704
0.3	45	60.6218
0.3	45	-63.6806
0.3	45	57.5492
0.3	45	-140.65
0.3	45	154.837
0.3	45	67.7759
0.3	45	22.0607
0.3	45	122.624
0.3	45	123.823
0.3	45	-29.2616
0.3	45	-172.277
0.3	45	164.744
0.3	45	104.337
0.3	45	-4.9173
0.3	45	165.416
0.3	45	-18.638
0.3	45	172.126
0.3	45	77.7037
0.3	45	-151.586
0.3	45	157.403
0.3	45	137.098
0.3	45	73.194
0.3	45	-30.6771
0.3	45	34.5992
0.3	45	-4.38201
0.3	45	1.62027
0.3	45	-134.168
0.3	45	41.7035
0.3	45	150.566
0.3	45	126.639
0.3	45	95.5077
0.3	45	120.361
0.3	45	105.969
0.3	45	83.7786
0.3	45	11.4764
0.3	45	-89.7184
0.3	45	-70.5483
0.3	45	-6.44862
0.3	45	106.765
0.3	45	47.7498
0.3	45	165.131
0.3	45	61.7502
0.3	45	-169.707
0.3	45	124.067
0.3	45	60.0456
0.3	45	48.8728
0.3	45	-131.824
0.3	45	-139.429
0.3	45	59.8302
0.3	45	-87.3807
0.3	45	-76.6361
0.3	45	97.0275
0.3	45	76.5828
0.3	45	-99.0279
0.3	45	106.921
0.3	45	86.5011
0.3	45	82.3506
0.3	45	-23.5943
0.3	45	28.9834
0.3	45	61.2885
0.3	45	46.1616
0.3	45	-132.449
0.3	45	-179.267
0.3	45	-10.7091
0.3	45	70.7401
0.3	45	-39.0556
0.3	45	-124.919
0.3	45	-30.9574
0.3	45	31.9359
0.3	45	-76.4368
0.3	45	102.874
0.3	45	139.082
0.25	-45	-33.4852
0.25	-45	-160.43
0.25	-45	-38.7499
0.25	-45	101.813
0.25	-45	112.92
0.25	-45	67.2269
0.25	-45	-9.36581
0.25	-45	-124.636
0.25	-45	101.669
0.25	-45	-162.751
0.25	-45	80.8066
0.25	-45	104.852
0.25	-45	114.128
0.25	-45	73.9366
0.25	-45	165.714
0.25	-45	-10.5298
0.25	-45	116.699
0.25	-45	-76.1838
0.25	-45	-54.16
0.25	-45	74.8012
0.25	-45	-59.3533
0.25	-45	-150.127
0.25	-45	-60.9995
0.25	-45	-107.446
0.25	-45	-14.4596
0.25	-45	148.816
0.25	-45	81.0365
0.25	-45	64.0804
0.25	-45	-22.8091
0.25	-45	-58.9047
0.25	-45	65.5601
0.25	-45	-97.0799
0.25	-45	-27.2104
0.25	-45	-121.033
0.25	-45	-45.0677
0.25	-45	-139.101
0.25	-45	152.458
0.25	-45	-42.8856
0.25	-45	106.389
0.25	-45	-170.869
0.25	-45	102.46
0.25	-45	0.277364
0.25	-45	113.225
0.25	-45	-133.354
0.25	-45	92.239
0.25	-45	-65.1126
0.25	-45	44.9816
0.25	-45	-127.246
0.25	-45	150.164
0.25	-45	104.881
0.25	-45	-37.3459
0.25	-45	48.5105
0.25	-45	43.4617
0.25	-45	78.3054
0.25	-45	105.499
0.25	-45	172.372
0.25	-45	32.8908
0.25	-45	-157.585
0.25	-45	173.188
0.25	-45	10.5329
0.25	-45	-24.97
0.25	-45	161.385
0.25	-45	-54.1835
0.25	-45	-71.1002
0.25	-45	175.896
0.25	-45	173.269
0.25	-45	179.24
0.25	-45	148.662
0.25	-45	144.694
0.25	-45	-131.418
0.25	-45	-147.834
0.25	-45	34.9111
0.25	-45	-36.7909
0.25	-45	-157.837
0.25	-45	21.3252
0.25	-45	31.5742
0.25	-45	-177.677
0.25	-45	-4.32795
0.25	-45	-40.0113
0.25	-45	80.1291
0.25	-45	85.524
0.25	-45	66.0566
0.25	-45	176.534
0.25	-45	-39.9624
0.25	-45	-3.8064
0.25	-45	-61.7601
0.25	-45	-178.004
0.25	-45	82.771
0.25	-45	-15.4094
0.25	-45	114.95
0.25	-45	-149.063
0.25	-45	95.7922
0.25	-45	83.7593
0.25	-45	72.912
0.25	-45	-95.6322
0.25	-45	-99.0175
0.25	-45	-10.3189
0.25	-45	48.9793
0.25	-45	171.601
0.25	-45	-30.3406
0.25	-45	166.948
0.25	-45	15.3309
0.25	-45	-104.927
0.25	-45	7.28345
0.25	-45	107.476
0.25	-45	-66.0286
0.25	-45	-113.915
0.25	-45	116.765
0.25	-45	-122.376
0.25	-45	34.0222
0.25	-45	-1.18073
0.25	-45	79.3089
0.25	-45	5.24401
0.25	-45	133.892
0.25	-45	-9.34705
0.25	-45	153.134
0.25	-45	-85.049
0.25	-45	27.0736
0.25	-45	119.214
0.25	-45	-95.6548
0.25	-45	-110.676
0.25	-45	-27.7296
0.25	-45	-78.4776
0.25	-45	168.121
0.25	-45	-120.004
0.25	-45	-115.54
0.25	-45	163.458
0.25	-45	-33.0391
0.25	-45	-128.957
0.25	-45	50.039
0.25	-45	37.5524
0.25	-45	81.1095
0.25	-45	97.8716
0.25	-45	73.9235
0.25	-45	171.019
0.25	-45	-171.214
0.25	-45	42.0603
0.25	-45	-36.5788
0.25	-45	-172.114
0.25	-45	-48.6694
0.25	-45	-144.37
0.25	-45	-119.107
0.25	-45	-26.4093
0.25	-45	-70.2541
0.25	-45	28.4319
0.25	-45	-97.7146
0.25	-45	-82.8723
0.25	-45	-129.966
0.25	-45	-117.283
0.25	-45	119.064
0.25	-45	53.3689
0.25	-45	26.7318
0.25	-45	-143.376
0.25	-45	-128.21
0.25	-45	-177.357
0.25	-45	125.616
0.25	-45	-143.471
0.25	-45	-52.846
0.25	-45	-162.824
0.25	-45	152.865
0.25	-45	-37.644
0.25	-45	100.716
0.25	-45	90.6413
0.25	-45	-129.503
0.25	-45	98.229
0.25	-45	25.4372
0.25	-45	133.649
0.25	-45	92.2352
0.25	-45	-87.5039
0.25	-45	92.0586
0.25	-45	-92.3827
0.25	-45	-38.5859
0.25	-45	112.749
0.25	-45	-141.011
0.25	-45	47.7434
0.25	-45	-178.762
0.25	-45	67.0924
0.25	-45	16.5058
0.25	-45	148.939
0.25	-45	29.6218
0.25	-45	111.615
0.25	-45	22.0382
0.25	-45	0.994284
0.25	-45	172.457
0.25	-45	-93.5366
0.25	-45	29.5555
0.25	-45	161.854
0.25	-45	-55.2836
0.25	-45	-139.074
0.25	-45	-121.903
0.25	-45	163.167
0.25	-45	-135.83
0.25	-45	-134.234
0.25	-45	54.2352
0.25	-45	-3.11878
0.25	-45	173.676
0.25	-45	-176.967
0.25	-45	-11.8608
0.25	-45	15.7567
0.25	-45	153.541
0.25	-45	-118.314
0.25	-45	-101.932
0.25	-45	102.996
0.25	-45	-93.1656
0.25	-45	63.5549
0.25	-45	16.4005
0.25	-45	-28.8493
0.25	-45	-94.1482
0.25	-45	103.835
0.25	-45	105.023
0.25	-45	68.4262
0.25	-45	-97.728
0.25	-45	-79.2298
0.25	-45	38.2107
0.25	-45	164.387
0.25	-45	-37.7744
0.25	-45	85.1301
0.25	-45	-43.7129
0.25	-45	-57.2918
0.25	-45	99.0955
0.25	-45	128.667
0.25	-45	-89.9863
0.25	-45	-60.1569
0.25	-45	-59.9602
0.25	-45	171.324
0.25	-45	-63.1029
0.25	-45	44.8618
0.25	-45	61.9077
0.25	-45	159.194
0.25	-45	149.363
0.25	-45	-30.2771
0.25	-45	35.5897
0.25	-45	166.562
0.25	-45	125.925
0.25	-45	86.316
0.25	-45	-60.6731
0.25	-45	47.7799
0.25	-45	53.1254
0.25	-45	129.836
0.25	-45	177.397
0.25	-45	98.6108
0.25	-45	-156.418
0.25	-45	-132.599
0.25	-45	-65.2378
0.25	-45	-0.846595
0.25	-45	108.632
0.25	-45	17.0867
0.25	-45	-91.8068
0.25	-45	-178.432
0.25	-45	-41.4845
0.25	-45	107.687
0.25	-45	-128.436
0.25	-45	53.0371
0.25	-45	-59.2802
0.25	-45	136.246
0.25	-45	-72.4345
0.25	-45	147.969
0.25	-45	-73.658
0.25	-45	-169.137
0.25	-45	-161.338
0.25	-45	13.433
0.25	-45	30.579
0.25	-45	157.544
0.25	-45	137.774
0.25	-45	105.769
0.25	-45	99.1012
0.25	-45	95.4278
0.25	-45	50.332
0.25	-45	-144.297
0.25	-45	-61.2886
0.25	-45	150.279
0.25	-45	106.622
0.25	-45	-52.2105
0.25	-45	68.3908
0.25	-45	155.584
0.25	-45	-152.407
0.25	-45	-157.379
0.25	-45	123.98
0.25	-45	-141.251
0.25	-45	-90.2523
0.25	-45	-168.409
0.25	-45	168.476
0.25	-45	13.2542
0.25	-45	-50.2889
0.25	-45	-82.7203
0.25	-45	-14.782
0.25	-45	-85.2824
0.25	-45	-74.8306
0.25	-45	107.764
0.25	-45	88.8078
0.25	-45	55.9488
0.25	-45	50.2065
0.25	-45	87.7929
0.25	-45	64.988
0.25	-45	70.7028
0.25	-45	62.7803
0.25	-45	90.0513
0.25	-45	29.9926
0.25	-45	119.703
0.25	-45	-86.8514
0.25	-45	-0.254998
0.25	-45	-1.50181
0.25	-45	-89.0964
0.25	-45	110.604
0.25	-45	129.648
0.25	-45	51.7595
0.25	-45	-0.624893
0.25	-45	78.2268
0.25	-45	152.091
0.25	-45	3.82131
0.25	-45	60.7492
0.25	-45	-39.3013
0.25	-45	41.9091
0.25	-45	-31.3023
0.25	-45	30.327
0.25	-45	-179.802
0.25	-45	-144.76
0.25	-45	78.5885
0.25	-45	82.839
0.25	-45	143.774
0.25	-45	-96.0568
0.25	-45	-109.525
0.25	-45	103.902
0.25	-45	68.1499
0.25	-45	36.131
0.25	-45	-107.034
0.25	-45	76.3061
0.25	-45	-155.219
0.25	-45	165.058
0.25	-45	-10.9209
0.25	-45	-73.0109
0.25	-45	-167.139
0.25	-45	-102.265
0.25	-45	99.5419
0.25	-45	24.079
0.25	-45	-172.087
0.25	-45	122.685
0.25	-45	163.393
0.25	-45	25.0132
0.25	-45	76.3054
0.25	-45	-22.6796
0.25	-45	-61.662
0.25	-45	-28.1341
0.25	-45	86.9087
0.25	-45	-103.63
0.25	-45	-177.874
0.25	-45	-120.363
0.25	-45	23.0514
0.25	-45	-62.4603
0.25	-45	140.51
0.25	-45	70.4652
0.25	-45	102.924
0.25	-45	108.079
0.25	-45	62.1144
0.25	-45	-2.35219
0.25	-45	161.143
0.25	-45	137.453
0.25	-45	108.483
0.25	-45	-95.8688
0.25	-45	-21.3889
0.25	-45	107.439
0.25	-45	-155.155
0.25	-45	65.5127
0.25	-45	-163.761
0.25	-45	110.837
0.25	-45	-41.7912
0.25	-45	-163.826
0.25	-45	163.431
0.25	-45	1.81798
0.25	-45	-10.8638
0.25	-45	31.9641
0.25	-45	-18.5134
0.25	-45	61.8394
0.25	-45	136.212
0.25	-45	-167.801
0.25	-45	88.5458
0.25	-45	-46.744
0.25	-45	-12.9766
0.25	-45	174.269
0.25	-45	109.282
0.25	-45	-132.447
0.25	-45	-172.624
0.25	-45	176.808
0.25	-45	39.2599
0.25	-45	-58.6202
0.25	-45	77.3662
0.25	-45	17.9289
0.25	-45	-98.6204
0.25	-45	96.5399
0.25	-45	-48.4569
0.25	-45	-169.076
0.25	-45	-132.666
0.25	-45	-92.847
0.25	-45	153.569
0.25	-45	-60.3364
0.25	-45	-174.706
0.25	-45	-138.81
0.25	-45	-119.113
0.25	-45	-136.027
0.25	-45	25.5319
0.25	-45	20.4912
0.25	-45	175.078
0.25	-45	94.5987
0.25	-45	-145.035
0.25	-45	-90.1267
0.25	-45	-41.0104
0.25	-45	-32.5307
0.25	-45	29.5503
0.25	-45	147.328
0.25	-45	111.578
0.25	-45	34.1299
0.25	-45	-15.0517
0.25	-45	54.9626
0.25	-45	127.702
0.25	-45	-118.19
0.25	-45	144.204
0.25	-45	168.399
0.25	-45	175.872
0.25	-45	107.549
0.25	-45	-41.3654
0.25	-45	-126.105
0.25	-45	-63.9696
0.25	-45	37.0343
0.25	-45	174.562
0.25	-45	-136.509
0.25	-45	-81.0598
0.25	-45	-43.2093
0.25	-45	-138.6
0.25	-45	25.171
0.25	-45	-73.2127
0.25	-45	-171.757
0.25	-45	-144.968
0.25	-45	-138.604
0.25	-45	-160.24
0.25	-45	-37.3802
0.25	-45	-159.967
0.25	-45	69.7904
0.25	-45	85.1955
0.25	-45	105.291
0.25	-45	119.667
0.25	-45	143.657
0.25	-45	98.3862
0.25	-45	178.564
0.25	-45	-130.176
0.25	-45	32.4059
0.25	-45	-160.706
0.25	-45	-84.5229
0.25	-45	10.4138
0.25	-45	123.469
0.25	-45	-160.843
0.25	-45	-1.14382
0.25	-45	-151.153
0.25	-45	-19.5341
0.25	-45	18.0126
0.25	-45	-3.14644
0.25	-45	138.906
0.25	-45	41.6223
0.25	-45	108.431
0.25	-45	14.1502
0.25	-45	-128.698
0.25	-45	155.617
0.25	-45	-56.9106
0.25	-45	-35.5719
0.25	-45	-159.303
0.25	-45	-137.389
0.25	-45	42.1514
0.25	-45	-157.918
0.25	-45	30.6382
0.25	-45	-144.691
0.25	-45	-127.751
0.25	-45	-161.02
0.25	-45	86.549
0.25	-45	-140.848
0.25	-45	17.0203
0.25	-45	61.672
0.25	-45	130.812
0.25	-45	81.135
0.25	-45	-4.73787
0.25	-45	-143.001
0.25	-45	113.413
0.25	-45	79.0014
0.25	-45	97.6946
0.25	-45	102.314
0.25	-45	-94.6383
0.25	-45	27.1342
0.25	-45	147.981
0.25	-45	63.8954
0.25	-45	-48.9561
0.25	-45	-97.6762
0.25	-45	89.4091
0.25	-45	147.953
0.25	-45	112.564
0.25	-45	-165.165
0.25	-45	-155.05
0.25	-45	167.855
0.25	-45	-54.1581
0.25	-45	-121.324
0.25	-45	82.4699
0.25	-45	-4.23257
0.25	-45	117.684
0.25	-45	-150.333
0.25	-45	-118.325
0.25	-45	-178.041
0.25	-45	-99.5707
0.25	-45	-102.577
0.25	-45	-70.9972
0.25	-45	-90.1047
0.25	-45	-35.1847
0.25	-45	85.5409
0.25	-45	161.948
0.25	-45	26.784
0.25	-45	-51.5911
0.25	-45	-98.3501
0.25	-45	-162.885
0.25	-45	-147.733
0.25	-45	-128.05
0.25	-45	-163.87
0.25	-45	13.4603
0.25	-45	-166.012
0.25	-45	91.7114
0.25	-45	-9.83136
0.25	-45	139.905
0.25	-45	-11.3828
0.25	-45	66.444
0.25	-45	21.2369
0.25	-45	19.3184
0.25	-45	47.3812
0.25	-45	78.4512
0.25	-45	-7.27389
0.25	-45	82.7779
0.25	-45	57.6163
0.25	-45	135.435
0.25	-45	-101.284
0.25	-45	-93.1931
0.25	-45	-84.6232
0.25	-45	105.693
0.25	-45	80.5752
0.25	-45	35.149
0.25	-45	99.8772
0.25	-45	153.882
0.25	-45	133.724
0.25	-45	-168.064
0.25	-45	116.959
0.25	-45	-133.908
0.25	-45	-99.984
0.25	-45	-52.9314
0.25	-45	174.194
0.25	-45	-93.425
0.25	-45	-114.214
0.25	-45	-135.003
0.25	-45	16.5578
0.25	-45	-52.0716
0.25	-45	4.09401
0.25	-45	-27.9118
0.25	-45	-138.568
0.25	-45	90.1818
0.25	-45	-43.1122
0.25	-45	32.1675
0.25	-45	81.2372
0.25	-45	161.968
0.25	-45	-165.804
0.25	-45	-30.2209
0.25	-45	36.3431
0.25	-45	45.3348
0.25	-45	-17.7138
0.25	-45	-94.5952
0.25	-45	-74.3238
0.25	-45	-149.341
0.25	-45	-132.517
0.25	-45	-7.06615
0.25	-45	-61.7886
0.25	-45	61.3261
0.25	-45	14.9044
0.25	-45	-104.237
0.25	-45	108.611
0.25	-45	93.7371
0.25	-45	55.538
0.25	-45	-160.979
0.25	-45	-46.4251
0.25	-45	136.59
0.25	-45	-108.043
0.25	-45	-63.3439
0.25	-45	-85.6009
0.25	-45	157.402
0.25	-45	132.739
0.25	-45	-64.8323
0.25	-45	-163.552
0.25	-45	-163.197
0.25	-45	-136.342
0.25	-45	-45.1708
0.25	-45	-141.756
0.25	-45	-144.341
0.25	-45	-63.5646
0.25	-45	54.5757
0.25	-45	-129.256
0.25	-45	-152.253
0.25	-45	11.5309
0.25	-45	0.192155
0.25	-45	-25.7065
0.25	-45	49.2827
0.25	-45	171.874
0.25	-45	1.14568
0.25	-45	-21.2619
0.25	-45	125.126
0.25	-45	-167.9
0.25	-45	139.102
0.25	-45	145.058
0.25	-45	-53.3619
0.25	-45	-143.449
0.25	-45	-59.5481
0.25	-45	9.60736
0.25	-45	138.026
0.25	-45	-74.06
0.25	-45	-25.2279
0.25	-45	-45.7127
0.25	-45	-172.096
0.25	-45	120.6
0.25	-45	81.479
0.25	-45	-50.2242
0.25	-45	-58.6531
0.25	-45	39.7109
0.25	-45	121.106
0.25	-45	-141.939
0.25	-45	-88.5692
0.25	-45	27.7654
0.25	-45	38.9751
0.25	-45	135.962
0.25	-45	13.7557
0.25	-45	19.789
0.25	-45	-82.0628
0.25	-45	-94.9773
0.25	-45	-29.3538
0.25	-45	99.3322
0.25	-45	52.4604
0.25	-45	-171.87
0.25	-45	103.296
0.25	-45	67.3604
0.25	-45	-132.189
0.25	-45	106.281
0.25	-45	-113.358
0.25	-45	39.5328
0.25	-45	154.459
0.25	-45	91.8771
0.25	-45	54.6194
0.25	-45	-79.6785
0.25	-45	-123.021
0.25	-45	-73.616
0.25	-45	-48.7906
0.25	-45	54.8162
0.25	-45	-161.101
0.25	-45	-160.073
0.25	-45	-152.167
0.25	-45	-104.202
0.25	-45	151.47
0.25	-45	81.9761
0.25	-45	160.342
0.25	-45	-179.337
0.25	-45	-125.349
0.25	-45	50.3212
0.25	-45	-30.4563
0.25	-45	-85.5099
0.25	-45	56.7715
0.25	-45	162.311
0.25	-45	-11.4035
0.25	-45	25.6323
0.25	-45	109.783
0.25	-45	175.884
0.25	-45	91.4401
0.25	-45	31.7119
0.25	-45	81.21
0.25	-45	-31.3963
0.25	-45	-27.1387
0.25	-45	95.2413
0.25	-45	36.1435
0.25	-45	105.407
0.25	-45	24.7156
0.25	-45	-71.3263
0.25	-45	-10.3331
0.25	-45	-161.458
0.25	-45	-82.901
0.25	-45	-120.677
0.25	-45	118.101
0.25	-45	-54.7508
0.25	-45	25.6372
0.25	-45	60.0334
0.25	-45	-104.959
0.25	-45	-56.7485
0.25	-45	18.9861
0.25	-45	-69.587
0.25	-45	49.6688
0.25	-45	-78.3271
0.25	-45	-71.5506
0.25	-45	-93.4883
0.25	-45	118.363
0.25	-45	-160.955
0.25	-45	72.7175
0.25	-45	139.783
0.25	-45	-170.855
0.25	-45	-55.6338
0.25	-45	-170.034
0.25	-45	-167.683
0.25	-45	-166.295
0.25	-45	54.3294
0.25	-45	60.313
0.25	-45	-95.7666
0.25	-45	-105.743
0.25	-45	163.415
0.25	-45	166.7
0.25	-45	-4.6385
0.25	-45	9.64596
0.25	-45	179.558
0.25	-45	118.296
0.25	-45	159.455
0.25	-45	75.8171
0.25	-45	-23.2751
0.25	-45	173.335
0.25	-45	-7.83592
0.25	-45	-159.704
0.25	-45	178.607
0.25	-45	15.7927
0.25	-45	-109.199
0.25	-45	41.0067
0.25	-45	-166.848
0.25	-45	151.937
0.25	-45	110.49
0.25	-45	121.493
0.25	-45	26.6279
0.25	-45	-114.689
0.25	-45	90.0515
0.25	-45	-53.9478
0.25	-45	-135.609
0.25	-45	114.165
0.25	-45	11.6977
0.25	-45	-101.137
0.25	-45	166.554
0.25	-45	88.8193
0.25	-45	-87.6591
0.25	-45	-80.0864
0.25	-45	167.92
0.25	-45	158.126
0.25	-45	60.0727
0.25	-45	-3.36579
0.25	-45	-35.0305
0.25	-45	167.424
0.25	-45	158.608
0.25	-45	-83.608
0.25	-45	-129.532
0.25	-45	-36.3681
0.25	-45	-123.515
0.25	-45	69.0828
0.25	-45	-67.5656
0.25	-45	86.6683
0.25	-45	-168.972
0.25	-45	46.928
0.25	-45	-22.4876
0.25	-45	32.7069
0.25	-45	-160.405
0.25	-45	-27.8373
0.25	-45	-1.85752
0.25	-45	64.9242
0.25	-45	-82.9037
0.25	-45	18.7182
0.25	-45	90.7058
0.25	-45	161.667
0.25	-45	172.934
0.25	-45	164.621
0.25	-45	1.33353
0.25	-45	97.1484
0.25	-45	-129.119
0.25	-45	-132.295
0.25	-45	30.7532
0.25	-45	176.236
0.25	-45	172.959
0.25	-45	-86.0599
0.25	-45	128.221
0.25	-45	-23.1071
0.25	-45	-138.39
0.25	-45	-135.584
0.25	-45	110.42
0.25	-45	-170.213
0.25	-45	138.319
0.25	-45	-155.591
0.25	-45	-117.222
0.25	-45	-129.409
0.25	-45	145.301
0.25	-45	145.251
0.25	-45	-6.25308
0.25	-45	-120.173
0.25	-45	65.5054
0.25	-45	-158.172
0.25	-45	-145.588
0.25	-45	-171.207
0.25	-45	-176.843
0.25	-45	94.2669
0.25	-45	-108.018
0.25	-45	-28.8534
0.25	-45	113.542
0.25	-45	91.0461
0.25	-45	71.5483
0.25	-45	-82.1611
