pol	setting	phi
0.3	45	-132.28
0.3	45	66.5317
0.3	45	-65.3901
0.3	45	25.8016
0.3	45	-11.7083
0.3	45	-146.34
0.3	45	35.8887
0.3	45	120.442
0.3	45	10.1373
0.3	45	-52.7413
0.3	45	-155.733
0.3	45	-85.7547
0.3	45	-22.263
0.3	45	116.728
0.3	45	163.311
0.3	45	86.0999
0.3	45	-51.8505
0.3	45	104.588
0.3	45	17.2804
0.3	45	-103.277
0.3	45	-155.984
0.3	45	33.1989
0.3	45	94.4633
0.3	45	-27.8785
0.3	45	140.979
0.3	45	131.059
0.3	45	-39.3218
0.3	45	50.1929
0.3	45	169.079
0.3	45	-124.21
0.3	45	-66.1877
0.3	45	102.779
0.3	45	123.228
0.3	45	136.097
0.3	45	-133.618
0.3	45	39.4053
0.3	45	143.529
0.3	45	-5.28956
0.3	45	-9.68168
0.3	45	63.4537
0.3	45	95.1834
0.3	45	-144.878
0.3	45	-80.0084
0.3	45	-50.6469
0.3	45	-87.5639
0.3	45	-33.0815
0.3	45	-31.4881
0.3	45	73.0787
0.3	45	-152.858
0.3	45	126.105
0.3	45	-127.636
0.3	45	-69.3828
0.3	45	98.4995
0.3	45	136.249
0.3	45	-90.1131
0.3	45	179.715
0.3	45	-44.3755
0.3	45	-8.54525
0.3	45	137.844
0.3	45	127.454
0.3	45	-90.9727
0.3	45	70.1261
0.3	45	-108.661
0.3	45	57.3983
0.3	45	-54.6831
0.3	45	-31.4774
0.3	45	65.2926
0.3	45	-35.3086
0.3	45	3.51894
0.3	45	-138.697
0.3	45	82.5919
0.3	45	-131.276
0.3	45	135.863
0.3	45	156.984
0.3	45	-9.33428
0.3	45	-139.98
0.3	45	128.474
0.3	45	-29.7638
0.3	45	128.982
0.3	45	52.8008
0.3	45	0.761511
0.3	45	170.555
0.3	45	-168.929
0.3	45	120.336
0.3	45	166.899
0.3	45	-70.2922
0.3	45	145.121
0.3	45	112.827
0.3	45	117.293
0.3	45	-178.965
0.3	45	-57.5165
0.3	45	107.896
0.3	45	-44.3499
0.3	45	40.0257
0.3	45	-148.011
0.3	45	82.4764
0.3	45	87.619
0.3	45	-126.035
0.3	45	-123.179
0.3	45	-151.938
0.3	45	-46.7095
0.3	45	-65.8058
0.3	45	136.73
0.3	45	29.923
0.3	45	-98.4282
0.3	45	100.031
0.3	45	1.80299
0.3	45	134.88
0.3	45	-103.957
0.3	45	19.9448
0.3	45	-17.592
0.3	45	152.214
0.3	45	-151.906
0.3	45	-134.563
0.3	45	-119.947
0.3	45	11.5591
0.3	45	55.4178
0.3	45	-172.859
0.3	45	-143.696
0.3	45	-77.9142
0.3	45	112.073
0.3	45	108.164
0.3	45	122.017
0.3	45	42.2117
0.3	45	176.588
0.3	45	-145.417
0.3	45	71.2825
0.3	45	-117.951
0.3	45	125.944
0.3	45	-76.0611
0.3	45	-127.714
0.3	45	25.7642
0.3	45	-134.156
0.3	45	-102.793
0.3	45	-70.3907
0.3	45	-135.05
0.3	45	-44.8797
0.3	45	9.88033
0.3	45	46.1733
0.3	45	-71.2334
0.3	45	93.6911
0.3	45	-176.426
0.3	45	40.4312
0.3	45	147.978
0.3	45	-92.5585
0.3	45	109.647
0.3	45	154.403
0.3	45	156.15
0.3	45	-172.713
0.3	45	170.89
0.3	45	-110.872
0.3	45	174.972
0.3	45	-23.6733
0.3	45	-23.6923
0.3	45	74.862
0.3	45	-57.0747
0.3	45	61.9842
0.3	45	128.235
0.3	45	135.238
0.3	45	-44.2754
0.3	45	-68.1811
0.3	45	-158.442
0.3	45	-5.66464
0.3	45	9.7067
0.3	45	-176.505
0.3	45	160.511
0.3	45	133.295
0.3	45	109.067
0.3	45	-176.369
0.3	45	-45.5577
0.3	45	-84.3996
0.3	45	-130.392
0.3	45	167.78
0.3	45	-61.2129
0.3	45	174.212
0.3	45	-103.532
0.3	45	-79.8164
0.3	45	-72.0676
0.3	45	-54.648
0.3	45	104.235
0.3	45	-144.077
0.3	45	-158.201
0.3	45	130.638
0.3	45	-72.9867
0.3	45	81.5218
0.3	45	-156.646
0.3	45	-58.4453
0.3	45	-175.613
0.3	45	-136.04
0.3	45	55.5173
0.3	45	-32.7167
0.3	45	82.6331
0.3	45	14.2371
0.3	45	-39.2538
0.3	45	177.307
0.3	45	55.808
0.3	45	-6.47103
0.3	45	-92.0112
0.3	45	170.542
0.3	45	162.706
0.3	45	-23.4171
0.3	45	17.5467
0.3	45	34.5454
0.3	45	-31.5012
0.3	45	159.12
0.3	45	92.8016
0.3	45	-117.091
0.3	45	25.0553
0.3	45	137.456
0.3	45	-41.4909
0.3	45	19.3651
0.3	45	139.526
0.3	45	19.8382
0.3	45	43.665
0.3	45	143.017
0.3	45	-21.5163
0.3	45	-78.5355
0.3	45	54.3264
0.3	45	170.768
0.3	45	-64.8107
0.3	45	-51.4248
0.3	45	163.735
0.3	45	-48.0117
0.3	45	-98.0253
0.3	45	-108.597
0.3	45	-19.4449
0.3	45	-88.5323
0.3	45	-52.0651
0.3	45	86.2496
0.3	45	-10.1103
0.3	45	54.5635
0.3	45	19.4036
0.3	45	-119.246
0.3	45	131.496
0.3	45	29.8832
0.3	45	-128.794
0.3	45	-21.1248
0.3	45	104.711
0.3	45	134.249
0.3	45	11.1178
0.3	45	3.69041
0.3	45	-89.4411
0.3	45	-96.8804
0.3	45	93.5764
0.3	45	-11.4605
0.3	45	-1.84391
0.3	45	-86.2349
0.3	45	-11.738
0.3	45	68.673
0.3	45	57.656
0.3	45	162.25
0.3	45	51.5272
0.3	45	-58.1865
0.3	45	-121.323
0.3	45	8.17327
0.3	45	121.186
0.3	45	27.2073
0.3	45	-11.4559
0.3	45	-144.854
0.3	45	-50.1542
0.3	45	57.1722
0.3	45	52.9038
0.3	45	-117.033
0.3	45	7.56272
0.3	45	4.01469
0.3	45	-115.766
0.3	45	137.638
0.3	45	-83.1186
0.3	45	18.5475
0.3	45	153.739
0.3	45	153.813
0.3	45	-140.13
0.3	45	-132.51
0.3	45	80.8078
0.3	45	115.808
0.3	45	-166.907
0.3	45	91.8133
0.3	45	73.0763
0.3	45	-43.6911
0.3	45	147.897
0.3	45	31.2775
0.3	45	68.1942
0.3	45	-2.54232
0.3	45	-168.946
0.3	45	163.444
0.3	45	-96.6708
0.3	45	-36.5853
0.3	45	150.071
0.3	45	-127.479
0.3	45	-119.891
0.3	45	-42.0274
0.3	45	104.943
0.3	45	97.3257
0.3	45	165.5
0.3	45	179.584
0.3	45	-80.4989
0.3	45	-114.899
0.3	45	111.485
0.3	45	-143.358
0.3	45	153.106
0.3	45	-70.3638
0.3	45	148.562
0.3	45	-104.176
0.3	45	10.8581
0.3	45	-119.911
0.3	45	171.876
0.3	45	-153.472
0.3	45	-16.2602
0.3	45	130.022
0.3	45	-130.499
0.3	45	-121.233
0.3	45	44.645
0.3	45	-147.689
0.3	45	-2.52406
0.3	45	-81.9633
0.3	45	17.3029
0.3	45	-58.0175
0.3	45	152.744
0.3	45	30.0751
0.3	45	-4.59544
0.3	45	163.255
0.3	45	-37.3085
0.3	45	-33.1862
0.3	45	-102.962
0.3	45	-9.93582
0.3	45	113.845
0.3	45	-152.499
0.3	45	-57.6395
0.3	45	-92.1634
0.3	45	23.466
0.3	45	-139.97
0.3	45	-158.473
0.3	45	171.103
0.3	45	-78.6928
0.3	45	-9.07346
0.3	45	-63.509
0.3	45	-33.5729
0.3	45	-65.1175
0.3	45	-56.394
0.3	45	47.705
0.3	45	-36.9264
0.3	45	-63.7169
0.3	45	158.496
0.3	45	-50.1806
0.3	45	100.345
0.3	45	-19.9097
0.3	45	10.6919
0.3	45	-162.691
0.3	45	-10.0402
0.3	45	169.778
0.3	45	71.9369
0.3	45	-80.3363
0.3	45	-91.972
0.3	45	-63.5558
0.3	45	-129.448
0.3	45	13.8595
0.3	45	-92.9749
0.3	45	-84.7041
0.3	45	83.9529
0.3	45	21.8681
0.3	45	-25.2723
0.3	45	104.423
0.3	45	29.5586
0.3	45	94.1991
0.3	45	-36.5439
0.3	45	25.383
0.3	45	20.5247
0.3	45	155.163
0.3	45	35.7947
0.3	45	-14.5982
0.3	45	71.0587
0.3	45	93.9244
0.3	45	-157.221
0.3	45	-34.4477
0.3	45	133.206
0.3	45	-133.645
0.3	45	155.355
0.3	45	-151.281
0.3	45	84.1629
0.3	45	105.027
0.3	45	-40.9471
0.3	45	32.9561
0.3	45	-23.0751
0.3	45	175.497
0.3	45	114.42
0.3	45	-105.046
0.3	45	-60.5624
0.3	45	-14.3061
0.3	45	-13.4338
0.3	45	-136.528
0.3	45	123.702
0.3	45	-149.405
0.3	45	-44.0589
0.3	45	-60.623
0.3	45	31.0306
0.3	45	21.7484
0.3	45	113.556
0.3	45	88.4006
0.3	45	127.048
0.3	45	-161.229
0.3	45	52.8271
0.3	45	-68.8573
0.3	45	54.0206
0.3	45	-91.8229
0.3	45	-35.0135
0.3	45	114.458
0.3	45	-178.985
0.3	45	-60.1704
0.3	45	179.694
0.3	45	-158.288
0.3	45	124.613
0.3	45	-155.094
0.3	45	-111.424
0.3	45	-47.3476
0.3	45	177.365
0.3	45	-77.2222
0.3	45	-111.623
0.3	45	44.2492
0.3	45	70.3298
0.3	45	-154.13
0.3	45	-60.7251
0.3	45	10.1514
0.3	45	-40.1121
0.3	45	-139.784
0.3	45	-143.526
0.3	45	14.843
0.3	45	137.458
0.3	45	22.3522
0.3	45	178.351
0.3	45	-81.9319
0.3	45	38.471
0.3	45	47.9966
0.3	45	18.0067
0.3	45	29.1277
0.3	45	-19.5587
0.3	45	44.0161
0.3	45	-39.4157
0.3	45	69.2654
0.3	45	-92.5623
0.3	45	155.624
0.3	45	-46.0362
0.3	45	-109.994
0.3	45	78.9969
0.3	45	-7.76514
0.3	45	-41.5904
0.3	45	128.182
0.3	45	94.1017
0.3	45	95.2415
0.3	45	-176.987
0.3	45	-138.988
0.3	45	58.7862
0.3	45	109.165
0.3	45	-110.788
0.3	45	-15.933
0.3	45	-174.386
0.3	45	-109.262
0.3	45	166.616
0.3	45	135.424
0.3	45	138.847
0.3	45	125.926
0.3	45	-172.38
0.3	45	-79.8897
0.3	45	-26.4111
0.3	45	-133.558
0.3	45	-175.579
0.3	45	159.492
0.3	45	-4.37964
0.3	45	-30.1207
0.3	45	132.393
0.3	45	75.4846
0.3	45	-106.811
0.3	45	125.072
0.3	45	-149.372
0.3	45	7.42249
0.3	45	-138.955
0.3	45	-30.9349
0.3	45	16.4679
0.3	45	-53.1426
0.3	45	34.4301
0.3	45	104.955
0.3	45	105.559
0.3	45	71.4589
0.3	45	-146.903
0.3	45	178.566
0.3	45	-102.693
0.3	45	-130.535
0.3	45	8.06236
0.3	45	-141.438
0.3	45	112.697
0.3	45	-0.480749
0.3	45	-56.4677
0.3	45	-6.68881
0.3	45	-86.8828
0.3	45	-54.7504
0.3	45	-134.467
0.3	45	36.439
0.3	45	130.719
0.3	45	-36.2773
0.3	45	40.3941
0.3	45	7.82173
0.3	45	129.394
0.3	45	-97.6849
0.3	45	156.922
0.3	45	-134.233
0.3	45	62.0576
0.3	45	140.016
0.3	45	-131.927
0.3	45	-73.4595
0.3	45	17.2889
0.3	45	-0.17653
0.3	45	-52.2266
0.3	45	127.4
0.3	45	-32.9265
0.3	45	-11.5875
0.3	45	147.259
0.3	45	-178.465
0.3	45	32.4071
0.3	45	-45.339
0.3	45	102.695
0.3	45	130.588
0.3	45	167.128
0.3	45	178.84
0.3	45	-95.4965
0.3	45	147.136
0.3	45	-171.473
0.3	45	-34.9151
0.3	45	-173.543
0.3	45	15.8833
0.3	45	92.0047
0.3	45	159.809
0.3	45	133.9
0.3	45	153.08
0.3	45	-26.4369
0.3	45	68.6467
0.3	45	42.3101
0.3	45	30.2144
0.3	45	33.0776
0.3	45	-61.6771
0.3	45	77.5081
0.3	45	17.7311
0.3	45	107.324
0.3	45	-28.67
0.3	45	35.9088
0.3	45	151.793
0.3	45	134.966
0.3	45	-25.0346
0.3	45	-160.011
0.3	45	2.40687
0.3	45	-139.713
0.3	45	46.5633
0.3	45	-32.7166
0.3	45	107.668
0.3	45	-76.8571
0.3	45	-74.8796
0.3	45	-46.8195
0.3	45	-10.1261
0.3	45	-65.2052
0.3	45	164.369
0.3	45	-82.663
0.3	45	-87.3218
0.3	45	-3.50348
0.3	45	-28.6293
0.3	45	-131.727
0.3	45	21.5792
0.3	45	48.5504
0.3	45	54.8596
0.3	45	-175.767
0.3	45	-157.266
0.3	45	-156.445
0.3	45	45.388
0.3	45	43.0959
0.3	45	114.256
0.3	45	-72.8886
0.3	45	169.873
0.3	45	17.2959
0.3	45	-54.4604
0.3	45	-158.854
0.3	45	133.02
0.3	45	-52.4356
0.3	45	-131.303
0.3	45	7.64846
0.3	45	144.566
0.3	45	-163.051
0.3	45	-155.741
0.3	45	-11.2665
0.3	45	-129.028
0.3	45	175.963
0.3	45	81.1438
0.3	45	-140.442
0.3	45	-34.5217
0.3	45	-94.0733
0.3	45	-59.7437
0.3	45	-45.3897
0.3	45	131.738
0.3	45	-55.5167
0.3	45	-0.0130088
0.3	45	-85.3596
0.3	45	15.7305
0.3	45	-95.3213
0.3	45	9.9472
0.3	45	-40.285
0.3	45	132.259
0.3	45	71.395
0.3	45	-149.765
0.3	45	-178.184
0.3	45	-148.804
0.3	45	-107.62
0.3	45	24.1533
0.3	45	-140.364
0.3	45	151.247
0.3	45	-120.149
0.3	45	20.4335
0.3	45	17.2276
0.3	45	45.7269
0.3	45	78.4313
0.3	45	-109.082
0.3	45	179.261
0.3	45	-79.1403
0.3	45	-36.352
0.3	45	-82.619
0.3	45	-59.7088
0.3	45	-75.0622
0.3	45	5.89117
0.3	45	-40.9487
0.3	45	-77.2723
0.3	45	-116.243
0.3	45	71.6799
0.3	45	-125.109
0.3	45	100.845
0.3	45	66.2592
0.3	45	-49.1369
0.3	45	102.006
0.3	45	123.658
0.3	45	10.1906
0.3	45	44.6454
0.3	45	-135.307
0.3	45	-87.9789
0.3	45	-149.24
0.3	45	-165.953
0.3	45	115.161
0.3	45	-60.4658
0.3	45	101.22
0.3	45	93.8856
0.3	45	-1.12263
0.3	45	80.7325
0.3	45	-64.9127
0.3	45	-16.5854
0.3	45	53.6848
0.3	45	-107.374
0.3	45	114.424
0.3	45	93.7831
0.3	45	-69.7124
0.3	45	-116.434
0.3	45	2.24714
0.3	45	-17.0432
0.3	45	174.293
0.3	45	-145.596
0.3	45	107.285
0.3	45	-55.7131
0.3	45	113.004
0.3	45	9.7551
0.3	45	22.7508
0.3	45	-103.303
0.3	45	64.526
0.3	45	7.03747
0.3	45	142.562
0.3	45	169.33
0.3	45	-23.9881
0.3	45	158.811
0.3	45	64.7115
0.3	45	-117.807
0.3	45	5.95068
0.3	45	176.251
0.3	45	-149.656
0.3	45	22.7545
0.3	45	-26.4365
0.3	45	90.038
0.3	45	-54.046
0.3	45	-87.1253
0.3	45	-85.5446
0.3	45	143.749
0.3	45	-50.92
0.3	45	104.3
0.3	45	23.5536
0.3	45	45.4291
0.3	45	-64.7763
0.3	45	120.305
0.3	45	-119.481
0.3	45	115.496
0.3	45	107.593
0.3	45	154.465
0.3	45	-115.329
0.3	45	-89.048
0.3	45	-113.006
0.3	45	152.244
0.3	45	-176.799
0.3	45	-109.76
0.3	45	75.2446
0.3	45	47.1869
0.3	45	-114.794
0.3	45	123.247
0.3	45	3.0078
0.3	45	-113.203
0.3	45	-153.706
0.3	45	25.5719
0.3	45	-52.1563
0.3	45	133.915
0.3	45	-158.695
0.3	45	-24.1553
0.3	45	169.76
0.3	45	-41.0834
0.3	45	9.63925
0.3	45	55.9414
0.3	45	66.8797
0.3	45	-48.7461
0.3	45	44.9953
0.3	45	-73.8484
0.3	45	-65.6708
0.3	45	-50.0752
0.3	45	-98.7703
0.3	45	-139.352
0.3	45	80.3143
0.3	45	159.246
0.3	45	-11.3875
0.3	45	47.5751
0.3	45	179.893
0.3	45	154.393
0.3	45	-165.735
0.3	45	159.958
0.3	45	-10.072
0.3	45	147.296
0.3	45	-1.7354
0.3	45	38.8157
0.3	45	22.7114
0.3	45	-54.9911
0.3	45	-72.1559
0.3	45	-131.548
0.3	45	-68.6283
0.3	45	-145.061
0.3	45	107.281
0.3	45	179.742
0.3	45	171.841
0.3	45	127.165
0.3	45	-96.0325
0.3	45	-153.818
0.3	45	33.6899
0.3	45	-2.51089
0.3	45	-128.368
0.3	45	-123.56
0.3	45	84.0947
0.3	45	55.1127
0.3	45	79.6574
0.3	45	139.984
0.3	45	-61.6189
0.3	45	168.872
0.3	45	55.5394
0.3	45	-81.6659
0.3	45	-161.993
0.3	45	18.985
0.3	45	-133.708
0.3	45	21.4318
0.3	45	-13.0654
0.3	45	-125.091
0.3	45	-112.618
0.3	45	136.84
0.3	45	19.8616
0.3	45	118.419
0.3	45	109.863
0.3	45	-15.4863
0.3	45	12.3367
0.3	45	5.44442
0.3	45	-152.668
0.3	45	91.5032
0.3	45	-0.347892
0.3	45	158.799
0.3	45	-141.289
0.3	45	-59.485
0.3	45	-5.68561
0.3	45	-12.7432
0.3	45	-110.979
0.3	45	95.3009
0.3	45	161.428
0.3	45	143.099
0.3	45	2.795
0.3	45	12.2568
0.3	45	35.3534
0.3	45	-76.4541
0.3	45	90.335
0.3	45	165.264
0.3	45	77.2074
0.3	45	52.5151
0.3	45	-111.957
0.3	45	-95.7269
0.3	45	117.575
0.3	45	-63.2355
0.3	45	-23.3196
0.3	45	163.46
0.3	45	-152.692
0.3	45	-168.104
0.3	45	144.049
0.3	45	98.3687
0.3	45	-51.5775
0.3	45	-162.317
0.3	45	28.5311
0.3	45	-111.288
0.3	45	-179.23
0.3	45	-122.772
0.3	45	-109.021
0.3	45	-43.3533
0.3	45	166.273
0.3	45	-161.046
0.3	45	132.687
0.3	45	-16.5686
0.3	45	-161.428
0.3	45	16.1471
0.3	45	168.993
0.3	45	144.262
0.3	45	103.537
0.3	45	71.5575
0.3	45	-150.482
0.3	45	-2.31155
0.3	45	-37.6541
0.3	45	-53.0226
0.3	45	-73.1299
0.3	45	155.915
0.3	45	59.0743
0.3	45	101.697
0.3	45	-178.12
0.3	45	117.578
0.3	45	85.1818
0.3	45	-72.028
0.3	45	-122.153
0.3	45	170.862
0.3	45	-8.00463
0.3	45	-0.447843
0.3	45	41.9685
0.3	45	36.7429
0.3	45	-55.9612
0.3	45	-4.60026
0.3	45	-80.4982
0.3	45	24.5593
0.3	45	-92.9718
0.3	45	178.085
0.3	45	92.8783
0.3	45	89.5124
0.3	45	121.115
0.3	45	-62.1116
0.3	45	-35.7621
0.3	45	53.2096
0.3	45	109.839
0.3	45	174.655
0.3	45	-51.2552
0.3	45	-137.662
0.3	45	-114.978
0.3	45	151.431
0.3	45	111.568
0.3	45	-19.2429
0.3	45	116.293
0.3	45	81.1005
0.3	45	-107.474
0.3	45	-96.0064
0.3	45	-1.5144
0.3	45	-58.9401
0.3	45	-8.76719
0.3	45	-61.1233
0.3	45	-66.8572
0.3	45	-9.05751
0.3	45	15.5529
0.3	45	-179.006
0.3	45	-159.021
0.3	45	-116.639
0.3	45	111.628
0.3	45	-151.23
0.3	45	-71.1706
0.3	45	-124.5
0.3	45	9.78285
0.3	45	151.306
0.3	45	-57.3503
0.3	45	6.75382
0.3	45	-88.1289
0.3	45	-177.034
0.3	45	1.31831
0.3	45	136.647
0.3	45	179.348
0.3	45	126.212
0.3	45	152.454
0.3	45	9.63262
0.3	45	9.98964
0.3	45	-50.4262
0.3	45	3.55429
0.3	45	-15.5465
0.3	45	-150.569
0.3	45	-80.4644
0.3	45	-34.5586
0.3	45	-49.9104
0.3	45	111.31
0.3	45	19.6142
0.3	45	77.2567
0.3	45	13.9388
0.3	45	24.166
0.3	45	-170.334
0.3	45	113.464
0.3	45	87.0836
0.3	45	-77.6865
0.3	45	-52.3676
0.3	45	-179.33
0.3	45	-93.1994
0.3	45	151.192
0.3	45	-152.859
0.3	45	-0.470781
0.3	45	136.848
0.3	45	81.2638
0.3	45	35.7206
0.3	45	106.055
0.3	45	75.3603
0.3	45	-159.47
0.3	45	-28.2293
0.3	45	105.794
0.3	45	15.9638
0.3	45	-80.3688
0.3	45	87.5964
0.3	45	-176.39
0.3	45	-39.0263
0.3	45	47.0559
0.3	45	155.345
0.3	45	-18.291
0.3	45	-112.941
0.3	45	134.579
0.3	45	-33.4242
0.3	45	-147.605
0.3	45	-10.3271
0.3	45	-10.4917
0.3	45	21.4372
0.3	45	-141.11
0.3	45	-124.077
0.3	45	-56.5572
0.3	45	18.602
0.3	45	-117.779
0.3	45	-25.1818
0.3	45	166.127
0.3	45	137.755
0.3	45	-130.273
0.3	45	-121.454
0.3	45	62.222
0.3	45	-33.0377
0.3	45	-84.9569
0.3	45	-14.035
0.3	45	173.709
0.3	45	148.698
0.3	45	75.0512
0.3	45	13.0355
0.3	45	117.991
0.3	45	-17.5897
0.3	45	148.279
0.3	45	141.533
0.3	45	96.7362
0.3	45	50.9272
0.3	45	-102.827
0.3	45	-44.0187
0.3	45	-88.3525
0.3	45	6.92192
0.3	45	156.162
0.3	45	137.13
0.3	45	-19.4738
0.3	45	-165.12
0.3	45	-80.4389
0.3	45	95.8154
0.3	45	99.6435
0.3	45	-71.5854
0.3	45	-109.952
0.3	45	126.629
0.3	45	-66.9405
0.3	45	-68.5268
0.3	45	-115.113
0.3	45	-52.8377
0.3	45	60.2361
0.3	45	-124.46
0.3	45	-145.473
0.3	45	162.018
0.3	45	-9.87338
0.3	45	-131.107
0.3	45	71.8305
0.3	45	42.2033
0.3	45	-85.0619
0.3	45	12.2691
0.3	45	176.712
0.3	45	35.5647
0.3	45	-66.0668
0.3	45	-4.74282
0.3	45	82.2637
0.3	45	21.2293
0.3	45	39.1232
0.3	45	-145.605
0.3	45	172.685
0.3	45	-45.481
0.3	45	-108.402
0.3	45	62.3928
0.3	45	9.31538
0.3	45	84.8489
0.3	45	85.6119
0.25	-45	-135.177
0.25	-45	73.9988
0.25	-45	-20.323
0.25	-45	23.294
0.25	-45	31.8577
0.25	-45	155.945
0.25	-45	-145.839
0.25	-45	175.971
0.25	-45	-87.4915
0.25	-45	86.7033
0.25	-45	8.26518
0.25	-45	88.7714
0.25	-45	-143.096
0.25	-45	97.6137
0.25	-45	119.724
0.25	-45	-157.868
0.25	-45	-83.5759
0.25	-45	-75.499
0.25	-45	-48.924
0.25	-45	-82.8834
0.25	-45	-77.3231
0.25	-45	-36.9996
0.25	-45	-54.9567
0.25	-45	129.617
0.25	-45	-93.0681
0.25	-45	97.8757
0.25	-45	-83.7044
0.25	-45	-58.5316
0.25	-45	-147.577
0.25	-45	85.7448
0.25	-45	-156.622
0.25	-45	121.565
0.25	-45	-140.878
0.25	-45	97.797
0.25	-45	88.5825
0.25	-45	-124.735
0.25	-45	-136.239
0.25	-45	-108.333
0.25	-45	3.35537
0.25	-45	164.955
0.25	-45	107.705
0.25	-45	176.193
0.25	-45	6.716
0.25	-45	-8.43845
0.25	-45	-5.51024
0.25	-45	14.3576
0.25	-45	-167.48
0.25	-45	-35.8019
0.25	-45	109.207
0.25	-45	-134.109
0.25	-45	-154.927
0.25	-45	-2.5558
0.25	-45	132.599
0.25	-45	80.5424
0.25	-45	10.94
0.25	-45	-116.91
0.25	-45	-102.293
0.25	-45	-141.24
0.25	-45	85.8728
0.25	-45	125.838
0.25	-45	109.433
0.25	-45	-114.272
0.25	-45	108.68
0.25	-45	-125.731
0.25	-45	165.262
0.25	-45	-90.6056
0.25	-45	-169.097
0.25	-45	20.5573
0.25	-45	-103.503
0.25	-45	-166.369
0.25	-45	-6.21773
0.25	-45	65.2751
0.25	-45	81.1171
0.25	-45	50.7061
0.25	-45	-82.831
0.25	-45	-68.3791
0.25	-45	-32.9269
0.25	-45	-122.816
0.25	-45	44.594
0.25	-45	170.013
0.25	-45	76.9011
0.25	-45	-81.2657
0.25	-45	66.6593
0.25	-45	-31.6295
0.25	-45	-23.1636
0.25	-45	-150.846
0.25	-45	81.8824
0.25	-45	157.471
0.25	-45	-159.439
0.25	-45	138.475
0.25	-45	-115.263
0.25	-45	-65.1418
0.25	-45	167.657
0.25	-45	178.505
0.25	-45	-156.214
0.25	-45	-47.0131
0.25	-45	-154.322
0.25	-45	-124.408
0.25	-45	-124.267
0.25	-45	-81.8855
0.25	-45	89.7505
0.25	-45	3.54042
0.25	-45	-71.3522
0.25	-45	-176.64
0.25	-45	-52.1341
0.25	-45	66.729
0.25	-45	28.7818
0.25	-45	131.238
0.25	-45	-57.3181
0.25	-45	93.6016
0.25	-45	-108.452
0.25	-45	-106.365
0.25	-45	93.4867
0.25	-45	162.706
0.25	-45	-169.565
0.25	-45	72.2586
0.25	-45	-159.042
0.25	-45	-44.7893
0.25	-45	-76.56
0.25	-45	-64.8225
0.25	-45	-45.8956
0.25	-45	101.273
0.25	-45	-82.11
0.25	-45	-134.681
0.25	-45	-140.72
0.25	-45	27.5297
0.25	-45	163.211
0.25	-45	162.113
0.25	-45	102.547
0.25	-45	22.0271
0.25	-45	-49.8222
0.25	-45	104.097
0.25	-45	-37.1301
0.25	-45	-116.992
0.25	-45	-79.1396
0.25	-45	-149.268
0.25	-45	22.5852
0.25	-45	164.544
0.25	-45	-105.245
0.25	-45	51.1134
0.25	-45	14.5257
0.25	-45	-131.773
0.25	-45	120.582
0.25	-45	-157.076
0.25	-45	28.3575
0.25	-45	54.9052
0.25	-45	-71.9056
0.25	-45	167.738
0.25	-45	-127.799
0.25	-45	140.915
0.25	-45	-115.966
0.25	-45	-82.1051
0.25	-45	95.4563
0.25	-45	-154.141
0.25	-45	35.7946
0.25	-45	63.8201
0.25	-45	-151.34
0.25	-45	149.297
0.25	-45	126.81
0.25	-45	145.589
0.25	-45	-15.2299
0.25	-45	-166.81
0.25	-45	-123.825
0.25	-45	-19.3435
0.25	-45	-55.4583
0.25	-45	88.6069
0.25	-45	-21.7597
0.25	-45	-73.4323
0.25	-45	51.5334
0.25	-45	90.7491
0.25	-45	-127.021
0.25	-45	27.6119
0.25	-45	91.9101
0.25	-45	27.9737
0.25	-45	141.999
0.25	-45	142.201
0.25	-45	-176.857
0.25	-45	-125.396
0.25	-45	60.4509
0.25	-45	-52.4783
0.25	-45	61.4489
0.25	-45	65.9066
0.25	-45	-137.957
0.25	-45	-130.313
0.25	-45	71.7272
0.25	-45	93.0997
0.25	-45	-53.3733
0.25	-45	27.3814
0.25	-45	134.997
0.25	-45	-13.383
0.25	-45	-63.1827
0.25	-45	-133.794
0.25	-45	-11.6815
0.25	-45	-82.8922
0.25	-45	172.245
0.25	-45	-82.4611
0.25	-45	-91.6331
0.25	-45	-4.77419
0.25	-45	11.0795
0.25	-45	-179.009
0.25	-45	106.37
0.25	-45	-26.2757
0.25	-45	-123.138
0.25	-45	-158.929
0.25	-45	111.431
0.25	-45	-161.458
0.25	-45	-154.827
0.25	-45	-81.4788
0.25	-45	-30.3705
0.25	-45	103.247
0.25	-45	-51.8735
0.25	-45	101.243
0.25	-45	-19.267
0.25	-45	155.273
0.25	-45	-126.051
0.25	-45	118.214
0.25	-45	-17.9354
0.25	-45	-68.8568
0.25	-45	-113.97
0.25	-45	-143.913
0.25	-45	-142.113
0.25	-45	-141.513
0.25	-45	-167.523
0.25	-45	-93.6461
0.25	-45	-105.314
0.25	-45	-7.48087
0.25	-45	55.0054
0.25	-45	-174.708
0.25	-45	8.81505
0.25	-45	-109.591
0.25	-45	-146.816
0.25	-45	163.132
0.25	-45	71.0549
0.25	-45	-1.15737
0.25	-45	-31.2398
0.25	-45	112.473
0.25	-45	63.461
0.25	-45	32.6009
0.25	-45	23.0143
0.25	-45	-97.1284
0.25	-45	0.179052
0.25	-45	-158.44
0.25	-45	56.0207
0.25	-45	-174.67
0.25	-45	-148.654
0.25	-45	62.8923
0.25	-45	-60.2379
0.25	-45	-123.961
0.25	-45	-106.803
0.25	-45	69.5883
0.25	-45	-131.075
0.25	-45	-117.042
0.25	-45	-128.671
0.25	-45	122.604
0.25	-45	51.431
0.25	-45	13.4498
0.25	-45	3.32548
0.25	-45	-65.4222
0.25	-45	-44.955
0.25	-45	90.6526
0.25	-45	45.6903
0.25	-45	-92.2437
0.25	-45	-167.389
0.25	-45	23.6007
0.25	-45	-5.50795
0.25	-45	-38.3986
0.25	-45	108.218
0.25	-45	-72.3445
0.25	-45	-48.7778
0.25	-45	-8.56036
0.25	-45	-2.90717
0.25	-45	-40.6635
0.25	-45	-130.467
0.25	-45	88.7306
0.25	-45	-28.1241
0.25	-45	-100.566
0.25	-45	-112.709
0.25	-45	98.6453
0.25	-45	-118.444
0.25	-45	-103.272
0.25	-45	132.896
0.25	-45	-25.9257
0.25	-45	9.28156
0.25	-45	101.283
0.25	-45	15.0082
0.25	-45	111.207
0.25	-45	61.4117
0.25	-45	80.3289
0.25	-45	-25.1802
0.25	-45	12.7405
0.25	-45	156.686
0.25	-45	-135.856
0.25	-45	28.713
0.25	-45	-160.001
0.25	-45	-78.8236
0.25	-45	110.871
0.25	-45	122.943
0.25	-45	93.605
0.25	-45	-32.3688
0.25	-45	118.3
0.25	-45	-179.94
0.25	-45	-80.1736
0.25	-45	-12.5204
0.25	-45	126.11
0.25	-45	61.1643
0.25	-45	170.904
0.25	-45	-22.0727
0.25	-45	36.3034
0.25	-45	32.1631
0.25	-45	-28.4683
0.25	-45	-72.6931
0.25	-45	178.671
0.25	-45	11.2151
0.25	-45	-163.046
0.25	-45	-59.7663
0.25	-45	-15.294
0.25	-45	24.488
0.25	-45	-173.188
0.25	-45	-121.862
0.25	-45	-106.291
0.25	-45	174.029
0.25	-45	138.107
0.25	-45	-66.5885
0.25	-45	38.0022
0.25	-45	56.7751
0.25	-45	-49.7252
0.25	-45	74.9514
0.25	-45	-88.2244
0.25	-45	-70.4922
0.25	-45	105.244
0.25	-45	-27.9691
0.25	-45	54.6309
0.25	-45	-167.826
0.25	-45	-167.531
0.25	-45	-123.544
0.25	-45	-67.6156
0.25	-45	-176.801
0.25	-45	136.251
0.25	-45	-87.6274
0.25	-45	5.18765
0.25	-45	-137.652
0.25	-45	-8.60369
0.25	-45	-94.7151
0.25	-45	-168.04
0.25	-45	78.6795
0.25	-45	-28.8404
0.25	-45	-125.296
0.25	-45	118.451
0.25	-45	-91.793
0.25	-45	-162.471
0.25	-45	-175.253
0.25	-45	41.1181
0.25	-45	-115.236
0.25	-45	-163.08
0.25	-45	38.4984
0.25	-45	29.0939
0.25	-45	-126.672
0.25	-45	88.2723
0.25	-45	-40.6442
0.25	-45	29.5052
0.25	-45	-82.8984
0.25	-45	141.351
0.25	-45	-19.7114
0.25	-45	12.8551
0.25	-45	-103.105
0.25	-45	-154.659
0.25	-45	-176.409
0.25	-45	96.9739
0.25	-45	22.4363
0.25	-45	67.4743
0.25	-45	43.6017
0.25	-45	57.5994
0.25	-45	174.383
0.25	-45	1.40028
0.25	-45	-37.8572
0.25	-45	3.16929
0.25	-45	4.86509
0.25	-45	-71.1689
0.25	-45	-141.931
0.25	-45	-98.0345
0.25	-45	18.0213
0.25	-45	-87.0167
0.25	-45	-107.507
0.25	-45	153.542
0.25	-45	-84.4279
0.25	-45	143.606
0.25	-45	-100.901
0.25	-45	-112.236
0.25	-45	118.388
0.25	-45	16.3235
0.25	-45	-82.2512
0.25	-45	-15.4464
0.25	-45	85.9656
0.25	-45	-136.068
0.25	-45	151.146
0.25	-45	-32.7671
0.25	-45	122.734
0.25	-45	87.1277
0.25	-45	14.1876
0.25	-45	-179.164
0.25	-45	-129.642
0.25	-45	-172.669
0.25	-45	12.0375
0.25	-45	63.3932
0.25	-45	82.5515
0.25	-45	-53.9668
0.25	-45	-125.728
0.25	-45	-113.525
0.25	-45	-167.427
0.25	-45	-101.526
0.25	-45	43.6966
0.25	-45	78.8429
0.25	-45	74.9366
0.25	-45	-135.917
0.25	-45	-106.503
0.25	-45	-82.4709
0.25	-45	92.8076
0.25	-45	-126.258
0.25	-45	-102.005
0.25	-45	113.778
0.25	-45	-77.528
0.25	-45	146.808
0.25	-45	-103.719
0.25	-45	-57.7539
0.25	-45	-82.4519
0.25	-45	-143.708
0.25	-45	25.2363
0.25	-45	-136.905
0.25	-45	120.41
0.25	-45	-55.1735
0.25	-45	-142.322
0.25	-45	61.0787
0.25	-45	-26.2462
0.25	-45	-28.8341
0.25	-45	-171.977
0.25	-45	29.3866
0.25	-45	-167.832
0.25	-45	55.7858
0.25	-45	12.6661
0.25	-45	118.931
0.25	-45	12.3988
0.25	-45	125.312
0.25	-45	172.727
0.25	-45	94.0795
0.25	-45	58.7991
0.25	-45	-79.7204
0.25	-45	43.2531
0.25	-45	-124.131
0.25	-45	56.4984
0.25	-45	78.0133
0.25	-45	91.2583
0.25	-45	-69.567
0.25	-45	-129.655
0.25	-45	-166.252
0.25	-45	-153.008
0.25	-45	104.378
0.25	-45	-159.511
0.25	-45	-96.8309
0.25	-45	-32.0185
0.25	-45	-55.4258
0.25	-45	137.122
0.25	-45	-102.604
0.25	-45	92.3377
0.25	-45	112.167
0.25	-45	179.988
0.25	-45	-36.11
0.25	-45	55.7732
0.25	-45	-137.5
0.25	-45	-96.0989
0.25	-45	96.0771
0.25	-45	-79.27
0.25	-45	65.0257
0.25	-45	48.0163
0.25	-45	73.6469
0.25	-45	77.2431
0.25	-45	121.972
0.25	-45	-170.816
0.25	-45	-111.093
0.25	-45	-21.7789
0.25	-45	27.2285
0.25	-45	64.466
0.25	-45	60.1308
0.25	-45	-129.384
0.25	-45	-130.273
0.25	-45	90.4114
0.25	-45	55.298
0.25	-45	157.734
0.25	-45	-93.176
0.25	-45	-97.3381
0.25	-45	-5.77055
0.25	-45	-68.7023
0.25	-45	100.414
0.25	-45	-168.869
0.25	-45	-146.822
0.25	-45	-50.3101
0.25	-45	-59.5317
0.25	-45	-66.7175
0.25	-45	-146.764
0.25	-45	46.3116
0.25	-45	4.2114
0.25	-45	67.8089
0.25	-45	94.5089
0.25	-45	136.559
0.25	-45	-5.19198
0.25	-45	1.09571
0.25	-45	-171.418
0.25	-45	-78.7792
0.25	-45	0.098149
0.25	-45	108.931
0.25	-45	-39.1607
0.25	-45	64.8394
0.25	-45	-47.7799
0.25	-45	-50.2434
0.25	-45	134.833
0.25	-45	170.918
0.25	-45	-172.863
0.25	-45	-161.782
0.25	-45	119.439
0.25	-45	120.598
0.25	-45	-127.946
0.25	-45	45.7769
0.25	-45	173.745
0.25	-45	-126.393
0.25	-45	-13.4205
0.25	-45	156.089
0.25	-45	-178.529
0.25	-45	-49.5555
0.25	-45	170.091
0.25	-45	89.9189
0.25	-45	128.257
0.25	-45	95.3513
0.25	-45	163.97
0.25	-45	-174.705
0.25	-45	73.5168
0.25	-45	25.9974
0.25	-45	24.0083
0.25	-45	63.1416
0.25	-45	-51.3296
0.25	-45	128.228
0.25	-45	65.7683
0.25	-45	-97.6849
0.25	-45	-116.029
0.25	-45	166.58
0.25	-45	-45.5048
0.25	-45	-25.2782
0.25	-45	88.0039
0.25	-45	41.4356
0.25	-45	154.982
0.25	-45	-100.43
0.25	-45	-56.9731
0.25	-45	-122.473
0.25	-45	-65.3224
0.25	-45	69.9152
0.25	-45	147.215
0.25	-45	137.707
0.25	-45	-47.6557
0.25	-45	-164.248
0.25	-45	43.0529
0.25	-45	-20.3602
0.25	-45	-84.3145
0.25	-45	84.0791
0.25	-45	44.4419
0.25	-45	-152.615
0.25	-45	-101.864
0.25	-45	-143.604
0.25	-45	-15.0958
0.25	-45	-67.8646
0.25	-45	-122.47
0.25	-45	48.8719
0.25	-45	101.548
0.25	-45	37.5902
0.25	-45	-164.329
0.25	-45	173.02
0.25	-45	-22.3437
0.25	-45	152.133
0.25	-45	17.6698
0.25	-45	-50.8191
0.25	-45	-115.241
0.25	-45	-152.578
0.25	-45	63.391
0.25	-45	-41.0013
0.25	-45	87.8127
0.25	-45	-2.61668
0.25	-45	-57.6932
0.25	-45	-15.7373
0.25	-45	-167.491
0.25	-45	145.707
0.25	-45	42.9525
0.25	-45	7.50256
0.25	-45	-162.488
0.25	-45	76.4376
0.25	-45	-0.724598
0.25	-45	91.6369
0.25	-45	-83.9331
0.25	-45	-84.9165
0.25	-45	-110.901
0.25	-45	-88.6017
0.25	-45	57.191
0.25	-45	157.957
0.25	-45	124.278
0.25	-45	-127.944
0.25	-45	-138.964
0.25	-45	61.4204
0.25	-45	68.3597
0.25	-45	90.444
0.25	-45	75.0358
0.25	-45	140.255
0.25	-45	10.5408
0.25	-45	-23.3705
0.25	-45	45.064
0.25	-45	-158.613
0.25	-45	-0.762852
0.25	-45	-33.6359
0.25	-45	-110.596
0.25	-45	63.4845
0.25	-45	-131.25
0.25	-45	-57.2339
0.25	-45	135.415
0.25	-45	-101.84
0.25	-45	136.859
0.25	-45	29.5173
0.25	-45	89.6378
0.25	-45	78.5282
0.25	-45	-81.8798
0.25	-45	-109.905
0.25	-45	92.6518
0.25	-45	-12.7736
0.25	-45	11.8389
0.25	-45	-165.639
0.25	-45	-143.334
0.25	-45	46.4247
0.25	-45	-158.528
0.25	-45	-173.953
0.25	-45	-90.9965
0.25	-45	105.825
0.25	-45	-171.992
0.25	-45	73.5338
0.25	-45	55.1263
0.25	-45	-86.1084
0.25	-45	79.7823
0.25	-45	2.90666
0.25	-45	159.538
0.25	-45	-47.2543
0.25	-45	-103.319
0.25	-45	90.6407
0.25	-45	14.398
0.25	-45	-95.3346
0.25	-45	-53.6211
0.25	-45	97.3268
0.25	-45	-149.496
0.25	-45	-6.47487
0.25	-45	113.56
0.25	-45	10.5274
0.25	-45	33.0526
0.25	-45	-21.1264
0.25	-45	-67.8842
0.25	-45	-116.019
0.25	-45	-70.6511
0.25	-45	-14.762
0.25	-45	0.436791
0.25	-45	-140.964
0.25	-45	-140.36
0.25	-45	-88.0648
0.25	-45	57.0319
0.25	-45	-32.725
0.25	-45	1.02291
0.25	-45	90.5059
0.25	-45	105.491
0.25	-45	157.153
0.25	-45	-56.2393
0.25	-45	-15.89
0.25	-45	81.6554
0.25	-45	-20.3858
0.25	-45	-136.29
0.25	-45	47.566
0.25	-45	-60.3858
0.25	-45	93.9393
0.25	-45	-43.1343
0.25	-45	123.67
0.25	-45	-119.53
0.25	-45	13.7654
0.25	-45	-67.0781
0.25	-45	152.082
0.25	-45	74.3853
0.25	-45	9.60154
0.25	-45	-133.089
0.25	-45	-62.922
0.25	-45	-173.011
0.25	-45	-150.335
0.25	-45	35.2867
0.25	-45	148.092
0.25	-45	109.751
0.25	-45	-115.745
0.25	-45	54.1012
0.25	-45	76.9283
0.25	-45	-75.2133
0.25	-45	145.779
0.25	-45	121.151
0.25	-45	13.9391
0.25	-45	-154.238
0.25	-45	54.9775
0.25	-45	166.888
0.25	-45	179.932
0.25	-45	-92.8035
0.25	-45	-125.333
0.25	-45	78.8317
0.25	-45	-46.7996
0.25	-45	-58.6971
0.25	-45	39.0095
0.25	-45	174.81
0.25	-45	-120.121
0.25	-45	29.3755
0.25	-45	163.967
0.25	-45	50.6313
0.25	-45	159.108
0.25	-45	34.0763
0.25	-45	-15.3152
0.25	-45	123.38
0.25	-45	-84.1509
0.25	-45	4.82702
0.25	-45	-132.516
0.25	-45	102.145
0.25	-45	-52.2307
0.25	-45	7.90693
0.25	-45	9.21866
0.25	-45	119.142
0.25	-45	-178.608
0.25	-45	-20.4494
0.25	-45	28.5214
0.25	-45	-13.0995
0.25	-45	129.784
0.25	-45	-33.7218
0.25	-45	-28.9238
0.25	-45	-143.58
0.25	-45	-148.628
0.25	-45	-84.0419
0.25	-45	122.372
0.25	-45	-42.8358
0.25	-45	-105.121
0.25	-45	-129.486
0.25	-45	-109.687
0.25	-45	-23.2027
0.25	-45	-138.902
0.25	-45	-26.0603
0.25	-45	-64.5316
0.25	-45	-28.7125
0.25	-45	-34.9198
0.25	-45	112.321
0.25	-45	146.86
0.25	-45	-178.029
0.25	-45	116.042
0.25	-45	-166.756
0.25	-45	-35.8171
0.25	-45	114.744
0.25	-45	-114.105
0.25	-45	103.721
0.25	-45	153.127
0.25	-45	97.2645
0.25	-45	16.2095
0.25	-45	-105.997
0.25	-45	24.4524
0.25	-45	-161.256
0.25	-45	75.7761
0.25	-45	-69.8498
0.25	-45	-176.605
0.25	-45	-69.1919
0.25	-45	-49.7893
0.25	-45	-111.007
0.25	-45	-158.001
0.25	-45	-132.387
0.25	-45	-116.417
0.25	-45	-115.87
0.25	-45	62.7561
0.25	-45	-141.675
0.25	-45	148.892
0.25	-45	113.13
0.25	-45	0.27913
0.25	-45	2.97804
0.25	-45	-106.552
0.25	-45	141.886
0.25	-45	-121.416
0.25	-45	30.965
0.25	-45	-104.555
0.25	-45	21.7923
0.25	-45	162.568
0.25	-45	148.293
0.25	-45	143.251
0.25	-45	149.712
0.25	-45	-129.484
0.25	-45	-95.9442
0.25	-45	-106.418
0.25	-45	-39.6663
0.25	-45	133.921
0.25	-45	-49.5553
0.25	-45	14.1968
0.25	-45	60.6342
0.25	-45	49.0676
0.25	-45	39.0849
0.25	-45	170.985
0.25	-45	51.895
