pol	setting	phi
0.3	45	-65.1275
0.3	45	159.176
0.3	45	-42.4541
0.3	45	65.5153
0.3	45	41.7559
0.3	45	-108.871
0.3	45	-110.902
0.3	45	53.0631
0.3	45	111.943
0.3	45	-81.2328
0.3	45	29.6811
0.3	45	106.594
0.3	45	-169.233
0.3	45	40.2537
0.3	45	-122.875
0.3	45	-139.294
0.3	45	179.232
0.3	45	-23.677
0.3	45	49.4869
0.3	45	-83.3899
0.3	45	25.8075
0.3	45	-31.9129
0.3	45	-133.814
0.3	45	7.88038
0.3	45	165.799
0.3	45	99.0742
0.3	45	-33.858
0.3	45	-20.3
0.3	45	158.636
0.3	45	168.568
0.3	45	-130.988
0.3	45	78.3323
0.3	45	129.33
0.3	45	-2.81182
0.3	45	-114.313
0.3	45	144.12
0.3	45	20.1167
0.3	45	121.615
0.3	45	2.58678
0.3	45	-24.5027
0.3	45	-75.3192
0.3	45	117.456
0.3	45	59.9029
0.3	45	166.59
0.3	45	7.50824
0.3	45	-169.819
0.3	45	-19.7561
0.3	45	-3.5685
0.3	45	-49.4467
0.3	45	18.0535
0.3	45	-132.58
0.3	45	116.493
0.3	45	32.4657
0.3	45	-163.46
0.3	45	-144.636
0.3	45	78.0438
0.3	45	-93.9422
0.3	45	-44.3773
0.3	45	172.581
0.3	45	-158.568
0.3	45	-23.136
0.3	45	-6.93297
0.3	45	95.0076
0.3	45	-30.3598
0.3	45	53.6385
0.3	45	27.939
0.3	45	140.029
0.3	45	114.166
0.3	45	147.031
0.3	45	22.9073
0.3	45	110.083
0.3	45	-44.1357
0.3	45	-110.489
0.3	45	-94.1595
0.3	45	-78.7498
0.3	45	134.657
0.3	45	-115.589
0.3	45	-126.532
0.3	45	169.813
0.3	45	-80.1602
0.3	45	-152.028
0.3	45	-52.4882
0.3	45	171.178
0.3	45	-72.4548
0.3	45	87.5636
0.3	45	175.478
0.3	45	-39.5253
0.3	45	-52.7247
0.3	45	8.60066
0.3	45	80.5388
0.3	45	-132.475
0.3	45	-138.201
0.3	45	50.9543
0.3	45	170.607
0.3	45	2.36897
0.3	45	-121.645
0.3	45	-33.1247
0.3	45	149.858
0.3	45	-33.5996
0.3	45	-129.595
0.3	45	163.767
0.3	45	19.0632
0.3	45	-6.37089
0.3	45	113.491
0.3	45	127.085
0.3	45	-92.0867
0.3	45	-113.51
0.3	45	108.712
0.3	45	-70.696
0.3	45	150.359
0.3	45	98.6506
0.3	45	117.779
0.3	45	-126.338
0.3	45	58.0935
0.3	45	92.297
0.3	45	-106.821
0.3	45	-159.57
0.3	45	-18.0999
0.3	45	85.0241
0.3	45	-5.06045
0.3	45	-85.5158
0.3	45	-173.512
0.3	45	164.141
0.3	45	124.341
0.3	45	53.2899
0.3	45	-146.081
0.3	45	-108.762
0.3	45	146.163
0.3	45	-122.287
0.3	45	-178.945
0.3	45	135.846
0.3	45	85.8093
0.3	45	-101.123
0.3	45	-111.203
0.3	45	-31.4898
0.3	45	12.9066
0.3	45	56.1643
0.3	45	-90.8452
0.3	45	121.836
0.3	45	-109.747
0.3	45	-116.8
0.3	45	-115.973
0.3	45	171.297
0.3	45	-67.4759
0.3	45	-35.7821
0.3	45	144.235
0.3	45	-153.35
0.3	45	90.2885
0.3	45	-145.607
0.3	45	-31.9273
0.3	45	-113.262
0.3	45	-49.2091
0.3	45	150.843
0.3	45	52.3535
0.3	45	-17.0208
0.3	45	3.49611
0.3	45	89.3324
0.3	45	79.541
0.3	45	178.544
0.3	45	-142.26
0.3	45	83.9246
0.3	45	-154.128
0.3	45	-132.821
0.3	45	-73.366
0.3	45	-74.1699
0.3	45	-164.488
0.3	45	-24.0939
0.3	45	-30.3066
0.3	45	107.304
0.3	45	-148.38
0.3	45	102.131
0.3	45	102.011
0.3	45	-48.1559
0.3	45	-51.46
0.3	45	142.462
0.3	45	9.56618
0.3	45	17.4544
0.3	45	156.683
0.3	45	155.702
0.3	45	-41.5439
0.3	45	-85.8303
0.3	45	-88.4159
0.3	45	-17.7334
0.3	45	-15.5394
0.3	45	133.077
0.3	45	136.659
0.3	45	-21.4714
0.3	45	135.959
0.3	45	28.896
0.3	45	174.219
0.3	45	-44.4228
0.3	45	-127.542
0.3	45	14.8085
0.3	45	-46.827
0.3	45	127.068
0.3	45	-125.952
0.3	45	-27.7743
0.3	45	-15.575
0.3	45	-45.6546
0.3	45	149.191
0.3	45	-121.244
0.3	45	152.209
0.3	45	-106.937
0.3	45	117.812
0.3	45	-4.25648
0.3	45	-43.1854
0.3	45	-4.82497
0.3	45	147.529
0.3	45	107.725
0.3	45	89.0111
0.3	45	-179.482
0.3	45	-175.142
0.3	45	6.68271
0.3	45	54.0665
0.3	45	-75.6003
0.3	45	-96.8146
0.3	45	-110.73
0.3	45	-78.74
0.3	45	-36.1381
0.3	45	80.023
0.3	45	-145.337
0.3	45	-26.5618
0.3	45	-109.296
0.3	45	95.0366
0.3	45	2.70884
0.3	45	-3.52922
0.3	45	12.5443
0.3	45	-162.698
0.3	45	-94.688
0.3	45	14.2425
0.3	45	-56.5723
0.3	45	40.3708
0.3	45	-116.517
0.3	45	-45.1653
0.3	45	86.5729
0.3	45	150.042
0.3	45	-67.494
0.3	45	-38.0944
0.3	45	128.294
0.3	45	-17.1194
0.3	45	25.9214
0.3	45	21.1874
0.3	45	74.6612
0.3	45	-132.917
0.3	45	-155.616
0.3	45	157.869
0.3	45	28.9035
0.3	45	-96.4617
0.3	45	-171.359
0.3	45	-117.425
0.3	45	-31.5727
0.3	45	-162.586
0.3	45	-50.904
0.3	45	-29.2175
0.3	45	-135.492
0.3	45	168.857
0.3	45	-32.58
0.3	45	-166.584
0.3	45	160.15
0.3	45	-35.2585
0.3	45	140.392
0.3	45	-52.6842
0.3	45	-98.664
0.3	45	104.108
0.3	45	-74.284
0.3	45	-99.6762
0.3	45	-47.3696
0.3	45	-112.197
0.3	45	-51.5454
0.3	45	-7.32564
0.3	45	-106.142
0.3	45	-37.3863
0.3	45	113.522
0.3	45	0.829839
0.3	45	-62.0277
0.3	45	102.107
0.3	45	120.016
0.3	45	-81.6452
0.3	45	-100.22
0.3	45	139.731
0.3	45	-65.2947
0.3	45	-108.993
0.3	45	59.9712
0.3	45	46.2608
0.3	45	87.7322
0.3	45	178.693
0.3	45	116.976
0.3	45	101.766
0.3	45	-98.2156
0.3	45	121.978
0.3	45	70.4503
0.3	45	-12.0256
0.3	45	110.867
0.3	45	13.8004
0.3	45	-133.552
0.3	45	-134.823
0.3	45	129.014
0.3	45	-178.214
0.3	45	-154.351
0.3	45	150.914
0.3	45	158.753
0.3	45	-175.771
0.3	45	-93.8912
0.3	45	137.855
0.3	45	55.6559
0.3	45	-102.056
0.3	45	26.0369
0.3	45	-42.849
0.3	45	-133.633
0.3	45	-61.0604
0.3	45	71.3492
0.3	45	165.328
0.3	45	-65.9098
0.3	45	-91.6746
0.3	45	146.675
0.3	45	-143.22
0.3	45	46.9047
0.3	45	169.064
0.3	45	131.782
0.3	45	155
0.3	45	-27.469
0.3	45	-109.721
0.3	45	-146.361
0.3	45	17.0424
0.3	45	29.3099
0.3	45	119.961
0.3	45	83.4523
0.3	45	-156.71
0.3	45	101.972
0.3	45	-49.5587
0.3	45	142.056
0.3	45	-0.961445
0.3	45	17.296
0.3	45	113.325
0.3	45	-48.1727
0.3	45	67.6638
0.3	45	162.712
0.3	45	-104.084
0.3	45	-105.075
0.3	45	98.4328
0.3	45	84.1248
0.3	45	-54.3212
0.3	45	-134.326
0.3	45	-152.044
0.3	45	-100.049
0.3	45	-48.2736
0.3	45	-149.107
0.3	45	158.79
0.3	45	148.938
0.3	45	163.32
0.3	45	135.57
0.3	45	-123.526
0.3	45	-137.321
0.3	45	-85.4121
0.3	45	-16.6359
0.3	45	-46.6897
0.3	45	103.47
0.3	45	164.574
0.3	45	17.231
0.3	45	140.422
0.3	45	15.8798
0.3	45	60.9031
0.3	45	45.179
0.3	45	-99.3499
0.3	45	-28.9773
0.3	45	-56.6823
0.3	45	-72.41
0.3	45	108.312
0.3	45	-38.6555
0.3	45	-72.2952
0.3	45	149.376
0.3	45	86.9386
0.3	45	-35.3255
0.3	45	-144.784
0.3	45	36.4159
0.3	45	152.763
0.3	45	90.7334
0.3	45	-110.891
0.3	45	-167.1
0.3	45	-26.0729
0.3	45	136.189
0.3	45	56.2312
0.3	45	-155.359
0.3	45	-123.416
0.3	45	53.7874
0.3	45	44.7325
0.3	45	9.25132
0.3	45	-18.6248
0.3	45	63.4958
0.3	45	112.451
0.3	45	-157.527
0.3	45	6.46363
0.3	45	-133.809
0.3	45	36.1875
0.3	45	154.787
0.3	45	81.2967
0.3	45	-158.593
0.3	45	152.8
0.3	45	124.504
0.3	45	-166.529
0.3	45	-78.7084
0.3	45	-88.357
0.3	45	123.844
0.3	45	-88.3578
0.3	45	20.6619
0.3	45	-82.0657
0.3	45	83.3666
0.3	45	41.7635
0.3	45	61.91
0.3	45	-10.8293
0.3	45	127.65
0.3	45	154.176
0.3	45	-98.4762
0.3	45	52.9037
0.3	45	99.2864
0.3	45	-167.717
0.3	45	-28.5164
0.3	45	-87.9907
0.3	45	140.451
0.3	45	15.231
0.3	45	37.7991
0.3	45	-42.1527
0.3	45	-58.6393
0.3	45	15.6638
0.3	45	-104.062
0.3	45	-52.3911
0.3	45	-10.1425
0.3	45	24.6028
0.3	45	123.955
0.3	45	0.653226
0.3	45	138.759
0.3	45	160.484
0.3	45	29.3816
0.3	45	-53.4588
0.3	45	-117.336
0.3	45	8.0611
0.3	45	158.555
0.3	45	-177.6
0.3	45	94.6523
0.3	45	6.27788
0.3	45	-28.8865
0.3	45	-27.8666
0.3	45	13.8931
0.3	45	-66.4262
0.3	45	-83.8006
0.3	45	-179.39
0.3	45	152.112
0.3	45	-124.031
0.3	45	158.721
0.3	45	-150.454
0.3	45	148.724
0.3	45	-120.384
0.3	45	-26.8039
0.3	45	-156.961
0.3	45	12.3063
0.3	45	115.641
0.3	45	-155.912
0.3	45	107.577
0.3	45	-65.2509
0.3	45	-139.263
0.3	45	-112.175
0.3	45	148.208
0.3	45	-28.189
0.3	45	-91.2325
0.3	45	-23.9507
0.3	45	-21.7172
0.3	45	58.5585
0.3	45	69.2462
0.3	45	-62.0005
0.3	45	156.136
0.3	45	111.359
0.3	45	-93.1651
0.3	45	-93.6292
0.3	45	-41.2493
0.3	45	140.749
0.3	45	-122.331
0.3	45	-24.762
0.3	45	52.6503
0.3	45	68.3409
0.3	45	91.0037
0.3	45	88.5827
0.3	45	125.808
0.3	45	18.4142
0.3	45	-125.053
0.3	45	8.36414
0.3	45	163.289
0.3	45	-25.4676
0.3	45	30.1543
0.3	45	-49.229
0.3	45	-152.402
0.3	45	-95.3286
0.3	45	-132.572
0.3	45	169.041
0.3	45	152.104
0.3	45	118.054
0.3	45	81.0054
0.3	45	88.7825
0.3	45	-18.2626
0.3	45	-158.999
0.3	45	-84.3312
0.3	45	-75.0315
0.3	45	-58.459
0.3	45	86.2664
0.3	45	28.8041
0.3	45	166.536
0.3	45	156.442
0.3	45	62.9076
0.3	45	12.1555
0.3	45	-123.01
0.3	45	87.0091
0.3	45	-110.703
0.3	45	117.67
0.3	45	105.355
0.3	45	-33.5982
0.3	45	55.3353
0.3	45	149.182
0.3	45	173.757
0.3	45	-16.1233
0.3	45	179.905
0.3	45	170.366
0.3	45	-132.056
0.3	45	-104.719
0.3	45	-139.123
0.3	45	-161.796
0.3	45	65.6763
0.3	45	-52.1206
0.3	45	-153.892
0.3	45	-164.958
0.3	45	24.0411
0.3	45	69.6889
0.3	45	-113.066
0.3	45	-3.52095
0.3	45	14.0574
0.3	45	-43.4584
0.3	45	-19.5868
0.3	45	-55.3263
0.3	45	179.757
0.3	45	-54.0056
0.3	45	-55.759
0.3	45	43.1064
0.3	45	156.079
0.3	45	-28.8711
0.3	45	57.0814
0.3	45	139.129
0.3	45	129.482
0.3	45	-66.266
0.3	45	-175.561
0.3	45	-18.6756
0.3	45	30.0155
0.3	45	-96.0244
0.3	45	-84.6442
0.3	45	134.186
0.3	45	-66.842
0.3	45	-56.4952
0.3	45	-22.6873
0.3	45	-2.82268
0.3	45	80.6522
0.3	45	102.695
0.3	45	137.488
0.3	45	161.079
0.3	45	48.9593
0.3	45	-102.218
0.3	45	-29.3513
0.3	45	-23.7581
0.3	45	165.424
0.3	45	-36.5897
0.3	45	50.1093
0.3	45	43.6619
0.3	45	1.33943
0.3	45	92.1345
0.3	45	-21.3821
0.3	45	166.974
0.3	45	-172.377
0.3	45	-167.92
0.3	45	48.2195
0.3	45	53.8224
0.3	45	-97.6088
0.3	45	146.1
0.3	45	35.8827
0.3	45	30.7715
0.3	45	121.124
0.3	45	164.567
0.3	45	45.9696
0.3	45	130.736
0.3	45	-68.7485
0.3	45	105.89
0.3	45	-149.078
0.3	45	15.2397
0.3	45	-29.5534
0.3	45	-157.632
0.3	45	-78.0894
0.3	45	-110.417
0.3	45	25.3089
0.3	45	-72.3912
0.3	45	-27.1693
0.3	45	77.8227
0.3	45	-2.67586
0.3	45	-173.737
0.3	45	128.31
0.3	45	62.2428
0.3	45	39.0006
0.3	45	-42.8172
0.3	45	35.1816
0.3	45	-64.6964
0.3	45	-99.8243
0.3	45	93.7613
0.3	45	-16.6356
0.3	45	20.4993
0.3	45	-125.459
0.3	45	4.20143
0.3	45	16.4622
0.3	45	115.366
0.3	45	-133.414
0.3	45	-175.427
0.3	45	119.281
0.3	45	-23.9655
0.3	45	146.367
0.3	45	116.904
0.3	45	173.267
0.3	45	-96.6109
0.3	45	-18.6377
0.3	45	-31.2879
0.3	45	-113.383
0.3	45	-66.558
0.3	45	-87.2761
0.3	45	3.52737
0.3	45	106.32
0.3	45	-90.5174
0.3	45	-99.9146
0.3	45	-31.8193
0.3	45	41.3217
0.3	45	-91.2541
0.3	45	175.767
0.3	45	173.438
0.3	45	122.996
0.3	45	-28.0298
0.3	45	-67.1552
0.3	45	44.7621
0.3	45	-54.9689
0.3	45	-98.1147
0.3	45	-136.663
0.3	45	37.1059
0.3	45	-162.83
0.3	45	-40.2471
0.3	45	-93.3572
0.3	45	77.8223
0.3	45	103.31
0.3	45	-55.7327
0.3	45	50.0677
0.3	45	-90.7114
0.3	45	-103.348
0.3	45	-152.868
0.3	45	80.2861
0.3	45	163.729
0.3	45	-164.976
0.3	45	139.526
0.3	45	138.334
0.3	45	163.015
0.3	45	-113.057
0.3	45	141.016
0.3	45	-134.14
0.3	45	94.7487
0.3	45	-92.1652
0.3	45	-137.333
0.3	45	61.4029
0.3	45	-178.245
0.3	45	177.65
0.3	45	97.0396
0.3	45	-167.362
0.3	45	-131.895
0.3	45	-139.286
0.3	45	70.6205
0.3	45	-151.24
0.3	45	-10.1954
0.3	45	64.6733
0.3	45	-37.9052
0.3	45	66.4112
0.3	45	-31.0295
0.3	45	147.824
0.3	45	99.5697
0.3	45	-101.624
0.3	45	49.3606
0.3	45	112.601
0.3	45	-129.348
0.3	45	-172.063
0.3	45	37.4539
0.3	45	171.315
0.3	45	-162.062
0.3	45	126.213
0.3	45	110.951
0.3	45	-0.223473
0.3	45	143.989
0.3	45	-50.7779
0.3	45	-36.6506
0.3	45	-64.9283
0.3	45	-110.797
0.3	45	-151.635
0.3	45	-75.3758
0.3	45	-80.6308
0.3	45	-53.6458
0.3	45	90.342
0.3	45	19.2039
0.3	45	-104.35
0.3	45	-151.231
0.3	45	-23.3024
0.3	45	-24.5894
0.3	45	-170.187
0.3	45	-85.6751
0.3	45	138.396
0.3	45	-145.185
0.3	45	130.766
0.3	45	-53.6868
0.3	45	-69.2947
0.3	45	79.2978
0.3	45	-74.5288
0.3	45	-137.781
0.3	45	-168.934
0.3	45	176.868
0.3	45	-127.772
0.3	45	-168.007
0.3	45	32.187
0.3	45	-73.384
0.3	45	-101.862
0.3	45	-79.0661
0.3	45	39.0842
0.3	45	-66.9048
0.3	45	134.764
0.3	45	54.8683
0.3	45	-100.432
0.3	45	166.179
0.3	45	-168.316
0.3	45	4.43464
0.3	45	-96.2392
0.3	45	-80.288
0.3	45	-139.525
0.3	45	88.4118
0.3	45	11.4171
0.3	45	145.958
0.3	45	-99.2451
0.3	45	129.948
0.3	45	-46.4797
0.3	45	-161.048
0.3	45	-79.1198
0.3	45	-103.165
0.3	45	81.0393
0.3	45	170.348
0.3	45	126.544
0.3	45	145.091
0.3	45	-81.9265
0.3	45	42.7606
0.3	45	75.8991
0.3	45	14.7041
0.3	45	-50.5974
0.3	45	-53.6737
0.3	45	35.551
0.3	45	-123.654
0.3	45	-38.4301
0.3	45	-1.61332
0.3	45	24.4981
0.3	45	155.539
0.3	45	35.3907
0.3	45	-98.8439
0.3	45	-71.6997
0.3	45	52.8629
0.3	45	-136.874
0.3	45	163.13
0.3	45	-104.391
0.3	45	14.051
0.3	45	5.76752
0.3	45	-31.1328
0.3	45	163.545
0.3	45	-92.4096
0.3	45	136.989
0.3	45	-41.4305
0.3	45	-74.2322
0.3	45	48.8117
0.3	45	29.7713
0.3	45	-12.8315
0.3	45	-117.234
0.3	45	-54.2775
0.3	45	114.746
0.3	45	-106.242
0.3	45	62.0603
0.3	45	-40.7374
0.3	45	-63.3348
0.3	45	136.114
0.3	45	21.9246
0.3	45	-174.046
0.3	45	-6.06009
0.3	45	-27.8058
0.3	45	79.3018
0.3	45	-143.298
0.3	45	-167.417
0.3	45	-4.25497
0.3	45	130.802
0.3	45	36.1325
0.3	45	-135.484
0.3	45	168.474
0.3	45	90.141
0.3	45	97.9881
0.3	45	-28.2764
0.3	45	138.636
0.3	45	-172.474
0.3	45	-30.0627
0.3	45	-1.2927
0.3	45	7.06865
0.3	45	-104.881
0.3	45	-1.61523
0.3	45	51.9233
0.3	45	4.65943
0.3	45	47.9839
0.3	45	134.687
0.3	45	6.80784
0.3	45	-43.5692
0.3	45	-20.1695
0.3	45	-71.2982
0.3	45	145.363
0.3	45	69.0604
0.3	45	-44.2551
0.3	45	-130.037
0.3	45	61.5917
0.3	45	-71.9678
0.3	45	45.9501
0.3	45	32.6685
0.3	45	-58.2975
0.3	45	-140.289
0.3	45	141.26
0.3	45	-176.569
0.3	45	-59.4578
0.3	45	84.1417
0.3	45	124.295
0.3	45	-57.0677
0.3	45	-68.7474
0.3	45	147.892
0.3	45	113.239
0.3	45	-6.79772
0.3	45	112.325
0.3	45	84.6849
0.3	45	-23.4634
0.3	45	-172.027
0.3	45	-138.081
0.3	45	69.6436
0.3	45	14.8011
0.3	45	-27.2311
0.3	45	-22.8884
0.3	45	178.545
0.3	45	-44.5577
0.3	45	-148.063
0.3	45	-15.5433
0.3	45	-20.2696
0.3	45	91.0229
0.3	45	-12.6721
0.3	45	-170.881
0.3	45	139.491
0.3	45	99.2769
0.3	45	162.144
0.3	45	-68.7872
0.3	45	67.3405
0.3	45	-111.232
0.3	45	42.309
0.3	45	75.3519
0.3	45	76.4448
0.3	45	21.504
0.3	45	63.6199
0.3	45	-68.131
0.3	45	149.889
0.3	45	150.897
0.3	45	34.8053
0.3	45	-69.9111
0.3	45	4.9511
0.3	45	159.379
0.3	45	4.17607
0.3	45	82.5358
0.3	45	118.452
0.3	45	-46.0459
0.3	45	-22.3037
0.3	45	40.9135
0.3	45	-137.48
0.3	45	-71.8525
0.3	45	48.3015
0.3	45	-55.1312
0.3	45	-13.2543
0.3	45	-75.6118
0.3	45	-74.3582
0.3	45	146.437
0.3	45	129.155
0.3	45	135.035
0.3	45	-110.491
0.3	45	-167.392
0.3	45	59.7884
0.3	45	2.08648
0.3	45	64.192
0.3	45	172.178
0.3	45	-161.804
0.3	45	-107.805
0.3	45	-175.391
0.3	45	-129.632
0.3	45	-106.111
0.3	45	173.962
0.3	45	89.4899
0.3	45	-15.7092
0.3	45	-0.289114
0.3	45	-143.207
0.3	45	-35.1384
0.3	45	-94.2609
0.3	45	95.1884
0.3	45	-173.156
0.3	45	-100.094
0.3	45	145.305
0.3	45	162.364
0.3	45	-98.7346
0.3	45	76.9617
0.3	45	129.174
0.3	45	106.982
0.3	45	-44.9633
0.3	45	-139.856
0.3	45	-5.00927
0.3	45	-22.4628
0.3	45	-87.2682
0.3	45	165.132
0.3	45	81.9594
0.3	45	-42.7853
0.3	45	115.697
0.3	45	-68.0334
0.3	45	-48.5232
0.3	45	43.7827
0.3	45	139.154
0.3	45	137.688
0.3	45	-150.052
0.3	45	-142.525
0.3	45	-154.419
0.3	45	-59.1623
0.3	45	-154.491
0.3	45	112.753
0.3	45	111.68
0.3	45	-80.6894
0.3	45	-122.511
0.3	45	-35.7467
0.3	45	153.987
0.3	45	82.3856
0.3	45	-49.0472
0.3	45	-178.453
0.3	45	-54.4911
0.3	45	-42.2737
0.3	45	78.3687
0.3	45	-8.07929
0.3	45	-82.34
0.3	45	125.318
0.3	45	163.349
0.3	45	64.5468
0.3	45	161.179
0.3	45	-161.251
0.3	45	-73.8555
0.3	45	-44.9807
0.3	45	160.291
0.3	45	149.832
0.3	45	-37.3661
0.3	45	-123.494
0.3	45	126.279
0.3	45	165.261
0.3	45	160.843
0.3	45	-2.8613
0.3	45	39.9476
0.3	45	-41.4442
0.3	45	-48.0443
0.3	45	170.849
0.3	45	63.3738
0.3	45	108.648
0.3	45	177.115
0.3	45	-14.6296
0.3	45	-11.6133
0.3	45	-103.641
0.3	45	-41.2232
0.3	45	150.989
0.3	45	57.2839
0.3	45	-121.26
0.3	45	-143
0.3	45	-110.413
0.3	45	154.932
0.3	45	-91.4208
0.3	45	-101.2
0.3	45	-154.496
0.3	45	20.3075
0.3	45	169.214
0.3	45	-34.5595
0.3	45	-32.8425
0.3	45	156.315
0.3	45	139.452
0.3	45	145.409
0.3	45	92.4227
0.3	45	39.6564
0.3	45	168.099
0.3	45	-144.086
0.3	45	-128.566
0.3	45	172.21
0.3	45	11.627
0.3	45	167.45
0.3	45	-52.1437
0.3	45	137.03
0.3	45	104.93
0.25	-45	-62.4199
0.25	-45	-0.277034
0.25	-45	58.0176
0.25	-45	28.7676
0.25	-45	-81.9103
0.25	-45	-142.444
0.25	-45	126.881
0.25	-45	52.2124
0.25	-45	152.201
0.25	-45	-33.9125
0.25	-45	-21.2886
0.25	-45	6.03629
0.25	-45	64.4374
0.25	-45	152.168
0.25	-45	-97.5179
0.25	-45	17.8677
0.25	-45	23.4119
0.25	-45	167.806
0.25	-45	150.134
0.25	-45	-40.3569
0.25	-45	125.761
0.25	-45	-90.8333
0.25	-45	101.269
0.25	-45	124.181
0.25	-45	-89.7492
0.25	-45	-98.2038
0.25	-45	-112.6
0.25	-45	-148.748
0.25	-45	-5.97252
0.25	-45	-52.3325
0.25	-45	-19.3288
0.25	-45	-67.9525
0.25	-45	123.623
0.25	-45	141.657
0.25	-45	151.965
0.25	-45	119.158
0.25	-45	-178.288
0.25	-45	46.9809
0.25	-45	171.734
0.25	-45	-142.248
0.25	-45	71.6276
0.25	-45	-28.2467
0.25	-45	4.7771
0.25	-45	-103.999
0.25	-45	24.7139
0.25	-45	151.144
0.25	-45	61.0244
0.25	-45	-91.4348
0.25	-45	-116.454
0.25	-45	99.7409
0.25	-45	-23.6805
0.25	-45	-77.3591
0.25	-45	-163.836
0.25	-45	-37.833
0.25	-45	-56.9044
0.25	-45	-153.785
0.25	-45	-131.643
0.25	-45	115.749
0.25	-45	7.67857
0.25	-45	122.174
0.25	-45	-32.0827
0.25	-45	96.3983
0.25	-45	119.215
0.25	-45	-17.0761
0.25	-45	153.413
0.25	-45	24.3619
0.25	-45	-43.3608
0.25	-45	119.962
0.25	-45	-136.016
0.25	-45	-156.548
0.25	-45	33.4342
0.25	-45	-9.13171
0.25	-45	47.2046
0.25	-45	-105.578
0.25	-45	-131.882
0.25	-45	-156.297
0.25	-45	139.507
0.25	-45	-167.153
0.25	-45	140.994
0.25	-45	-55.8346
0.25	-45	163.723
0.25	-45	-29.4507
0.25	-45	22.6738
0.25	-45	-55.9628
0.25	-45	-165.012
0.25	-45	139.523
0.25	-45	-109.22
0.25	-45	45.8899
0.25	-45	124.291
0.25	-45	-90.4631
0.25	-45	151.208
0.25	-45	94.926
0.25	-45	1.3484
0.25	-45	-93.9228
0.25	-45	-176.807
0.25	-45	49.752
0.25	-45	-141.907
0.25	-45	126.211
0.25	-45	89.2184
0.25	-45	42.1615
0.25	-45	-98.6519
0.25	-45	-108.241
0.25	-45	-113.821
0.25	-45	17.3266
0.25	-45	124.613
0.25	-45	136.51
0.25	-45	156.729
0.25	-45	1.6978
0.25	-45	98.8411
0.25	-45	-23.5507
0.25	-45	18.1023
0.25	-45	-89.0557
0.25	-45	-22.2073
0.25	-45	178.561
0.25	-45	98.0535
0.25	-45	-144.797
0.25	-45	-121.879
0.25	-45	-144.762
0.25	-45	-115.988
0.25	-45	-40.3251
0.25	-45	178.726
0.25	-45	41.3374
0.25	-45	85.8144
0.25	-45	-166.508
0.25	-45	-158.151
0.25	-45	-96.8061
0.25	-45	50.2293
0.25	-45	161.05
0.25	-45	-157.548
0.25	-45	122.101
0.25	-45	96.0142
0.25	-45	103.615
0.25	-45	0.205741
0.25	-45	-125.02
0.25	-45	-90.3015
0.25	-45	105.239
0.25	-45	-14.5564
0.25	-45	101.995
0.25	-45	40.8787
0.25	-45	163.954
0.25	-45	-83.1025
0.25	-45	21.0444
0.25	-45	98.5663
0.25	-45	154.118
0.25	-45	30.9332
0.25	-45	-133.053
0.25	-45	-12.1488
0.25	-45	-2.18394
0.25	-45	-136.629
0.25	-45	101.226
0.25	-45	-86.3692
0.25	-45	-137.56
0.25	-45	5.24309
0.25	-45	-15.5005
0.25	-45	-152.39
0.25	-45	157.36
0.25	-45	-24.9
0.25	-45	-109.485
0.25	-45	-26.2241
0.25	-45	-21.2503
0.25	-45	48.3962
0.25	-45	-139.02
0.25	-45	-129.066
0.25	-45	31.4488
0.25	-45	22.7067
0.25	-45	82.2088
0.25	-45	162.739
0.25	-45	103.124
0.25	-45	36.0083
0.25	-45	-166.923
0.25	-45	-77.5838
0.25	-45	120.951
0.25	-45	70.0942
0.25	-45	-72.3428
0.25	-45	-66.7282
0.25	-45	-151.135
0.25	-45	42.8648
0.25	-45	78.357
0.25	-45	-170.597
0.25	-45	-151.113
0.25	-45	-173.507
0.25	-45	-146.231
0.25	-45	-17.9408
0.25	-45	87.3026
0.25	-45	14.4038
0.25	-45	-53.7272
0.25	-45	-136.959
0.25	-45	-0.210712
0.25	-45	46.4048
0.25	-45	176.079
0.25	-45	-125.797
0.25	-45	179.417
0.25	-45	-175.092
0.25	-45	164.506
0.25	-45	60.2565
0.25	-45	-0.361747
0.25	-45	120.052
0.25	-45	164.341
0.25	-45	53.0602
0.25	-45	91.1609
0.25	-45	-4.35464
0.25	-45	-57.1123
0.25	-45	67.3006
0.25	-45	71.1499
0.25	-45	-134.202
0.25	-45	-118.882
0.25	-45	-84.2159
0.25	-45	-52.188
0.25	-45	15.105
0.25	-45	13.4667
0.25	-45	68.1653
0.25	-45	-96.3364
0.25	-45	-30.1299
0.25	-45	27.8495
0.25	-45	-132.958
0.25	-45	42.5791
0.25	-45	109.423
0.25	-45	-102.195
0.25	-45	-131.155
0.25	-45	-176.436
0.25	-45	141.732
0.25	-45	119.965
0.25	-45	-31.8713
0.25	-45	15.7679
0.25	-45	113.878
0.25	-45	-55.7995
0.25	-45	18.8204
0.25	-45	-67.2984
0.25	-45	-134.671
0.25	-45	-93.6377
0.25	-45	-111.127
0.25	-45	-173.427
0.25	-45	-60.7554
0.25	-45	-110.079
0.25	-45	73.4146
0.25	-45	164.818
0.25	-45	-170.24
0.25	-45	124.75
0.25	-45	74.2512
0.25	-45	114.041
0.25	-45	-171.81
0.25	-45	-148.485
0.25	-45	-124.493
0.25	-45	-30.1735
0.25	-45	-176.723
0.25	-45	113.571
0.25	-45	33.3953
0.25	-45	-161.923
0.25	-45	104.561
0.25	-45	99.8305
0.25	-45	131.279
0.25	-45	-31.9186
0.25	-45	-130.764
0.25	-45	70.2237
0.25	-45	12.9075
0.25	-45	103.036
0.25	-45	-1.83705
0.25	-45	-144.104
0.25	-45	-10.5921
0.25	-45	-54.8467
0.25	-45	21.655
0.25	-45	75.1927
0.25	-45	39.6027
0.25	-45	179.836
0.25	-45	62.8237
0.25	-45	-103.673
0.25	-45	-66.2941
0.25	-45	-128.278
0.25	-45	20.4294
0.25	-45	-100.298
0.25	-45	-54.6391
0.25	-45	-82.7724
0.25	-45	46.0771
0.25	-45	31.2792
0.25	-45	82.1406
0.25	-45	-76.7329
0.25	-45	46.6401
0.25	-45	155.003
0.25	-45	-97.9766
0.25	-45	-169.637
0.25	-45	-166.643
0.25	-45	106.33
0.25	-45	51.9692
0.25	-45	42.0005
0.25	-45	153.978
0.25	-45	174.785
0.25	-45	-176.917
0.25	-45	117.475
0.25	-45	72.2479
0.25	-45	106.076
0.25	-45	8.75031
0.25	-45	-77.435
0.25	-45	168.974
0.25	-45	-131.254
0.25	-45	-77.1475
0.25	-45	-105.496
0.25	-45	36.844
0.25	-45	-134.795
0.25	-45	-125.519
0.25	-45	139.972
0.25	-45	80.6251
0.25	-45	37.4618
0.25	-45	-151.458
0.25	-45	179.769
0.25	-45	-10.5984
0.25	-45	-56.45
0.25	-45	-38.6554
0.25	-45	-9.52466
0.25	-45	169.906
0.25	-45	114.993
0.25	-45	11.2088
0.25	-45	62.2081
0.25	-45	11.0674
0.25	-45	174.216
0.25	-45	-76.8053
0.25	-45	-32.4067
0.25	-45	155.748
0.25	-45	-29.6388
0.25	-45	139.978
0.25	-45	-124.405
0.25	-45	58.2921
0.25	-45	-164.833
0.25	-45	-64.2325
0.25	-45	-23.2351
0.25	-45	-62.7179
0.25	-45	-68.1125
0.25	-45	-7.43493
0.25	-45	-78.1467
0.25	-45	-164.98
0.25	-45	-92.1191
0.25	-45	-45.0272
0.25	-45	159.626
0.25	-45	-65.4353
0.25	-45	22.0991
0.25	-45	-119.9
0.25	-45	31.7777
0.25	-45	42.3053
0.25	-45	81.145
0.25	-45	-25.2056
0.25	-45	26.7315
0.25	-45	176.413
0.25	-45	-173.044
0.25	-45	-178.38
0.25	-45	-162.283
0.25	-45	178.003
0.25	-45	159.118
0.25	-45	16.0311
0.25	-45	38.994
0.25	-45	0.633697
0.25	-45	86.149
0.25	-45	-125.717
0.25	-45	124.174
0.25	-45	-85.9768
0.25	-45	60.1561
0.25	-45	-70.1669
0.25	-45	87.3093
0.25	-45	150.618
0.25	-45	-93.4966
0.25	-45	-107.807
0.25	-45	-167.293
0.25	-45	-32.1888
0.25	-45	7.6465
0.25	-45	107.451
0.25	-45	120.386
0.25	-45	172.844
0.25	-45	67.405
0.25	-45	-7.4688
0.25	-45	41.3089
0.25	-45	-102.479
0.25	-45	-168.162
0.25	-45	16.4836
0.25	-45	100.19
0.25	-45	-174.383
0.25	-45	-56.5969
0.25	-45	-123.725
0.25	-45	67.3442
0.25	-45	-125.861
0.25	-45	55.1428
0.25	-45	135.05
0.25	-45	158.031
0.25	-45	-164.741
0.25	-45	155.937
0.25	-45	27.0491
0.25	-45	44.0549
0.25	-45	35.4031
0.25	-45	-37.2307
0.25	-45	-159.303
0.25	-45	130.538
0.25	-45	-20.0045
0.25	-45	-162.376
0.25	-45	-161.617
0.25	-45	88.1848
0.25	-45	-49.1931
0.25	-45	150.829
0.25	-45	-147.135
0.25	-45	34.5696
0.25	-45	-139.67
0.25	-45	-91.8087
0.25	-45	179.795
0.25	-45	-126.941
0.25	-45	-30.9072
0.25	-45	-151.752
0.25	-45	69.4414
0.25	-45	135.908
0.25	-45	80.1193
0.25	-45	-147.951
0.25	-45	-170.013
0.25	-45	175.283
0.25	-45	-74.7877
0.25	-45	83.7359
0.25	-45	0.327445
0.25	-45	39.5234
0.25	-45	9.71967
0.25	-45	55.6582
0.25	-45	94.9714
0.25	-45	129.413
0.25	-45	-147.551
0.25	-45	-69.4802
0.25	-45	11.0917
0.25	-45	-133.913
0.25	-45	-86.8983
0.25	-45	157.801
0.25	-45	-8.79246
0.25	-45	115.952
0.25	-45	-136.967
0.25	-45	-53.7837
0.25	-45	122.439
0.25	-45	152.077
0.25	-45	141.211
0.25	-45	176.617
0.25	-45	120.932
0.25	-45	125.862
0.25	-45	98.2539
0.25	-45	-157.911
0.25	-45	144.922
0.25	-45	85.981
0.25	-45	-51.7216
0.25	-45	-93.7581
0.25	-45	48.7171
0.25	-45	-100.604
0.25	-45	26.5785
0.25	-45	6.46535
0.25	-45	-133.176
0.25	-45	-129.585
0.25	-45	142.568
0.25	-45	142.664
0.25	-45	158.961
0.25	-45	-61.7839
0.25	-45	39.3313
0.25	-45	-12.1036
0.25	-45	156.991
0.25	-45	-42.7643
0.25	-45	37.1886
0.25	-45	-98.8237
0.25	-45	-131.093
0.25	-45	-45.1836
0.25	-45	-142.642
0.25	-45	-170.244
0.25	-45	-67.0131
0.25	-45	-3.27908
0.25	-45	39.7693
0.25	-45	-5.80212
0.25	-45	130.904
0.25	-45	5.44322
0.25	-45	16.2461
0.25	-45	149.093
0.25	-45	-50.5841
0.25	-45	65.1142
0.25	-45	7.20719
0.25	-45	46.4291
0.25	-45	72.3856
0.25	-45	77.7246
0.25	-45	90.3637
0.25	-45	-59.6786
0.25	-45	-135.403
0.25	-45	-162.597
0.25	-45	54.6087
0.25	-45	158.999
0.25	-45	1.83894
0.25	-45	158.082
0.25	-45	-68.5951
0.25	-45	-80.4582
0.25	-45	95.4056
0.25	-45	101.362
0.25	-45	-118.076
0.25	-45	71.7084
0.25	-45	157.883
0.25	-45	-161.976
0.25	-45	-105.607
0.25	-45	-153.303
0.25	-45	159.599
0.25	-45	-44.5663
0.25	-45	-41.9062
0.25	-45	-97.708
0.25	-45	-81.9823
0.25	-45	-36.1715
0.25	-45	-44.1622
0.25	-45	-95.0655
0.25	-45	11.0518
0.25	-45	70.1814
0.25	-45	-125.383
0.25	-45	16.5335
0.25	-45	27.777
0.25	-45	17.0539
0.25	-45	-117.338
0.25	-45	87.8751
0.25	-45	-146.969
0.25	-45	-98.9136
0.25	-45	164.481
0.25	-45	145.808
0.25	-45	-109.814
0.25	-45	-30.6422
0.25	-45	-39.9126
0.25	-45	91.8147
0.25	-45	-15.1196
0.25	-45	66.7006
0.25	-45	-138.486
0.25	-45	-152.919
0.25	-45	-35.7129
0.25	-45	178.822
0.25	-45	-150.817
0.25	-45	98.3561
0.25	-45	-68.5726
0.25	-45	149.902
0.25	-45	34.0105
0.25	-45	155.737
0.25	-45	179.186
0.25	-45	97.0074
0.25	-45	-133.26
0.25	-45	70.167
0.25	-45	-59.9922
0.25	-45	137.307
0.25	-45	-20.0509
0.25	-45	-142.661
0.25	-45	-101.26
0.25	-45	-60.4263
0.25	-45	-67.0353
0.25	-45	160.382
0.25	-45	33.4432
0.25	-45	-18.6991
0.25	-45	-164.365
0.25	-45	59.1095
0.25	-45	15.8001
0.25	-45	-111.378
0.25	-45	-134.526
0.25	-45	163.09
0.25	-45	-9.50508
0.25	-45	-53.4115
0.25	-45	122.541
0.25	-45	-42.2062
0.25	-45	72.2552
0.25	-45	154.844
0.25	-45	179.542
0.25	-45	-47.0593
0.25	-45	-142.093
0.25	-45	154.012
0.25	-45	-19.0889
0.25	-45	-76.4128
0.25	-45	116.935
0.25	-45	-147.42
0.25	-45	73.5827
0.25	-45	146.423
0.25	-45	53.6841
0.25	-45	-126.479
0.25	-45	83.5054
0.25	-45	84.4958
0.25	-45	1.36854
0.25	-45	-150.627
0.25	-45	-65.5397
0.25	-45	101.043
0.25	-45	-154.506
0.25	-45	-135.346
0.25	-45	-52.3755
0.25	-45	100.105
0.25	-45	17.3047
0.25	-45	-98.8339
0.25	-45	135.186
0.25	-45	-34.4828
0.25	-45	129.591
0.25	-45	-54.1108
0.25	-45	-135.655
0.25	-45	45.7971
0.25	-45	-34.9266
0.25	-45	-116.55
0.25	-45	100.623
0.25	-45	156.645
0.25	-45	125.667
0.25	-45	56.3412
0.25	-45	80.0761
0.25	-45	149.795
0.25	-45	-31.6684
0.25	-45	-178.697
0.25	-45	-79.7131
0.25	-45	16.9854
0.25	-45	174.704
0.25	-45	158.124
0.25	-45	-136.654
0.25	-45	101.088
0.25	-45	-125.44
0.25	-45	44.2721
0.25	-45	-95.3313
0.25	-45	-62.1685
0.25	-45	39.233
0.25	-45	-45.209
0.25	-45	-142.461
0.25	-45	-79.9234
0.25	-45	-129.771
0.25	-45	-84.7092
0.25	-45	142.072
0.25	-45	-169.546
0.25	-45	-15.109
0.25	-45	-8.86988
0.25	-45	-35.0679
0.25	-45	-35.0444
0.25	-45	-169.566
0.25	-45	21.6815
0.25	-45	93.9113
0.25	-45	-53.2738
0.25	-45	118.896
0.25	-45	-167.076
0.25	-45	-46.1972
0.25	-45	105.942
0.25	-45	173.725
0.25	-45	21.6512
0.25	-45	113.862
0.25	-45	-167.788
0.25	-45	-45.9582
0.25	-45	153.179
0.25	-45	104.956
0.25	-45	84.8563
0.25	-45	112.213
0.25	-45	-26.4304
0.25	-45	-170.422
0.25	-45	68.1662
0.25	-45	-170.468
0.25	-45	-174.505
0.25	-45	-96.2425
0.25	-45	-118.686
0.25	-45	-39.9162
0.25	-45	57.2821
0.25	-45	-31.3106
0.25	-45	154.478
0.25	-45	-10.2748
0.25	-45	-154.646
0.25	-45	58.4553
0.25	-45	52.6986
0.25	-45	-17.5985
0.25	-45	-7.64652
0.25	-45	27.6677
0.25	-45	-106.332
0.25	-45	125.208
0.25	-45	149.766
0.25	-45	144.587
0.25	-45	135.616
0.25	-45	-6.41398
0.25	-45	-100.716
0.25	-45	-164.925
0.25	-45	-88.9633
0.25	-45	115.496
0.25	-45	-179.739
0.25	-45	165.725
0.25	-45	-160.576
0.25	-45	101.533
0.25	-45	62.2318
0.25	-45	-151.119
0.25	-45	22.9932
0.25	-45	-8.60543
0.25	-45	-137.838
0.25	-45	-1.86461
0.25	-45	-64.3358
0.25	-45	120.597
0.25	-45	80.368
0.25	-45	-110.413
0.25	-45	22.6527
0.25	-45	59.1112
0.25	-45	-129.057
0.25	-45	34.8524
0.25	-45	84.5438
0.25	-45	155.109
0.25	-45	-178.603
0.25	-45	51.3387
0.25	-45	12.986
0.25	-45	-58.0357
0.25	-45	-143.004
0.25	-45	-109.492
0.25	-45	-35.255
0.25	-45	25.4333
0.25	-45	6.21719
0.25	-45	-90.5881
0.25	-45	-78.5447
0.25	-45	55.2295
0.25	-45	136.602
0.25	-45	92.6846
0.25	-45	-162.744
0.25	-45	-176.046
0.25	-45	24.2248
0.25	-45	-97.9171
0.25	-45	-105.175
0.25	-45	-87.3727
0.25	-45	-43.529
0.25	-45	179.383
0.25	-45	172.941
0.25	-45	124.058
0.25	-45	26.9601
0.25	-45	-38.5603
0.25	-45	133.949
0.25	-45	58.1486
0.25	-45	-173.922
0.25	-45	160.105
0.25	-45	97.6805
0.25	-45	-13.6102
0.25	-45	-110.022
0.25	-45	-167.001
0.25	-45	39.0731
0.25	-45	90.991
0.25	-45	-119.203
0.25	-45	146.603
0.25	-45	29.2787
0.25	-45	51.6301
0.25	-45	81.3242
0.25	-45	15.5744
0.25	-45	124.617
0.25	-45	140.866
0.25	-45	95.4091
0.25	-45	165.027
0.25	-45	-106.703
0.25	-45	-125.601
0.25	-45	-108.508
0.25	-45	-163.56
0.25	-45	-148.994
0.25	-45	88.0218
0.25	-45	122.366
0.25	-45	114.312
0.25	-45	130.436
0.25	-45	-1.16403
0.25	-45	-39.0111
0.25	-45	-160.512
0.25	-45	95.0851
0.25	-45	-53.9206
0.25	-45	124.183
0.25	-45	-74.0435
0.25	-45	-110.434
0.25	-45	-173.113
0.25	-45	-35.4685
0.25	-45	34.7348
0.25	-45	-134.518
0.25	-45	-69.7846
0.25	-45	-59.5462
0.25	-45	-11.7029
0.25	-45	175.118
0.25	-45	171.802
0.25	-45	120.153
0.25	-45	-51.7356
0.25	-45	24.313
0.25	-45	-134.669
0.25	-45	156.771
0.25	-45	16.7858
0.25	-45	16.8469
0.25	-45	72.9726
0.25	-45	-110.665
0.25	-45	-38.6942
0.25	-45	93.2878
0.25	-45	15.6604
0.25	-45	-103.378
0.25	-45	169.755
0.25	-45	176.748
0.25	-45	-171.417
0.25	-45	160.938
0.25	-45	97.9804
0.25	-45	67.2087
0.25	-45	-119.668
0.25	-45	52.2629
0.25	-45	-82.295
0.25	-45	-119.958
0.25	-45	-32.3409
0.25	-45	47.8364
0.25	-45	-167.809
0.25	-45	6.05297
0.25	-45	171.328
0.25	-45	-91.9113
0.25	-45	83.6205
0.25	-45	-114.435
0.25	-45	30.4362
0.25	-45	12.2142
0.25	-45	96.8762
0.25	-45	59.7147
0.25	-45	-163.692
0.25	-45	103.043
0.25	-45	-87.057
0.25	-45	29.7529
0.25	-45	-118.363
0.25	-45	-93.4811
0.25	-45	114.561
0.25	-45	39.4546
0.25	-45	49.1165
0.25	-45	176.818
0.25	-45	150.288
0.25	-45	-177.736
0.25	-45	-18.3537
0.25	-45	-97.9785
