pol	setting	phi
0.3	45	105.429
0.3	45	21.0244
0.3	45	-152.785
0.3	45	99.3936
0.3	45	153.105
0.3	45	-108.138
0.3	45	-131.379
0.3	45	16.3522
0.3	45	152.377
0.3	45	-62.4103
0.3	45	-63.6551
0.3	45	136.089
0.3	45	116.081
0.3	45	-14.7504
0.3	45	177.933
0.3	45	-76.4286
0.3	45	66.5543
0.3	45	-171.635
0.3	45	-49.9435
0.3	45	10.4902
0.3	45	-84.3803
0.3	45	-53.8471
0.3	45	-20.5289
0.3	45	-28.6881
0.3	45	141.138
0.3	45	-140.226
0.3	45	43.5965
0.3	45	-44.6796
0.3	45	-67.8277
0.3	45	-62.9108
0.3	45	83.2332
0.3	45	112.849
0.3	45	-55.6056
0.3	45	-81.5505
0.3	45	98.7532
0.3	45	82.1451
0.3	45	166.282
0.3	45	86.4861
0.3	45	-157.203
0.3	45	-34.9969
0.3	45	-23.4047
0.3	45	-156.513
0.3	45	-69.3766
0.3	45	165.53
0.3	45	27.6311
0.3	45	105.229
0.3	45	-62.3825
0.3	45	-140.601
0.3	45	-105.069
0.3	45	-33.5714
0.3	45	111.592
0.3	45	150.206
0.3	45	-73.1522
0.3	45	25.9866
0.3	45	-173.254
0.3	45	-121.491
0.3	45	65.9518
0.3	45	-69.5646
0.3	45	-174.62
0.3	45	23.2612
0.3	45	-45.8259
0.3	45	24.9752
0.3	45	24.372
0.3	45	-146.273
0.3	45	39.9467
0.3	45	-170.826
0.3	45	172.647
0.3	45	-129.698
0.3	45	142.395
0.3	45	-66.6491
0.3	45	134.536
0.3	45	171.529
0.3	45	124.481
0.3	45	-77.5185
0.3	45	178.386
0.3	45	-39.9807
0.3	45	-90.2545
0.3	45	74.532
0.3	45	-67.7121
0.3	45	-61.2062
0.3	45	-30.914
0.3	45	13.9767
0.3	45	146.075
0.3	45	-96.4282
0.3	45	-15.5436
0.3	45	-23.2119
0.3	45	-103.024
0.3	45	-34.5343
0.3	45	18.4982
0.3	45	-169.728
0.3	45	-136.986
0.3	45	121.242
0.3	45	129.029
0.3	45	8.56781
0.3	45	175.994
0.3	45	-82.6348
0.3	45	16.1234
0.3	45	92.999
0.3	45	129.602
0.3	45	80.2804
0.3	45	-43.5811
0.3	45	-106.398
0.3	45	176.073
0.3	45	-85.1584
0.3	45	-105.344
0.3	45	-56.8438
0.3	45	-64.7183
0.3	45	79.335
0.3	45	74.1131
0.3	45	-101.888
0.3	45	176.473
0.3	45	-110.482
0.3	45	-75.2876
0.3	45	-135.622
0.3	45	-60.7581
0.3	45	7.24963
0.3	45	165.483
0.3	45	-121.702
0.3	45	-114.052
0.3	45	-158.285
0.3	45	-132.83
0.3	45	45.251
0.3	45	-146.37
0.3	45	-27.867
0.3	45	-71.7203
0.3	45	134.026
0.3	45	-4.27231
0.3	45	174.103
0.3	45	-53.5922
0.3	45	66.078
0.3	45	-54.19
0.3	45	-156.102
0.3	45	-148.934
0.3	45	37.9526
0.3	45	162.191
0.3	45	-131.342
0.3	45	-92.8519
0.3	45	-72.037
0.3	45	178.612
0.3	45	145.639
0.3	45	176.15
0.3	45	61.3967
0.3	45	173.993
0.3	45	-95.7316
0.3	45	1.27227
0.3	45	-27.9362
0.3	45	40.4326
0.3	45	104.07
0.3	45	-53.3695
0.3	45	-58.0058
0.3	45	81.2622
0.3	45	11.5389
0.3	45	79.5036
0.3	45	-156.11
0.3	45	-155.493
0.3	45	-60.112
0.3	45	-126.835
0.3	45	-18.3451
0.3	45	141.722
0.3	45	-128.595
0.3	45	-103.515
0.3	45	-179.146
0.3	45	-61.0665
0.3	45	161.677
0.3	45	-93.5917
0.3	45	-38.6934
0.3	45	-22.5416
0.3	45	-162.965
0.3	45	167.12
0.3	45	32.5341
0.3	45	-106.473
0.3	45	161.291
0.3	45	-105.717
0.3	45	169.297
0.3	45	-0.0106981
0.3	45	43.2848
0.3	45	29.8996
0.3	45	-176.567
0.3	45	-15.0919
0.3	45	161.135
0.3	45	156.969
0.3	45	7.33295
0.3	45	-104.445
0.3	45	35.5966
0.3	45	45.9393
0.3	45	155.421
0.3	45	119.51
0.3	45	-33.8869
0.3	45	170.117
0.3	45	118.108
0.3	45	124.572
0.3	45	61.7394
0.3	45	-14.8053
0.3	45	-166.627
0.3	45	-62.6515
0.3	45	-20.5508
0.3	45	-59.0498
0.3	45	-45.1507
0.3	45	76.233
0.3	45	3.6559
0.3	45	-170.259
0.3	45	17.5428
0.3	45	164.989
0.3	45	-116.878
0.3	45	-22.4051
0.3	45	-77.2591
0.3	45	55.7
0.3	45	146.248
0.3	45	-62.3882
0.3	45	-9.73766
0.3	45	26.0855
0.3	45	167.705
0.3	45	-68.3838
0.3	45	127.006
0.3	45	114.326
0.3	45	-36.0917
0.3	45	-20.4262
0.3	45	-111.003
0.3	45	-133.84
0.3	45	-178.796
0.3	45	31.3507
0.3	45	-44.9286
0.3	45	178.09
0.3	45	159.426
0.3	45	-0.516138
0.3	45	73.6545
0.3	45	98.9162
0.3	45	128.99
0.3	45	107.683
0.3	45	-127.02
0.3	45	-121.054
0.3	45	-80.3776
0.3	45	34.9052
0.3	45	138.787
0.3	45	-50.8947
0.3	45	82.7938
0.3	45	172.538
0.3	45	125.382
0.3	45	-82.7756
0.3	45	175.543
0.3	45	174.345
0.3	45	-84.8983
0.3	45	44.8741
0.3	45	-169.498
0.3	45	110.03
0.3	45	142.511
0.3	45	15.4003
0.3	45	44.3311
0.3	45	6.21573
0.3	45	-119.907
0.3	45	-128.43
0.3	45	75.3867
0.3	45	170.259
0.3	45	177.792
0.3	45	-72.098
0.3	45	63.5164
0.3	45	53.359
0.3	45	-2.79089
0.3	45	159.74
0.3	45	-140.46
0.3	45	74.4633
0.3	45	-40.9711
0.3	45	88.3591
0.3	45	92.4214
0.3	45	-83.6484
0.3	45	30.3935
0.3	45	11.1967
0.3	45	160.5
0.3	45	158.176
0.3	45	-60.5425
0.3	45	-143.763
0.3	45	-79.011
0.3	45	48.1019
0.3	45	-145.746
0.3	45	81.0049
0.3	45	-93.3816
0.3	45	159.46
0.3	45	55.7691
0.3	45	-7.60191
0.3	45	-153.982
0.3	45	42.2421
0.3	45	107.641
0.3	45	-147.845
0.3	45	-50.9555
0.3	45	125.959
0.3	45	-155.648
0.3	45	-158.92
0.3	45	-103.483
0.3	45	169.994
0.3	45	121.897
0.3	45	45.4249
0.3	45	66.9685
0.3	45	-141.489
0.3	45	147.968
0.3	45	-93.9536
0.3	45	-94.0266
0.3	45	-29.388
0.3	45	-134.182
0.3	45	-151.626
0.3	45	-112.194
0.3	45	2.88422
0.3	45	111.337
0.3	45	168.038
0.3	45	57.7486
0.3	45	-89.1099
0.3	45	5.73329
0.3	45	168.277
0.3	45	28.7334
0.3	45	80.4875
0.3	45	42.0675
0.3	45	-147.524
0.3	45	-98.1896
0.3	45	39.6166
0.3	45	65.3073
0.3	45	168.423
0.3	45	138.829
0.3	45	-60.0413
0.3	45	31.7935
0.3	45	154.363
0.3	45	82.1119
0.3	45	-133.001
0.3	45	-26.4399
0.3	45	-131.48
0.3	45	-84.5772
0.3	45	-13.6595
0.3	45	162.582
0.3	45	-44.7979
0.3	45	109.962
0.3	45	36.8178
0.3	45	-87.9975
0.3	45	-127.3
0.3	45	147.565
0.3	45	115.83
0.3	45	-3.47669
0.3	45	88.341
0.3	45	163.598
0.3	45	-53.7912
0.3	45	82.2974
0.3	45	-125.702
0.3	45	-42.6719
0.3	45	177.611
0.3	45	-138.464
0.3	45	-47.7776
0.3	45	172.667
0.3	45	-135.87
0.3	45	53.0936
0.3	45	-144.812
0.3	45	-64.6379
0.3	45	52.9265
0.3	45	-107.695
0.3	45	174.983
0.3	45	6.94874
0.3	45	172.024
0.3	45	53.5179
0.3	45	-148.836
0.3	45	-145.758
0.3	45	169.107
0.3	45	128.379
0.3	45	153.887
0.3	45	118.965
0.3	45	5.20925
0.3	45	-166.327
0.3	45	-103.675
0.3	45	-172.709
0.3	45	-51.6358
0.3	45	56.301
0.3	45	-101.725
0.3	45	-78.5019
0.3	45	-54.1758
0.3	45	138.627
0.3	45	104.534
0.3	45	53.4718
0.3	45	-90.5802
0.3	45	-103.823
0.3	45	126.625
0.3	45	-11.6057
0.3	45	-85.7015
0.3	45	165.494
0.3	45	42.3568
0.3	45	-110.709
0.3	45	110.675
0.3	45	3.65623
0.3	45	-110.784
0.3	45	161.013
0.3	45	11.6374
0.3	45	-154.182
0.3	45	52.1254
0.3	45	-44.6007
0.3	45	-149.045
0.3	45	91.2349
0.3	45	134.62
0.3	45	-32.5671
0.3	45	95.1531
0.3	45	52.9785
0.3	45	137.281
0.3	45	173.564
0.3	45	28.1824
0.3	45	88.2976
0.3	45	79.7509
0.3	45	-160.102
0.3	45	-44.6608
0.3	45	170.522
0.3	45	61.4384
0.3	45	-47.6933
0.3	45	-104.686
0.3	45	-133.918
0.3	45	90.5323
0.3	45	147.318
0.3	45	-79.6482
0.3	45	-86.6569
0.3	45	40.8715
0.3	45	41.1997
0.3	45	-103.417
0.3	45	-21.828
0.3	45	-134.376
0.3	45	-57.2601
0.3	45	-7.57579
0.3	45	-98.6883
0.3	45	131.02
0.3	45	-76.5645
0.3	45	51.4264
0.3	45	108.406
0.3	45	-43.1277
0.3	45	-15.9726
0.3	45	-85.7748
0.3	45	-154.548
0.3	45	-94.3652
0.3	45	92.8754
0.3	45	129.683
0.3	45	-40.8035
0.3	45	124.378
0.3	45	51.6014
0.3	45	167.644
0.3	45	160.682
0.3	45	-47.8059
0.3	45	-111.067
0.3	45	67.4367
0.3	45	133.432
0.3	45	133.785
0.3	45	-63.4011
0.3	45	-45.2813
0.3	45	47.083
0.3	45	40.5894
0.3	45	21.3091
0.3	45	3.43056
0.3	45	-25.0633
0.3	45	-98.2962
0.3	45	164.749
0.3	45	-59.3153
0.3	45	146.765
0.3	45	117.649
0.3	45	133.989
0.3	45	135.772
0.3	45	-175.125
0.3	45	120.377
0.3	45	150.58
0.3	45	-54.5907
0.3	45	1.29435
0.3	45	111.051
0.3	45	58.7946
0.3	45	158.083
0.3	45	69.7687
0.3	45	-77.2784
0.3	45	133.873
0.3	45	157.354
0.3	45	21.1223
0.3	45	-4.56312
0.3	45	-164.962
0.3	45	-75.2342
0.3	45	-95.8656
0.3	45	95.4984
0.3	45	8.53264
0.3	45	149.282
0.3	45	7.51359
0.3	45	157.205
0.3	45	43.7929
0.3	45	-168.161
0.3	45	5.52779
0.3	45	78.8187
0.3	45	-143.899
0.3	45	-4.02498
0.3	45	-36.9565
0.3	45	45.9907
0.3	45	168.9
0.3	45	38.7821
0.3	45	-67.5007
0.3	45	31.9825
0.3	45	-161.854
0.3	45	-31.0664
0.3	45	132.162
0.3	45	-60.463
0.3	45	-126.792
0.3	45	19.1998
0.3	45	-56.0836
0.3	45	-18.2319
0.3	45	-160.068
0.3	45	-117.96
0.3	45	20.6865
0.3	45	139.398
0.3	45	100.37
0.3	45	-152.689
0.3	45	177.869
0.3	45	138.935
0.3	45	-89.7703
0.3	45	-21.3265
0.3	45	-76.0252
0.3	45	125.723
0.3	45	-103.912
0.3	45	55.7177
0.3	45	111.543
0.3	45	34.9978
0.3	45	4.48529
0.3	45	177.026
0.3	45	127.467
0.3	45	-87.7925
0.3	45	121.569
0.3	45	30.4366
0.3	45	163.907
0.3	45	-12.1355
0.3	45	-39.0272
0.3	45	60.7934
0.3	45	89.0566
0.3	45	-11.969
0.3	45	-175.842
0.3	45	128.276
0.3	45	-36.6151
0.3	45	-90.7959
0.3	45	-46.1968
0.3	45	124.733
0.3	45	41.9872
0.3	45	-24.1843
0.3	45	-105.592
0.3	45	-133.447
0.3	45	142.458
0.3	45	40.3869
0.3	45	-26.6593
0.3	45	156.646
0.3	45	99.4667
0.3	45	131.588
0.3	45	-2.38388
0.3	45	-52.1918
0.3	45	123.509
0.3	45	124.33
0.3	45	-85.1396
0.3	45	-55.6499
0.3	45	134.322
0.3	45	-126.302
0.3	45	64.2678
0.3	45	-100.751
0.3	45	81.8798
0.3	45	-64.2212
0.3	45	40.9557
0.3	45	84.5593
0.3	45	-37.1773
0.3	45	53.0595
0.3	45	109.377
0.3	45	6.98859
0.3	45	131.276
0.3	45	122.351
0.3	45	140.149
0.3	45	19.9222
0.3	45	33.7325
0.3	45	30.2823
0.3	45	-106.645
0.3	45	60.8854
0.3	45	-11.4567
0.3	45	130.362
0.3	45	-155.83
0.3	45	121.987
0.3	45	-100.41
0.3	45	-158.661
0.3	45	-18.9766
0.3	45	-131.609
0.3	45	142.779
0.3	45	144.652
0.3	45	147.378
0.3	45	73.704
0.3	45	-82.5822
0.3	45	-103.007
0.3	45	159.241
0.3	45	75.7394
0.3	45	-30.3837
0.3	45	-4.38267
0.3	45	-133.535
0.3	45	22.5295
0.3	45	-159.037
0.3	45	119.773
0.3	45	151.051
0.3	45	-22.0953
0.3	45	133.666
0.3	45	-134.59
0.3	45	-81.2153
0.3	45	126.796
0.3	45	-159.13
0.3	45	-56.1021
0.3	45	-45.0227
0.3	45	-52.9318
0.3	45	93.5187
0.3	45	80.723
0.3	45	-74.7412
0.3	45	110.215
0.3	45	131.352
0.3	45	65.0762
0.3	45	-16.1587
0.3	45	-99.1283
0.3	45	-102.324
0.3	45	-46.1794
0.3	45	76.4829
0.3	45	99.5205
0.3	45	102.545
0.3	45	101.219
0.3	45	17.2101
0.3	45	99.3096
0.3	45	138.479
0.3	45	-117.223
0.3	45	47.0777
0.3	45	-133.478
0.3	45	120.394
0.3	45	44.179
0.3	45	12.6034
0.3	45	-83.8883
0.3	45	133.052
0.3	45	32.3375
0.3	45	-77.0843
0.3	45	127.795
0.3	45	31.4675
0.3	45	-7.57872
0.3	45	-3.99823
0.3	45	171.407
0.3	45	-116.911
0.3	45	111.391
0.3	45	-17.8061
0.3	45	-106.574
0.3	45	128.244
0.3	45	149.805
0.3	45	-151.395
0.3	45	19.1434
0.3	45	-145.581
0.3	45	-52.8758
0.3	45	48.485
0.3	45	119.48
0.3	45	20.1172
0.3	45	-49.7818
0.3	45	59.5092
0.3	45	64.5395
0.3	45	89.3536
0.3	45	-164.426
0.3	45	2.42067
0.3	45	-35.0085
0.3	45	-47.9961
0.3	45	133.81
0.3	45	43.286
0.3	45	-89.5972
0.3	45	166.091
0.3	45	-53.7873
0.3	45	-119.152
0.3	45	6.53741
0.3	45	-62.8251
0.3	45	142.188
0.3	45	156.894
0.3	45	34.153
0.3	45	11.2878
0.3	45	-29.3516
0.3	45	164.801
0.3	45	-176.304
0.3	45	142.846
0.3	45	33.457
0.3	45	24.7371
0.3	45	-48.9431
0.3	45	150.848
0.3	45	-41.034
0.3	45	104.326
0.3	45	-73.9678
0.3	45	-81.5747
0.3	45	-11.7217
0.3	45	52.9212
0.3	45	-90.0133
0.3	45	-155.304
0.3	45	-74.4579
0.3	45	125.921
0.3	45	-168.844
0.3	45	145.086
0.3	45	104.241
0.3	45	109.363
0.3	45	111.489
0.3	45	-73.1905
0.3	45	-145.954
0.3	45	157.724
0.3	45	162.42
0.3	45	-86.9218
0.3	45	-149.957
0.3	45	-44.3226
0.3	45	17.7521
0.3	45	-139.118
0.3	45	-21.5564
0.3	45	-8.3679
0.3	45	-141.13
0.3	45	-130.452
0.3	45	133.295
0.3	45	89.0597
0.3	45	-53.5563
0.3	45	-158.732
0.3	45	160.006
0.3	45	-77.2318
0.3	45	159.016
0.3	45	96.0187
0.3	45	-96.625
0.3	45	20.6724
0.3	45	-94.6221
0.3	45	-104.202
0.3	45	-140.591
0.3	45	-50.0873
0.3	45	150.433
0.3	45	131.928
0.3	45	94.3514
0.3	45	97.5757
0.3	45	-145.201
0.3	45	-43.0547
0.3	45	88.0027
0.3	45	-19.7362
0.3	45	4.00814
0.3	45	19.8801
0.3	45	97.5078
0.3	45	28.8212
0.3	45	155.099
0.3	45	122.153
0.3	45	89.8465
0.3	45	23.871
0.3	45	-12.3459
0.3	45	-152.873
0.3	45	64.2025
0.3	45	147.174
0.3	45	-93.0202
0.3	45	67.3748
0.3	45	151.238
0.3	45	83.7773
0.3	45	-32.3015
0.3	45	-58.3505
0.3	45	179.329
0.3	45	-136.75
0.3	45	-86.5961
0.3	45	159.959
0.3	45	-5.49975
0.3	45	129.745
0.3	45	-1.0364
0.3	45	-135.287
0.3	45	129.954
0.3	45	140.268
0.3	45	40.0367
0.3	45	-89.7801
0.3	45	102.674
0.3	45	-61.9798
0.3	45	-175.034
0.3	45	-56.1743
0.3	45	-64.0639
0.3	45	70.5945
0.3	45	20.6768
0.3	45	147.119
0.3	45	23.7728
0.3	45	-54.86
0.3	45	-75.3027
0.3	45	-55.337
0.3	45	-2.53141
0.3	45	-168.485
0.3	45	54.6058
0.3	45	90.2163
0.3	45	139.75
0.3	45	-128.386
0.3	45	42.5695
0.3	45	-69.2358
0.3	45	117.977
0.3	45	70.9253
0.3	45	168.783
0.3	45	-144.348
0.3	45	-26.2497
0.3	45	-10.2348
0.3	45	155.137
0.3	45	-140.892
0.3	45	-172.459
0.3	45	-88.5365
0.3	45	-29.5556
0.3	45	-147.494
0.3	45	32.5806
0.3	45	19.5651
0.3	45	8.29371
0.3	45	73.1655
0.3	45	28.1138
0.3	45	-100.438
0.3	45	1.84942
0.3	45	-2.18056
0.3	45	135.856
0.3	45	79.3692
0.3	45	173.372
0.3	45	7.65446
0.3	45	113.951
0.3	45	80.9194
0.3	45	96.7755
0.3	45	17.6838
0.3	45	-47
0.3	45	-100.214
0.3	45	39.8716
0.3	45	-154.353
0.3	45	163.526
0.3	45	171.604
0.3	45	-167.352
0.3	45	23.5679
0.3	45	166.179
0.3	45	115.018
0.3	45	20.479
0.3	45	148.056
0.3	45	71.1133
0.3	45	-38.6632
0.3	45	1.4378
0.3	45	-161.305
0.3	45	40.3407
0.3	45	-133.665
0.3	45	-153.832
0.3	45	153.935
0.3	45	-43.249
0.3	45	107.749
0.3	45	20.2825
0.3	45	19.9424
0.3	45	91.9435
0.3	45	21.527
0.3	45	-28.9779
0.3	45	-171.15
0.3	45	-111.978
0.3	45	-124.787
0.3	45	161.541
0.3	45	94.9943
0.3	45	-133.3
0.3	45	-177.068
0.3	45	89.1556
0.3	45	62.3587
0.3	45	-116.966
0.3	45	-59.6775
0.3	45	-115.898
0.3	45	136.038
0.3	45	103.037
0.3	45	15.23
0.3	45	-155.669
0.3	45	35.3939
0.3	45	-130.076
0.3	45	-81.8497
0.3	45	62.5331
0.3	45	174.527
0.3	45	-79.4132
0.3	45	165.96
0.3	45	75.2414
0.3	45	-30.5136
0.3	45	107.005
0.3	45	47.0343
0.3	45	-97.0506
0.3	45	-103.755
0.3	45	-62.7992
0.3	45	42.2324
0.3	45	-64.6084
0.3	45	-170.471
0.3	45	-114.067
0.3	45	-98.0632
0.3	45	-69.795
0.3	45	-120.984
0.3	45	-21.8567
0.3	45	-139.67
0.3	45	-121.276
0.3	45	30.7774
0.3	45	-22.5707
0.3	45	27.6812
0.3	45	91.0756
0.3	45	130.571
0.3	45	-126.362
0.3	45	15.2417
0.3	45	-40.2202
0.3	45	5.90677
0.3	45	-33.0438
0.3	45	152.813
0.3	45	-120.911
0.3	45	134.901
0.3	45	-175.405
0.3	45	53.1773
0.3	45	-38.4891
0.3	45	-23.0925
0.3	45	66.1469
0.3	45	96.8193
0.3	45	-112.29
0.3	45	-141.769
0.3	45	-71.4531
0.3	45	155.703
0.3	45	-131.58
0.3	45	155.368
0.3	45	-2.98684
0.3	45	102.922
0.3	45	168.257
0.3	45	73.084
0.3	45	169.142
0.3	45	-34.6063
0.3	45	-130.738
0.3	45	-143.894
0.3	45	-133.419
0.3	45	131.833
0.3	45	152.597
0.3	45	-9.33004
0.3	45	165.23
0.3	45	75.9607
0.3	45	-123.286
0.3	45	-120.731
0.3	45	-4.78
0.3	45	-110.998
0.3	45	-4.1274
0.3	45	154.267
0.3	45	-53.9393
0.3	45	150.322
0.3	45	-137.964
0.3	45	101.789
0.3	45	-32.9933
0.3	45	-54.2916
0.3	45	143.815
0.3	45	-2.02908
0.3	45	-154.13
0.3	45	-128.481
0.3	45	172.673
0.3	45	-64.6746
0.3	45	135.591
0.3	45	-161.367
0.3	45	-174.039
0.3	45	-63.2377
0.3	45	-161.893
0.3	45	29.2797
0.3	45	-35.7959
0.3	45	166.86
0.3	45	101.891
0.3	45	130.086
0.3	45	22.2432
0.3	45	-159.272
0.3	45	141.839
0.3	45	139.629
0.3	45	-36.2655
0.3	45	20.6968
0.3	45	110.838
0.3	45	19.871
0.3	45	-164.402
0.3	45	-25.1422
0.3	45	101.401
0.3	45	-164.422
0.3	45	154.085
0.3	45	106.881
0.3	45	-174.429
0.3	45	-22.2572
0.3	45	147.353
0.3	45	20.2196
0.3	45	101.889
0.3	45	-164.988
0.3	45	-37.2322
0.3	45	-95.6905
0.3	45	-14.411
0.3	45	-156.152
0.3	45	137.503
0.3	45	-75.1847
0.3	45	40.8082
0.3	45	-96.8927
0.3	45	-136.836
0.3	45	-137.104
0.3	45	171.215
0.3	45	-119.138
0.3	45	87.5718
0.3	45	110.136
0.3	45	-14.3352
0.3	45	-100.914
0.3	45	105.238
0.3	45	-1.75992
0.3	45	113.527
0.3	45	165.204
0.3	45	89.3254
0.3	45	-136.099
0.3	45	-154.526
0.3	45	-44.9679
0.3	45	90.9893
0.3	45	-47.9624
0.3	45	90.849
0.3	45	-78.3908
0.3	45	175.847
0.3	45	-135.38
0.3	45	-13.832
0.3	45	-58.1347
0.3	45	-57.7743
0.3	45	33.6691
0.3	45	-59.4442
0.3	45	-138.637
0.3	45	-38.3889
0.3	45	153.354
0.3	45	139.048
0.3	45	-38.4611
0.3	45	86.9035
0.3	45	115.228
0.3	45	-29.0427
0.3	45	140.908
0.3	45	132.73
0.3	45	44.5511
0.3	45	164.251
0.3	45	147.424
0.25	-45	64.7143
0.25	-45	-69.6038
0.25	-45	-158.619
0.25	-45	156.455
0.25	-45	15.855
0.25	-45	35.9211
0.25	-45	-61.1214
0.25	-45	-151.482
0.25	-45	-27.7852
0.25	-45	-155.207
0.25	-45	-87.5441
0.25	-45	-178.886
0.25	-45	-93.5423
0.25	-45	137.957
0.25	-45	42.9855
0.25	-45	-6.1809
0.25	-45	82.8531
0.25	-45	-23.5008
0.25	-45	18.3325
0.25	-45	-18.264
0.25	-45	-158.678
0.25	-45	106.764
0.25	-45	6.723
0.25	-45	140.852
0.25	-45	68.418
0.25	-45	-170.644
0.25	-45	62.2012
0.25	-45	-98.5478
0.25	-45	147.743
0.25	-45	-64.4691
0.25	-45	-110.593
0.25	-45	31.386
0.25	-45	-139.161
0.25	-45	-156.171
0.25	-45	-36.8572
0.25	-45	79.588
0.25	-45	-70.9319
0.25	-45	86.9746
0.25	-45	93.3988
0.25	-45	97.4325
0.25	-45	33.8701
0.25	-45	-176.328
0.25	-45	133.332
0.25	-45	-63.6461
0.25	-45	172.436
0.25	-45	-90.5596
0.25	-45	-25.8201
0.25	-45	-40.8113
0.25	-45	91.3001
0.25	-45	-40.5944
0.25	-45	150.551
0.25	-45	-149.219
0.25	-45	135.803
0.25	-45	-162.433
0.25	-45	75.4681
0.25	-45	-92.931
0.25	-45	102.799
0.25	-45	-34.1973
0.25	-45	54.7127
0.25	-45	-32.846
0.25	-45	-162.896
0.25	-45	-154.677
0.25	-45	-149.179
0.25	-45	179.835
0.25	-45	-139.075
0.25	-45	144.302
0.25	-45	-39.6052
0.25	-45	171.368
0.25	-45	-119.346
0.25	-45	72.1596
0.25	-45	-24.6731
0.25	-45	-143.732
0.25	-45	145.829
0.25	-45	-140.365
0.25	-45	57.1134
0.25	-45	15.4605
0.25	-45	-178.555
0.25	-45	149.805
0.25	-45	127.953
0.25	-45	-117.571
0.25	-45	-27.0592
0.25	-45	-99.9589
0.25	-45	-65.0173
0.25	-45	-128.687
0.25	-45	156.996
0.25	-45	-128.301
0.25	-45	-81.7414
0.25	-45	-101.054
0.25	-45	-101.796
0.25	-45	45.0532
0.25	-45	-72.3292
0.25	-45	-7.19531
0.25	-45	-85.6889
0.25	-45	-19.8403
0.25	-45	11.3463
0.25	-45	-92.4831
0.25	-45	-25.4174
0.25	-45	-142.922
0.25	-45	107.158
0.25	-45	-32.7451
0.25	-45	-108.42
0.25	-45	75.9118
0.25	-45	-9.60175
0.25	-45	-9.16461
0.25	-45	-83.3592
0.25	-45	-107.663
0.25	-45	-149.573
0.25	-45	153.992
0.25	-45	67.7655
0.25	-45	132.098
0.25	-45	62.6852
0.25	-45	100.601
0.25	-45	-56.3132
0.25	-45	-99.1189
0.25	-45	165.338
0.25	-45	-39.3976
0.25	-45	-53.5172
0.25	-45	103.468
0.25	-45	-28.2103
0.25	-45	49.3678
0.25	-45	-155.296
0.25	-45	-169.133
0.25	-45	67.7795
0.25	-45	-88.3239
0.25	-45	61.1726
0.25	-45	32.2196
0.25	-45	-146.095
0.25	-45	-139.8
0.25	-45	18.7087
0.25	-45	-150.413
0.25	-45	-3.015
0.25	-45	-57.1853
0.25	-45	44.1664
0.25	-45	149.622
0.25	-45	49.7928
0.25	-45	-74.0357
0.25	-45	-95.6367
0.25	-45	-56.907
0.25	-45	115.453
0.25	-45	97.8592
0.25	-45	-39.4527
0.25	-45	-38.1763
0.25	-45	-15.3455
0.25	-45	58.3966
0.25	-45	122.264
0.25	-45	88.5886
0.25	-45	81.6108
0.25	-45	135.689
0.25	-45	112.784
0.25	-45	-69.9807
0.25	-45	-91.7912
0.25	-45	38.6009
0.25	-45	113.243
0.25	-45	27.614
0.25	-45	-28.7793
0.25	-45	62.7916
0.25	-45	94.5389
0.25	-45	117.797
0.25	-45	-101.751
0.25	-45	-6.99522
0.25	-45	-49.6282
0.25	-45	-131.446
0.25	-45	-69.9007
0.25	-45	-106.275
0.25	-45	42.1107
0.25	-45	-118.314
0.25	-45	-178.722
0.25	-45	-8.65233
0.25	-45	112.259
0.25	-45	3.20865
0.25	-45	-0.639173
0.25	-45	4.07485
0.25	-45	-120.178
0.25	-45	-131.942
0.25	-45	0.0766894
0.25	-45	26.0149
0.25	-45	-154.829
0.25	-45	68.5337
0.25	-45	-168.361
0.25	-45	-173.252
0.25	-45	-17.7951
0.25	-45	66.0793
0.25	-45	-84.6725
0.25	-45	-68.6179
0.25	-45	-159.462
0.25	-45	150.087
0.25	-45	26.8743
0.25	-45	-18.5129
0.25	-45	103.631
0.25	-45	-32.4532
0.25	-45	-115.001
0.25	-45	97.4882
0.25	-45	-118.16
0.25	-45	43.5345
0.25	-45	126.479
0.25	-45	-3.18973
0.25	-45	118.918
0.25	-45	23.138
0.25	-45	173.048
0.25	-45	-5.83162
0.25	-45	124.049
0.25	-45	-29.5907
0.25	-45	-15.5061
0.25	-45	107.985
0.25	-45	17.1916
0.25	-45	-137.95
0.25	-45	-0.795828
0.25	-45	-14.9454
0.25	-45	-51.8297
0.25	-45	64.008
0.25	-45	-3.17731
0.25	-45	30.3102
0.25	-45	-123.882
0.25	-45	75.1093
0.25	-45	45.7648
0.25	-45	-133.917
0.25	-45	-52.7208
0.25	-45	58.5383
0.25	-45	167.459
0.25	-45	-53.5878
0.25	-45	133.756
0.25	-45	-117.611
0.25	-45	66.6756
0.25	-45	60.1482
0.25	-45	-120.553
0.25	-45	-22.309
0.25	-45	126.611
0.25	-45	-114.481
0.25	-45	129.083
0.25	-45	-175.019
0.25	-45	142.877
0.25	-45	176.508
0.25	-45	65.1869
0.25	-45	114.759
0.25	-45	-37.4127
0.25	-45	63.1552
0.25	-45	-96.7344
0.25	-45	145.471
0.25	-45	-64.0153
0.25	-45	147.073
0.25	-45	-164.53
0.25	-45	-30.0995
0.25	-45	-107.748
0.25	-45	-153.796
0.25	-45	-144.827
0.25	-45	149.628
0.25	-45	30.4202
0.25	-45	0.420696
0.25	-45	74.1246
0.25	-45	173.462
0.25	-45	64.0878
0.25	-45	-15.6867
0.25	-45	-1.19701
0.25	-45	-117.373
0.25	-45	88.1365
0.25	-45	-65.7796
0.25	-45	24.3978
0.25	-45	-70.9565
0.25	-45	125.194
0.25	-45	106.888
0.25	-45	-160.501
0.25	-45	172.946
0.25	-45	-73.7414
0.25	-45	-42.2206
0.25	-45	130.247
0.25	-45	-149.324
0.25	-45	144.14
0.25	-45	159.398
0.25	-45	155.682
0.25	-45	-155.891
0.25	-45	146.166
0.25	-45	-36.9474
0.25	-45	48.0297
0.25	-45	4.30635
0.25	-45	33.4447
0.25	-45	54.0478
0.25	-45	173.701
0.25	-45	-16.5001
0.25	-45	6.56239
0.25	-45	176.53
0.25	-45	59.0582
0.25	-45	162.684
0.25	-45	-134.248
0.25	-45	-47.5399
0.25	-45	-10.2498
0.25	-45	18.3275
0.25	-45	-5.23712
0.25	-45	98.7838
0.25	-45	25.5439
0.25	-45	-145.418
0.25	-45	-98.0925
0.25	-45	-62.805
0.25	-45	-87.0413
0.25	-45	-113.257
0.25	-45	-124.337
0.25	-45	102.531
0.25	-45	-136.08
0.25	-45	-179.073
0.25	-45	34.3042
0.25	-45	66.9347
0.25	-45	-65.8688
0.25	-45	90.2536
0.25	-45	59.2191
0.25	-45	64.3598
0.25	-45	-139.534
0.25	-45	-136.489
0.25	-45	-116.912
0.25	-45	-66.7273
0.25	-45	124.375
0.25	-45	-140.734
0.25	-45	-146.745
0.25	-45	-113.126
0.25	-45	-7.42065
0.25	-45	159.425
0.25	-45	60.7991
0.25	-45	-58.022
0.25	-45	123.388
0.25	-45	51.0815
0.25	-45	43.3197
0.25	-45	-14.6849
0.25	-45	-169.751
0.25	-45	-171.193
0.25	-45	14.2093
0.25	-45	171.541
0.25	-45	64.7691
0.25	-45	-77.275
0.25	-45	147.376
0.25	-45	-174.031
0.25	-45	-66.1926
0.25	-45	-109.42
0.25	-45	-29.2274
0.25	-45	-68.647
0.25	-45	116.675
0.25	-45	-56.2985
0.25	-45	113.245
0.25	-45	127.996
0.25	-45	-75.4784
0.25	-45	-152.785
0.25	-45	177.004
0.25	-45	-104.856
0.25	-45	-75.6343
0.25	-45	-94.9865
0.25	-45	44.0553
0.25	-45	144.063
0.25	-45	-19.6187
0.25	-45	-96.2157
0.25	-45	60.6273
0.25	-45	62.7948
0.25	-45	-110.421
0.25	-45	-46.9114
0.25	-45	153.702
0.25	-45	121.154
0.25	-45	-23.7883
0.25	-45	90.5446
0.25	-45	99.2274
0.25	-45	81.5687
0.25	-45	172.595
0.25	-45	-112.4
0.25	-45	160.439
0.25	-45	167.99
0.25	-45	-152.892
0.25	-45	-109.389
0.25	-45	-2.35408
0.25	-45	-121.301
0.25	-45	-24.5386
0.25	-45	79.1392
0.25	-45	29.248
0.25	-45	78.1598
0.25	-45	-104.733
0.25	-45	-23.1612
0.25	-45	35.1696
0.25	-45	75.9968
0.25	-45	178.352
0.25	-45	177.027
0.25	-45	-123.457
0.25	-45	44.0036
0.25	-45	-99.5139
0.25	-45	150.324
0.25	-45	104.077
0.25	-45	69.1695
0.25	-45	-2.01713
0.25	-45	18.8165
0.25	-45	65.7894
0.25	-45	68.2933
0.25	-45	103.997
0.25	-45	-98.7385
0.25	-45	-172.662
0.25	-45	96.1951
0.25	-45	-126.81
0.25	-45	149.961
0.25	-45	-19.4584
0.25	-45	-170.783
0.25	-45	23.0747
0.25	-45	-111.923
0.25	-45	10.4921
0.25	-45	78.651
0.25	-45	-157.85
0.25	-45	-21.8008
0.25	-45	-32.1046
0.25	-45	8.47948
0.25	-45	172.844
0.25	-45	111.882
0.25	-45	135.799
0.25	-45	70.5218
0.25	-45	-73.7611
0.25	-45	-12.2446
0.25	-45	-72.0151
0.25	-45	147.941
0.25	-45	-121.998
0.25	-45	-111.565
0.25	-45	-26.954
0.25	-45	158.725
0.25	-45	47.5426
0.25	-45	-11.2045
0.25	-45	145.465
0.25	-45	-45.5052
0.25	-45	86.6234
0.25	-45	166.354
0.25	-45	-27.7947
0.25	-45	-13.6874
0.25	-45	81.3217
0.25	-45	145.666
0.25	-45	-21.6594
0.25	-45	65.5402
0.25	-45	-21.4366
0.25	-45	-60.318
0.25	-45	-77.5321
0.25	-45	97.1491
0.25	-45	142.542
0.25	-45	95.0779
0.25	-45	147.503
0.25	-45	89.6848
0.25	-45	-77.5923
0.25	-45	94.369
0.25	-45	-43.447
0.25	-45	103.153
0.25	-45	77.3172
0.25	-45	-81.1434
0.25	-45	-55.0178
0.25	-45	73.8632
0.25	-45	42.9223
0.25	-45	-100.549
0.25	-45	101.085
0.25	-45	-141.281
0.25	-45	120.777
0.25	-45	72.8907
0.25	-45	97.7859
0.25	-45	-166.53
0.25	-45	-169.95
0.25	-45	77.7329
0.25	-45	143.716
0.25	-45	23.6805
0.25	-45	-98.8538
0.25	-45	120.619
0.25	-45	119.846
0.25	-45	105.642
0.25	-45	85.9688
0.25	-45	78.0288
0.25	-45	139.683
0.25	-45	-7.17215
0.25	-45	-127.1
0.25	-45	-155.231
0.25	-45	-108.083
0.25	-45	151.817
0.25	-45	164.219
0.25	-45	49.8849
0.25	-45	-151.261
0.25	-45	3.46157
0.25	-45	-128.218
0.25	-45	123.548
0.25	-45	18.8536
0.25	-45	-6.39802
0.25	-45	-3.95789
0.25	-45	120.721
0.25	-45	155.685
0.25	-45	5.00482
0.25	-45	-56.8016
0.25	-45	-29.714
0.25	-45	-31.2419
0.25	-45	104.733
0.25	-45	157.475
0.25	-45	167.359
0.25	-45	34.639
0.25	-45	-124.399
0.25	-45	110.692
0.25	-45	-51.0558
0.25	-45	25.8904
0.25	-45	-17.5929
0.25	-45	-52.859
0.25	-45	62.3896
0.25	-45	-78.9126
0.25	-45	142.132
0.25	-45	-6.55025
0.25	-45	92.527
0.25	-45	136.01
0.25	-45	127.685
0.25	-45	3.25212
0.25	-45	-129.396
0.25	-45	-25.6156
0.25	-45	-118.08
0.25	-45	105.148
0.25	-45	-65.6561
0.25	-45	158.899
0.25	-45	-83.7137
0.25	-45	-113.08
0.25	-45	-154.14
0.25	-45	68.6243
0.25	-45	-151.919
0.25	-45	-69.1207
0.25	-45	-63.7217
0.25	-45	139.663
0.25	-45	-7.93241
0.25	-45	-95.8528
0.25	-45	119.333
0.25	-45	72.1116
0.25	-45	-135.416
0.25	-45	113.978
0.25	-45	-124.861
0.25	-45	-161.998
0.25	-45	-22.5156
0.25	-45	57.3977
0.25	-45	88.5866
0.25	-45	-152.643
0.25	-45	171.021
0.25	-45	146.356
0.25	-45	-155.357
0.25	-45	-103.21
0.25	-45	137.214
0.25	-45	43.2656
0.25	-45	-171.058
0.25	-45	155.33
0.25	-45	137.35
0.25	-45	-133.755
0.25	-45	15.6475
0.25	-45	14.9975
0.25	-45	69.1289
0.25	-45	-54.5715
0.25	-45	-80.1817
0.25	-45	-5.58259
0.25	-45	-100.099
0.25	-45	160.906
0.25	-45	-130.966
0.25	-45	111.287
0.25	-45	-141.505
0.25	-45	126.036
0.25	-45	16.9505
0.25	-45	-48.002
0.25	-45	145.795
0.25	-45	98.5559
0.25	-45	167.27
0.25	-45	-153.154
0.25	-45	-98.6781
0.25	-45	35.5158
0.25	-45	172.717
0.25	-45	-74.6399
0.25	-45	40.4842
0.25	-45	-109.492
0.25	-45	-34.0954
0.25	-45	-79.7303
0.25	-45	-100.339
0.25	-45	-138.416
0.25	-45	37.6189
0.25	-45	66.3881
0.25	-45	166.054
0.25	-45	160.521
0.25	-45	-172.935
0.25	-45	16.8126
0.25	-45	15.0698
0.25	-45	-155.274
0.25	-45	-170.999
0.25	-45	151.38
0.25	-45	126.244
0.25	-45	-136.174
0.25	-45	-162.044
0.25	-45	82.1412
0.25	-45	156.907
0.25	-45	70.5941
0.25	-45	-119.034
0.25	-45	74.2739
0.25	-45	-117.231
0.25	-45	-116.33
0.25	-45	-154.469
0.25	-45	-134.82
0.25	-45	39.3115
0.25	-45	104.669
0.25	-45	50.0678
0.25	-45	-151.471
0.25	-45	131.394
0.25	-45	157.379
0.25	-45	-115.127
0.25	-45	40.2992
0.25	-45	95.7678
0.25	-45	38.9666
0.25	-45	-24.3058
0.25	-45	155.742
0.25	-45	-58.7851
0.25	-45	-35.7794
0.25	-45	177.324
0.25	-45	174.313
0.25	-45	-165.119
0.25	-45	-159.226
0.25	-45	-135.883
0.25	-45	75.8154
0.25	-45	-95.5364
0.25	-45	167.295
0.25	-45	-106.628
0.25	-45	-83.7787
0.25	-45	-22.0088
0.25	-45	-169.097
0.25	-45	-22.3888
0.25	-45	145.904
0.25	-45	-90.1183
0.25	-45	34.3879
0.25	-45	99.7069
0.25	-45	-106.91
0.25	-45	29.4495
0.25	-45	-119.543
0.25	-45	-2.30249
0.25	-45	-179.351
0.25	-45	48.0034
0.25	-45	-74.0164
0.25	-45	-165.383
0.25	-45	50.5712
0.25	-45	-98.7226
0.25	-45	-14.3778
0.25	-45	-128.383
0.25	-45	-107.389
0.25	-45	-174.936
0.25	-45	112.627
0.25	-45	94.2008
0.25	-45	171.112
0.25	-45	-10.2395
0.25	-45	-103.448
0.25	-45	50.9883
0.25	-45	159.255
0.25	-45	-170.01
0.25	-45	-146.171
0.25	-45	130.932
0.25	-45	-150.919
0.25	-45	-16.1862
0.25	-45	57.9614
0.25	-45	81.7922
0.25	-45	147.463
0.25	-45	-121.789
0.25	-45	-154.763
0.25	-45	68.5528
0.25	-45	-92.9751
0.25	-45	81.2611
0.25	-45	-122.147
0.25	-45	-96.1893
0.25	-45	9.46853
0.25	-45	-144.077
0.25	-45	-128.077
0.25	-45	-118.029
0.25	-45	87.9794
0.25	-45	-49.3234
0.25	-45	66.1553
0.25	-45	-117.58
0.25	-45	-167.122
0.25	-45	-86.6995
0.25	-45	-142.552
0.25	-45	-21.9181
0.25	-45	2.4719
0.25	-45	-145.173
0.25	-45	-116.363
0.25	-45	-122.406
0.25	-45	28.5666
0.25	-45	-123.362
0.25	-45	-134.62
0.25	-45	-159.808
0.25	-45	-136.394
0.25	-45	-75.9511
0.25	-45	127.673
0.25	-45	-116.285
0.25	-45	-100.243
0.25	-45	-137.982
0.25	-45	25.337
0.25	-45	3.43222
0.25	-45	87.3579
0.25	-45	-78.0246
0.25	-45	-119.232
0.25	-45	-178.716
0.25	-45	-45.8994
0.25	-45	58.7632
0.25	-45	109.87
0.25	-45	-141.067
0.25	-45	69.446
0.25	-45	117.03
0.25	-45	139.578
0.25	-45	151.227
0.25	-45	107.822
0.25	-45	0.760247
0.25	-45	0.722812
0.25	-45	52.3161
0.25	-45	-135.987
0.25	-45	8.83908
0.25	-45	-121.959
0.25	-45	8.99765
0.25	-45	33.5636
0.25	-45	-73.12
0.25	-45	-145.268
0.25	-45	-173.248
0.25	-45	83.7987
0.25	-45	126.868
0.25	-45	-40.5831
0.25	-45	45.33
0.25	-45	157.768
0.25	-45	-94.1193
0.25	-45	126.121
0.25	-45	-17.2304
0.25	-45	48.285
0.25	-45	-9.1348
0.25	-45	-137.118
0.25	-45	-168.154
0.25	-45	-116.159
0.25	-45	6.11879
0.25	-45	40.0741
0.25	-45	26.5236
0.25	-45	-52.1075
0.25	-45	-109.147
0.25	-45	18.0892
0.25	-45	143.216
0.25	-45	-136.609
0.25	-45	11.8771
0.25	-45	147.795
0.25	-45	-75.7423
0.25	-45	175.342
0.25	-45	-165.553
0.25	-45	117.826
0.25	-45	108.07
0.25	-45	-140.026
0.25	-45	-57.3818
0.25	-45	-154.773
0.25	-45	-157.969
0.25	-45	-52.1633
0.25	-45	164.339
0.25	-45	-15.6128
0.25	-45	156.498
0.25	-45	-163.222
0.25	-45	-95.8491
0.25	-45	98.9033
0.25	-45	134.272
0.25	-45	160.259
0.25	-45	47.7618
0.25	-45	-71.4985
0.25	-45	120.93
0.25	-45	2.32045
0.25	-45	84.3625
0.25	-45	-136.178
0.25	-45	-29.6931
0.25	-45	-111.278
0.25	-45	-176.985
0.25	-45	-150.908
0.25	-45	170.475
0.25	-45	71.0977
0.25	-45	13.3728
0.25	-45	85.375
0.25	-45	22.9066
0.25	-45	31.1282
0.25	-45	79.4875
0.25	-45	13.4061
0.25	-45	-120.676
0.25	-45	-127.407
0.25	-45	97.6826
0.25	-45	20.2819
0.25	-45	118.648
0.25	-45	77.0895
0.25	-45	23.9775
0.25	-45	74.6674
0.25	-45	129.055
0.25	-45	120.042
0.25	-45	149.931
0.25	-45	-55.9459
0.25	-45	-107.606
0.25	-45	-75.2948
0.25	-45	168.502
0.25	-45	-50.5588
0.25	-45	78.9809
0.25	-45	-70.3864
0.25	-45	8.66641
0.25	-45	130.725
0.25	-45	-112.996
0.25	-45	35.7543
0.25	-45	33.2784
0.25	-45	58.1639
0.25	-45	8.77645
0.25	-45	-61.4457
0.25	-45	95.6505
0.25	-45	171.869
0.25	-45	118.771
0.25	-45	-20.7537
0.25	-45	-54.4745
0.25	-45	-131.864
0.25	-45	-27.3454
0.25	-45	69.1411
0.25	-45	144.204
0.25	-45	-56.0496
0.25	-45	-82.0112
0.25	-45	129.14
0.25	-45	77.8228
