pol	setting	phi
0.3	45	-36.1383
0.3	45	-131.414
0.3	45	26.5937
0.3	45	13.8141
0.3	45	148.22
0.3	45	-129.9
0.3	45	115.152
0.3	45	58.2583
0.3	45	-54.9481
0.3	45	15.7319
0.3	45	152.246
0.3	45	14.2009
0.3	45	41.3034
0.3	45	53.1461
0.3	45	-91.7715
0.3	45	36.9484
0.3	45	-56.4944
0.3	45	-129.206
0.3	45	-19.0726
0.3	45	88.558
0.3	45	-18.3897
0.3	45	-152.192
0.3	45	10.8523
0.3	45	-45.1591
0.3	45	13.5529
0.3	45	-90.6527
0.3	45	-53.8241
0.3	45	-161.29
0.3	45	-46.8162
0.3	45	143.29
0.3	45	-84.4575
0.3	45	54.8629
0.3	45	104.17
0.3	45	-163.957
0.3	45	33.0308
0.3	45	-146.646
0.3	45	-67.7367
0.3	45	-127.39
0.3	45	-71.7554
0.3	45	9.15097
0.3	45	-169.397
0.3	45	30.7709
0.3	45	-91.2284
0.3	45	-17.3743
0.3	45	-48.2218
0.3	45	172.623
0.3	45	52.7317
0.3	45	-17.0965
0.3	45	-119.027
0.3	45	-93.1498
0.3	45	153.05
0.3	45	-68.4371
0.3	45	100.214
0.3	45	-115.184
0.3	45	142.036
0.3	45	-161.898
0.3	45	-123.603
0.3	45	172.706
0.3	45	-84.6771
0.3	45	106.752
0.3	45	-33.2775
0.3	45	34.743
0.3	45	44.8172
0.3	45	66.3367
0.3	45	148.393
0.3	45	103.347
0.3	45	45.0665
0.3	45	151.425
0.3	45	129.622
0.3	45	55.6134
0.3	45	6.98506
0.3	45	68.4848
0.3	45	152.85
0.3	45	120.226
0.3	45	97.9194
0.3	45	-73.0021
0.3	45	-30.5389
0.3	45	24.8808
0.3	45	-76.0982
0.3	45	-152.836
0.3	45	-89.9125
0.3	45	118.565
0.3	45	-88.6451
0.3	45	-167.832
0.3	45	44.4479
0.3	45	32.4521
0.3	45	-70.5263
0.3	45	-17.9484
0.3	45	151.508
0.3	45	-157.264
0.3	45	8.22422
0.3	45	102.433
0.3	45	115.955
0.3	45	156.131
0.3	45	71.1097
0.3	45	-125.531
0.3	45	-105.088
0.3	45	-11.2042
0.3	45	-118.378
0.3	45	65.5357
0.3	45	-52.3503
0.3	45	-91.6828
0.3	45	-37.6153
0.3	45	-123.682
0.3	45	-95.9146
0.3	45	-164.092
0.3	45	-53.9764
0.3	45	10.3366
0.3	45	-112.499
0.3	45	174.167
0.3	45	-63.1714
0.3	45	-59.2151
0.3	45	-59.0443
0.3	45	41.522
0.3	45	121.868
0.3	45	-21.191
0.3	45	-52.5926
0.3	45	-39.9098
0.3	45	-99.2202
0.3	45	125.454
0.3	45	27.0596
0.3	45	-120.56
0.3	45	-165.679
0.3	45	-140.909
0.3	45	-104.485
0.3	45	141.208
0.3	45	22.3843
0.3	45	98.36
0.3	45	1.81008
0.3	45	-153.549
0.3	45	-95.1167
0.3	45	-12.6328
0.3	45	146.05
0.3	45	-18.5938
0.3	45	18.0632
0.3	45	55.6336
0.3	45	-24.3168
0.3	45	118.816
0.3	45	-83.2057
0.3	45	-156.238
0.3	45	7.93551
0.3	45	-72.8903
0.3	45	104.207
0.3	45	155.454
0.3	45	84.9391
0.3	45	107.488
0.3	45	93.3479
0.3	45	83.5841
0.3	45	-148.224
0.3	45	-40.2274
0.3	45	-138.77
0.3	45	87.3982
0.3	45	-110.029
0.3	45	-138.931
0.3	45	-70.5153
0.3	45	-61.7895
0.3	45	-96.9052
0.3	45	146.518
0.3	45	-135.882
0.3	45	-24.1183
0.3	45	69.7825
0.3	45	17.3579
0.3	45	82.1568
0.3	45	-173.545
0.3	45	27.8835
0.3	45	-114.927
0.3	45	-24.3122
0.3	45	144.618
0.3	45	-106.493
0.3	45	-8.66807
0.3	45	-167.526
0.3	45	7.30658
0.3	45	-146.36
0.3	45	55.3278
0.3	45	46.3379
0.3	45	-117.7
0.3	45	-50.0326
0.3	45	-57.2521
0.3	45	92.4041
0.3	45	20.8337
0.3	45	-139.304
0.3	45	7.16758
0.3	45	-46.9006
0.3	45	-27.658
0.3	45	-9.79371
0.3	45	-9.58681
0.3	45	-174.804
0.3	45	-117.86
0.3	45	166.094
0.3	45	176.95
0.3	45	24.7299
0.3	45	2.13905
0.3	45	-89.5694
0.3	45	-148.192
0.3	45	-163.777
0.3	45	-58.6881
0.3	45	-20.7343
0.3	45	46.8843
0.3	45	-106.382
0.3	45	-145.001
0.3	45	117.998
0.3	45	-73.4041
0.3	45	-178.412
0.3	45	-17.3924
0.3	45	-118.106
0.3	45	-38.7222
0.3	45	23.7998
0.3	45	141.252
0.3	45	34.3709
0.3	45	-179.117
0.3	45	-41.6856
0.3	45	66.3701
0.3	45	165.251
0.3	45	-47.8796
0.3	45	-110.92
0.3	45	-41.791
0.3	45	116.632
0.3	45	-58.7812
0.3	45	176.063
0.3	45	-166.954
0.3	45	177.697
0.3	45	148.102
0.3	45	115.276
0.3	45	71.1586
0.3	45	87.5487
0.3	45	-43.9721
0.3	45	-128.213
0.3	45	118.898
0.3	45	-75.9567
0.3	45	161.411
0.3	45	69.0102
0.3	45	-152.738
0.3	45	-146.372
0.3	45	-130.355
0.3	45	4.51064
0.3	45	101.987
0.3	45	95.7065
0.3	45	6.96681
0.3	45	-63.3865
0.3	45	-161.764
0.3	45	49.1949
0.3	45	154.433
0.3	45	-173.2
0.3	45	-59.4253
0.3	45	86.4408
0.3	45	-105.567
0.3	45	124.055
0.3	45	-170.16
0.3	45	117.863
0.3	45	29.2054
0.3	45	124.897
0.3	45	-91.6665
0.3	45	23.5061
0.3	45	166.177
0.3	45	140.355
0.3	45	133.643
0.3	45	101.932
0.3	45	-99.8511
0.3	45	32.2051
0.3	45	125.799
0.3	45	-171.778
0.3	45	-4.24222
0.3	45	-163.418
0.3	45	-108.936
0.3	45	121.846
0.3	45	-151.479
0.3	45	92.9817
0.3	45	-147.659
0.3	45	45.7922
0.3	45	-157.489
0.3	45	-12.2568
0.3	45	-44.2794
0.3	45	-57.9562
0.3	45	-175.413
0.3	45	-79.1068
0.3	45	111.776
0.3	45	86.7827
0.3	45	64.2023
0.3	45	35.8245
0.3	45	61.0983
0.3	45	-139.431
0.3	45	-173.274
0.3	45	-116.273
0.3	45	53.9222
0.3	45	163.037
0.3	45	161.726
0.3	45	-2.92004
0.3	45	-106.528
0.3	45	62.7436
0.3	45	-42.6665
0.3	45	-40.188
0.3	45	-53.2932
0.3	45	-176.848
0.3	45	-39.5916
0.3	45	18.5085
0.3	45	122.351
0.3	45	122.202
0.3	45	10.4604
0.3	45	-143.563
0.3	45	-141.906
0.3	45	-173.021
0.3	45	-96.0768
0.3	45	12.6011
0.3	45	120.177
0.3	45	-69.1502
0.3	45	109.86
0.3	45	-41.3534
0.3	45	-68.0402
0.3	45	6.15738
0.3	45	-31.1181
0.3	45	106.028
0.3	45	-82.6738
0.3	45	163.535
0.3	45	-55.6769
0.3	45	177.18
0.3	45	132.428
0.3	45	-153.315
0.3	45	152.598
0.3	45	35.1669
0.3	45	-100.262
0.3	45	117.312
0.3	45	-110.031
0.3	45	-103.991
0.3	45	-137.992
0.3	45	-10.3082
0.3	45	143.201
0.3	45	-75.1516
0.3	45	179.781
0.3	45	19.4492
0.3	45	-38.5815
0.3	45	-164.777
0.3	45	-163.202
0.3	45	137.968
0.3	45	-72.9685
0.3	45	11.4879
0.3	45	179.534
0.3	45	-79.0307
0.3	45	-50.4335
0.3	45	-176.816
0.3	45	-112.936
0.3	45	-86.8095
0.3	45	112.2
0.3	45	-133.364
0.3	45	10.6888
0.3	45	162.26
0.3	45	129.676
0.3	45	112.053
0.3	45	19.8586
0.3	45	55.4515
0.3	45	-101.454
0.3	45	36.2198
0.3	45	-15.9662
0.3	45	23.3195
0.3	45	70.8214
0.3	45	-134.188
0.3	45	22.1171
0.3	45	-80.5195
0.3	45	-92.188
0.3	45	60.5484
0.3	45	133.753
0.3	45	26.8435
0.3	45	97.4831
0.3	45	157.129
0.3	45	-84.6373
0.3	45	38.1585
0.3	45	-57.299
0.3	45	-128.512
0.3	45	-174.621
0.3	45	87.9281
0.3	45	24.7801
0.3	45	-48.3707
0.3	45	27.7121
0.3	45	138.33
0.3	45	-33.7838
0.3	45	-129.955
0.3	45	-63.6843
0.3	45	-43.7361
0.3	45	140.417
0.3	45	2.95823
0.3	45	161.632
0.3	45	-165.905
0.3	45	152.757
0.3	45	141.422
0.3	45	-63.5391
0.3	45	-53.1505
0.3	45	124.092
0.3	45	141.808
0.3	45	101.08
0.3	45	104.401
0.3	45	-39.5858
0.3	45	111.209
0.3	45	-92.1613
0.3	45	-2.8148
0.3	45	80.3982
0.3	45	142.9
0.3	45	-65.4868
0.3	45	79.8987
0.3	45	148.706
0.3	45	112.298
0.3	45	-171.68
0.3	45	-163.893
0.3	45	77.7951
0.3	45	-13.5651
0.3	45	-66.3757
0.3	45	142.03
0.3	45	-26.2436
0.3	45	-93.5921
0.3	45	59.2441
0.3	45	87.0791
0.3	45	-85.475
0.3	45	-60.5769
0.3	45	-99.1906
0.3	45	72.4073
0.3	45	-135.269
0.3	45	51.6805
0.3	45	106.278
0.3	45	137.242
0.3	45	53.9524
0.3	45	-150.849
0.3	45	155.518
0.3	45	146.056
0.3	45	-58.2693
0.3	45	93.8657
0.3	45	0.61728
0.3	45	146.38
0.3	45	78.0018
0.3	45	20.0618
0.3	45	47.1563
0.3	45	-172.377
0.3	45	126.131
0.3	45	-65.7815
0.3	45	17.7733
0.3	45	160.065
0.3	45	-167.865
0.3	45	117.822
0.3	45	-114.364
0.3	45	-57.9339
0.3	45	-1.70306
0.3	45	-27.1109
0.3	45	163.619
0.3	45	147.873
0.3	45	-152.724
0.3	45	22.6816
0.3	45	-127.726
0.3	45	76.9554
0.3	45	-77.4506
0.3	45	-176.082
0.3	45	173.046
0.3	45	-33.5932
0.3	45	-177.388
0.3	45	157.217
0.3	45	-77.7734
0.3	45	-7.8072
0.3	45	152.013
0.3	45	-133.619
0.3	45	165.699
0.3	45	-35.3602
0.3	45	94.2195
0.3	45	-127.49
0.3	45	-85.7302
0.3	45	-92.1788
0.3	45	177.441
0.3	45	26.6224
0.3	45	142.95
0.3	45	92.5821
0.3	45	-6.04396
0.3	45	-134.531
0.3	45	-135.407
0.3	45	138.697
0.3	45	55.5281
0.3	45	-32.353
0.3	45	-124.582
0.3	45	-145.071
0.3	45	43.723
0.3	45	-71.0277
0.3	45	-98.553
0.3	45	-86.754
0.3	45	-5.82056
0.3	45	161.031
0.3	45	-18.7386
0.3	45	-64.4723
0.3	45	-56.2757
0.3	45	104.303
0.3	45	179.12
0.3	45	61.3725
0.3	45	143.375
0.3	45	88.4352
0.3	45	-94.0247
0.3	45	45.4694
0.3	45	-39.1141
0.3	45	-84.1921
0.3	45	-113.67
0.3	45	-36.498
0.3	45	-110.834
0.3	45	121.457
0.3	45	-148.976
0.3	45	87.688
0.3	45	-129.478
0.3	45	-175.376
0.3	45	-142.582
0.3	45	2.24377
0.3	45	158.942
0.3	45	163.032
0.3	45	108.69
0.3	45	-66.1271
0.3	45	-15.8296
0.3	45	85.9163
0.3	45	65.1711
0.3	45	115.038
0.3	45	132.643
0.3	45	110.17
0.3	45	-129.243
0.3	45	25.3119
0.3	45	-157.38
0.3	45	137.058
0.3	45	61.3298
0.3	45	93.8599
0.3	45	24.1616
0.3	45	120.298
0.3	45	122.498
0.3	45	15.0645
0.3	45	-101.778
0.3	45	-104
0.3	45	-133.595
0.3	45	-170.943
0.3	45	-87.883
0.3	45	12.2497
0.3	45	-116.784
0.3	45	-69.8143
0.3	45	55.7145
0.3	45	53.0326
0.3	45	39.1034
0.3	45	-39.243
0.3	45	-17.9955
0.3	45	44.9269
0.3	45	-153.846
0.3	45	-28.4308
0.3	45	148.104
0.3	45	70.1975
0.3	45	-5.30216
0.3	45	31.2686
0.3	45	117.378
0.3	45	138.464
0.3	45	15.307
0.3	45	-93.4867
0.3	45	132.117
0.3	45	-160.446
0.3	45	95.4812
0.3	45	-113.214
0.3	45	-122.063
0.3	45	43.9806
0.3	45	-112.996
0.3	45	119.147
0.3	45	-102.696
0.3	45	-145.813
0.3	45	-141.376
0.3	45	-147.071
0.3	45	131.209
0.3	45	-117.096
0.3	45	-74.7596
0.3	45	-111.797
0.3	45	69.7941
0.3	45	-152.016
0.3	45	175.062
0.3	45	5.35484
0.3	45	150.933
0.3	45	64.9174
0.3	45	153.85
0.3	45	-95.3312
0.3	45	-90.6209
0.3	45	77.0929
0.3	45	117.211
0.3	45	-84.0955
0.3	45	102.07
0.3	45	62.2712
0.3	45	-71.8058
0.3	45	133.081
0.3	45	166.215
0.3	45	147.957
0.3	45	-159.983
0.3	45	-172.049
0.3	45	126.877
0.3	45	-107.639
0.3	45	176.442
0.3	45	-153.432
0.3	45	38.9338
0.3	45	-148.575
0.3	45	-34.4641
0.3	45	162.232
0.3	45	122.825
0.3	45	44.469
0.3	45	63.3954
0.3	45	121.082
0.3	45	-147.996
0.3	45	-124.911
0.3	45	-116.437
0.3	45	-179.647
0.3	45	-65.1637
0.3	45	-88.36
0.3	45	3.40403
0.3	45	-36.4016
0.3	45	170.811
0.3	45	-63.9991
0.3	45	35.9364
0.3	45	-43.844
0.3	45	-111.674
0.3	45	74.0724
0.3	45	1.06358
0.3	45	-73.502
0.3	45	151.008
0.3	45	136.609
0.3	45	174.425
0.3	45	-64.3282
0.3	45	132.274
0.3	45	171.059
0.3	45	6.3223
0.3	45	-95.2874
0.3	45	51.8026
0.3	45	-30.2464
0.3	45	-79.4119
0.3	45	-96.3213
0.3	45	129.975
0.3	45	-112.056
0.3	45	31.3503
0.3	45	52.9673
0.3	45	-52.225
0.3	45	-122.15
0.3	45	115.43
0.3	45	82.5407
0.3	45	-176.88
0.3	45	108.42
0.3	45	-39.7182
0.3	45	131.114
0.3	45	-156.97
0.3	45	60.3959
0.3	45	8.3608
0.3	45	50.933
0.3	45	70.7367
0.3	45	38.7886
0.3	45	110.41
0.3	45	-84.3815
0.3	45	-85.5022
0.3	45	91.4429
0.3	45	9.35242
0.3	45	60.0975
0.3	45	-35.1834
0.3	45	17.528
0.3	45	62.8
0.3	45	127.433
0.3	45	-122.778
0.3	45	-103.606
0.3	45	11.9306
0.3	45	-22.639
0.3	45	-83.1242
0.3	45	160.988
0.3	45	82.6499
0.3	45	-30.1577
0.3	45	66.2206
0.3	45	-146.295
0.3	45	22.3592
0.3	45	-80.5151
0.3	45	-82.6341
0.3	45	-14.7575
0.3	45	-119.644
0.3	45	166.089
0.3	45	-51.6586
0.3	45	111.505
0.3	45	40.2457
0.3	45	178.557
0.3	45	-135.737
0.3	45	-48.0601
0.3	45	-7.74096
0.3	45	-122.818
0.3	45	93.4588
0.3	45	33.6365
0.3	45	70.5366
0.3	45	122.76
0.3	45	140.372
0.3	45	-94.0641
0.3	45	-22.1545
0.3	45	68.9588
0.3	45	112.058
0.3	45	127.606
0.3	45	-79.3931
0.3	45	76.0494
0.3	45	-65.8413
0.3	45	-69.9383
0.3	45	-44.6484
0.3	45	-46.0194
0.3	45	107.064
0.3	45	63.416
0.3	45	-143.267
0.3	45	-46.516
0.3	45	127.483
0.3	45	76.0332
0.3	45	132.777
0.3	45	68.8557
0.3	45	3.73626
0.3	45	-42.3376
0.3	45	-67.6922
0.3	45	9.65404
0.3	45	55.7219
0.3	45	-92.4214
0.3	45	107.312
0.3	45	-89.8663
0.3	45	55.474
0.3	45	11.0125
0.3	45	45.7856
0.3	45	-165.976
0.3	45	-125.988
0.3	45	-176.198
0.3	45	48.9691
0.3	45	-41.9594
0.3	45	131.834
0.3	45	-7.06149
0.3	45	11.2589
0.3	45	-9.58156
0.3	45	-29.183
0.3	45	138.629
0.3	45	-36.7301
0.3	45	-71.1477
0.3	45	156.795
0.3	45	-88.2351
0.3	45	147.774
0.3	45	-64.8337
0.3	45	-151.416
0.3	45	-125.686
0.3	45	-149.754
0.3	45	-44.9046
0.3	45	-140.646
0.3	45	-110.079
0.3	45	143.824
0.3	45	-173.151
0.3	45	104.075
0.3	45	132.615
0.3	45	-88.5265
0.3	45	-2.56309
0.3	45	-103.458
0.3	45	1.69131
0.3	45	47.8917
0.3	45	110.409
0.3	45	-156.222
0.3	45	84.9736
0.3	45	165.629
0.3	45	59.198
0.3	45	17.2339
0.3	45	-13.7198
0.3	45	157.149
0.3	45	167.553
0.3	45	-114.203
0.3	45	-72.7573
0.3	45	127.732
0.3	45	-156.699
0.3	45	115.573
0.3	45	8.25117
0.3	45	-57.1196
0.3	45	-39.4011
0.3	45	133.54
0.3	45	-83.1822
0.3	45	-167.067
0.3	45	-111.563
0.3	45	-155.804
0.3	45	101.523
0.3	45	-150.792
0.3	45	94.2514
0.3	45	-81.1955
0.3	45	59.4309
0.3	45	24.6547
0.3	45	-121.467
0.3	45	44.4499
0.3	45	63.2146
0.3	45	-40.9745
0.3	45	158.848
0.3	45	120.287
0.3	45	71.1058
0.3	45	-53.5181
0.3	45	109.695
0.3	45	128.537
0.3	45	-126.095
0.3	45	-22.3424
0.3	45	93.7135
0.3	45	-8.63433
0.3	45	-51.8168
0.3	45	-18.8203
0.3	45	-10.9599
0.3	45	-62.4789
0.3	45	101.004
0.3	45	-64.3959
0.3	45	-117.858
0.3	45	-45.6507
0.3	45	-45.5615
0.3	45	58.1772
0.3	45	176.993
0.3	45	-172.869
0.3	45	34.8696
0.3	45	74.99
0.3	45	-32.3454
0.3	45	-28.6818
0.3	45	-27.866
0.3	45	-140.13
0.3	45	-21.638
0.3	45	76.543
0.3	45	145.06
0.3	45	151.37
0.3	45	54.7362
0.3	45	9.02387
0.3	45	98.2508
0.3	45	-25.5876
0.3	45	-1.67978
0.3	45	-117.778
0.3	45	-42.5642
0.3	45	-159.583
0.3	45	-29.8753
0.3	45	104.174
0.3	45	-125.199
0.3	45	124.642
0.3	45	56.985
0.3	45	157.135
0.3	45	-156.598
0.3	45	65.8099
0.3	45	168.084
0.3	45	-148.245
0.3	45	-10.8915
0.3	45	159.066
0.3	45	-8.23987
0.3	45	-53.9968
0.3	45	-136.888
0.3	45	-153.131
0.3	45	63.9751
0.3	45	36.333
0.3	45	10.5492
0.3	45	-154.534
0.3	45	152.947
0.3	45	127.813
0.3	45	-151.513
0.3	45	54.7802
0.3	45	174.123
0.3	45	108.391
0.3	45	-7.23754
0.3	45	56.1917
0.3	45	-12.8848
0.3	45	168.864
0.3	45	-148.043
0.3	45	179.532
0.3	45	87.6058
0.3	45	-115.025
0.3	45	20.8391
0.3	45	159.42
0.3	45	111.868
0.3	45	46.4285
0.3	45	-61.0633
0.3	45	-25.8468
0.3	45	-87.4474
0.3	45	-37.3653
0.3	45	80.6887
0.3	45	116.722
0.3	45	-114.793
0.3	45	-90.2865
0.3	45	94.5155
0.3	45	-46.1009
0.3	45	99.7915
0.3	45	84.9646
0.3	45	27.1409
0.3	45	-59.9092
0.3	45	-170.895
0.3	45	32.9974
0.3	45	15.3971
0.3	45	-34.8131
0.3	45	63.8181
0.3	45	144.011
0.3	45	72.8527
0.3	45	120.867
0.3	45	14.3647
0.3	45	35.2536
0.3	45	-57.2193
0.3	45	78.4666
0.3	45	125.69
0.3	45	-126.878
0.3	45	5.16799
0.3	45	56.4714
0.3	45	-67.7807
0.3	45	137.044
0.3	45	-139.841
0.3	45	-24.2714
0.3	45	167.185
0.3	45	-136.013
0.3	45	-158.752
0.3	45	-49.5132
0.3	45	106.089
0.3	45	-18.5904
0.3	45	55.7773
0.3	45	-46.9547
0.3	45	-101.973
0.3	45	-147.256
0.3	45	-143.559
0.3	45	15.3886
0.3	45	50.493
0.3	45	-34.8216
0.3	45	-178.731
0.3	45	38.0769
0.3	45	-123.767
0.3	45	49.4226
0.3	45	170.484
0.3	45	83.265
0.3	45	94.8086
0.3	45	161.732
0.3	45	118.024
0.3	45	173.177
0.3	45	-99.6921
0.3	45	49.3933
0.3	45	-94.1203
0.3	45	-11.8395
0.3	45	99.4524
0.3	45	89.33
0.3	45	2.84902
0.3	45	-124.844
0.3	45	115.356
0.3	45	1.2816
0.3	45	108.226
0.3	45	86.9232
0.3	45	19.1418
0.3	45	151.413
0.3	45	-74.8289
0.3	45	108.336
0.3	45	-166.649
0.3	45	-155.925
0.3	45	-102.059
0.3	45	134.713
0.3	45	18.4123
0.3	45	-68.5988
0.3	45	18.2315
0.3	45	77.0276
0.3	45	172.512
0.3	45	41.3274
0.3	45	91.9585
0.3	45	172.397
0.3	45	-113.456
0.3	45	26.4119
0.3	45	-131.5
0.3	45	88.7278
0.3	45	-32.0361
0.3	45	-33.2506
0.3	45	-53.2638
0.3	45	137.432
0.3	45	-104.032
0.3	45	95.8364
0.3	45	54.1262
0.3	45	157.376
0.3	45	14.7448
0.3	45	109.213
0.3	45	-136.999
0.3	45	125.213
0.3	45	-50.1341
0.3	45	-107.666
0.3	45	-170.244
0.3	45	66.3886
0.3	45	-67.2421
0.3	45	39.2675
0.3	45	-110.199
0.3	45	-47.7313
0.3	45	-115.237
0.3	45	-77.2309
0.3	45	-90.7282
0.3	45	-58.0286
0.3	45	-174.428
0.3	45	-13.6058
0.3	45	-73.9909
0.3	45	135.861
0.3	45	-26.4022
0.3	45	148.672
0.3	45	107.414
0.3	45	-71.3618
0.3	45	104.842
0.3	45	1.97887
0.3	45	-85.1388
0.3	45	83.0759
0.3	45	92.2344
0.3	45	33.2939
0.3	45	-77.4547
0.3	45	-171.269
0.3	45	176.188
0.3	45	104.529
0.3	45	-150.315
0.3	45	57.9506
0.3	45	151.711
0.3	45	118.354
0.3	45	-28.9076
0.3	45	-152.857
0.3	45	131.789
0.3	45	130.088
0.3	45	72.3128
0.3	45	113.982
0.3	45	163.646
0.3	45	-96.8466
0.3	45	116.423
0.3	45	-60.6029
0.3	45	-12.5226
0.3	45	-173.699
0.3	45	-30.9736
0.3	45	-32.3864
0.25	-45	-56.3797
0.25	-45	-134.855
0.25	-45	168.238
0.25	-45	138.071
0.25	-45	176.736
0.25	-45	91.6516
0.25	-45	-82.4327
0.25	-45	135.928
0.25	-45	45.8116
0.25	-45	109.84
0.25	-45	48.149
0.25	-45	-127.258
0.25	-45	100.129
0.25	-45	69.7839
0.25	-45	158.998
0.25	-45	26.8856
0.25	-45	167.109
0.25	-45	63.2225
0.25	-45	172.528
0.25	-45	-143.819
0.25	-45	-44.9901
0.25	-45	76.313
0.25	-45	156.943
0.25	-45	-154.215
0.25	-45	56.0777
0.25	-45	-29.9984
0.25	-45	109.272
0.25	-45	101.404
0.25	-45	54.2384
0.25	-45	123.118
0.25	-45	-65.7017
0.25	-45	-117.468
0.25	-45	-157.22
0.25	-45	1.84107
0.25	-45	-152.143
0.25	-45	-12.1359
0.25	-45	-173.835
0.25	-45	-41.5466
0.25	-45	-119.002
0.25	-45	-149.082
0.25	-45	-141.18
0.25	-45	-66.6791
0.25	-45	154.773
0.25	-45	54.2734
0.25	-45	-108.921
0.25	-45	29.1906
0.25	-45	-115.97
0.25	-45	-94.3263
0.25	-45	-96.5956
0.25	-45	164.203
0.25	-45	58.1779
0.25	-45	135.353
0.25	-45	-98.476
0.25	-45	82.9624
0.25	-45	145.533
0.25	-45	27.6734
0.25	-45	95.0578
0.25	-45	145.492
0.25	-45	-56.3009
0.25	-45	22.2193
0.25	-45	-133.307
0.25	-45	103.981
0.25	-45	-123.45
0.25	-45	-69.3083
0.25	-45	174.97
0.25	-45	8.27651
0.25	-45	-122.59
0.25	-45	-131.977
0.25	-45	177.176
0.25	-45	-112.365
0.25	-45	-110.327
0.25	-45	60.5162
0.25	-45	-94.2818
0.25	-45	75.1053
0.25	-45	-22.3471
0.25	-45	68.1119
0.25	-45	36.3264
0.25	-45	-65.2844
0.25	-45	92.9834
0.25	-45	-164.607
0.25	-45	108.227
0.25	-45	65.6728
0.25	-45	78.5909
0.25	-45	143.042
0.25	-45	-178.856
0.25	-45	56.0861
0.25	-45	-170.305
0.25	-45	36.7618
0.25	-45	147.231
0.25	-45	152.017
0.25	-45	-111.311
0.25	-45	-144.93
0.25	-45	40.831
0.25	-45	132.171
0.25	-45	15.0653
0.25	-45	-62.508
0.25	-45	-58.0226
0.25	-45	-63.353
0.25	-45	-40.5637
0.25	-45	-96.4354
0.25	-45	19.6178
0.25	-45	-6.40229
0.25	-45	-16.2754
0.25	-45	-162.757
0.25	-45	130.343
0.25	-45	72.2591
0.25	-45	-87.9983
0.25	-45	156.438
0.25	-45	-78.9074
0.25	-45	40.8499
0.25	-45	-47.1807
0.25	-45	-154.389
0.25	-45	-99.8596
0.25	-45	-173.912
0.25	-45	165.97
0.25	-45	155.582
0.25	-45	-125.06
0.25	-45	17.9706
0.25	-45	-87.6998
0.25	-45	19.0995
0.25	-45	55.1581
0.25	-45	92.9929
0.25	-45	162.906
0.25	-45	7.99689
0.25	-45	-142.847
0.25	-45	89.72
0.25	-45	78.4567
0.25	-45	-30.6095
0.25	-45	62.2624
0.25	-45	-114.919
0.25	-45	126.128
0.25	-45	68.6753
0.25	-45	106.222
0.25	-45	152.019
0.25	-45	-78.3279
0.25	-45	24.8771
0.25	-45	55.966
0.25	-45	70.0061
0.25	-45	-133.03
0.25	-45	-24.0161
0.25	-45	4.15053
0.25	-45	-137.495
0.25	-45	71.7969
0.25	-45	-52.3994
0.25	-45	-29.2752
0.25	-45	96.6997
0.25	-45	-141.791
0.25	-45	-56.1698
0.25	-45	-129.52
0.25	-45	-60.311
0.25	-45	168.414
0.25	-45	4.81446
0.25	-45	-125.506
0.25	-45	93.2007
0.25	-45	-59.421
0.25	-45	-71.3674
0.25	-45	-47.0578
0.25	-45	97.7131
0.25	-45	158.495
0.25	-45	101.995
0.25	-45	-10.5014
0.25	-45	24.8255
0.25	-45	-146.848
0.25	-45	-50.6601
0.25	-45	-166.55
0.25	-45	35.9543
0.25	-45	-103.375
0.25	-45	83.5586
0.25	-45	-36.0301
0.25	-45	-138.795
0.25	-45	-1.703
0.25	-45	-114.761
0.25	-45	-2.61857
0.25	-45	-19.9827
0.25	-45	-120.066
0.25	-45	99.2763
0.25	-45	-77.7641
0.25	-45	49.4784
0.25	-45	177.269
0.25	-45	114.375
0.25	-45	-129.983
0.25	-45	57.6816
0.25	-45	31.5433
0.25	-45	79.0921
0.25	-45	89.8014
0.25	-45	40.6572
0.25	-45	-99.336
0.25	-45	-166.707
0.25	-45	-53.4342
0.25	-45	152.694
0.25	-45	145.273
0.25	-45	-140.66
0.25	-45	105.182
0.25	-45	112.228
0.25	-45	61.4386
0.25	-45	25.7061
0.25	-45	1.15634
0.25	-45	130.052
0.25	-45	-128.541
0.25	-45	128.091
0.25	-45	-14.7149
0.25	-45	150.17
0.25	-45	8.18926
0.25	-45	-17.2869
0.25	-45	-75.7693
0.25	-45	-142.209
0.25	-45	-34.2975
0.25	-45	96.7782
0.25	-45	-109.909
0.25	-45	-2.52978
0.25	-45	-64.4691
0.25	-45	-148.866
0.25	-45	176.218
0.25	-45	70.4488
0.25	-45	10.5101
0.25	-45	104.769
0.25	-45	-139.873
0.25	-45	-135.966
0.25	-45	137.04
0.25	-45	160.171
0.25	-45	121.494
0.25	-45	-16.4472
0.25	-45	103.85
0.25	-45	-85.6741
0.25	-45	16.2083
0.25	-45	-155.261
0.25	-45	-84.0505
0.25	-45	-174.879
0.25	-45	9.60896
0.25	-45	-96.6862
0.25	-45	-131.35
0.25	-45	29.6408
0.25	-45	72.0682
0.25	-45	46.9986
0.25	-45	81.9219
0.25	-45	-113.176
0.25	-45	3.19926
0.25	-45	-94.3306
0.25	-45	25.7446
0.25	-45	26.6736
0.25	-45	94.647
0.25	-45	-118.521
0.25	-45	-5.70601
0.25	-45	6.24912
0.25	-45	129.637
0.25	-45	74.7994
0.25	-45	-98.3812
0.25	-45	144.596
0.25	-45	-38.9699
0.25	-45	-39.3145
0.25	-45	-164.039
0.25	-45	55.0518
0.25	-45	19.4019
0.25	-45	-5.05424
0.25	-45	61.454
0.25	-45	87.4512
0.25	-45	-5.87238
0.25	-45	-159.242
0.25	-45	152.958
0.25	-45	157.784
0.25	-45	-29.8554
0.25	-45	26.0777
0.25	-45	93.2502
0.25	-45	145.537
0.25	-45	-3.85911
0.25	-45	89.6648
0.25	-45	164.016
0.25	-45	-167.264
0.25	-45	135.722
0.25	-45	132.429
0.25	-45	166.19
0.25	-45	-154.058
0.25	-45	179.732
0.25	-45	103.688
0.25	-45	-41.3306
0.25	-45	-14.8485
0.25	-45	-132.723
0.25	-45	-94.1753
0.25	-45	99.6809
0.25	-45	157.372
0.25	-45	-72.3107
0.25	-45	110.048
0.25	-45	36.9899
0.25	-45	-99.9695
0.25	-45	-125.924
0.25	-45	-59.133
0.25	-45	173.845
0.25	-45	-153.426
0.25	-45	67.8294
0.25	-45	-165.265
0.25	-45	-90.6177
0.25	-45	52.5335
0.25	-45	67.7171
0.25	-45	39.4316
0.25	-45	137.716
0.25	-45	-122.115
0.25	-45	30.5908
0.25	-45	-102.872
0.25	-45	160.823
0.25	-45	147.695
0.25	-45	105.959
0.25	-45	-79.7974
0.25	-45	-93.3905
0.25	-45	161.081
0.25	-45	-79.4758
0.25	-45	164.368
0.25	-45	7.67086
0.25	-45	158.824
0.25	-45	101.976
0.25	-45	122.388
0.25	-45	128.365
0.25	-45	157.909
0.25	-45	48.7786
0.25	-45	4.50712
0.25	-45	3.70557
0.25	-45	74.3065
0.25	-45	166.477
0.25	-45	-26.3197
0.25	-45	26.5413
0.25	-45	-162.991
0.25	-45	94.6974
0.25	-45	-157.892
0.25	-45	94.576
0.25	-45	111.239
0.25	-45	-58.1172
0.25	-45	-126.007
0.25	-45	167.093
0.25	-45	20.9064
0.25	-45	104.222
0.25	-45	-3.35563
0.25	-45	-108.289
0.25	-45	49.2166
0.25	-45	60.2076
0.25	-45	92.4078
0.25	-45	-27.1581
0.25	-45	-134.401
0.25	-45	-140.695
0.25	-45	-62.1999
0.25	-45	170.982
0.25	-45	-123.734
0.25	-45	139.953
0.25	-45	-39.0924
0.25	-45	6.15643
0.25	-45	148.6
0.25	-45	-41.8624
0.25	-45	-149.917
0.25	-45	100.082
0.25	-45	-25.8241
0.25	-45	116.175
0.25	-45	154.207
0.25	-45	171.034
0.25	-45	82.0374
0.25	-45	-73.7904
0.25	-45	-138.462
0.25	-45	-96.0871
0.25	-45	-172.718
0.25	-45	-72.2289
0.25	-45	-5.41535
0.25	-45	5.33582
0.25	-45	33.4852
0.25	-45	-53.3691
0.25	-45	127.98
0.25	-45	125.842
0.25	-45	-2.28056
0.25	-45	155.463
0.25	-45	166.423
0.25	-45	128.625
0.25	-45	-146.441
0.25	-45	166.477
0.25	-45	27.9493
0.25	-45	37.9251
0.25	-45	-49.9184
0.25	-45	5.85556
0.25	-45	-122.053
0.25	-45	64.5542
0.25	-45	-167.932
0.25	-45	-99.3535
0.25	-45	174.532
0.25	-45	-21.2659
0.25	-45	-47.9924
0.25	-45	-168.137
0.25	-45	114.933
0.25	-45	-145.011
0.25	-45	-118.112
0.25	-45	41.4679
0.25	-45	-66.3229
0.25	-45	40.8557
0.25	-45	-35.5906
0.25	-45	96.3371
0.25	-45	166.661
0.25	-45	12.338
0.25	-45	-141.939
0.25	-45	-158.352
0.25	-45	95.6465
0.25	-45	35.8636
0.25	-45	61.0835
0.25	-45	-82.4816
0.25	-45	44.7573
0.25	-45	78.0836
0.25	-45	-86.2984
0.25	-45	-77.9193
0.25	-45	-89.1417
0.25	-45	163.776
0.25	-45	-31.0454
0.25	-45	-76.3709
0.25	-45	-8.17336
0.25	-45	58.4277
0.25	-45	-21.3256
0.25	-45	11.5505
0.25	-45	37.3448
0.25	-45	103.854
0.25	-45	82.4487
0.25	-45	67.7378
0.25	-45	104.567
0.25	-45	33.5921
0.25	-45	27.3065
0.25	-45	127.341
0.25	-45	155.987
0.25	-45	12.1018
0.25	-45	-124.447
0.25	-45	-40.88
0.25	-45	23.7118
0.25	-45	114.963
0.25	-45	-13.4131
0.25	-45	27.9375
0.25	-45	-100.15
0.25	-45	-59.9416
0.25	-45	69.9158
0.25	-45	-116.531
0.25	-45	6.45533
0.25	-45	-102.23
0.25	-45	165.019
0.25	-45	-25.9918
0.25	-45	-136.929
0.25	-45	103.696
0.25	-45	-68.3015
0.25	-45	-37.1172
0.25	-45	55.3366
0.25	-45	-135.825
0.25	-45	168.559
0.25	-45	165.183
0.25	-45	1.98767
0.25	-45	-24.294
0.25	-45	72.9319
0.25	-45	-117.332
0.25	-45	-141.151
0.25	-45	-115.866
0.25	-45	-18.471
0.25	-45	73.9238
0.25	-45	-133.01
0.25	-45	-155.667
0.25	-45	-86.5903
0.25	-45	-8.99728
0.25	-45	-132.313
0.25	-45	124.918
0.25	-45	173.383
0.25	-45	118.638
0.25	-45	33.5072
0.25	-45	-72.6216
0.25	-45	11.1396
0.25	-45	-3.72497
0.25	-45	91.8288
0.25	-45	-152.269
0.25	-45	-55.3372
0.25	-45	-38.0831
0.25	-45	55.1356
0.25	-45	-47.1286
0.25	-45	93.7106
0.25	-45	-135.91
0.25	-45	168.219
0.25	-45	-118.802
0.25	-45	6.60048
0.25	-45	59.0744
0.25	-45	113.78
0.25	-45	74.3174
0.25	-45	50.0364
0.25	-45	97.6501
0.25	-45	9.78193
0.25	-45	-65.0386
0.25	-45	158.702
0.25	-45	8.94409
0.25	-45	-146.797
0.25	-45	-174.057
0.25	-45	-92.7936
0.25	-45	2.26099
0.25	-45	68.7338
0.25	-45	34.8598
0.25	-45	-122.849
0.25	-45	138.543
0.25	-45	-163.871
0.25	-45	-55.054
0.25	-45	128.899
0.25	-45	16.9671
0.25	-45	-131.91
0.25	-45	96.5849
0.25	-45	-24.9276
0.25	-45	157.208
0.25	-45	76.6605
0.25	-45	47.6243
0.25	-45	-9.13382
0.25	-45	139.487
0.25	-45	16.8484
0.25	-45	-99.1433
0.25	-45	131.346
0.25	-45	-168.096
0.25	-45	47.7555
0.25	-45	-128.654
0.25	-45	-74.8499
0.25	-45	-155.191
0.25	-45	-64.6651
0.25	-45	121.846
0.25	-45	-160.825
0.25	-45	-82.9448
0.25	-45	-2.40532
0.25	-45	-134.08
0.25	-45	-16.2845
0.25	-45	166.687
0.25	-45	68.4084
0.25	-45	40.6405
0.25	-45	133.187
0.25	-45	-151.407
0.25	-45	-166.129
0.25	-45	-166.448
0.25	-45	143.381
0.25	-45	-109.853
0.25	-45	-76.4103
0.25	-45	-64.2537
0.25	-45	-11.69
0.25	-45	170.11
0.25	-45	-38.7139
0.25	-45	10.2582
0.25	-45	-47.1274
0.25	-45	-72.2491
0.25	-45	-105.363
0.25	-45	-12.7421
0.25	-45	72.8319
0.25	-45	167.962
0.25	-45	141.211
0.25	-45	-56.5176
0.25	-45	-141.367
0.25	-45	-10.4474
0.25	-45	174.611
0.25	-45	89.2639
0.25	-45	-28.5665
0.25	-45	151.637
0.25	-45	-64.4932
0.25	-45	-152.409
0.25	-45	156.886
0.25	-45	20.9077
0.25	-45	179.493
0.25	-45	-97.5929
0.25	-45	-168.411
0.25	-45	-123.486
0.25	-45	-133.974
0.25	-45	57.1141
0.25	-45	32.1643
0.25	-45	-61.5983
0.25	-45	107.062
0.25	-45	62.2839
0.25	-45	-8.21812
0.25	-45	107.493
0.25	-45	4.90762
0.25	-45	-80.6988
0.25	-45	110.823
0.25	-45	-68.4902
0.25	-45	-9.5574
0.25	-45	171.422
0.25	-45	-95.3801
0.25	-45	-165.706
0.25	-45	30.4844
0.25	-45	-99.3712
0.25	-45	70.298
0.25	-45	78.964
0.25	-45	77.9612
0.25	-45	-71.6823
0.25	-45	118.283
0.25	-45	173.512
0.25	-45	-109.305
0.25	-45	22.7554
0.25	-45	-109.546
0.25	-45	88.6006
0.25	-45	139.721
0.25	-45	83.9963
0.25	-45	157.66
0.25	-45	112.678
0.25	-45	-73.0711
0.25	-45	58.7364
0.25	-45	98.711
0.25	-45	125.034
0.25	-45	-116.092
0.25	-45	-68.5849
0.25	-45	-11.237
0.25	-45	46.9329
0.25	-45	81.7771
0.25	-45	-137.236
0.25	-45	-137.479
0.25	-45	-20.4588
0.25	-45	-179.222
0.25	-45	28.5241
0.25	-45	157.516
0.25	-45	126.379
0.25	-45	16.8834
0.25	-45	-65.2435
0.25	-45	111.575
0.25	-45	-141.414
0.25	-45	173.836
0.25	-45	177.79
0.25	-45	89.6599
0.25	-45	-4.62592
0.25	-45	68.0491
0.25	-45	-82.6509
0.25	-45	-79.1023
0.25	-45	159.877
0.25	-45	-158.14
0.25	-45	124.524
0.25	-45	-56.9684
0.25	-45	136.916
0.25	-45	170.114
0.25	-45	-156.836
0.25	-45	-68.5922
0.25	-45	-123.157
0.25	-45	-126.532
0.25	-45	41.021
0.25	-45	-92.3339
0.25	-45	-39.626
0.25	-45	-71.0695
0.25	-45	3.12144
0.25	-45	-106.343
0.25	-45	-10.5373
0.25	-45	-53.8311
0.25	-45	-34.4404
0.25	-45	154.806
0.25	-45	55.2844
0.25	-45	41.7285
0.25	-45	-92.4399
0.25	-45	16.2018
0.25	-45	-86.546
0.25	-45	-15.6042
0.25	-45	144.363
0.25	-45	-117.26
0.25	-45	-80.7839
0.25	-45	-21.2554
0.25	-45	-99.5409
0.25	-45	-163.598
0.25	-45	-177.028
0.25	-45	-167.281
0.25	-45	-16.023
0.25	-45	61.8764
0.25	-45	70.252
0.25	-45	-110.815
0.25	-45	-170.764
0.25	-45	51.9003
0.25	-45	-26.7185
0.25	-45	-83.0519
0.25	-45	57.2349
0.25	-45	98.0706
0.25	-45	49.5441
0.25	-45	95.7903
0.25	-45	43.6184
0.25	-45	-59.3715
0.25	-45	52.6454
0.25	-45	-55.9805
0.25	-45	26.9109
0.25	-45	-38.0286
0.25	-45	86.9962
0.25	-45	176.603
0.25	-45	-68.6624
0.25	-45	95.8046
0.25	-45	-162.145
0.25	-45	117.624
0.25	-45	-12.9677
0.25	-45	-162.928
0.25	-45	-174.631
0.25	-45	58.1789
0.25	-45	-115.403
0.25	-45	-92.7035
0.25	-45	-104.969
0.25	-45	-98.2233
0.25	-45	-16.2559
0.25	-45	31.2727
0.25	-45	-152.6
0.25	-45	-8.63503
0.25	-45	108.414
0.25	-45	105.866
0.25	-45	-148.252
0.25	-45	89.5954
0.25	-45	-98.0659
0.25	-45	-96.2278
0.25	-45	-49.7076
0.25	-45	122.058
0.25	-45	-0.968428
0.25	-45	77.6026
0.25	-45	-156.558
0.25	-45	-9.65825
0.25	-45	133.332
0.25	-45	0.765138
0.25	-45	-94.6151
0.25	-45	-7.96502
0.25	-45	-64.134
0.25	-45	-116.014
0.25	-45	-152.137
0.25	-45	-176.827
0.25	-45	39.2024
0.25	-45	-142.323
0.25	-45	-109.494
0.25	-45	177.418
0.25	-45	122.419
0.25	-45	129.991
0.25	-45	138.73
0.25	-45	86.8298
0.25	-45	-15.1233
0.25	-45	44.0449
0.25	-45	2.91601
0.25	-45	-102.711
0.25	-45	-90.5334
0.25	-45	103.957
0.25	-45	-160.484
0.25	-45	176.708
0.25	-45	-160.404
0.25	-45	-128.987
0.25	-45	107.605
0.25	-45	-27.0148
0.25	-45	-167.65
0.25	-45	158.784
0.25	-45	110.33
0.25	-45	-113.488
0.25	-45	152.556
0.25	-45	-33.3615
0.25	-45	-94.1431
0.25	-45	105.381
0.25	-45	15.402
0.25	-45	-166.034
0.25	-45	-123.359
0.25	-45	27.1265
0.25	-45	72.6245
0.25	-45	65.2484
0.25	-45	117.907
0.25	-45	172.577
0.25	-45	171.348
0.25	-45	-26.6944
0.25	-45	-124.384
0.25	-45	-160.656
0.25	-45	-128.628
0.25	-45	-173.339
0.25	-45	46.8477
0.25	-45	-170.956
0.25	-45	-63.3644
0.25	-45	5.93951
0.25	-45	63.9886
0.25	-45	120.73
0.25	-45	-179.635
0.25	-45	-73.6527
0.25	-45	-93.716
0.25	-45	-93.8386
0.25	-45	-109.466
0.25	-45	64.8929
0.25	-45	145.521
0.25	-45	-93.2277
0.25	-45	27.9662
0.25	-45	-94.1078
0.25	-45	-69.7935
0.25	-45	31.3912
0.25	-45	175.831
0.25	-45	67.4014
0.25	-45	19.9505
0.25	-45	-86.9331
0.25	-45	-123.613
0.25	-45	-175.396
0.25	-45	-141.398
0.25	-45	107.086
0.25	-45	114.446
0.25	-45	124.266
0.25	-45	-0.103244
0.25	-45	161.185
0.25	-45	104.155
0.25	-45	47.5195
0.25	-45	7.05482
0.25	-45	-107.717
0.25	-45	-172.501
0.25	-45	139.155
0.25	-45	39.9197
0.25	-45	-98.5283
0.25	-45	-164.975
0.25	-45	136.06
0.25	-45	158.932
0.25	-45	-110.848
0.25	-45	-171.289
0.25	-45	123.556
0.25	-45	-37.7313
0.25	-45	-155.098
0.25	-45	43.3856
0.25	-45	22.7653
0.25	-45	-164.989
0.25	-45	162.433
0.25	-45	-140.403
0.25	-45	115.675
0.25	-45	-148.292
0.25	-45	95.8467
0.25	-45	-14.9041
0.25	-45	42.727
