pol	setting	phi
0.3	45	115.219
0.3	45	14.7835
0.3	45	126.033
0.3	45	-92.0008
0.3	45	-137.098
0.3	45	26.8653
0.3	45	102.288
0.3	45	-121.237
0.3	45	-150.819
0.3	45	-171.015
0.3	45	-92.156
0.3	45	-127.103
0.3	45	-139.276
0.3	45	-89.7488
0.3	45	120.883
0.3	45	40.1763
0.3	45	142.671
0.3	45	16.152
0.3	45	-59.2827
0.3	45	1.02038
0.3	45	-130.371
0.3	45	-36.8673
0.3	45	77.8669
0.3	45	106.429
0.3	45	45.51
0.3	45	122.398
0.3	45	-119.82
0.3	45	92.2583
0.3	45	37.0447
0.3	45	-87.5646
0.3	45	-145.627
0.3	45	-78.2809
0.3	45	60.4186
0.3	45	14.9286
0.3	45	-35.1694
0.3	45	-174.088
0.3	45	45.7917
0.3	45	-137.001
0.3	45	14.5461
0.3	45	7.2018
0.3	45	14.2324
0.3	45	-139.65
0.3	45	-174.534
0.3	45	100.407
0.3	45	-147.371
0.3	45	-129.121
0.3	45	-144.168
0.3	45	7.3286
0.3	45	-84.9776
0.3	45	-16.288
0.3	45	-97.158
0.3	45	-75.6512
0.3	45	-17.7984
0.3	45	-15.7533
0.3	45	11.4997
0.3	45	130.77
0.3	45	46.8353
0.3	45	-53.9076
0.3	45	-16.3487
0.3	45	-114.277
0.3	45	171.531
0.3	45	148.197
0.3	45	-60.3185
0.3	45	93.2834
0.3	45	-55.0131
0.3	45	-0.473906
0.3	45	-23.5654
0.3	45	136.44
0.3	45	-68.7418
0.3	45	121.052
0.3	45	92.3009
0.3	45	-122.868
0.3	45	-40.0951
0.3	45	-13.3726
0.3	45	32.5984
0.3	45	111.925
0.3	45	-177.424
0.3	45	173.065
0.3	45	-57.3826
0.3	45	151.827
0.3	45	-11.0588
0.3	45	150.571
0.3	45	128.156
0.3	45	138.506
0.3	45	63.36
0.3	45	31.1667
0.3	45	-134.387
0.3	45	-177.386
0.3	45	162.74
0.3	45	-103.821
0.3	45	108.634
0.3	45	-172.102
0.3	45	164.656
0.3	45	156.297
0.3	45	-117.709
0.3	45	-124.28
0.3	45	139.066
0.3	45	91.1837
0.3	45	-98.0445
0.3	45	-20.3852
0.3	45	-57.9707
0.3	45	125.52
0.3	45	-80.4432
0.3	45	58.1118
0.3	45	154.717
0.3	45	166.701
0.3	45	-84.7253
0.3	45	-87.4017
0.3	45	172.645
0.3	45	-42.5133
0.3	45	-51.5945
0.3	45	-107.237
0.3	45	165.303
0.3	45	-114.049
0.3	45	-140.449
0.3	45	31.9476
0.3	45	37.6106
0.3	45	-18.3007
0.3	45	173.838
0.3	45	-114.521
0.3	45	34.3821
0.3	45	33.345
0.3	45	122.328
0.3	45	71.2834
0.3	45	-66.3137
0.3	45	24.3296
0.3	45	28.9986
0.3	45	134.526
0.3	45	-45.0234
0.3	45	109.648
0.3	45	166.124
0.3	45	-77.1726
0.3	45	132.822
0.3	45	-141.452
0.3	45	112.325
0.3	45	-160.449
0.3	45	158.009
0.3	45	-7.08605
0.3	45	131.461
0.3	45	-175.414
0.3	45	-47.3215
0.3	45	5.70362
0.3	45	33.9474
0.3	45	50.1661
0.3	45	79.2093
0.3	45	-41.6464
0.3	45	-136.655
0.3	45	109.935
0.3	45	-141.657
0.3	45	-5.89953
0.3	45	-70.7803
0.3	45	-23.8463
0.3	45	55.9021
0.3	45	136.963
0.3	45	-128.31
0.3	45	121.243
0.3	45	3.71482
0.3	45	31.0131
0.3	45	163.35
0.3	45	101.396
0.3	45	-81.8351
0.3	45	31.8226
0.3	45	-24.8823
0.3	45	-105.478
0.3	45	-86.5814
0.3	45	-10.7541
0.3	45	-65.3336
0.3	45	144.382
0.3	45	55.2695
0.3	45	-21.0565
0.3	45	121.807
0.3	45	-41.2488
0.3	45	-2.45428
0.3	45	-22.6356
0.3	45	-116.894
0.3	45	-28.121
0.3	45	-27.9261
0.3	45	151.57
0.3	45	-33.5692
0.3	45	-62.0711
0.3	45	170.015
0.3	45	64.4651
0.3	45	115.495
0.3	45	149.321
0.3	45	-111.28
0.3	45	-174.116
0.3	45	-84.246
0.3	45	169.336
0.3	45	177.447
0.3	45	110.453
0.3	45	135.931
0.3	45	-171.806
0.3	45	-102.385
0.3	45	-18.5097
0.3	45	34.0581
0.3	45	163.737
0.3	45	139.851
0.3	45	35.7043
0.3	45	46.947
0.3	45	-140.3
0.3	45	132.601
0.3	45	0.914408
0.3	45	-22.5816
0.3	45	144.53
0.3	45	-177.246
0.3	45	-24.2744
0.3	45	-72.863
0.3	45	17.2138
0.3	45	36.1896
0.3	45	111.89
0.3	45	-98.6299
0.3	45	-119.391
0.3	45	27.8524
0.3	45	116.507
0.3	45	-43.863
0.3	45	-31.3966
0.3	45	-4.84178
0.3	45	100.812
0.3	45	86.0028
0.3	45	-124.306
0.3	45	175.756
0.3	45	-127.165
0.3	45	58.8313
0.3	45	146.12
0.3	45	126.591
0.3	45	-28.0135
0.3	45	109.862
0.3	45	-0.863408
0.3	45	-5.21912
0.3	45	-47.7947
0.3	45	136.783
0.3	45	-119.78
0.3	45	-168.012
0.3	45	103.256
0.3	45	-150.929
0.3	45	-58.9453
0.3	45	-174.865
0.3	45	52.0346
0.3	45	-130.812
0.3	45	118.49
0.3	45	-56.6738
0.3	45	119.547
0.3	45	-61.3289
0.3	45	68.8654
0.3	45	-160.345
0.3	45	31.4572
0.3	45	-140.703
0.3	45	-144.799
0.3	45	53.3654
0.3	45	-100.09
0.3	45	-85.5679
0.3	45	54.7398
0.3	45	160.514
0.3	45	-125.401
0.3	45	-65.9485
0.3	45	114.139
0.3	45	100.372
0.3	45	-91.2446
0.3	45	-41.8749
0.3	45	-152.959
0.3	45	-129.402
0.3	45	-76.7088
0.3	45	-28.0345
0.3	45	-173.894
0.3	45	-26.7449
0.3	45	8.94888
0.3	45	120.715
0.3	45	-49.5002
0.3	45	-98.6723
0.3	45	129.841
0.3	45	2.81042
0.3	45	-115.829
0.3	45	20.6545
0.3	45	-103.088
0.3	45	-14.5098
0.3	45	11.9032
0.3	45	52.0531
0.3	45	-83.2256
0.3	45	-140.961
0.3	45	44.1512
0.3	45	-79.3544
0.3	45	-54.0963
0.3	45	143.265
0.3	45	107.142
0.3	45	-145.992
0.3	45	-149.733
0.3	45	60.8359
0.3	45	165.04
0.3	45	10.3365
0.3	45	-45.0801
0.3	45	-144.007
0.3	45	24.3765
0.3	45	0.912946
0.3	45	116.775
0.3	45	-43.634
0.3	45	151.612
0.3	45	-45.0716
0.3	45	177.218
0.3	45	-43.2213
0.3	45	30.8906
0.3	45	139.973
0.3	45	39.6355
0.3	45	152.428
0.3	45	-62.3947
0.3	45	-27.7053
0.3	45	-179.037
0.3	45	-85.5786
0.3	45	107.374
0.3	45	179.225
0.3	45	125.4
0.3	45	-143.483
0.3	45	150.864
0.3	45	109.999
0.3	45	3.48721
0.3	45	-172.956
0.3	45	-2.84243
0.3	45	-79.8308
0.3	45	120.788
0.3	45	119.708
0.3	45	152.878
0.3	45	-107.665
0.3	45	109.765
0.3	45	-57.2359
0.3	45	105.397
0.3	45	150.123
0.3	45	88.5208
0.3	45	-139.839
0.3	45	20.7088
0.3	45	-151.897
0.3	45	-25.8783
0.3	45	-27.1966
0.3	45	89.2263
0.3	45	-169.322
0.3	45	-132.83
0.3	45	53.2916
0.3	45	-102.924
0.3	45	-90.8305
0.3	45	-97.5535
0.3	45	132.858
0.3	45	31.216
0.3	45	-59.2799
0.3	45	-173.607
0.3	45	-91.772
0.3	45	-86.0452
0.3	45	-82.8313
0.3	45	90.1259
0.3	45	79.7506
0.3	45	126.039
0.3	45	58.2475
0.3	45	-145.976
0.3	45	112.809
0.3	45	-137.819
0.3	45	-68.8427
0.3	45	34.6155
0.3	45	43.0341
0.3	45	152.44
0.3	45	-124.142
0.3	45	118.158
0.3	45	-147.411
0.3	45	149.843
0.3	45	-93.5158
0.3	45	-43.4054
0.3	45	135.15
0.3	45	-81.2378
0.3	45	120.292
0.3	45	-117.923
0.3	45	102.356
0.3	45	55.6735
0.3	45	124.701
0.3	45	115.786
0.3	45	112.499
0.3	45	20.7971
0.3	45	145.561
0.3	45	-134.72
0.3	45	51.9722
0.3	45	-69.3395
0.3	45	-48.7991
0.3	45	114.299
0.3	45	27.6619
0.3	45	72.3869
0.3	45	164.682
0.3	45	146.64
0.3	45	-59.3425
0.3	45	128.384
0.3	45	45.739
0.3	45	110.077
0.3	45	32.2312
0.3	45	165.771
0.3	45	-159.203
0.3	45	-8.07176
0.3	45	-132.014
0.3	45	80.6688
0.3	45	152.175
0.3	45	91.3065
0.3	45	39.2683
0.3	45	60.0758
0.3	45	172.829
0.3	45	133.289
0.3	45	-11.7613
0.3	45	-46.6605
0.3	45	-60.613
0.3	45	-79.955
0.3	45	-169.216
0.3	45	156.814
0.3	45	96.2921
0.3	45	22.1906
0.3	45	120.414
0.3	45	52.1673
0.3	45	-79.556
0.3	45	-97.3077
0.3	45	-134.402
0.3	45	-7.28773
0.3	45	-20.5007
0.3	45	74.7287
0.3	45	162.278
0.3	45	45.8258
0.3	45	-148.397
0.3	45	-131.155
0.3	45	-62.2225
0.3	45	-4.45688
0.3	45	-120.38
0.3	45	-77.3672
0.3	45	31.4861
0.3	45	-94.3555
0.3	45	9.90765
0.3	45	164.972
0.3	45	-160.394
0.3	45	36.5334
0.3	45	43.2876
0.3	45	-141.763
0.3	45	164.794
0.3	45	70.5298
0.3	45	-155.078
0.3	45	-86.3617
0.3	45	-163.98
0.3	45	174.503
0.3	45	-110.696
0.3	45	-41.8989
0.3	45	115.836
0.3	45	-116.072
0.3	45	13.5088
0.3	45	177.305
0.3	45	-42.2232
0.3	45	35.7115
0.3	45	17.2829
0.3	45	133.637
0.3	45	-35.5277
0.3	45	142.144
0.3	45	-135.262
0.3	45	174.332
0.3	45	-49.9319
0.3	45	-172.929
0.3	45	107.025
0.3	45	119.559
0.3	45	-10.2988
0.3	45	-36.1447
0.3	45	-60.7809
0.3	45	-167.681
0.3	45	-116.621
0.3	45	-125.636
0.3	45	137.627
0.3	45	-25.4745
0.3	45	105.391
0.3	45	178.98
0.3	45	13.5758
0.3	45	-30.4504
0.3	45	-47.6531
0.3	45	-36.7383
0.3	45	-102.414
0.3	45	138.393
0.3	45	6.14073
0.3	45	112.41
0.3	45	-77.0155
0.3	45	23.7475
0.3	45	170.411
0.3	45	145.693
0.3	45	-6.94332
0.3	45	176.99
0.3	45	-131.683
0.3	45	155.877
0.3	45	1.60702
0.3	45	-23.0144
0.3	45	-147.319
0.3	45	-106.189
0.3	45	-58.2507
0.3	45	-28.0595
0.3	45	5.90263
0.3	45	52.9561
0.3	45	-43.7464
0.3	45	111.332
0.3	45	-130.913
0.3	45	147.857
0.3	45	80.412
0.3	45	-168.302
0.3	45	42.8641
0.3	45	99.5972
0.3	45	138.994
0.3	45	78.4158
0.3	45	-50.307
0.3	45	-65.3909
0.3	45	40.2276
0.3	45	51.6587
0.3	45	131.233
0.3	45	-76.0533
0.3	45	168.321
0.3	45	-108.398
0.3	45	177.129
0.3	45	99.3349
0.3	45	-47.9726
0.3	45	121.691
0.3	45	-35.6841
0.3	45	104.505
0.3	45	87.1071
0.3	45	-101.968
0.3	45	168.614
0.3	45	-77.0756
0.3	45	-3.05819
0.3	45	-78.9248
0.3	45	-87.7042
0.3	45	-151.973
0.3	45	81.714
0.3	45	-91.9822
0.3	45	-131.699
0.3	45	57.2235
0.3	45	52.6768
0.3	45	138.658
0.3	45	136.372
0.3	45	44.37
0.3	45	49.2956
0.3	45	-12.9699
0.3	45	31.2131
0.3	45	59.9682
0.3	45	-17.6946
0.3	45	-159.326
0.3	45	-117.45
0.3	45	-147.912
0.3	45	-67.0696
0.3	45	14.7446
0.3	45	89.6643
0.3	45	-112.339
0.3	45	122.126
0.3	45	-156.284
0.3	45	76.6869
0.3	45	-128.096
0.3	45	-61.9108
0.3	45	-32.2357
0.3	45	176.4
0.3	45	-147.593
0.3	45	87.8657
0.3	45	-87.0699
0.3	45	-105.057
0.3	45	22.8522
0.3	45	129.047
0.3	45	-106.508
0.3	45	-67.9176
0.3	45	-24.4686
0.3	45	-137.331
0.3	45	112.164
0.3	45	-120.816
0.3	45	87.3336
0.3	45	-42.5145
0.3	45	-43.9172
0.3	45	138.376
0.3	45	151.285
0.3	45	-165.794
0.3	45	-12.7336
0.3	45	-108.842
0.3	45	-56.7127
0.3	45	-157.288
0.3	45	15.8657
0.3	45	-22.571
0.3	45	162.607
0.3	45	-152.382
0.3	45	63.129
0.3	45	115.638
0.3	45	24.7004
0.3	45	-96.3266
0.3	45	-74.6649
0.3	45	58.4831
0.3	45	94.2424
0.3	45	94.549
0.3	45	-173.107
0.3	45	-110.36
0.3	45	169.071
0.3	45	13.3681
0.3	45	57.4927
0.3	45	13.7072
0.3	45	124.769
0.3	45	113.655
0.3	45	-65.1697
0.3	45	146.592
0.3	45	-172.31
0.3	45	-38.8055
0.3	45	-47.1576
0.3	45	171.506
0.3	45	20.1797
0.3	45	-102.464
0.3	45	152.254
0.3	45	-151.554
0.3	45	47.7587
0.3	45	-117.28
0.3	45	-135.611
0.3	45	93.4275
0.3	45	175.674
0.3	45	-107.346
0.3	45	71.3524
0.3	45	104.072
0.3	45	76.4081
0.3	45	-81.4058
0.3	45	109.304
0.3	45	44.3608
0.3	45	23.7108
0.3	45	-6.20332
0.3	45	159.147
0.3	45	-139.176
0.3	45	-103.018
0.3	45	-112.247
0.3	45	-116.092
0.3	45	132.915
0.3	45	-158.474
0.3	45	137.031
0.3	45	167.89
0.3	45	37.9861
0.3	45	-26.0979
0.3	45	93.2221
0.3	45	-143.339
0.3	45	-66.7705
0.3	45	93.0701
0.3	45	-165.596
0.3	45	24.8989
0.3	45	173.96
0.3	45	98.8572
0.3	45	128.373
0.3	45	63.8843
0.3	45	-166.947
0.3	45	-79.3879
0.3	45	123.646
0.3	45	91.409
0.3	45	-101.751
0.3	45	-157.17
0.3	45	-46.1902
0.3	45	62.4993
0.3	45	129.071
0.3	45	-67.2496
0.3	45	-67.9531
0.3	45	35.3236
0.3	45	-92.8319
0.3	45	-10.0922
0.3	45	-19.9198
0.3	45	150.591
0.3	45	-95.2175
0.3	45	162.732
0.3	45	-73.9449
0.3	45	-17.3205
0.3	45	74.2614
0.3	45	93.9612
0.3	45	-33.6424
0.3	45	14.5574
0.3	45	151.7
0.3	45	-75.1276
0.3	45	-44.5695
0.3	45	-4.97189
0.3	45	-90.6141
0.3	45	7.12534
0.3	45	-89.4192
0.3	45	120.741
0.3	45	171.958
0.3	45	-148.236
0.3	45	58.878
0.3	45	-79.7454
0.3	45	18.7471
0.3	45	-74.7173
0.3	45	178.401
0.3	45	-18.2477
0.3	45	-38.9657
0.3	45	-74.2587
0.3	45	171.773
0.3	45	-17.7095
0.3	45	152.887
0.3	45	96.0739
0.3	45	75.449
0.3	45	153.89
0.3	45	-88.1429
0.3	45	-142.435
0.3	45	17.9931
0.3	45	-49.2533
0.3	45	94.1801
0.3	45	-130.553
0.3	45	45.5952
0.3	45	-161.103
0.3	45	100.401
0.3	45	70.7264
0.3	45	19.1635
0.3	45	-17.5641
0.3	45	155.341
0.3	45	-175.095
0.3	45	72.1243
0.3	45	-166.669
0.3	45	-25.1628
0.3	45	48.7949
0.3	45	-93.8439
0.3	45	12.7694
0.3	45	-59.9862
0.3	45	-94.8858
0.3	45	128.091
0.3	45	-31.2975
0.3	45	-66.8217
0.3	45	10.3043
0.3	45	40.5656
0.3	45	-92.3169
0.3	45	31.7063
0.3	45	-101.598
0.3	45	-29.0774
0.3	45	123.206
0.3	45	128.29
0.3	45	132.561
0.3	45	-151.933
0.3	45	-115.879
0.3	45	138.648
0.3	45	44.168
0.3	45	126.134
0.3	45	-104.686
0.3	45	29.2406
0.3	45	-129.477
0.3	45	-123.381
0.3	45	51.1569
0.3	45	-54.2783
0.3	45	22.226
0.3	45	9.48763
0.3	45	-165.277
0.3	45	53.9963
0.3	45	-136.089
0.3	45	-36.6178
0.3	45	75.154
0.3	45	-106.99
0.3	45	-84.7786
0.3	45	-57.1339
0.3	45	-71.6157
0.3	45	-145.628
0.3	45	-178.495
0.3	45	-63.5605
0.3	45	-127.413
0.3	45	138.003
0.3	45	112.161
0.3	45	-112.196
0.3	45	-32.6194
0.3	45	43.7619
0.3	45	131.633
0.3	45	-71.4137
0.3	45	23.4182
0.3	45	113.574
0.3	45	-5.42874
0.3	45	-63.1314
0.3	45	-138.694
0.3	45	1.74586
0.3	45	103.441
0.3	45	-70.4931
0.3	45	-76.5473
0.3	45	151.487
0.3	45	-176.34
0.3	45	135.512
0.3	45	19.5073
0.3	45	-141.361
0.3	45	48.2411
0.3	45	122.706
0.3	45	-77.0811
0.3	45	27.7731
0.3	45	-158.823
0.3	45	-110.478
0.3	45	10.9017
0.3	45	30.5105
0.3	45	-88.1758
0.3	45	-178.104
0.3	45	-139.559
0.3	45	-32.0364
0.3	45	156.905
0.3	45	127.382
0.3	45	-39.8991
0.3	45	-130.632
0.3	45	-140.024
0.3	45	-150.064
0.3	45	155.426
0.3	45	89.502
0.3	45	112.937
0.3	45	-27.4397
0.3	45	-12.8424
0.3	45	-102.496
0.3	45	-61.0471
0.3	45	-4.05738
0.3	45	70.1393
0.3	45	83.3362
0.3	45	116.384
0.3	45	171.886
0.3	45	150.205
0.3	45	2.69983
0.3	45	-112.135
0.3	45	39.1077
0.3	45	-35.3146
0.3	45	71.5582
0.3	45	-16.2803
0.3	45	110.595
0.3	45	-46.7495
0.3	45	90.9983
0.3	45	-47.8949
0.3	45	-51.253
0.3	45	134.603
0.3	45	5.13015
0.3	45	177.655
0.3	45	15.4316
0.3	45	176.23
0.3	45	-114.755
0.3	45	-3.96382
0.3	45	-154.996
0.3	45	100.896
0.3	45	109.535
0.3	45	72.0257
0.3	45	160.185
0.3	45	-44.3166
0.3	45	18.4299
0.3	45	0.122757
0.3	45	-75.4092
0.3	45	141.581
0.3	45	162.872
0.3	45	-23.8015
0.3	45	-102.722
0.3	45	173.303
0.3	45	-113.851
0.3	45	79.2421
0.3	45	-105.401
0.3	45	-179.986
0.3	45	-78.491
0.3	45	-109.123
0.3	45	-28.7339
0.3	45	63.0208
0.3	45	145.717
0.3	45	156.091
0.3	45	81.3419
0.3	45	-104.904
0.3	45	149.8
0.3	45	-21.5449
0.3	45	-75.1224
0.3	45	158.329
0.3	45	50.4171
0.3	45	154.434
0.3	45	39.856
0.3	45	105.672
0.3	45	60.3754
0.3	45	-19.2514
0.3	45	-74.4656
0.3	45	126.075
0.3	45	-63.4447
0.3	45	32.3256
0.3	45	-116.65
0.3	45	-126.721
0.3	45	-51.3199
0.3	45	-91.0521
0.3	45	-116.39
0.3	45	111.313
0.3	45	-140.185
0.3	45	-169.999
0.3	45	12.5352
0.3	45	109.128
0.3	45	28.7412
0.3	45	-98.554
0.3	45	137.421
0.3	45	179.589
0.3	45	153.949
0.3	45	172.734
0.3	45	-68.1002
0.3	45	-137.956
0.3	45	-104.532
0.3	45	33.414
0.3	45	-64.3724
0.3	45	-122.772
0.3	45	48.1555
0.3	45	177.884
0.3	45	173.052
0.3	45	-17.7853
0.3	45	150.046
0.3	45	-19.4625
0.3	45	-145.439
0.3	45	-147.037
0.3	45	65.844
0.3	45	-171.421
0.3	45	-5.6438
0.3	45	-168.033
0.3	45	66.8359
0.3	45	-129.869
0.3	45	-131.197
0.3	45	64.4611
0.3	45	135.514
0.3	45	-33.2697
0.3	45	-67.4366
0.3	45	157.377
0.3	45	-165.649
0.3	45	17.345
0.3	45	-56.8554
0.3	45	172.227
0.3	45	-71.2776
0.3	45	-152.575
0.3	45	9.95316
0.3	45	76.5456
0.3	45	-31.7809
0.3	45	174.825
0.3	45	96.9039
0.3	45	178.874
0.3	45	84.3948
0.3	45	-114.356
0.3	45	-71.189
0.3	45	13.5065
0.3	45	176.934
0.3	45	-37.62
0.3	45	-28.0321
0.3	45	0.791713
0.3	45	-146.434
0.3	45	72.0494
0.3	45	143.817
0.3	45	-124.086
0.3	45	-161.08
0.3	45	-51.3923
0.3	45	-5.1313
0.3	45	4.32964
0.3	45	165.393
0.3	45	-168.796
0.3	45	-78.7157
0.3	45	73.1265
0.3	45	-23.3892
0.3	45	-8.27549
0.3	45	167.717
0.3	45	-8.54147
0.3	45	-122.262
0.3	45	-31.4115
0.3	45	118.684
0.3	45	-64.0217
0.3	45	-150.628
0.3	45	130.145
0.3	45	-175.94
0.3	45	-37.8966
0.3	45	-11.5714
0.3	45	135.567
0.3	45	-131.515
0.3	45	-10.0752
0.3	45	14.9903
0.3	45	97.9197
0.3	45	-119.711
0.3	45	-81.4808
0.3	45	80.0926
0.3	45	114.492
0.3	45	-13.3124
0.3	45	-170.619
0.3	45	38.1514
0.3	45	-149.574
0.3	45	99.7749
0.3	45	41.6713
0.3	45	105.509
0.3	45	177.579
0.3	45	-124.212
0.3	45	140.563
0.3	45	-71.3817
0.3	45	80.1606
0.3	45	177.649
0.3	45	-58.2114
0.3	45	-144.665
0.3	45	-74.3062
0.3	45	-95.9862
0.3	45	89.5214
0.3	45	22.3856
0.3	45	-10.0312
0.3	45	-46.9081
0.3	45	-146.477
0.3	45	-29.9625
0.3	45	13.1969
0.3	45	-173.876
0.3	45	93.5242
0.3	45	-30.8702
0.3	45	-95.9281
0.3	45	100.213
0.3	45	-37.8268
0.3	45	87.9529
0.3	45	-14.1242
0.3	45	-6.18585
0.3	45	-130.583
0.3	45	-102.716
0.3	45	105.746
0.3	45	77.282
0.3	45	171.771
0.3	45	127.293
0.3	45	153.015
0.3	45	-49.7851
0.3	45	149.616
0.3	45	-87.8311
0.3	45	-0.00228489
0.3	45	1.21443
0.3	45	19.612
0.3	45	-173.233
0.3	45	114.907
0.3	45	24.815
0.3	45	-122.826
0.3	45	22.8546
0.3	45	163.947
0.25	-45	99.1975
0.25	-45	-71.7852
0.25	-45	-172.464
0.25	-45	37.4542
0.25	-45	136.972
0.25	-45	-86.084
0.25	-45	-138.975
0.25	-45	-50.4801
0.25	-45	108.184
0.25	-45	96.2323
0.25	-45	-51.3691
0.25	-45	-166.223
0.25	-45	-132.668
0.25	-45	130.215
0.25	-45	146.296
0.25	-45	8.7529
0.25	-45	124.854
0.25	-45	-135.658
0.25	-45	-125.523
0.25	-45	-135.707
0.25	-45	114.687
0.25	-45	-73.0479
0.25	-45	21.7405
0.25	-45	-84.2286
0.25	-45	-1.48601
0.25	-45	-71.752
0.25	-45	18.2273
0.25	-45	122.549
0.25	-45	-127.137
0.25	-45	100.087
0.25	-45	-120.741
0.25	-45	99.2516
0.25	-45	21.2692
0.25	-45	5.18182
0.25	-45	65.2823
0.25	-45	44.1085
0.25	-45	178.948
0.25	-45	103.335
0.25	-45	141.63
0.25	-45	37.7671
0.25	-45	-48.7104
0.25	-45	-99.0126
0.25	-45	26.5802
0.25	-45	-118.841
0.25	-45	-63.7166
0.25	-45	-149.329
0.25	-45	-74.6909
0.25	-45	75.6613
0.25	-45	-80.5582
0.25	-45	149.643
0.25	-45	51.8057
0.25	-45	-47.9917
0.25	-45	-68.5829
0.25	-45	177.588
0.25	-45	-76.6043
0.25	-45	-13.6802
0.25	-45	-83.8064
0.25	-45	-176.85
0.25	-45	-143.249
0.25	-45	74.1307
0.25	-45	42.5201
0.25	-45	102.43
0.25	-45	-135.027
0.25	-45	-145.311
0.25	-45	62.7567
0.25	-45	88.3326
0.25	-45	26.1193
0.25	-45	-44.2828
0.25	-45	172.228
0.25	-45	-121.288
0.25	-45	149.862
0.25	-45	-123.014
0.25	-45	174.332
0.25	-45	150.728
0.25	-45	-152.839
0.25	-45	103.311
0.25	-45	168.167
0.25	-45	137.342
0.25	-45	-135.785
0.25	-45	49.323
0.25	-45	-17.8883
0.25	-45	-32.047
0.25	-45	-138.828
0.25	-45	-47.9795
0.25	-45	-30.1933
0.25	-45	-0.291202
0.25	-45	78.8387
0.25	-45	-146.323
0.25	-45	102.793
0.25	-45	-33.7645
0.25	-45	-114.011
0.25	-45	-84.4894
0.25	-45	142.378
0.25	-45	92.3857
0.25	-45	79.7606
0.25	-45	161.777
0.25	-45	87.096
0.25	-45	96.7088
0.25	-45	-47.7842
0.25	-45	-7.20527
0.25	-45	-127.033
0.25	-45	-94.4855
0.25	-45	-176.106
0.25	-45	113.234
0.25	-45	-17.5272
0.25	-45	-167.536
0.25	-45	8.63098
0.25	-45	139.921
0.25	-45	-155.832
0.25	-45	-32.6534
0.25	-45	-134.744
0.25	-45	-73.8472
0.25	-45	77.504
0.25	-45	-80.9314
0.25	-45	172.184
0.25	-45	-96.423
0.25	-45	-125.365
0.25	-45	32.3072
0.25	-45	-119.818
0.25	-45	56.8644
0.25	-45	-163.254
0.25	-45	-96.8889
0.25	-45	-84.5198
0.25	-45	-173.133
0.25	-45	-123.128
0.25	-45	89.3347
0.25	-45	97.5842
0.25	-45	-97.7838
0.25	-45	146.507
0.25	-45	-142.951
0.25	-45	-9.49278
0.25	-45	-125.397
0.25	-45	45.2109
0.25	-45	42.672
0.25	-45	-70.2903
0.25	-45	85.6724
0.25	-45	-90.5161
0.25	-45	23.4392
0.25	-45	43.7103
0.25	-45	-70.8379
0.25	-45	117.154
0.25	-45	-96.8206
0.25	-45	-34.6831
0.25	-45	60.1233
0.25	-45	-119.32
0.25	-45	-163.118
0.25	-45	-108.177
0.25	-45	-116.454
0.25	-45	-68.879
0.25	-45	-32.1746
0.25	-45	-11.6818
0.25	-45	-157.918
0.25	-45	-159.403
0.25	-45	-71.9476
0.25	-45	-174.818
0.25	-45	-118.399
0.25	-45	-130.113
0.25	-45	128.502
0.25	-45	177.718
0.25	-45	-68.08
0.25	-45	44.5724
0.25	-45	40.6087
0.25	-45	-179.878
0.25	-45	-0.282276
0.25	-45	-5.67609
0.25	-45	143.485
0.25	-45	136.576
0.25	-45	-171.108
0.25	-45	41.7227
0.25	-45	-103.485
0.25	-45	-143.514
0.25	-45	-166.611
0.25	-45	-171.286
0.25	-45	-7.96768
0.25	-45	-11.2193
0.25	-45	42.7722
0.25	-45	33.7303
0.25	-45	-69.9306
0.25	-45	159.21
0.25	-45	-142.798
0.25	-45	62.7101
0.25	-45	-10.4427
0.25	-45	87.0146
0.25	-45	-121.008
0.25	-45	139.099
0.25	-45	82.2933
0.25	-45	-6.38486
0.25	-45	154.977
0.25	-45	63.7914
0.25	-45	74.7794
0.25	-45	-136.724
0.25	-45	-127.709
0.25	-45	-59.3963
0.25	-45	54.1537
0.25	-45	175.743
0.25	-45	118.543
0.25	-45	-141.648
0.25	-45	115.156
0.25	-45	95.1108
0.25	-45	-31.0592
0.25	-45	47.1191
0.25	-45	-168.869
0.25	-45	106.704
0.25	-45	-147.29
0.25	-45	-12.9864
0.25	-45	-42.4096
0.25	-45	-73.4612
0.25	-45	142.428
0.25	-45	131.312
0.25	-45	-123.335
0.25	-45	113.831
0.25	-45	-116.97
0.25	-45	17.4086
0.25	-45	-39.4833
0.25	-45	-120.031
0.25	-45	129.89
0.25	-45	-41.8862
0.25	-45	31.6385
0.25	-45	6.86878
0.25	-45	-150.469
0.25	-45	8.36566
0.25	-45	21.9408
0.25	-45	-107.98
0.25	-45	-133.287
0.25	-45	86.9927
0.25	-45	-60.2455
0.25	-45	-140.527
0.25	-45	-98.8635
0.25	-45	17.7968
0.25	-45	-110.623
0.25	-45	107.151
0.25	-45	-115.962
0.25	-45	172.028
0.25	-45	-136.041
0.25	-45	-54.006
0.25	-45	110.258
0.25	-45	20.6448
0.25	-45	83.6024
0.25	-45	-107.466
0.25	-45	-119.857
0.25	-45	-34.8264
0.25	-45	157.449
0.25	-45	1.09793
0.25	-45	57.4201
0.25	-45	56.8661
0.25	-45	-13.6138
0.25	-45	74.3468
0.25	-45	142.663
0.25	-45	89.9727
0.25	-45	55.2919
0.25	-45	-52.2846
0.25	-45	-55.3026
0.25	-45	28.4545
0.25	-45	-144.836
0.25	-45	-105.041
0.25	-45	77.4757
0.25	-45	-111.234
0.25	-45	-169.193
0.25	-45	-169.179
0.25	-45	-127.904
0.25	-45	85.0636
0.25	-45	94.0578
0.25	-45	-92.0138
0.25	-45	43.154
0.25	-45	-100.515
0.25	-45	-141.675
0.25	-45	-36.9118
0.25	-45	141.264
0.25	-45	168.927
0.25	-45	97.6263
0.25	-45	177.922
0.25	-45	114.389
0.25	-45	159.208
0.25	-45	166.852
0.25	-45	35.3389
0.25	-45	-62.4444
0.25	-45	-80.854
0.25	-45	-176.307
0.25	-45	1.07011
0.25	-45	117.789
0.25	-45	139.249
0.25	-45	169.084
0.25	-45	-76.8872
0.25	-45	-2.88298
0.25	-45	36.8853
0.25	-45	-96.1648
0.25	-45	97.6853
0.25	-45	-87.7993
0.25	-45	-158.726
0.25	-45	-131.163
0.25	-45	-46.3605
0.25	-45	-166.262
0.25	-45	7.02488
0.25	-45	-85.2148
0.25	-45	57.4528
0.25	-45	-84.2063
0.25	-45	22.155
0.25	-45	-86.4339
0.25	-45	65.667
0.25	-45	-60.5327
0.25	-45	174.044
0.25	-45	-85.2684
0.25	-45	-147.575
0.25	-45	-81.6121
0.25	-45	-105.619
0.25	-45	-96.5571
0.25	-45	-39.4272
0.25	-45	116.992
0.25	-45	171.518
0.25	-45	169.914
0.25	-45	161.08
0.25	-45	164.909
0.25	-45	-155.726
0.25	-45	-157.348
0.25	-45	48.2434
0.25	-45	137.507
0.25	-45	2.32321
0.25	-45	-118.463
0.25	-45	49.0168
0.25	-45	-165.97
0.25	-45	53.6858
0.25	-45	176.364
0.25	-45	-74.4266
0.25	-45	-29.9825
0.25	-45	134.518
0.25	-45	110.481
0.25	-45	137.355
0.25	-45	-155.516
0.25	-45	-41.4611
0.25	-45	89.3723
0.25	-45	64.7253
0.25	-45	176.822
0.25	-45	174.753
0.25	-45	70.5978
0.25	-45	6.75816
0.25	-45	-144.224
0.25	-45	128.703
0.25	-45	-157.022
0.25	-45	167.976
0.25	-45	-146.611
0.25	-45	-168.78
0.25	-45	-16.2798
0.25	-45	-4.18216
0.25	-45	77.3737
0.25	-45	78.3285
0.25	-45	151.973
0.25	-45	-109.484
0.25	-45	16.9792
0.25	-45	-122.606
0.25	-45	28.7623
0.25	-45	-9.08322
0.25	-45	-30.5151
0.25	-45	-168.144
0.25	-45	-6.61207
0.25	-45	-69.6589
0.25	-45	165.364
0.25	-45	-107.336
0.25	-45	-82.1269
0.25	-45	-155.485
0.25	-45	-69.5842
0.25	-45	161.438
0.25	-45	66.6479
0.25	-45	24.9591
0.25	-45	34.443
0.25	-45	154.908
0.25	-45	-44.3278
0.25	-45	-41.4595
0.25	-45	-23.1004
0.25	-45	143.818
0.25	-45	-36.8052
0.25	-45	70.8315
0.25	-45	-141.187
0.25	-45	-107.91
0.25	-45	115.324
0.25	-45	23.6203
0.25	-45	-165.212
0.25	-45	-40.8899
0.25	-45	-153.96
0.25	-45	2.09912
0.25	-45	138.629
0.25	-45	-77.8719
0.25	-45	125.501
0.25	-45	-171.951
0.25	-45	-67.7463
0.25	-45	-169.07
0.25	-45	-147.88
0.25	-45	-140.589
0.25	-45	135.291
0.25	-45	40.995
0.25	-45	70.9047
0.25	-45	35.6268
0.25	-45	69.9638
0.25	-45	5.52937
0.25	-45	-172.657
0.25	-45	-47.1018
0.25	-45	-4.55525
0.25	-45	49.0214
0.25	-45	-72.6012
0.25	-45	41.0829
0.25	-45	-137.979
0.25	-45	-170.838
0.25	-45	5.87504
0.25	-45	110.807
0.25	-45	124.167
0.25	-45	33.3748
0.25	-45	-86.2713
0.25	-45	-83.6506
0.25	-45	-5.30668
0.25	-45	81.3864
0.25	-45	39.6532
0.25	-45	-163.282
0.25	-45	-57.0513
0.25	-45	142.187
0.25	-45	101.249
0.25	-45	-145.768
0.25	-45	-63.5036
0.25	-45	54.7149
0.25	-45	152.588
0.25	-45	173.528
0.25	-45	81.9982
0.25	-45	73.9336
0.25	-45	163.71
0.25	-45	-142.06
0.25	-45	-132.524
0.25	-45	40.1577
0.25	-45	-48.1281
0.25	-45	134.048
0.25	-45	172.547
0.25	-45	82.3889
0.25	-45	-152.864
0.25	-45	-73.0611
0.25	-45	-72.3909
0.25	-45	-77.1257
0.25	-45	156.593
0.25	-45	-67.3837
0.25	-45	-84.551
0.25	-45	-60.3876
0.25	-45	-158.127
0.25	-45	-29.7411
0.25	-45	-126.567
0.25	-45	-106.411
0.25	-45	31.8899
0.25	-45	96.0763
0.25	-45	36.0983
0.25	-45	167.244
0.25	-45	103.104
0.25	-45	-94.3622
0.25	-45	25.8292
0.25	-45	-59.0209
0.25	-45	-46.4481
0.25	-45	-108.55
0.25	-45	-57.8063
0.25	-45	-72.6868
0.25	-45	-168.613
0.25	-45	170.837
0.25	-45	-101.016
0.25	-45	-173.461
0.25	-45	-111.901
0.25	-45	171.911
0.25	-45	95.0406
0.25	-45	19.4767
0.25	-45	-137.655
0.25	-45	1.54098
0.25	-45	56.3198
0.25	-45	7.08164
0.25	-45	-2.21562
0.25	-45	-84.6125
0.25	-45	-90.0624
0.25	-45	-113.66
0.25	-45	29.5047
0.25	-45	46.2849
0.25	-45	133.346
0.25	-45	-122.021
0.25	-45	-97.3935
0.25	-45	7.68073
0.25	-45	-82.154
0.25	-45	-46.3952
0.25	-45	-55.0665
0.25	-45	76.7098
0.25	-45	23.8145
0.25	-45	109.858
0.25	-45	134.443
0.25	-45	19.664
0.25	-45	22.2779
0.25	-45	-106.257
0.25	-45	-18.5964
0.25	-45	-80.9391
0.25	-45	37.4917
0.25	-45	88.0887
0.25	-45	42.6428
0.25	-45	170.932
0.25	-45	132.384
0.25	-45	-31.6682
0.25	-45	9.19148
0.25	-45	-105.598
0.25	-45	-150.85
0.25	-45	132.338
0.25	-45	-97.8665
0.25	-45	-86.9188
0.25	-45	7.2022
0.25	-45	130.316
0.25	-45	-97.6685
0.25	-45	-43.2497
0.25	-45	-138.466
0.25	-45	-107.534
0.25	-45	-9.52215
0.25	-45	-131.793
0.25	-45	79.4059
0.25	-45	-139.827
0.25	-45	177.246
0.25	-45	9.14352
0.25	-45	121.174
0.25	-45	-2.51581
0.25	-45	98.0808
0.25	-45	18.9983
0.25	-45	-119.892
0.25	-45	64.1043
0.25	-45	22.1459
0.25	-45	-128.37
0.25	-45	-111.243
0.25	-45	-0.329132
0.25	-45	121.155
0.25	-45	-176.84
0.25	-45	133.841
0.25	-45	-115.96
0.25	-45	97.9175
0.25	-45	154.917
0.25	-45	157.935
0.25	-45	-172.792
0.25	-45	118.711
0.25	-45	112.088
0.25	-45	29.7951
0.25	-45	-132.163
0.25	-45	57.5204
0.25	-45	102.447
0.25	-45	143.764
0.25	-45	-95.3355
0.25	-45	136.672
0.25	-45	43.957
0.25	-45	-148.826
0.25	-45	-138.794
0.25	-45	168.929
0.25	-45	-59.8337
0.25	-45	-47.0548
0.25	-45	-144.342
0.25	-45	-133.567
0.25	-45	-13.4189
0.25	-45	-36.002
0.25	-45	-113.896
0.25	-45	94.3278
0.25	-45	128.659
0.25	-45	21.5231
0.25	-45	-93.9622
0.25	-45	149.968
0.25	-45	-73.7483
0.25	-45	45.4895
0.25	-45	-97.2686
0.25	-45	20.6672
0.25	-45	-83.7371
0.25	-45	127
0.25	-45	68.312
0.25	-45	116.211
0.25	-45	87.4662
0.25	-45	-161.41
0.25	-45	-120.692
0.25	-45	-97.4621
0.25	-45	19.8403
0.25	-45	62.5498
0.25	-45	-160.331
0.25	-45	-14.6306
0.25	-45	97.3439
0.25	-45	170.121
0.25	-45	-71.343
0.25	-45	130.352
0.25	-45	48.8346
0.25	-45	-50.1404
0.25	-45	153.008
0.25	-45	170.094
0.25	-45	143.736
0.25	-45	-9.55012
0.25	-45	78.254
0.25	-45	43.8043
0.25	-45	2.06183
0.25	-45	12.6718
0.25	-45	108.368
0.25	-45	-79.6394
0.25	-45	176.858
0.25	-45	163.723
0.25	-45	-13.7406
0.25	-45	-158.757
0.25	-45	120.767
0.25	-45	-19.354
0.25	-45	-169.116
0.25	-45	-2.82214
0.25	-45	-168.263
0.25	-45	-156.431
0.25	-45	-116.16
0.25	-45	171.839
0.25	-45	-139.964
0.25	-45	25.9911
0.25	-45	-72.431
0.25	-45	-4.46664
0.25	-45	-124.036
0.25	-45	118.139
0.25	-45	-166.978
0.25	-45	-99.5751
0.25	-45	132.922
0.25	-45	-77.955
0.25	-45	4.63413
0.25	-45	13.367
0.25	-45	-97.1086
0.25	-45	-62.6259
0.25	-45	-122.248
0.25	-45	-83.1041
0.25	-45	-1.1983
0.25	-45	4.49911
0.25	-45	-159.364
0.25	-45	-153.516
0.25	-45	-1.57107
0.25	-45	103.396
0.25	-45	-119.53
0.25	-45	-80.6849
0.25	-45	-146.094
0.25	-45	119.241
0.25	-45	-159.197
0.25	-45	-142.735
0.25	-45	110.423
0.25	-45	143.891
0.25	-45	39.2993
0.25	-45	66.2197
0.25	-45	118.28
0.25	-45	139.11
0.25	-45	54.1474
0.25	-45	8.84714
0.25	-45	99.6154
0.25	-45	-168.749
0.25	-45	-105.041
0.25	-45	74.5439
0.25	-45	-100.893
0.25	-45	-12.1214
0.25	-45	34.4152
0.25	-45	173.19
0.25	-45	15.0153
0.25	-45	-69.3847
0.25	-45	91.9397
0.25	-45	-98.3916
0.25	-45	-153.278
0.25	-45	43.0903
0.25	-45	-121.627
0.25	-45	107.435
0.25	-45	0.0205525
0.25	-45	115.912
0.25	-45	-98.6272
0.25	-45	96.0614
0.25	-45	-33.858
0.25	-45	94.2214
0.25	-45	-18.7556
0.25	-45	14.7523
0.25	-45	30.9579
0.25	-45	76.2012
0.25	-45	51.6062
0.25	-45	-76.1703
0.25	-45	-160.154
0.25	-45	-28.4637
0.25	-45	122.196
0.25	-45	-143.817
0.25	-45	20.3259
0.25	-45	-50.0219
0.25	-45	-176.042
0.25	-45	-95.1583
0.25	-45	-70.663
0.25	-45	-55.6779
0.25	-45	29.1156
0.25	-45	37.8141
0.25	-45	-117.697
0.25	-45	-123.925
0.25	-45	-171.988
0.25	-45	-165.846
0.25	-45	-112.442
0.25	-45	64.5616
0.25	-45	-38.8294
0.25	-45	-16.2512
0.25	-45	84.924
0.25	-45	-146.118
0.25	-45	33.1238
0.25	-45	12.6843
0.25	-45	-67.3684
0.25	-45	-38.762
0.25	-45	-11.1656
0.25	-45	-59.0573
0.25	-45	88.4419
0.25	-45	133.871
0.25	-45	-169.919
0.25	-45	123.855
0.25	-45	1.43444
0.25	-45	171.151
0.25	-45	63.0134
0.25	-45	26.167
0.25	-45	93.9991
0.25	-45	115.648
0.25	-45	100.887
0.25	-45	-165.906
0.25	-45	-31.6326
0.25	-45	-15.49
0.25	-45	150.719
0.25	-45	138.15
0.25	-45	-126.505
0.25	-45	-155.021
0.25	-45	-160.944
0.25	-45	-53.9983
0.25	-45	-165.557
0.25	-45	27.9736
0.25	-45	88.2531
0.25	-45	162.951
0.25	-45	-142.085
0.25	-45	-48.7515
0.25	-45	-15.9987
0.25	-45	-92.9367
0.25	-45	-103.412
0.25	-45	-166.664
0.25	-45	-168.759
0.25	-45	71.5197
0.25	-45	12.3692
0.25	-45	-17.9633
0.25	-45	168.241
0.25	-45	-2.07388
0.25	-45	138.11
0.25	-45	-124.313
0.25	-45	-120.429
0.25	-45	-60.6732
0.25	-45	-134.003
0.25	-45	-8.80893
0.25	-45	71.1192
0.25	-45	-24.6357
0.25	-45	-72.9837
0.25	-45	100.939
0.25	-45	-18.617
0.25	-45	-146.446
0.25	-45	-42.1951
0.25	-45	143.654
0.25	-45	51.8997
0.25	-45	-153.473
0.25	-45	-104.451
0.25	-45	34.6391
0.25	-45	-40.9603
0.25	-45	-24.8709
0.25	-45	129.567
0.25	-45	-175.169
0.25	-45	-179.837
0.25	-45	138.019
0.25	-45	151.921
0.25	-45	31.2503
0.25	-45	-35.3571
0.25	-45	-136.648
0.25	-45	45.8851
0.25	-45	112.394
0.25	-45	-147.889
0.25	-45	-14.6406
0.25	-45	163.365
0.25	-45	119.026
0.25	-45	151
0.25	-45	172.445
0.25	-45	-54.5986
0.25	-45	55.484
0.25	-45	82.3742
0.25	-45	103.389
0.25	-45	115.294
0.25	-45	25.0393
0.25	-45	-77.7148
0.25	-45	47.2157
0.25	-45	-119.864
0.25	-45	-123.046
0.25	-45	73.6743
0.25	-45	-19.1548
0.25	-45	-48.3625
0.25	-45	-128.628
0.25	-45	-93.8118
0.25	-45	-68.6313
0.25	-45	-166.421
0.25	-45	-105.954
0.25	-45	92.2557
0.25	-45	-132.027
0.25	-45	125.323
0.25	-45	126.277
0.25	-45	57.7553
0.25	-45	-36.2051
0.25	-45	171.17
0.25	-45	111.273
0.25	-45	76.4326
0.25	-45	126.695
0.25	-45	54.7028
0.25	-45	-123.527
0.25	-45	-68.0167
0.25	-45	97.0008
0.25	-45	104.998
0.25	-45	-12.0138
0.25	-45	85.7838
0.25	-45	-174.118
0.25	-45	-144.021
0.25	-45	150.707
