pol	setting	phi
0.3	45	-19.4794
0.3	45	169.301
0.3	45	-109.567
0.3	45	29.8344
0.3	45	157.6
0.3	45	56.0263
0.3	45	102.245
0.3	45	-36.7566
0.3	45	-91.2616
0.3	45	55.147
0.3	45	85.7947
0.3	45	6.77761
0.3	45	19.9836
0.3	45	157.677
0.3	45	-37.5909
0.3	45	-169.637
0.3	45	157.737
0.3	45	-71.3727
0.3	45	86.0915
0.3	45	150.419
0.3	45	-132.114
0.3	45	-132.579
0.3	45	179.887
0.3	45	161.718
0.3	45	-118.516
0.3	45	77.0631
0.3	45	-66.1732
0.3	45	-26.0374
0.3	45	-121.858
0.3	45	-157.908
0.3	45	-10.0056
0.3	45	-124.368
0.3	45	-159.171
0.3	45	-78.0223
0.3	45	-102.88
0.3	45	-87.1096
0.3	45	38.6485
0.3	45	-20.9647
0.3	45	-163.894
0.3	45	106.222
0.3	45	20.3921
0.3	45	61.961
0.3	45	-8.42802
0.3	45	-85.1044
0.3	45	10.8103
0.3	45	97.8752
0.3	45	-28.7399
0.3	45	-96.2901
0.3	45	153.264
0.3	45	-23.0968
0.3	45	151.74
0.3	45	-122.253
0.3	45	-114.998
0.3	45	-176.931
0.3	45	-132.723
0.3	45	146.537
0.3	45	-100.996
0.3	45	175.559
0.3	45	12.1129
0.3	45	140.559
0.3	45	166.965
0.3	45	-46.4704
0.3	45	123.808
0.3	45	-107.682
0.3	45	-63.497
0.3	45	-125.091
0.3	45	-132.246
0.3	45	-73.4556
0.3	45	126.863
0.3	45	-144.866
0.3	45	-67.1774
0.3	45	102.977
0.3	45	-92.6145
0.3	45	-150.64
0.3	45	129.666
0.3	45	89.9217
0.3	45	167.808
0.3	45	170.04
0.3	45	100.512
0.3	45	-1.11602
0.3	45	-100.747
0.3	45	-162.212
0.3	45	60.0355
0.3	45	-174.932
0.3	45	-41.1604
0.3	45	-37.3911
0.3	45	94.5229
0.3	45	170.005
0.3	45	-129.451
0.3	45	113.788
0.3	45	-168.832
0.3	45	-165.045
0.3	45	137.734
0.3	45	-171.442
0.3	45	175.36
0.3	45	-127.064
0.3	45	-119.618
0.3	45	58.1055
0.3	45	-51.9313
0.3	45	-140.271
0.3	45	148.766
0.3	45	-89.7757
0.3	45	-26.0268
0.3	45	-143.871
0.3	45	-59.3599
0.3	45	95.2785
0.3	45	16.9611
0.3	45	131.386
0.3	45	118.954
0.3	45	-45.4698
0.3	45	-166.107
0.3	45	108.278
0.3	45	74.7424
0.3	45	-45.9599
0.3	45	-101.712
0.3	45	103.514
0.3	45	148.768
0.3	45	-11.3978
0.3	45	-106.131
0.3	45	0.523173
0.3	45	-81.9395
0.3	45	11.6703
0.3	45	-78.0914
0.3	45	-20.1806
0.3	45	138.256
0.3	45	-3.64845
0.3	45	-77.9574
0.3	45	-37.0875
0.3	45	163.565
0.3	45	8.56127
0.3	45	91.0088
0.3	45	108.525
0.3	45	-138.367
0.3	45	98.7399
0.3	45	-94.2078
0.3	45	-125.226
0.3	45	167.229
0.3	45	-6.82878
0.3	45	171.925
0.3	45	-57.9538
0.3	45	70.5044
0.3	45	-22.1698
0.3	45	29.1455
0.3	45	7.2294
0.3	45	161.511
0.3	45	-6.23221
0.3	45	142.468
0.3	45	-99.4605
0.3	45	-73.7968
0.3	45	-143.987
0.3	45	-82.4108
0.3	45	-113.674
0.3	45	-81.841
0.3	45	-19.0638
0.3	45	74.4929
0.3	45	-96.0967
0.3	45	-175.452
0.3	45	-66.1679
0.3	45	49.3795
0.3	45	126.881
0.3	45	108.332
0.3	45	-19.1689
0.3	45	-111.74
0.3	45	-11.3588
0.3	45	70.1423
0.3	45	111.735
0.3	45	-109.498
0.3	45	24.0551
0.3	45	-22.0184
0.3	45	18.8948
0.3	45	49.8935
0.3	45	37.1686
0.3	45	154.974
0.3	45	-155.849
0.3	45	-169.658
0.3	45	-65.1506
0.3	45	95.1254
0.3	45	-69.8366
0.3	45	137.401
0.3	45	157.745
0.3	45	-87.1797
0.3	45	-85.9983
0.3	45	101.785
0.3	45	142.117
0.3	45	164.574
0.3	45	-128.598
0.3	45	12.4428
0.3	45	-101.737
0.3	45	164.689
0.3	45	109.948
0.3	45	-179.6
0.3	45	-31.378
0.3	45	168.03
0.3	45	-65.1368
0.3	45	-6.82447
0.3	45	114.812
0.3	45	123.6
0.3	45	-162.52
0.3	45	-130.891
0.3	45	79.3473
0.3	45	112.383
0.3	45	99.9652
0.3	45	54.1328
0.3	45	61.6537
0.3	45	113.499
0.3	45	-134.878
0.3	45	40.4579
0.3	45	-52.2868
0.3	45	-143.053
0.3	45	178.118
0.3	45	-87.5466
0.3	45	-162.099
0.3	45	-117.537
0.3	45	-23.2431
0.3	45	-115.553
0.3	45	-48.1928
0.3	45	-130.155
0.3	45	-81.747
0.3	45	169.027
0.3	45	-36.1961
0.3	45	170.318
0.3	45	111.171
0.3	45	-122.345
0.3	45	101.588
0.3	45	-41.7632
0.3	45	58.9299
0.3	45	86.782
0.3	45	-135.454
0.3	45	-140.755
0.3	45	40.5819
0.3	45	59.8038
0.3	45	159.187
0.3	45	-23.0062
0.3	45	152.694
0.3	45	-126.21
0.3	45	67.8944
0.3	45	-167.467
0.3	45	-45.6598
0.3	45	-124.836
0.3	45	146.063
0.3	45	-85.0577
0.3	45	-106.029
0.3	45	-139.061
0.3	45	-20.0159
0.3	45	69.7829
0.3	45	-30.6467
0.3	45	-164.688
0.3	45	-8.35687
0.3	45	-137.518
0.3	45	23.1841
0.3	45	93.5721
0.3	45	-78.7535
0.3	45	-58.9265
0.3	45	124.782
0.3	45	26.8237
0.3	45	137.642
0.3	45	-118.296
0.3	45	-42.208
0.3	45	130.729
0.3	45	-163.712
0.3	45	116.431
0.3	45	-14.2224
0.3	45	-6.08716
0.3	45	-125.625
0.3	45	-70.9748
0.3	45	-102.773
0.3	45	48.1271
0.3	45	165.365
0.3	45	75.826
0.3	45	-77.5442
0.3	45	12.6271
0.3	45	-134.601
0.3	45	-113.192
0.3	45	106.871
0.3	45	126.542
0.3	45	116.005
0.3	45	110.871
0.3	45	107.641
0.3	45	-69.6984
0.3	45	-75.7401
0.3	45	107.199
0.3	45	-109.977
0.3	45	-81.0897
0.3	45	-37.5878
0.3	45	-36.0763
0.3	45	-74.6545
0.3	45	-113.696
0.3	45	93.4943
0.3	45	-140.838
0.3	45	163.083
0.3	45	0.482767
0.3	45	-161.115
0.3	45	-140.51
0.3	45	79.9734
0.3	45	-111.766
0.3	45	-82.0475
0.3	45	-62.9291
0.3	45	36.3955
0.3	45	-39.0829
0.3	45	-76.0889
0.3	45	-101.76
0.3	45	-87.6982
0.3	45	-91.8031
0.3	45	-49.4967
0.3	45	76.6437
0.3	45	-43.0662
0.3	45	-82.7239
0.3	45	-177.065
0.3	45	-105.367
0.3	45	-13.0947
0.3	45	90.1808
0.3	45	22.8099
0.3	45	-29.9721
0.3	45	138.069
0.3	45	94.8448
0.3	45	99.4444
0.3	45	-61.1985
0.3	45	93.5737
0.3	45	26.8791
0.3	45	-10.9844
0.3	45	-94.915
0.3	45	-76.3282
0.3	45	59.1146
0.3	45	-164.531
0.3	45	-154.778
0.3	45	162.515
0.3	45	115.111
0.3	45	-153.092
0.3	45	-107.042
0.3	45	30.248
0.3	45	52.7127
0.3	45	122.696
0.3	45	103.412
0.3	45	-40.7617
0.3	45	-27.4799
0.3	45	77.1264
0.3	45	-149.239
0.3	45	175.893
0.3	45	-162.848
0.3	45	-99.5395
0.3	45	152.241
0.3	45	-148.968
0.3	45	-82.3547
0.3	45	-20.4344
0.3	45	137.803
0.3	45	-78.0195
0.3	45	-52.7475
0.3	45	67.4566
0.3	45	-55.1129
0.3	45	89.8873
0.3	45	150.054
0.3	45	-102.589
0.3	45	-50.1813
0.3	45	21.77
0.3	45	164.641
0.3	45	-89.8617
0.3	45	-85.0896
0.3	45	-17.9951
0.3	45	114.738
0.3	45	86.5268
0.3	45	-126.325
0.3	45	55.9142
0.3	45	-110.512
0.3	45	166.912
0.3	45	11.9808
0.3	45	121.011
0.3	45	105.941
0.3	45	-161.718
0.3	45	119.886
0.3	45	-131.853
0.3	45	179.544
0.3	45	8.25925
0.3	45	10.5297
0.3	45	138.013
0.3	45	-176.669
0.3	45	-152.287
0.3	45	-151.803
0.3	45	4.2183
0.3	45	24.3293
0.3	45	154.926
0.3	45	-163.678
0.3	45	96.7095
0.3	45	-46.2824
0.3	45	-14.1606
0.3	45	146.171
0.3	45	63.1113
0.3	45	-142.767
0.3	45	-0.436485
0.3	45	128.243
0.3	45	-72.1622
0.3	45	-27.7702
0.3	45	-23.9695
0.3	45	98.6236
0.3	45	84.9153
0.3	45	93.5106
0.3	45	-110.108
0.3	45	-105.6
0.3	45	-92.3845
0.3	45	6.22924
0.3	45	159.9
0.3	45	-83.0687
0.3	45	-33.9485
0.3	45	163.901
0.3	45	117.809
0.3	45	-31.9675
0.3	45	-159.756
0.3	45	-29.4723
0.3	45	-15.1099
0.3	45	-4.42887
0.3	45	-98.2567
0.3	45	-106.067
0.3	45	71.6602
0.3	45	129.438
0.3	45	101.877
0.3	45	-52.8173
0.3	45	-86.235
0.3	45	-174.616
0.3	45	-55.467
0.3	45	127.472
0.3	45	-111.127
0.3	45	-17.5514
0.3	45	23.3571
0.3	45	136.179
0.3	45	-105.228
0.3	45	-141.009
0.3	45	-128.799
0.3	45	-78.5202
0.3	45	-122.143
0.3	45	-168.482
0.3	45	-82.7977
0.3	45	143.135
0.3	45	-64.9914
0.3	45	3.57167
0.3	45	-168.836
0.3	45	175.489
0.3	45	-18.3489
0.3	45	60.3204
0.3	45	92.7329
0.3	45	33.3458
0.3	45	-74.2394
0.3	45	48.5482
0.3	45	-156.711
0.3	45	94.0248
0.3	45	128.008
0.3	45	107.519
0.3	45	-31.8485
0.3	45	165.316
0.3	45	148.072
0.3	45	-50.8839
0.3	45	-10.0773
0.3	45	82.7089
0.3	45	-152.957
0.3	45	-83.9771
0.3	45	-55.2549
0.3	45	119.289
0.3	45	97.9917
0.3	45	12.0327
0.3	45	-148.769
0.3	45	-82.2012
0.3	45	152.298
0.3	45	124.377
0.3	45	136.294
0.3	45	-178.662
0.3	45	-120.76
0.3	45	86.8212
0.3	45	-138.462
0.3	45	-140.522
0.3	45	173.917
0.3	45	156.677
0.3	45	95.735
0.3	45	78.0907
0.3	45	113.414
0.3	45	47.0442
0.3	45	129.677
0.3	45	28.6713
0.3	45	-82.631
0.3	45	58.0974
0.3	45	118.605
0.3	45	3.27681
0.3	45	112.935
0.3	45	-17.9085
0.3	45	133.786
0.3	45	135.043
0.3	45	146.267
0.3	45	150.156
0.3	45	-96.5025
0.3	45	-33.4586
0.3	45	-63.9751
0.3	45	-33.0374
0.3	45	-49.3322
0.3	45	-110.809
0.3	45	148.286
0.3	45	-2.91711
0.3	45	-98.3989
0.3	45	-30.8298
0.3	45	39.6741
0.3	45	9.69471
0.3	45	19.121
0.3	45	-135.665
0.3	45	163.099
0.3	45	92.587
0.3	45	18.9119
0.3	45	-164.193
0.3	45	170.696
0.3	45	118.185
0.3	45	-116.345
0.3	45	75.8694
0.3	45	170.41
0.3	45	112.624
0.3	45	168.433
0.3	45	157.006
0.3	45	77.2316
0.3	45	35.4511
0.3	45	83.087
0.3	45	-178.137
0.3	45	-45.2789
0.3	45	109.122
0.3	45	-28.4221
0.3	45	33.7599
0.3	45	87.7345
0.3	45	35.1376
0.3	45	79.3641
0.3	45	-91.2223
0.3	45	-107.073
0.3	45	-57.3552
0.3	45	-174.376
0.3	45	103.597
0.3	45	-73.6211
0.3	45	94.0305
0.3	45	175.278
0.3	45	-50.6377
0.3	45	-67.2849
0.3	45	27.2817
0.3	45	42.0337
0.3	45	-123.188
0.3	45	-178.155
0.3	45	127.838
0.3	45	-36.2354
0.3	45	-42.7583
0.3	45	-18.6415
0.3	45	170.025
0.3	45	26.5437
0.3	45	-31.7423
0.3	45	150.025
0.3	45	115.107
0.3	45	11.0595
0.3	45	130.035
0.3	45	93.1391
0.3	45	-147.104
0.3	45	-50.3164
0.3	45	-171.498
0.3	45	20.1456
0.3	45	-63.3476
0.3	45	-147.098
0.3	45	-95.7852
0.3	45	131.621
0.3	45	81.4131
0.3	45	-33.8055
0.3	45	-20.8894
0.3	45	63.2163
0.3	45	149.239
0.3	45	15.1734
0.3	45	-163.888
0.3	45	-67.8005
0.3	45	-39.2708
0.3	45	146.603
0.3	45	-28.715
0.3	45	104.892
0.3	45	30.1112
0.3	45	-33.6074
0.3	45	7.02523
0.3	45	-10.2223
0.3	45	-118.897
0.3	45	4.7048
0.3	45	135.772
0.3	45	156.246
0.3	45	-157.457
0.3	45	-29.6034
0.3	45	173.301
0.3	45	-1.6578
0.3	45	87.3594
0.3	45	-172.208
0.3	45	29.9646
0.3	45	-75.5432
0.3	45	19.8373
0.3	45	65.6255
0.3	45	72.8908
0.3	45	156.803
0.3	45	-158.396
0.3	45	-178.572
0.3	45	29.3767
0.3	45	-28.818
0.3	45	39.9934
0.3	45	158.901
0.3	45	-135.012
0.3	45	-92.5078
0.3	45	11.8194
0.3	45	-161.15
0.3	45	-77.5274
0.3	45	25.7548
0.3	45	-49.338
0.3	45	72.6683
0.3	45	170.627
0.3	45	-80.7999
0.3	45	19.0611
0.3	45	-124.902
0.3	45	157.142
0.3	45	136.181
0.3	45	138.362
0.3	45	47.969
0.3	45	-64.5822
0.3	45	90.8823
0.3	45	104.876
0.3	45	125.471
0.3	45	-28.6395
0.3	45	-116.466
0.3	45	38.5438
0.3	45	-121.247
0.3	45	131.004
0.3	45	-157.69
0.3	45	-70.8426
0.3	45	122.669
0.3	45	-138.728
0.3	45	120.904
0.3	45	-65.7501
0.3	45	165.877
0.3	45	-110.843
0.3	45	39.2326
0.3	45	-27.7448
0.3	45	88.115
0.3	45	-75.5528
0.3	45	-69.7169
0.3	45	15.9484
0.3	45	-127.816
0.3	45	171.566
0.3	45	-16.6567
0.3	45	150.845
0.3	45	-64.6959
0.3	45	-111.491
0.3	45	-159.038
0.3	45	43.7248
0.3	45	-88.4053
0.3	45	-143.946
0.3	45	-151.793
0.3	45	-171.684
0.3	45	-68.8428
0.3	45	-18.0788
0.3	45	-78.5621
0.3	45	-85.2645
0.3	45	108.277
0.3	45	-90.8059
0.3	45	-102.18
0.3	45	-151.226
0.3	45	-24.4292
0.3	45	93.112
0.3	45	97.3698
0.3	45	127.136
0.3	45	168.631
0.3	45	-137.519
0.3	45	29.1655
0.3	45	165.614
0.3	45	98.097
0.3	45	-75.7255
0.3	45	81.4121
0.3	45	-62.6183
0.3	45	124.892
0.3	45	-120.145
0.3	45	108.482
0.3	45	29.8607
0.3	45	122.093
0.3	45	-67.2949
0.3	45	178.895
0.3	45	146.726
0.3	45	124.07
0.3	45	166.729
0.3	45	67.1234
0.3	45	-166.285
0.3	45	-34.0589
0.3	45	-138.405
0.3	45	-52.2721
0.3	45	160.711
0.3	45	-132.948
0.3	45	7.91016
0.3	45	-152.812
0.3	45	-86.0854
0.3	45	-59.4596
0.3	45	-178.074
0.3	45	-67.3537
0.3	45	71.0303
0.3	45	-159.753
0.3	45	84.2549
0.3	45	-70.1836
0.3	45	46.5875
0.3	45	-32.038
0.3	45	-114.108
0.3	45	2.74908
0.3	45	-96.0666
0.3	45	-112.782
0.3	45	-63.9848
0.3	45	142.898
0.3	45	177.939
0.3	45	-117.929
0.3	45	80.8744
0.3	45	149.169
0.3	45	159.79
0.3	45	114.556
0.3	45	33.2213
0.3	45	-53.6818
0.3	45	8.43061
0.3	45	131.499
0.3	45	-149.661
0.3	45	21.1918
0.3	45	-80.32
0.3	45	45.211
0.3	45	91.0323
0.3	45	-7.25651
0.3	45	25.1415
0.3	45	111.973
0.3	45	85.0446
0.3	45	33.5151
0.3	45	-69.2877
0.3	45	136.096
0.3	45	-46.6029
0.3	45	107.924
0.3	45	29.9169
0.3	45	163.789
0.3	45	-101.966
0.3	45	76.3273
0.3	45	-22.4631
0.3	45	42.2663
0.3	45	-120.174
0.3	45	111.624
0.3	45	-51.5028
0.3	45	-127.142
0.3	45	-77.1693
0.3	45	160.404
0.3	45	47.1939
0.3	45	-134.491
0.3	45	-175.346
0.3	45	-44.8587
0.3	45	177.141
0.3	45	-25.7128
0.3	45	54.5207
0.3	45	-100.074
0.3	45	-115.531
0.3	45	160.624
0.3	45	-149.004
0.3	45	-107.246
0.3	45	54.6806
0.3	45	82.5416
0.3	45	148.984
0.3	45	84.8186
0.3	45	161.215
0.3	45	95.8815
0.3	45	-164.122
0.3	45	178.016
0.3	45	-116.802
0.3	45	-109.947
0.3	45	-64.1831
0.3	45	32.4053
0.3	45	-28.0202
0.3	45	157.007
0.3	45	13.3633
0.3	45	59.4928
0.3	45	109.118
0.3	45	34.3984
0.3	45	159.819
0.3	45	84.101
0.3	45	70.7423
0.3	45	-95.4617
0.3	45	120.046
0.3	45	-154.701
0.3	45	-151.567
0.3	45	76.9902
0.3	45	141.36
0.3	45	-95.5137
0.3	45	76.676
0.3	45	4.51781
0.3	45	-157.829
0.3	45	17.1452
0.3	45	63.3028
0.3	45	60.0424
0.3	45	-67.8228
0.3	45	-21.2572
0.3	45	156.594
0.3	45	-17.2356
0.3	45	94.2366
0.3	45	-150.833
0.3	45	116.455
0.3	45	-6.04359
0.3	45	35.9088
0.3	45	-75.9874
0.3	45	-129.107
0.3	45	56.7868
0.3	45	61.5281
0.3	45	87.5353
0.3	45	113.91
0.3	45	-138.665
0.3	45	158.819
0.3	45	73.8848
0.3	45	-144.381
0.3	45	144.173
0.3	45	-26.0623
0.3	45	88.3184
0.3	45	171.421
0.3	45	44.4036
0.3	45	-137.855
0.3	45	-24.3408
0.3	45	98.0122
0.3	45	102.572
0.3	45	46.057
0.3	45	-165.241
0.3	45	-86.95
0.3	45	19.0901
0.3	45	85.6074
0.3	45	17.3704
0.3	45	92.8472
0.3	45	-132.165
0.3	45	68.7479
0.3	45	-60.7599
0.3	45	-9.66427
0.3	45	-96.5953
0.3	45	-130.682
0.3	45	175.026
0.3	45	155.797
0.3	45	128.966
0.3	45	84.8424
0.3	45	-113.367
0.3	45	-34.7928
0.3	45	100.851
0.3	45	-60.2958
0.3	45	-77.8906
0.3	45	-162.549
0.3	45	-144.943
0.3	45	113.159
0.3	45	-34.3141
0.3	45	-136.846
0.3	45	-101.448
0.3	45	77.7443
0.3	45	109.577
0.3	45	117.885
0.3	45	41.0834
0.3	45	83.6147
0.3	45	22.3299
0.3	45	-4.90973
0.3	45	-119.149
0.3	45	-41.9841
0.3	45	-142.421
0.3	45	28.0578
0.3	45	173.917
0.3	45	-74.3796
0.3	45	-83.3618
0.3	45	15.4819
0.3	45	-5.6581
0.3	45	52.5623
0.3	45	69.1569
0.3	45	90.5784
0.3	45	128.451
0.3	45	-3.39709
0.3	45	-162.954
0.3	45	-16.1412
0.3	45	-173.874
0.3	45	2.39312
0.3	45	-9.41738
0.3	45	-62.0591
0.3	45	148.505
0.3	45	81.8379
0.3	45	-124.53
0.3	45	102.391
0.3	45	115.944
0.3	45	177.599
0.3	45	-80.8505
0.3	45	-11.0471
0.3	45	81.2939
0.3	45	116.15
0.3	45	33.0573
0.3	45	-158.369
0.3	45	-16.4484
0.3	45	-155.79
0.3	45	-123.951
0.3	45	115.35
0.3	45	150.741
0.3	45	168.545
0.3	45	-39.0723
0.3	45	83.453
0.3	45	148.429
0.3	45	-173.221
0.3	45	159.114
0.3	45	-53.4435
0.3	45	-8.27916
0.3	45	117.237
0.3	45	94.9175
0.3	45	44.3211
0.3	45	84.858
0.3	45	35.5408
0.3	45	20.4792
0.3	45	-10.8755
0.3	45	112.148
0.3	45	1.89334
0.3	45	-148.09
0.3	45	31.0556
0.3	45	162.161
0.3	45	-117.899
0.3	45	72.5499
0.3	45	125.96
0.3	45	76.0972
0.3	45	-98.2129
0.3	45	166.83
0.3	45	25.1685
0.3	45	164.837
0.3	45	-45.3504
0.3	45	-89.2156
0.3	45	-1.33159
0.3	45	-32.791
0.3	45	36.5019
0.3	45	52.2754
0.3	45	-119.199
0.3	45	-24.7288
0.3	45	-113.409
0.3	45	26.1378
0.3	45	65.6506
0.3	45	-87.4146
0.3	45	59.2484
0.3	45	-121.932
0.3	45	-123.332
0.3	45	98.0662
0.3	45	-137.567
0.3	45	6.33997
0.3	45	-146.542
0.3	45	5.70801
0.3	45	-14.2698
0.3	45	-122.896
0.3	45	87.0112
0.3	45	-83.5061
0.3	45	-121.024
0.3	45	-52.5429
0.3	45	-47.6592
0.3	45	-141.994
0.3	45	-37.0376
0.3	45	-71.8827
0.3	45	134.113
0.3	45	8.60009
0.3	45	86.212
0.3	45	23.8944
0.3	45	102.195
0.3	45	63.7821
0.3	45	35.4137
0.3	45	5.25659
0.3	45	-179.407
0.3	45	-83.4351
0.3	45	100.882
0.3	45	76.8715
0.3	45	27.8401
0.3	45	179.122
0.3	45	176.987
0.3	45	158.849
0.3	45	164.685
0.3	45	-73.0166
0.3	45	-93.9081
0.3	45	7.0879
0.3	45	-5.27244
0.3	45	-138.434
0.3	45	-96.1374
0.3	45	107.544
0.3	45	-101.88
0.3	45	35.1297
0.3	45	99.625
0.3	45	-120.435
0.3	45	7.32974
0.3	45	9.68736
0.3	45	120.734
0.3	45	-164.442
0.3	45	-158.333
0.3	45	29.8212
0.3	45	-136.812
0.3	45	-40.9459
0.3	45	154.566
0.3	45	136.581
0.3	45	-102.287
0.3	45	-87.0385
0.3	45	94.4725
0.3	45	-91.1798
0.3	45	-161.803
0.3	45	7.53744
0.3	45	-132.81
0.3	45	177.798
0.3	45	92.9823
0.3	45	156.327
0.3	45	-48.7637
0.3	45	143.434
0.3	45	-127.417
0.3	45	36.5579
0.3	45	-133.035
0.3	45	142.45
0.3	45	38.6067
0.3	45	-106.018
0.3	45	8.63842
0.3	45	98.9496
0.3	45	154.566
0.3	45	-48.6387
0.25	-45	170.885
0.25	-45	-86.3865
0.25	-45	-132.355
0.25	-45	30.6213
0.25	-45	-66.7137
0.25	-45	162.514
0.25	-45	145.639
0.25	-45	15.1978
0.25	-45	-52.7112
0.25	-45	-93.456
0.25	-45	-55.9871
0.25	-45	78.1952
0.25	-45	-45.6394
0.25	-45	89.6576
0.25	-45	-168.442
0.25	-45	-87.5761
0.25	-45	-165.111
0.25	-45	152.563
0.25	-45	62.5457
0.25	-45	135.519
0.25	-45	17.0185
0.25	-45	-147.376
0.25	-45	-160.287
0.25	-45	-155.615
0.25	-45	-134.276
0.25	-45	123.746
0.25	-45	-56.5427
0.25	-45	129.601
0.25	-45	29.7756
0.25	-45	1.42985
0.25	-45	-142.385
0.25	-45	66.3186
0.25	-45	147.694
0.25	-45	-108.315
0.25	-45	-49.7447
0.25	-45	86.8917
0.25	-45	48.2615
0.25	-45	-149.928
0.25	-45	122.896
0.25	-45	150.362
0.25	-45	-172.015
0.25	-45	-85.3283
0.25	-45	-156.981
0.25	-45	-58.9412
0.25	-45	95.8216
0.25	-45	-111.68
0.25	-45	13.044
0.25	-45	-103.465
0.25	-45	-32.1355
0.25	-45	78.6797
0.25	-45	63.5288
0.25	-45	138.423
0.25	-45	-11.7399
0.25	-45	139.976
0.25	-45	134.51
0.25	-45	115.325
0.25	-45	-15.0033
0.25	-45	-104.107
0.25	-45	53.2048
0.25	-45	139.31
0.25	-45	122.447
0.25	-45	-7.23973
0.25	-45	157.54
0.25	-45	127.802
0.25	-45	-84.3703
0.25	-45	144.659
0.25	-45	-100.701
0.25	-45	27.0045
0.25	-45	-53.6217
0.25	-45	-5.95603
0.25	-45	-25.2217
0.25	-45	4.04988
0.25	-45	-142.649
0.25	-45	60.7296
0.25	-45	-31.4138
0.25	-45	-28.6737
0.25	-45	-108.097
0.25	-45	-148.05
0.25	-45	-45.3762
0.25	-45	89.2561
0.25	-45	78.1648
0.25	-45	34.9922
0.25	-45	-25.8003
0.25	-45	133.638
0.25	-45	1.40022
0.25	-45	-114.663
0.25	-45	-18.0391
0.25	-45	169.458
0.25	-45	121.971
0.25	-45	-131.547
0.25	-45	118.072
0.25	-45	108.703
0.25	-45	175.262
0.25	-45	14.6532
0.25	-45	-45.7256
0.25	-45	171.252
0.25	-45	-110.13
0.25	-45	50.7122
0.25	-45	160.084
0.25	-45	8.48403
0.25	-45	98.8348
0.25	-45	-89.4901
0.25	-45	-67.6598
0.25	-45	11.9939
0.25	-45	-79.3319
0.25	-45	-134.214
0.25	-45	-170.745
0.25	-45	-141.672
0.25	-45	51.9001
0.25	-45	10.2725
0.25	-45	99.8356
0.25	-45	-138.738
0.25	-45	175.866
0.25	-45	73.8831
0.25	-45	-61.1077
0.25	-45	-176.396
0.25	-45	-143.204
0.25	-45	121.505
0.25	-45	139.046
0.25	-45	91.7943
0.25	-45	-164.451
0.25	-45	-70.3642
0.25	-45	-112.475
0.25	-45	-123.02
0.25	-45	-32.0137
0.25	-45	92.2038
0.25	-45	-123.254
0.25	-45	-159.239
0.25	-45	-138.432
0.25	-45	174.403
0.25	-45	-95.8208
0.25	-45	-41.1182
0.25	-45	-105.54
0.25	-45	80.2716
0.25	-45	-177.295
0.25	-45	85.5556
0.25	-45	1.90717
0.25	-45	104.795
0.25	-45	65.5503
0.25	-45	-4.43121
0.25	-45	104.524
0.25	-45	-89.7145
0.25	-45	-102.143
0.25	-45	61.195
0.25	-45	-89.5532
0.25	-45	139.383
0.25	-45	-20.1226
0.25	-45	28.8347
0.25	-45	-83.0644
0.25	-45	-93.4018
0.25	-45	-55.4395
0.25	-45	-3.42006
0.25	-45	-1.66648
0.25	-45	-159.924
0.25	-45	71.0458
0.25	-45	160.542
0.25	-45	-20.6261
0.25	-45	30.2172
0.25	-45	136.8
0.25	-45	-133.028
0.25	-45	70.6669
0.25	-45	-120.287
0.25	-45	-54.1639
0.25	-45	-127.62
0.25	-45	-19.3349
0.25	-45	-98.6179
0.25	-45	-59.5968
0.25	-45	4.10446
0.25	-45	135.207
0.25	-45	-61.4081
0.25	-45	-65.5562
0.25	-45	172.767
0.25	-45	-27.0484
0.25	-45	89.6481
0.25	-45	-166.503
0.25	-45	19.1195
0.25	-45	-119.165
0.25	-45	-73.3794
0.25	-45	0.80391
0.25	-45	4.8905
0.25	-45	112.303
0.25	-45	-21.6891
0.25	-45	-56.9414
0.25	-45	-30.6477
0.25	-45	-165.692
0.25	-45	63.6786
0.25	-45	117.391
0.25	-45	108.113
0.25	-45	0.0699946
0.25	-45	-159.754
0.25	-45	49.8925
0.25	-45	-179.056
0.25	-45	-82.1564
0.25	-45	98.3086
0.25	-45	53.4137
0.25	-45	-115.542
0.25	-45	129.141
0.25	-45	103.427
0.25	-45	1.8474
0.25	-45	-51.4888
0.25	-45	-135.336
0.25	-45	-59.5767
0.25	-45	31.4152
0.25	-45	-49.4138
0.25	-45	-105.654
0.25	-45	-41.0125
0.25	-45	56.2351
0.25	-45	-52.1804
0.25	-45	127.17
0.25	-45	-133.736
0.25	-45	-51.3349
0.25	-45	-176.133
0.25	-45	76.2153
0.25	-45	179.823
0.25	-45	157.991
0.25	-45	-36.7823
0.25	-45	171.215
0.25	-45	-130.699
0.25	-45	166.873
0.25	-45	-86.0154
0.25	-45	72.2869
0.25	-45	137.282
0.25	-45	-83.6281
0.25	-45	57.607
0.25	-45	-175.03
0.25	-45	-5.23111
0.25	-45	-151.481
0.25	-45	-96.0173
0.25	-45	159.851
0.25	-45	-40.5694
0.25	-45	-2.92462
0.25	-45	-65.7319
0.25	-45	-93.9404
0.25	-45	65.2976
0.25	-45	16.4393
0.25	-45	171.872
0.25	-45	128.135
0.25	-45	-125.366
0.25	-45	9.67363
0.25	-45	63.0048
0.25	-45	43.9043
0.25	-45	-114.593
0.25	-45	141.102
0.25	-45	132.664
0.25	-45	70.0598
0.25	-45	-111.922
0.25	-45	-108.086
0.25	-45	-51.9288
0.25	-45	-64.4467
0.25	-45	-23.7456
0.25	-45	112.464
0.25	-45	-111.768
0.25	-45	76.1836
0.25	-45	-6.91594
0.25	-45	-163.908
0.25	-45	72.4699
0.25	-45	70.4018
0.25	-45	-113.543
0.25	-45	91.5879
0.25	-45	-70.5718
0.25	-45	85.4315
0.25	-45	-33.8608
0.25	-45	-151.727
0.25	-45	-175.475
0.25	-45	-177.374
0.25	-45	3.86239
0.25	-45	159.884
0.25	-45	69.6729
0.25	-45	-112.505
0.25	-45	6.13233
0.25	-45	53.5326
0.25	-45	25.3738
0.25	-45	32.4037
0.25	-45	-42.0827
0.25	-45	166.226
0.25	-45	25.7294
0.25	-45	47.9277
0.25	-45	-124.753
0.25	-45	97.4432
0.25	-45	-125.765
0.25	-45	110.266
0.25	-45	-49.6118
0.25	-45	47.2084
0.25	-45	48.5272
0.25	-45	-93.7844
0.25	-45	-105.618
0.25	-45	-60.1165
0.25	-45	155.125
0.25	-45	-31.1997
0.25	-45	-64.1542
0.25	-45	137.476
0.25	-45	-29.6472
0.25	-45	155.062
0.25	-45	121.282
0.25	-45	-34.1165
0.25	-45	178.74
0.25	-45	-138.843
0.25	-45	-87.6959
0.25	-45	-134.609
0.25	-45	-158.65
0.25	-45	177.684
0.25	-45	-177.595
0.25	-45	0.998103
0.25	-45	-87.426
0.25	-45	95.321
0.25	-45	-96.1958
0.25	-45	-178.478
0.25	-45	64.5269
0.25	-45	-77.9092
0.25	-45	131.242
0.25	-45	-171.432
0.25	-45	-171.377
0.25	-45	-150.272
0.25	-45	-38.8586
0.25	-45	117.17
0.25	-45	-154.161
0.25	-45	-139.912
0.25	-45	-143.903
0.25	-45	-30.1906
0.25	-45	-104.931
0.25	-45	21.8053
0.25	-45	49.2892
0.25	-45	72.4032
0.25	-45	96.4626
0.25	-45	110.027
0.25	-45	-115.31
0.25	-45	81.3675
0.25	-45	-156.976
0.25	-45	159.514
0.25	-45	-103.292
0.25	-45	-154.891
0.25	-45	-49.772
0.25	-45	66.8972
0.25	-45	15.107
0.25	-45	-4.08645
0.25	-45	12.0556
0.25	-45	1.86917
0.25	-45	-173.894
0.25	-45	48.2668
0.25	-45	108.124
0.25	-45	85.066
0.25	-45	-86.4431
0.25	-45	-92.424
0.25	-45	150.848
0.25	-45	18.5765
0.25	-45	-15.5321
0.25	-45	-145.788
0.25	-45	-82.7894
0.25	-45	127.846
0.25	-45	85.2046
0.25	-45	-45.249
0.25	-45	-99.3314
0.25	-45	8.46557
0.25	-45	-153.592
0.25	-45	-155.619
0.25	-45	25.1694
0.25	-45	109.175
0.25	-45	-6.44869
0.25	-45	-115.019
0.25	-45	176.466
0.25	-45	23.9084
0.25	-45	73.3474
0.25	-45	-83.7991
0.25	-45	-162.193
0.25	-45	56.4289
0.25	-45	-176.882
0.25	-45	88.4373
0.25	-45	-90.6384
0.25	-45	5.90003
0.25	-45	-176.543
0.25	-45	120.565
0.25	-45	170.322
0.25	-45	178.096
0.25	-45	-0.171732
0.25	-45	0.0547603
0.25	-45	-22.8098
0.25	-45	-172.578
0.25	-45	83.9917
0.25	-45	86.906
0.25	-45	35.6256
0.25	-45	-109.74
0.25	-45	-60.883
0.25	-45	162.143
0.25	-45	167.79
0.25	-45	-87.2923
0.25	-45	73.474
0.25	-45	-11.4811
0.25	-45	29.5594
0.25	-45	-59.8712
0.25	-45	-9.63128
0.25	-45	174.41
0.25	-45	48.8967
0.25	-45	0.252738
0.25	-45	-67.1127
0.25	-45	57.896
0.25	-45	175.711
0.25	-45	47.8553
0.25	-45	-130.535
0.25	-45	77.9185
0.25	-45	113.846
0.25	-45	31.0618
0.25	-45	-179.989
0.25	-45	-148.93
0.25	-45	98.9692
0.25	-45	-2.14086
0.25	-45	79.9598
0.25	-45	63.7457
0.25	-45	116.359
0.25	-45	74.2104
0.25	-45	70.4394
0.25	-45	69.7202
0.25	-45	-89.2914
0.25	-45	122.491
0.25	-45	24.3803
0.25	-45	-11.802
0.25	-45	-84.3784
0.25	-45	-19.99
0.25	-45	62.9145
0.25	-45	97.2029
0.25	-45	-175.965
0.25	-45	122.58
0.25	-45	77.75
0.25	-45	12.0683
0.25	-45	9.41124
0.25	-45	-118.278
0.25	-45	123.511
0.25	-45	-30.1591
0.25	-45	11.7844
0.25	-45	-136.507
0.25	-45	100.671
0.25	-45	-97.3141
0.25	-45	81.8713
0.25	-45	-89.6504
0.25	-45	-170.483
0.25	-45	24.776
0.25	-45	41.6305
0.25	-45	-54.9376
0.25	-45	-120.101
0.25	-45	-126.297
0.25	-45	170.577
0.25	-45	119.731
0.25	-45	15.4817
0.25	-45	-157.587
0.25	-45	160.28
0.25	-45	-29.9064
0.25	-45	143.478
0.25	-45	22.6256
0.25	-45	-62.5628
0.25	-45	69.0408
0.25	-45	148.343
0.25	-45	-55.3094
0.25	-45	-121.811
0.25	-45	19.5512
0.25	-45	41.7944
0.25	-45	-27.3325
0.25	-45	-80.507
0.25	-45	-112.215
0.25	-45	-94.9258
0.25	-45	-171.513
0.25	-45	-147.596
0.25	-45	179.102
0.25	-45	175.651
0.25	-45	72.5188
0.25	-45	52.2645
0.25	-45	27.9251
0.25	-45	72.5792
0.25	-45	157.828
0.25	-45	-81.2383
0.25	-45	88.2751
0.25	-45	108.609
0.25	-45	108.42
0.25	-45	-166.387
0.25	-45	152.883
0.25	-45	-119.938
0.25	-45	8.73726
0.25	-45	-116.697
0.25	-45	177.604
0.25	-45	108.628
0.25	-45	-20.3729
0.25	-45	-83.3842
0.25	-45	129.629
0.25	-45	48.353
0.25	-45	164.832
0.25	-45	-33.3642
0.25	-45	13.6415
0.25	-45	18.2117
0.25	-45	120.408
0.25	-45	-88.1219
0.25	-45	141.761
0.25	-45	96.7258
0.25	-45	36.9793
0.25	-45	-70.8075
0.25	-45	171.888
0.25	-45	-60.5242
0.25	-45	41.9049
0.25	-45	-114.694
0.25	-45	-175.774
0.25	-45	-120.61
0.25	-45	-76.1817
0.25	-45	-96.9919
0.25	-45	-17.5046
0.25	-45	115.114
0.25	-45	16.0121
0.25	-45	75.3774
0.25	-45	-134.496
0.25	-45	108.387
0.25	-45	-39.153
0.25	-45	66.1627
0.25	-45	132.634
0.25	-45	-160.097
0.25	-45	130.338
0.25	-45	-167.291
0.25	-45	-10.4996
0.25	-45	-15.566
0.25	-45	4.81153
0.25	-45	115.453
0.25	-45	-167.661
0.25	-45	112.068
0.25	-45	-151.989
0.25	-45	-80.8441
0.25	-45	-177.112
0.25	-45	177.615
0.25	-45	149.826
0.25	-45	-7.20014
0.25	-45	-153.528
0.25	-45	-115.787
0.25	-45	47.3444
0.25	-45	-127.156
0.25	-45	-66.2791
0.25	-45	-77.3167
0.25	-45	-82.5615
0.25	-45	148.29
0.25	-45	-102.455
0.25	-45	-165.955
0.25	-45	172.967
0.25	-45	-8.39321
0.25	-45	-44.7731
0.25	-45	77.5691
0.25	-45	-6.50562
0.25	-45	70.0367
0.25	-45	-143.628
0.25	-45	150.665
0.25	-45	-11.1807
0.25	-45	57.3915
0.25	-45	118.721
0.25	-45	-84.1654
0.25	-45	-95.9098
0.25	-45	133.179
0.25	-45	-135.407
0.25	-45	174.644
0.25	-45	-106.685
0.25	-45	134.614
0.25	-45	-49.1277
0.25	-45	-163.561
0.25	-45	71.7885
0.25	-45	-122.89
0.25	-45	-103.134
0.25	-45	-29.4593
0.25	-45	89.4586
0.25	-45	177.567
0.25	-45	148.795
0.25	-45	-109.498
0.25	-45	40.1611
0.25	-45	173.803
0.25	-45	-49.987
0.25	-45	-81.7654
0.25	-45	45.1209
0.25	-45	43.9598
0.25	-45	141.793
0.25	-45	111.732
0.25	-45	4.46892
0.25	-45	-79.1581
0.25	-45	105.775
0.25	-45	28.9913
0.25	-45	129.235
0.25	-45	-126.987
0.25	-45	-110.184
0.25	-45	-63.0866
0.25	-45	11.2395
0.25	-45	-8.97956
0.25	-45	77.7102
0.25	-45	-146.045
0.25	-45	-108.459
0.25	-45	9.08522
0.25	-45	5.74034
0.25	-45	86.6301
0.25	-45	-84.2386
0.25	-45	6.72658
0.25	-45	-159.969
0.25	-45	-129.272
0.25	-45	-37.5944
0.25	-45	-154.133
0.25	-45	85.3542
0.25	-45	-13.9629
0.25	-45	108.432
0.25	-45	72.3655
0.25	-45	-171.248
0.25	-45	-25.335
0.25	-45	139.127
0.25	-45	86.6433
0.25	-45	-128.82
0.25	-45	51.074
0.25	-45	98.5952
0.25	-45	94.2915
0.25	-45	-153.804
0.25	-45	138.562
0.25	-45	-48.9452
0.25	-45	-106.254
0.25	-45	-82.9966
0.25	-45	150.558
0.25	-45	-37.082
0.25	-45	110.385
0.25	-45	3.99223
0.25	-45	160.978
0.25	-45	-3.87669
0.25	-45	-118.449
0.25	-45	-97.907
0.25	-45	44.515
0.25	-45	-22.067
0.25	-45	52.7488
0.25	-45	-135.688
0.25	-45	-125.407
0.25	-45	-166.077
0.25	-45	8.50157
0.25	-45	-139.526
0.25	-45	-2.48844
0.25	-45	81.1343
0.25	-45	-46.1506
0.25	-45	-17.4537
0.25	-45	-116.385
0.25	-45	-111.665
0.25	-45	-106.784
0.25	-45	-155.674
0.25	-45	-119.528
0.25	-45	-149.82
0.25	-45	-24.6389
0.25	-45	-139.679
0.25	-45	116.451
0.25	-45	42.4635
0.25	-45	178.26
0.25	-45	122.147
0.25	-45	-168.304
0.25	-45	131.959
0.25	-45	-119.847
0.25	-45	-178.385
0.25	-45	35.8738
0.25	-45	108.564
0.25	-45	32.7928
0.25	-45	-163.371
0.25	-45	-161.727
0.25	-45	-111.118
0.25	-45	-51.1752
0.25	-45	-138.976
0.25	-45	-11.1266
0.25	-45	-25.0005
0.25	-45	-164.066
0.25	-45	92.8484
0.25	-45	-93.6384
0.25	-45	63.6989
0.25	-45	-131.911
0.25	-45	-76.7367
0.25	-45	124.06
0.25	-45	-140.152
0.25	-45	-113.351
0.25	-45	71.7211
0.25	-45	121.399
0.25	-45	-133.42
0.25	-45	137.099
0.25	-45	-11.5931
0.25	-45	7.15142
0.25	-45	61.8672
0.25	-45	176.916
0.25	-45	-128.359
0.25	-45	-117.485
0.25	-45	5.29875
0.25	-45	87.8576
0.25	-45	-166.631
0.25	-45	-124.831
0.25	-45	179.787
0.25	-45	-159.187
0.25	-45	-28.5992
0.25	-45	97.7636
0.25	-45	53.9882
0.25	-45	-3.96294
0.25	-45	165.618
0.25	-45	-96.3663
0.25	-45	-73.2849
0.25	-45	-99.2765
0.25	-45	-59.9294
0.25	-45	2.38289
0.25	-45	-82.9282
0.25	-45	65.036
0.25	-45	-125.104
0.25	-45	91.828
0.25	-45	145.461
0.25	-45	-163.914
0.25	-45	-87.9643
0.25	-45	-36.2631
0.25	-45	-90.5291
0.25	-45	-56.314
0.25	-45	-135.467
0.25	-45	79.794
0.25	-45	89.6363
0.25	-45	117.385
0.25	-45	151.085
0.25	-45	11.0862
0.25	-45	-27.5782
0.25	-45	5.90842
0.25	-45	139.859
0.25	-45	24.9366
0.25	-45	-142.352
0.25	-45	-32.3323
0.25	-45	77.6022
0.25	-45	-107.012
0.25	-45	112.585
0.25	-45	64.0057
0.25	-45	-67.5493
0.25	-45	-78.2468
0.25	-45	71.8616
0.25	-45	90.3063
0.25	-45	-49.4718
0.25	-45	50.3344
0.25	-45	146.324
0.25	-45	107.868
0.25	-45	-53.4901
0.25	-45	13.7243
0.25	-45	-46.3785
0.25	-45	150.519
0.25	-45	20.7173
0.25	-45	35.5618
0.25	-45	168.034
0.25	-45	-27.1866
0.25	-45	-137.025
0.25	-45	140.344
0.25	-45	-163.725
0.25	-45	73.788
0.25	-45	135.788
0.25	-45	-16.0989
0.25	-45	13.9589
0.25	-45	-62.4167
0.25	-45	147.156
0.25	-45	-159.998
0.25	-45	-119.904
0.25	-45	-26.6845
0.25	-45	-37.8133
0.25	-45	-57.6164
0.25	-45	6.67748
0.25	-45	11.5959
0.25	-45	-54.9306
0.25	-45	138.345
0.25	-45	-35.4843
0.25	-45	104.773
0.25	-45	-130.889
0.25	-45	57.9117
0.25	-45	86.6
0.25	-45	142.759
0.25	-45	0.774008
0.25	-45	-123.542
0.25	-45	-42.4371
0.25	-45	-34.1865
0.25	-45	-162.777
0.25	-45	155.843
0.25	-45	-68.9995
0.25	-45	-114.604
0.25	-45	78.4213
0.25	-45	-106.528
0.25	-45	-21.1094
0.25	-45	-133.506
0.25	-45	-114.269
0.25	-45	119.293
0.25	-45	-72.7849
0.25	-45	58.7148
0.25	-45	18.9316
0.25	-45	165.699
0.25	-45	-77.1098
0.25	-45	31.3263
0.25	-45	8.05012
0.25	-45	103.528
0.25	-45	176.477
0.25	-45	-77.0297
0.25	-45	52.9644
0.25	-45	164.686
0.25	-45	-134.698
0.25	-45	-0.140845
0.25	-45	-77.4508
0.25	-45	-78.8452
0.25	-45	96.2413
0.25	-45	-63.9012
0.25	-45	79.8691
0.25	-45	162.012
0.25	-45	-104.525
0.25	-45	-146.551
0.25	-45	-166.881
0.25	-45	-118.038
0.25	-45	-34.411
0.25	-45	-37.1355
0.25	-45	85.4466
0.25	-45	92.7643
0.25	-45	59.9359
0.25	-45	-122.777
