pol	setting	phi
0.3	45	36.6462
0.3	45	-19.2163
0.3	45	-75.4805
0.3	45	143.625
0.3	45	113.323
0.3	45	118.9
0.3	45	62.8224
0.3	45	60.3996
0.3	45	-143.289
0.3	45	147.513
0.3	45	-0.0993842
0.3	45	-12.8835
0.3	45	-54.9218
0.3	45	-155.805
0.3	45	14.174
0.3	45	-154.334
0.3	45	0.00742859
0.3	45	-177.959
0.3	45	-42.1151
0.3	45	126.059
0.3	45	-104.589
0.3	45	-124.857
0.3	45	-136.47
0.3	45	1.39953
0.3	45	162.039
0.3	45	122.36
0.3	45	135.156
0.3	45	108.118
0.3	45	14.4505
0.3	45	-47.2857
0.3	45	19.571
0.3	45	-30.4639
0.3	45	153.271
0.3	45	56.6272
0.3	45	-40.0319
0.3	45	-14.9681
0.3	45	-143.991
0.3	45	-165.45
0.3	45	54.018
0.3	45	31.6253
0.3	45	119.7
0.3	45	-171.513
0.3	45	-122.031
0.3	45	80.6044
0.3	45	57.2226
0.3	45	-107.051
0.3	45	134.56
0.3	45	153.835
0.3	45	18.6286
0.3	45	-164.933
0.3	45	87.5875
0.3	45	-6.74542
0.3	45	63.7179
0.3	45	132.208
0.3	45	116.948
0.3	45	60.9722
0.3	45	18.2852
0.3	45	44.6922
0.3	45	-74.6775
0.3	45	146.926
0.3	45	-55.7546
0.3	45	-167.409
0.3	45	-60.8185
0.3	45	-136.87
0.3	45	-55.0775
0.3	45	-14.1509
0.3	45	-52.1264
0.3	45	79.6176
0.3	45	96.0009
0.3	45	60.8058
0.3	45	-74.5629
0.3	45	-150.655
0.3	45	91.1303
0.3	45	65.6856
0.3	45	-6.38618
0.3	45	-22.2038
0.3	45	129.105
0.3	45	113.756
0.3	45	-5.59888
0.3	45	-157.884
0.3	45	-37.7231
0.3	45	-136.101
0.3	45	104.901
0.3	45	-107.041
0.3	45	104.766
0.3	45	45.819
0.3	45	-155.123
0.3	45	-88.1073
0.3	45	-174.299
0.3	45	120.04
0.3	45	41.1479
0.3	45	41.4541
0.3	45	154.813
0.3	45	8.2106
0.3	45	89.4008
0.3	45	-126.456
0.3	45	173.433
0.3	45	173.027
0.3	45	-61.9417
0.3	45	-50.2156
0.3	45	-56.6532
0.3	45	-140.883
0.3	45	-58.4893
0.3	45	60.7258
0.3	45	-83.2473
0.3	45	-33.2753
0.3	45	10.3538
0.3	45	111.955
0.3	45	30.321
0.3	45	35.8488
0.3	45	-22.5766
0.3	45	172.591
0.3	45	-54.7023
0.3	45	-162.26
0.3	45	69.6512
0.3	45	-71.664
0.3	45	-22.6581
0.3	45	-160.397
0.3	45	51.2842
0.3	45	102.974
0.3	45	91.0277
0.3	45	155.735
0.3	45	-122.702
0.3	45	26.9573
0.3	45	-138.355
0.3	45	-93.6381
0.3	45	-35.1613
0.3	45	40.5333
0.3	45	-114.074
0.3	45	-123.188
0.3	45	-18.2266
0.3	45	-125.376
0.3	45	-10.6648
0.3	45	151.987
0.3	45	77.7843
0.3	45	-162.004
0.3	45	166.803
0.3	45	40.633
0.3	45	-61.6839
0.3	45	50.3421
0.3	45	-47.1175
0.3	45	-41.3378
0.3	45	30.8721
0.3	45	-114.739
0.3	45	-69.5919
0.3	45	98.5649
0.3	45	110.403
0.3	45	-96.5269
0.3	45	171.969
0.3	45	-118.372
0.3	45	-14.0557
0.3	45	81.3381
0.3	45	-15.8085
0.3	45	-101.102
0.3	45	146.628
0.3	45	92.1254
0.3	45	-40.3385
0.3	45	89.5295
0.3	45	76.0034
0.3	45	-82.0037
0.3	45	14.2187
0.3	45	56.0466
0.3	45	-109.098
0.3	45	96.84
0.3	45	14.6436
0.3	45	35.0623
0.3	45	52.2707
0.3	45	160.166
0.3	45	131.096
0.3	45	175.597
0.3	45	-56.1393
0.3	45	142.429
0.3	45	-8.53098
0.3	45	-120.146
0.3	45	-4.13057
0.3	45	104.188
0.3	45	87.8136
0.3	45	126.191
0.3	45	86.7055
0.3	45	136.404
0.3	45	98.5057
0.3	45	-79.2268
0.3	45	163.654
0.3	45	-31.4236
0.3	45	158.268
0.3	45	-153.163
0.3	45	-85.4742
0.3	45	122.054
0.3	45	89.6941
0.3	45	79.25
0.3	45	-43.7563
0.3	45	-133.191
0.3	45	-152.348
0.3	45	-42.9129
0.3	45	115.512
0.3	45	4.89745
0.3	45	21.8686
0.3	45	167.733
0.3	45	157.296
0.3	45	14.8572
0.3	45	-20.2314
0.3	45	22.6658
0.3	45	136.231
0.3	45	2.39328
0.3	45	-32.4936
0.3	45	65.9274
0.3	45	-60.5668
0.3	45	-45.7604
0.3	45	172.378
0.3	45	-178.593
0.3	45	21.1647
0.3	45	-29.1018
0.3	45	26.9036
0.3	45	-49.3835
0.3	45	-38.802
0.3	45	-18.3003
0.3	45	100.8
0.3	45	26.8023
0.3	45	102.592
0.3	45	-45.9375
0.3	45	172.701
0.3	45	-77.3907
0.3	45	47.6492
0.3	45	-77.7573
0.3	45	-59.6013
0.3	45	20.5765
0.3	45	-64.1949
0.3	45	157.679
0.3	45	-29.2864
0.3	45	-177.583
0.3	45	79.1686
0.3	45	-124.464
0.3	45	179.137
0.3	45	66.8348
0.3	45	-63.5695
0.3	45	-172.851
0.3	45	108.752
0.3	45	-7.16113
0.3	45	-57.3046
0.3	45	120.928
0.3	45	-42.4115
0.3	45	-30.5658
0.3	45	129.122
0.3	45	166.813
0.3	45	9.68985
0.3	45	-161.626
0.3	45	-162.101
0.3	45	-134.95
0.3	45	136.352
0.3	45	104.039
0.3	45	-63.5973
0.3	45	-63.2519
0.3	45	148.984
0.3	45	169.324
0.3	45	117.62
0.3	45	-91.3685
0.3	45	63.0669
0.3	45	118.392
0.3	45	109.013
0.3	45	-28.5872
0.3	45	-147.432
0.3	45	-17.0461
0.3	45	167.065
0.3	45	-15.3482
0.3	45	48.3586
0.3	45	-12.125
0.3	45	-62.1022
0.3	45	53.7972
0.3	45	-29.7863
0.3	45	96.146
0.3	45	174.928
0.3	45	-70.8892
0.3	45	-132.81
0.3	45	1.9575
0.3	45	9.89721
0.3	45	4.49304
0.3	45	-131.854
0.3	45	92.4209
0.3	45	-98.9824
0.3	45	42.3441
0.3	45	9.08749
0.3	45	-76.5352
0.3	45	-126.441
0.3	45	93.9429
0.3	45	164.978
0.3	45	95.9253
0.3	45	-103.19
0.3	45	47.7306
0.3	45	-56.7136
0.3	45	-137.53
0.3	45	-86.2104
0.3	45	96.306
0.3	45	-137.806
0.3	45	-88.4821
0.3	45	84.0734
0.3	45	153.93
0.3	45	-76.0904
0.3	45	169.432
0.3	45	-38.6807
0.3	45	-47.2518
0.3	45	-164.84
0.3	45	122.209
0.3	45	-55.1221
0.3	45	-80.2729
0.3	45	141.232
0.3	45	92.1605
0.3	45	149.913
0.3	45	-82.3203
0.3	45	3.78127
0.3	45	94.1999
0.3	45	-107.454
0.3	45	74.1869
0.3	45	-176.45
0.3	45	7.48993
0.3	45	65.2907
0.3	45	142.275
0.3	45	-164.518
0.3	45	-33.153
0.3	45	-65.31
0.3	45	170.038
0.3	45	-136.772
0.3	45	-165.861
0.3	45	153.412
0.3	45	-166.629
0.3	45	9.79624
0.3	45	95.8909
0.3	45	140.435
0.3	45	52.381
0.3	45	111.858
0.3	45	-19.2236
0.3	45	37.2778
0.3	45	-89.7429
0.3	45	-104.294
0.3	45	121.549
0.3	45	45.7381
0.3	45	134.288
0.3	45	11.2488
0.3	45	-159.123
0.3	45	79.8547
0.3	45	110.118
0.3	45	-42.3082
0.3	45	-154.567
0.3	45	-82.7396
0.3	45	-103.789
0.3	45	141.932
0.3	45	68.0381
0.3	45	171.804
0.3	45	-11.0238
0.3	45	-122.105
0.3	45	-95.5362
0.3	45	-131.421
0.3	45	75.7526
0.3	45	108.343
0.3	45	-6.11611
0.3	45	-149.775
0.3	45	46.3772
0.3	45	-9.88578
0.3	45	107.423
0.3	45	101.456
0.3	45	-41.6186
0.3	45	-54.9501
0.3	45	174.128
0.3	45	-69.3499
0.3	45	117.901
0.3	45	-178.164
0.3	45	135.794
0.3	45	-68.5607
0.3	45	145.348
0.3	45	109.921
0.3	45	3.72799
0.3	45	-154.26
0.3	45	-109.108
0.3	45	43.5677
0.3	45	168.605
0.3	45	-6.62736
0.3	45	-110.715
0.3	45	32.6832
0.3	45	-44.4212
0.3	45	48.225
0.3	45	-87.1162
0.3	45	16.9674
0.3	45	73.0913
0.3	45	-86.3112
0.3	45	43.5201
0.3	45	76.2498
0.3	45	-32.7804
0.3	45	-48.8897
0.3	45	126.384
0.3	45	-27.3316
0.3	45	133.949
0.3	45	112.488
0.3	45	-154.937
0.3	45	-120.58
0.3	45	-95.591
0.3	45	113.046
0.3	45	-169.232
0.3	45	179.098
0.3	45	121.489
0.3	45	-71.9948
0.3	45	72.8855
0.3	45	-83.9679
0.3	45	134.71
0.3	45	-37.6833
0.3	45	27.1014
0.3	45	-148.515
0.3	45	-135.68
0.3	45	34.7391
0.3	45	167.108
0.3	45	-44.8058
0.3	45	119.805
0.3	45	83.2405
0.3	45	178.067
0.3	45	-120.441
0.3	45	81.2064
0.3	45	110.45
0.3	45	-125.108
0.3	45	173.409
0.3	45	-150.072
0.3	45	-18.1367
0.3	45	122.872
0.3	45	97.1183
0.3	45	15.3954
0.3	45	52.571
0.3	45	127.031
0.3	45	-102.422
0.3	45	-50.6018
0.3	45	-23.4276
0.3	45	-160.315
0.3	45	141.54
0.3	45	-8.55858
0.3	45	127.314
0.3	45	93.7511
0.3	45	-103.828
0.3	45	87.237
0.3	45	118.091
0.3	45	29.2614
0.3	45	-169.766
0.3	45	-106.617
0.3	45	-88.7759
0.3	45	149.391
0.3	45	177.881
0.3	45	81.4093
0.3	45	-57.2891
0.3	45	-128.889
0.3	45	-179.604
0.3	45	118.388
0.3	45	-7.903
0.3	45	133.373
0.3	45	-67.292
0.3	45	-34.6537
0.3	45	173.216
0.3	45	-33.9163
0.3	45	-103.008
0.3	45	-53.87
0.3	45	32.3703
0.3	45	145.772
0.3	45	94.6442
0.3	45	102.534
0.3	45	7.17636
0.3	45	155.845
0.3	45	-90.1338
0.3	45	-69.7613
0.3	45	15.4837
0.3	45	139.602
0.3	45	-149.089
0.3	45	-147.601
0.3	45	68.4489
0.3	45	177.613
0.3	45	109.133
0.3	45	-65.4386
0.3	45	143.137
0.3	45	24.2811
0.3	45	26.5389
0.3	45	147.992
0.3	45	-144.053
0.3	45	-156.104
0.3	45	-125.645
0.3	45	-168.436
0.3	45	144.419
0.3	45	-7.67008
0.3	45	-72.0529
0.3	45	11.5968
0.3	45	125.754
0.3	45	-132.699
0.3	45	-99.3643
0.3	45	159.048
0.3	45	126.558
0.3	45	161.847
0.3	45	-25.8527
0.3	45	142.263
0.3	45	44.9894
0.3	45	-79.7824
0.3	45	149.04
0.3	45	-171.551
0.3	45	-107.932
0.3	45	66.8621
0.3	45	0.283932
0.3	45	139.718
0.3	45	-169.178
0.3	45	-161.721
0.3	45	-15.8585
0.3	45	66.0278
0.3	45	-86.3996
0.3	45	163.92
0.3	45	134.127
0.3	45	116.907
0.3	45	-36.9238
0.3	45	120.138
0.3	45	29.8845
0.3	45	-49.431
0.3	45	130.709
0.3	45	92.3625
0.3	45	36.4418
0.3	45	8.35088
0.3	45	26.8223
0.3	45	-67.2245
0.3	45	-109.954
0.3	45	119.588
0.3	45	-95.8374
0.3	45	21.5214
0.3	45	118.582
0.3	45	83.5729
0.3	45	-66.1599
0.3	45	152.726
0.3	45	-156.06
0.3	45	-31.692
0.3	45	-2.91447
0.3	45	158.761
0.3	45	-16.1002
0.3	45	11.8008
0.3	45	-79.8062
0.3	45	150.327
0.3	45	129.871
0.3	45	-174.67
0.3	45	-19.2051
0.3	45	-141.023
0.3	45	119.998
0.3	45	-70.1405
0.3	45	97.4785
0.3	45	-159.647
0.3	45	89.6238
0.3	45	-152.008
0.3	45	-105.597
0.3	45	-173.98
0.3	45	25.3952
0.3	45	-64.4427
0.3	45	-154.854
0.3	45	79.1817
0.3	45	146.921
0.3	45	23.3654
0.3	45	85.242
0.3	45	137.933
0.3	45	12.5037
0.3	45	159.065
0.3	45	-82.3337
0.3	45	33.3141
0.3	45	49.6645
0.3	45	-173.9
0.3	45	47.1506
0.3	45	-161.344
0.3	45	-67.5349
0.3	45	171.771
0.3	45	-50.4571
0.3	45	100.197
0.3	45	-177.778
0.3	45	170.698
0.3	45	-46.5378
0.3	45	-92.3692
0.3	45	-80.9456
0.3	45	-10.1145
0.3	45	66.5507
0.3	45	-39.7738
0.3	45	-79.773
0.3	45	-140.338
0.3	45	48.0701
0.3	45	-80.7753
0.3	45	-38.6759
0.3	45	-175.333
0.3	45	-165.822
0.3	45	40.1908
0.3	45	15.7308
0.3	45	7.59171
0.3	45	135.235
0.3	45	163.437
0.3	45	101.888
0.3	45	-58.5548
0.3	45	-35.223
0.3	45	110.805
0.3	45	-38.9601
0.3	45	-118.4
0.3	45	140.411
0.3	45	-69.5678
0.3	45	-19.3874
0.3	45	65.3588
0.3	45	131.456
0.3	45	66.2793
0.3	45	-47.963
0.3	45	-169.471
0.3	45	81.9487
0.3	45	86.1572
0.3	45	60.1194
0.3	45	27.606
0.3	45	-158.121
0.3	45	172.346
0.3	45	129.46
0.3	45	-161.372
0.3	45	-145.709
0.3	45	-109.969
0.3	45	130.227
0.3	45	97.6156
0.3	45	146.331
0.3	45	126.989
0.3	45	10.6455
0.3	45	-74.6222
0.3	45	103.109
0.3	45	-41.4788
0.3	45	-53.1578
0.3	45	69.1137
0.3	45	160.285
0.3	45	-63.6246
0.3	45	1.56907
0.3	45	-136.033
0.3	45	-54.5875
0.3	45	133.046
0.3	45	-102.952
0.3	45	-99.5292
0.3	45	19.8954
0.3	45	173.519
0.3	45	-40.8252
0.3	45	-32.2829
0.3	45	-28.4413
0.3	45	-88.8743
0.3	45	6.05923
0.3	45	69.2801
0.3	45	-112.913
0.3	45	-79.0805
0.3	45	-1.30298
0.3	45	53.683
0.3	45	99.4581
0.3	45	-4.67826
0.3	45	77.9175
0.3	45	103.203
0.3	45	2.14431
0.3	45	97.3802
0.3	45	25.033
0.3	45	-5.7176
0.3	45	108.4
0.3	45	36.691
0.3	45	32.1961
0.3	45	63.9988
0.3	45	-159.317
0.3	45	-97.9752
0.3	45	39.3754
0.3	45	-107.303
0.3	45	-145.081
0.3	45	137.765
0.3	45	-53.1856
0.3	45	-156.525
0.3	45	-41.2298
0.3	45	141.719
0.3	45	75.2936
0.3	45	-2.42105
0.3	45	-135.145
0.3	45	-27.6141
0.3	45	29.076
0.3	45	160.381
0.3	45	-56.9691
0.3	45	51.0309
0.3	45	40.9078
0.3	45	-171.483
0.3	45	-168.448
0.3	45	-59.7752
0.3	45	23.8149
0.3	45	81.3782
0.3	45	-62.3599
0.3	45	176.713
0.3	45	163.007
0.3	45	-83.8413
0.3	45	148.847
0.3	45	120.765
0.3	45	-18.8872
0.3	45	8.69163
0.3	45	41.5431
0.3	45	-56.8001
0.3	45	-157.454
0.3	45	-100.017
0.3	45	-31.2039
0.3	45	77.7739
0.3	45	2.65195
0.3	45	-14.673
0.3	45	-145.02
0.3	45	60.1993
0.3	45	-5.32406
0.3	45	151.808
0.3	45	-95.2484
0.3	45	-179.634
0.3	45	-101.094
0.3	45	83.4503
0.3	45	-124.564
0.3	45	52.5189
0.3	45	-41.6881
0.3	45	-92.2327
0.3	45	16.2003
0.3	45	0.170855
0.3	45	-17.4981
0.3	45	-58.7287
0.3	45	-37.1909
0.3	45	-74.0466
0.3	45	-87.4795
0.3	45	-95.2621
0.3	45	31.5599
0.3	45	-56.9078
0.3	45	56.8085
0.3	45	-176.298
0.3	45	-17.7499
0.3	45	-48.5454
0.3	45	44.9742
0.3	45	55.8616
0.3	45	113.88
0.3	45	-120.255
0.3	45	-10.8685
0.3	45	131.781
0.3	45	76.5289
0.3	45	-173.263
0.3	45	-13.2862
0.3	45	129.774
0.3	45	163.841
0.3	45	-10.1464
0.3	45	30.4605
0.3	45	14.3763
0.3	45	-154.888
0.3	45	-60.906
0.3	45	-20.6488
0.3	45	162.046
0.3	45	-98.4654
0.3	45	98.7863
0.3	45	53.528
0.3	45	155.745
0.3	45	114.405
0.3	45	173.029
0.3	45	-10.9923
0.3	45	-169.172
0.3	45	33.8314
0.3	45	24.0024
0.3	45	31.1714
0.3	45	0.936423
0.3	45	-94.3288
0.3	45	-17.1814
0.3	45	165.359
0.3	45	-164.704
0.3	45	-175.922
0.3	45	22.4613
0.3	45	-113.033
0.3	45	-101.795
0.3	45	37.6353
0.3	45	164.169
0.3	45	42.8168
0.3	45	-163.666
0.3	45	161.489
0.3	45	76.8113
0.3	45	22.0803
0.3	45	110.953
0.3	45	168.523
0.3	45	154.346
0.3	45	-57.5693
0.3	45	-14.0046
0.3	45	143.973
0.3	45	-144.829
0.3	45	-3.54263
0.3	45	69.0402
0.3	45	17.0608
0.3	45	54.7573
0.3	45	-138.63
0.3	45	-179.527
0.3	45	-47.2461
0.3	45	-3.69135
0.3	45	83.9163
0.3	45	134.84
0.3	45	79.2964
0.3	45	140.778
0.3	45	-173.76
0.3	45	126.857
0.3	45	82.4883
0.3	45	54.2425
0.3	45	91.1801
0.3	45	30.1628
0.3	45	-12.7151
0.3	45	-172.129
0.3	45	-79.4141
0.3	45	172.901
0.3	45	-45.0531
0.3	45	46.9235
0.3	45	134.527
0.3	45	169.567
0.3	45	46.0953
0.3	45	-112.963
0.3	45	-178.574
0.3	45	-52.165
0.3	45	101.013
0.3	45	-52.2718
0.3	45	111.426
0.3	45	-1.31555
0.3	45	0.797377
0.3	45	114.982
0.3	45	-69.5268
0.3	45	1.31643
0.3	45	-97.1591
0.3	45	147.807
0.3	45	-8.45787
0.3	45	26.0031
0.3	45	19.066
0.3	45	-161.083
0.3	45	10.9268
0.3	45	175.542
0.3	45	166.451
0.3	45	92.1617
0.3	45	112.668
0.3	45	-140.968
0.3	45	176.918
0.3	45	77.4641
0.3	45	138.616
0.3	45	139.19
0.3	45	-115.627
0.3	45	-131.506
0.3	45	-19.405
0.3	45	170.315
0.3	45	-79.7833
0.3	45	-59.1439
0.3	45	-65.7928
0.3	45	-155.118
0.3	45	113.064
0.3	45	-130.556
0.3	45	89.0271
0.3	45	-37.9381
0.3	45	147.859
0.3	45	147.079
0.3	45	-61.5805
0.3	45	87.678
0.3	45	138.084
0.3	45	67.527
0.3	45	4.31509
0.3	45	-179.155
0.3	45	176.948
0.3	45	175.741
0.3	45	-153.04
0.3	45	-165.168
0.3	45	-156.875
0.3	45	54.0518
0.3	45	-105.064
0.3	45	-104.124
0.3	45	-112.651
0.3	45	148.449
0.3	45	-77.0578
0.3	45	124.816
0.3	45	129.985
0.3	45	-170.807
0.3	45	109.885
0.3	45	116.56
0.3	45	160.169
0.3	45	60.3532
0.3	45	-106.721
0.3	45	14.7881
0.3	45	33.3323
0.3	45	-58.4237
0.3	45	-166.217
0.3	45	-1.5883
0.3	45	60.6301
0.3	45	8.45061
0.3	45	-82.5144
0.3	45	-166.016
0.3	45	4.92701
0.3	45	12.9263
0.3	45	95.3712
0.3	45	-10.0691
0.3	45	-50.9018
0.3	45	-176.239
0.3	45	7.98427
0.3	45	143.995
0.3	45	-63.815
0.3	45	-34.7099
0.3	45	-174.532
0.3	45	171.482
0.3	45	159.519
0.3	45	-40.9469
0.3	45	142.294
0.3	45	91.2829
0.3	45	-20.1015
0.3	45	105.321
0.3	45	72.6269
0.3	45	71.6253
0.3	45	96.3463
0.3	45	-127.379
0.3	45	-89.3969
0.3	45	-133.686
0.3	45	128.537
0.3	45	25.6416
0.3	45	165.725
0.3	45	-52.5355
0.3	45	75.1366
0.3	45	-178.797
0.3	45	177.481
0.3	45	151.348
0.3	45	-171.685
0.3	45	-37.2546
0.3	45	38.431
0.3	45	112.997
0.3	45	171.914
0.3	45	92.4664
0.3	45	-84.4285
0.3	45	-155.269
0.3	45	48.7128
0.3	45	54.1605
0.3	45	104.839
0.3	45	-66.0374
0.3	45	3.12103
0.3	45	-92.8667
0.3	45	-101.805
0.3	45	1.61308
0.3	45	-109.892
0.3	45	-132.756
0.3	45	-14.2362
0.3	45	3.41304
0.3	45	116.355
0.3	45	110.864
0.3	45	-152.606
0.3	45	-34.2087
0.3	45	88.3725
0.3	45	55.8963
0.3	45	142.264
0.3	45	-110.383
0.3	45	154.478
0.3	45	-66.5575
0.3	45	96.7823
0.3	45	-29.9636
0.3	45	-17.8538
0.3	45	91.2487
0.3	45	21.5337
0.3	45	29.8861
0.3	45	-109.962
0.3	45	-112.614
0.3	45	160.12
0.3	45	128.81
0.3	45	-47.7066
0.3	45	-28.9558
0.3	45	-9.52473
0.3	45	134.575
0.3	45	5.63878
0.3	45	22.7656
0.3	45	-80.0927
0.3	45	-43.475
0.3	45	105.344
0.3	45	-54.2746
0.3	45	-80.1599
0.3	45	-129.342
0.3	45	-36.5372
0.3	45	69.5449
0.3	45	55.5465
0.3	45	-144.235
0.3	45	159.953
0.3	45	174.864
0.3	45	149.979
0.3	45	-93.973
0.3	45	92.2581
0.3	45	-20.6954
0.3	45	-156.001
0.3	45	-31.9588
0.3	45	-29.8875
0.3	45	34.041
0.3	45	136.447
0.3	45	96.1518
0.3	45	16.3072
0.3	45	-1.25224
0.3	45	168.616
0.3	45	91.4944
0.3	45	-31.8347
0.3	45	-18.703
0.3	45	-110.273
0.3	45	-93.3871
0.3	45	171.57
0.3	45	104.105
0.3	45	-164.28
0.3	45	122.259
0.3	45	-55.2842
0.3	45	-95.5973
0.3	45	-52.2578
0.3	45	-170.892
0.3	45	-6.14193
0.3	45	-172.817
0.3	45	108.712
0.3	45	-177.153
0.3	45	-108.366
0.3	45	-124.548
0.3	45	-94.4615
0.3	45	-19.545
0.3	45	-115.238
0.3	45	60.6177
0.3	45	169.556
0.3	45	123.077
0.3	45	-163.701
0.3	45	35.2542
0.25	-45	93.4527
0.25	-45	131.178
0.25	-45	-41.9133
0.25	-45	-97.3245
0.25	-45	-0.324832
0.25	-45	-112.979
0.25	-45	143.701
0.25	-45	60.2228
0.25	-45	11.355
0.25	-45	16.0096
0.25	-45	-73.7011
0.25	-45	23.0673
0.25	-45	-163.372
0.25	-45	82.6022
0.25	-45	-48.4405
0.25	-45	-14.7509
0.25	-45	-120.617
0.25	-45	-158.118
0.25	-45	-143.09
0.25	-45	68.2736
0.25	-45	55.77
0.25	-45	-86.5212
0.25	-45	59.2336
0.25	-45	-95.8222
0.25	-45	-36.3842
0.25	-45	-46.2546
0.25	-45	-37.8872
0.25	-45	-173.814
0.25	-45	-153.51
0.25	-45	1.07114
0.25	-45	-78.7174
0.25	-45	-144.277
0.25	-45	-96.6063
0.25	-45	86.8562
0.25	-45	167.399
0.25	-45	-136.878
0.25	-45	91.8839
0.25	-45	-55.6898
0.25	-45	-113.127
0.25	-45	-73.4195
0.25	-45	-89.5626
0.25	-45	38.1617
0.25	-45	-73.088
0.25	-45	-34.5732
0.25	-45	79.6773
0.25	-45	153.83
0.25	-45	110.369
0.25	-45	-130.5
0.25	-45	144.333
0.25	-45	122.067
0.25	-45	82.62
0.25	-45	-82.0448
0.25	-45	40.0251
0.25	-45	-45.0404
0.25	-45	-3.17593
0.25	-45	21.6805
0.25	-45	-79.5641
0.25	-45	119.99
0.25	-45	14.5361
0.25	-45	-136.678
0.25	-45	32.0542
0.25	-45	-133.681
0.25	-45	-165.243
0.25	-45	23.9915
0.25	-45	-119.919
0.25	-45	-155.235
0.25	-45	6.04916
0.25	-45	-162.823
0.25	-45	93.8174
0.25	-45	-80.7512
0.25	-45	-49.7355
0.25	-45	-87.7228
0.25	-45	142.184
0.25	-45	-177.517
0.25	-45	0.483749
0.25	-45	59.609
0.25	-45	90.1333
0.25	-45	29.1901
0.25	-45	92.3979
0.25	-45	-177.675
0.25	-45	-96.6898
0.25	-45	-40.9305
0.25	-45	-89.3144
0.25	-45	-6.73326
0.25	-45	158.817
0.25	-45	94.434
0.25	-45	-114.545
0.25	-45	-70.2398
0.25	-45	-104.451
0.25	-45	152.716
0.25	-45	176.031
0.25	-45	139.572
0.25	-45	161.472
0.25	-45	13.0422
0.25	-45	100.25
0.25	-45	168.123
0.25	-45	-168.745
0.25	-45	112.299
0.25	-45	133.751
0.25	-45	-73.5833
0.25	-45	40.3739
0.25	-45	-117.153
0.25	-45	160.526
0.25	-45	86.5397
0.25	-45	77.0163
0.25	-45	58.4598
0.25	-45	123.018
0.25	-45	-91.8541
0.25	-45	26.8947
0.25	-45	-124.213
0.25	-45	140.231
0.25	-45	120.682
0.25	-45	-136.651
0.25	-45	49.8698
0.25	-45	-40.4048
0.25	-45	136.08
0.25	-45	-135.5
0.25	-45	-139.885
0.25	-45	-144.134
0.25	-45	-169.02
0.25	-45	-38.499
0.25	-45	-2.83887
0.25	-45	136.353
0.25	-45	62.9443
0.25	-45	28.5874
0.25	-45	-32.4992
0.25	-45	-47.8953
0.25	-45	-52.7394
0.25	-45	-176.599
0.25	-45	-84.5833
0.25	-45	-142.884
0.25	-45	-121.588
0.25	-45	-139.596
0.25	-45	-147.671
0.25	-45	62.6064
0.25	-45	-84.1082
0.25	-45	-78.4307
0.25	-45	-68.8374
0.25	-45	-84.1674
0.25	-45	110.202
0.25	-45	-43.956
0.25	-45	86.5529
0.25	-45	6.39756
0.25	-45	96.8577
0.25	-45	22.4264
0.25	-45	56.085
0.25	-45	39.7559
0.25	-45	3.47916
0.25	-45	119.752
0.25	-45	-52.5239
0.25	-45	111.709
0.25	-45	83.6298
0.25	-45	72.0301
0.25	-45	-137.106
0.25	-45	75.8212
0.25	-45	-159.003
0.25	-45	-21.064
0.25	-45	85.8122
0.25	-45	-102.023
0.25	-45	77.917
0.25	-45	-118.933
0.25	-45	2.80908
0.25	-45	-71.3884
0.25	-45	118.819
0.25	-45	-130.41
0.25	-45	-162.757
0.25	-45	57.4189
0.25	-45	-169.211
0.25	-45	135.055
0.25	-45	92.5765
0.25	-45	77.987
0.25	-45	153.343
0.25	-45	9.56429
0.25	-45	56.5512
0.25	-45	-11.9753
0.25	-45	-30.3252
0.25	-45	-170.297
0.25	-45	-137.848
0.25	-45	-145.48
0.25	-45	-69.9388
0.25	-45	49.0938
0.25	-45	-3.90883
0.25	-45	-159.167
0.25	-45	119.016
0.25	-45	29.0648
0.25	-45	37.8428
0.25	-45	-136.319
0.25	-45	72.3113
0.25	-45	-91.1968
0.25	-45	-119.471
0.25	-45	111.16
0.25	-45	-156.499
0.25	-45	-142.526
0.25	-45	-72.9393
0.25	-45	147.559
0.25	-45	54.0134
0.25	-45	41.9255
0.25	-45	87.3845
0.25	-45	115.476
0.25	-45	62.9021
0.25	-45	-32.886
0.25	-45	75.0553
0.25	-45	-124.976
0.25	-45	35.7442
0.25	-45	59.8257
0.25	-45	-148.145
0.25	-45	11.1279
0.25	-45	-131.988
0.25	-45	-171.773
0.25	-45	-42.1957
0.25	-45	-153.87
0.25	-45	-17.4736
0.25	-45	22.1776
0.25	-45	45.2504
0.25	-45	-35.1203
0.25	-45	-21.2813
0.25	-45	-79.0418
0.25	-45	-135.138
0.25	-45	103.87
0.25	-45	-81.135
0.25	-45	-30.9549
0.25	-45	-172.296
0.25	-45	-115.417
0.25	-45	179.211
0.25	-45	70.4908
0.25	-45	-137.509
0.25	-45	-156.272
0.25	-45	102.983
0.25	-45	-14.7443
0.25	-45	-156.378
0.25	-45	-121.762
0.25	-45	-123.686
0.25	-45	154.414
0.25	-45	-161.673
0.25	-45	-163.204
0.25	-45	-85.8833
0.25	-45	138.642
0.25	-45	10.2642
0.25	-45	-155.895
0.25	-45	178.792
0.25	-45	-53.8391
0.25	-45	-137.979
0.25	-45	-67.4937
0.25	-45	-92.8979
0.25	-45	-83.6612
0.25	-45	-101.38
0.25	-45	-8.51884
0.25	-45	173.983
0.25	-45	-40.5015
0.25	-45	174.111
0.25	-45	25.9635
0.25	-45	38.5486
0.25	-45	124.415
0.25	-45	167.563
0.25	-45	-132.424
0.25	-45	-3.26819
0.25	-45	-106.59
0.25	-45	-13.7299
0.25	-45	87.8335
0.25	-45	123.561
0.25	-45	54.4104
0.25	-45	-84.3405
0.25	-45	-4.59292
0.25	-45	50.8596
0.25	-45	-108.244
0.25	-45	81.7286
0.25	-45	127.065
0.25	-45	124.668
0.25	-45	-106.208
0.25	-45	-50.2853
0.25	-45	56.3338
0.25	-45	-66.4044
0.25	-45	53.8674
0.25	-45	-49.1562
0.25	-45	10.4047
0.25	-45	-57.6251
0.25	-45	34.5433
0.25	-45	-155.651
0.25	-45	-32.3352
0.25	-45	-40.2437
0.25	-45	-57.0308
0.25	-45	57.9092
0.25	-45	-178.642
0.25	-45	-178.365
0.25	-45	-4.97587
0.25	-45	-179.391
0.25	-45	-46.9601
0.25	-45	13.4469
0.25	-45	72.9756
0.25	-45	-161.896
0.25	-45	97.6657
0.25	-45	-101.828
0.25	-45	-159.17
0.25	-45	147.642
0.25	-45	11.1964
0.25	-45	-158.913
0.25	-45	31.9872
0.25	-45	-93.9843
0.25	-45	-155.942
0.25	-45	55.6096
0.25	-45	79.177
0.25	-45	-159.381
0.25	-45	131.186
0.25	-45	-145.878
0.25	-45	-140.375
0.25	-45	84.9668
0.25	-45	68.4436
0.25	-45	-119.807
0.25	-45	20.4717
0.25	-45	-13.138
0.25	-45	-94.1154
0.25	-45	33.5675
0.25	-45	167.467
0.25	-45	50.7661
0.25	-45	-42.039
0.25	-45	130.129
0.25	-45	10.8509
0.25	-45	27.4621
0.25	-45	-145.288
0.25	-45	74.1978
0.25	-45	171.481
0.25	-45	73.6778
0.25	-45	134.148
0.25	-45	74.614
0.25	-45	90.1645
0.25	-45	-176.585
0.25	-45	-78.838
0.25	-45	155.87
0.25	-45	-0.181785
0.25	-45	-33.403
0.25	-45	-105.653
0.25	-45	-37.241
0.25	-45	13.1799
0.25	-45	165.042
0.25	-45	-43.5823
0.25	-45	176.822
0.25	-45	-88.2133
0.25	-45	-111.639
0.25	-45	1.43517
0.25	-45	34.9412
0.25	-45	110.978
0.25	-45	-61.631
0.25	-45	-120.426
0.25	-45	-109.551
0.25	-45	50.1081
0.25	-45	-150.83
0.25	-45	-123.202
0.25	-45	139.476
0.25	-45	131.752
0.25	-45	-140.033
0.25	-45	121.61
0.25	-45	-178.663
0.25	-45	-51.5113
0.25	-45	40.2284
0.25	-45	94.9452
0.25	-45	-36.3482
0.25	-45	-10.9583
0.25	-45	72.3594
0.25	-45	-118.448
0.25	-45	-118.533
0.25	-45	152.865
0.25	-45	-165.581
0.25	-45	73.9793
0.25	-45	88.1043
0.25	-45	-91.8101
0.25	-45	-14.8867
0.25	-45	-68.6131
0.25	-45	-160.094
0.25	-45	-100.322
0.25	-45	-17.6693
0.25	-45	-33.5923
0.25	-45	117.697
0.25	-45	175.261
0.25	-45	-173.819
0.25	-45	-64.9521
0.25	-45	-119.863
0.25	-45	-7.3422
0.25	-45	-92.2736
0.25	-45	-40.4289
0.25	-45	-143.498
0.25	-45	43.8949
0.25	-45	-42.0047
0.25	-45	-176.713
0.25	-45	15.2192
0.25	-45	174.34
0.25	-45	118.469
0.25	-45	-3.84576
0.25	-45	-130.1
0.25	-45	50.5208
0.25	-45	101.557
0.25	-45	-113.593
0.25	-45	-89.9261
0.25	-45	-13.921
0.25	-45	-6.92338
0.25	-45	-144.376
0.25	-45	-128.177
0.25	-45	-172.344
0.25	-45	68.7075
0.25	-45	41.1213
0.25	-45	87.2411
0.25	-45	-62.5383
0.25	-45	49.7201
0.25	-45	148.216
0.25	-45	123.777
0.25	-45	129.519
0.25	-45	139.284
0.25	-45	-18.7578
0.25	-45	-35.5369
0.25	-45	132.025
0.25	-45	-18.671
0.25	-45	-88.4138
0.25	-45	68.4628
0.25	-45	-91.4308
0.25	-45	60.7964
0.25	-45	-102.748
0.25	-45	80.4906
0.25	-45	-40.3893
0.25	-45	-147.004
0.25	-45	176.929
0.25	-45	125.733
0.25	-45	66.6595
0.25	-45	-58.7257
0.25	-45	-123.26
0.25	-45	-34.3609
0.25	-45	-17.1827
0.25	-45	-94.4672
0.25	-45	179.766
0.25	-45	158.234
0.25	-45	161.418
0.25	-45	-83.4422
0.25	-45	126.095
0.25	-45	-3.10402
0.25	-45	-65.1703
0.25	-45	36.4595
0.25	-45	142.19
0.25	-45	147.073
0.25	-45	17.4249
0.25	-45	-160.025
0.25	-45	-20.806
0.25	-45	30.609
0.25	-45	-150.952
0.25	-45	-23.5886
0.25	-45	14.8498
0.25	-45	-26.7047
0.25	-45	18.4983
0.25	-45	-132.819
0.25	-45	-159.819
0.25	-45	-51.2815
0.25	-45	61.5469
0.25	-45	46.6017
0.25	-45	-121.427
0.25	-45	-15.5901
0.25	-45	-88.3586
0.25	-45	51.2863
0.25	-45	112.216
0.25	-45	143.299
0.25	-45	-144.749
0.25	-45	-49.6611
0.25	-45	145.216
0.25	-45	-155.642
0.25	-45	-79.5345
0.25	-45	-43.2639
0.25	-45	98.7285
0.25	-45	128.251
0.25	-45	-126.5
0.25	-45	-31.1961
0.25	-45	64.997
0.25	-45	-122.151
0.25	-45	-100.246
0.25	-45	101.033
0.25	-45	-100.509
0.25	-45	77.1
0.25	-45	105.155
0.25	-45	-83.0625
0.25	-45	-87.3333
0.25	-45	-97.9334
0.25	-45	-6.63575
0.25	-45	80.676
0.25	-45	-100.2
0.25	-45	-7.49699
0.25	-45	-137.637
0.25	-45	-2.85823
0.25	-45	83.6529
0.25	-45	-8.6608
0.25	-45	-118.012
0.25	-45	-126.977
0.25	-45	13.4982
0.25	-45	-24.6364
0.25	-45	-169.925
0.25	-45	123.952
0.25	-45	78.6137
0.25	-45	75.3613
0.25	-45	-136.01
0.25	-45	-62.4076
0.25	-45	146.911
0.25	-45	161.272
0.25	-45	-153.366
0.25	-45	-152.965
0.25	-45	-35.1675
0.25	-45	-105.611
0.25	-45	56.0663
0.25	-45	156.611
0.25	-45	60.6217
0.25	-45	141.242
0.25	-45	149.358
0.25	-45	-117.339
0.25	-45	-103.115
0.25	-45	110.105
0.25	-45	79.6377
0.25	-45	106.498
0.25	-45	120.018
0.25	-45	-133.686
0.25	-45	-68.6156
0.25	-45	51.0193
0.25	-45	88.1652
0.25	-45	110.521
0.25	-45	-85.8679
0.25	-45	-72.407
0.25	-45	22.3266
0.25	-45	-134.212
0.25	-45	-137.445
0.25	-45	122.225
0.25	-45	11.6579
0.25	-45	-127.266
0.25	-45	125.972
0.25	-45	57.5373
0.25	-45	-157.046
0.25	-45	79.2941
0.25	-45	100.036
0.25	-45	54.0917
0.25	-45	-7.07606
0.25	-45	-96.6475
0.25	-45	-57.6566
0.25	-45	74.1324
0.25	-45	-9.02282
0.25	-45	90.7436
0.25	-45	116.181
0.25	-45	-176.573
0.25	-45	92.1971
0.25	-45	-76.8981
0.25	-45	-77.4355
0.25	-45	-3.81663
0.25	-45	168.869
0.25	-45	-71.6704
0.25	-45	59.1217
0.25	-45	-94.8365
0.25	-45	-165.384
0.25	-45	-161.447
0.25	-45	-37.2246
0.25	-45	-86.1277
0.25	-45	104.251
0.25	-45	-167.898
0.25	-45	124.133
0.25	-45	56.2646
0.25	-45	37.1067
0.25	-45	-170.874
0.25	-45	38.0236
0.25	-45	66.2429
0.25	-45	85.0741
0.25	-45	82.2946
0.25	-45	132.771
0.25	-45	-12.8097
0.25	-45	-27.5124
0.25	-45	114.103
0.25	-45	-118.104
0.25	-45	93.618
0.25	-45	-6.21345
0.25	-45	89.1833
0.25	-45	161.377
0.25	-45	-13.6468
0.25	-45	160.36
0.25	-45	-15.8362
0.25	-45	51.5109
0.25	-45	-147.447
0.25	-45	-6.96233
0.25	-45	-164.614
0.25	-45	-114.938
0.25	-45	23.3069
0.25	-45	129.53
0.25	-45	-147.446
0.25	-45	-69.688
0.25	-45	-73.6778
0.25	-45	-15.3631
0.25	-45	-53.9968
0.25	-45	161.888
0.25	-45	-169.083
0.25	-45	-52.3231
0.25	-45	-30.0423
0.25	-45	158.262
0.25	-45	20.3313
0.25	-45	-167.585
0.25	-45	-69.655
0.25	-45	-111.856
0.25	-45	-47.8164
0.25	-45	-95.4893
0.25	-45	-139.973
0.25	-45	63.3201
0.25	-45	33.3652
0.25	-45	23.9792
0.25	-45	-26.7042
0.25	-45	131.967
0.25	-45	141.959
0.25	-45	-89.314
0.25	-45	10.5781
0.25	-45	-100.96
0.25	-45	97.9465
0.25	-45	17.2036
0.25	-45	130.557
0.25	-45	46.1972
0.25	-45	46.1302
0.25	-45	117.599
0.25	-45	29.5614
0.25	-45	-159.828
0.25	-45	64.6485
0.25	-45	-37.5422
0.25	-45	52.6805
0.25	-45	-148.742
0.25	-45	-11.2565
0.25	-45	-104.233
0.25	-45	67.0955
0.25	-45	177.332
0.25	-45	95.752
0.25	-45	172.931
0.25	-45	80.3067
0.25	-45	-135.031
0.25	-45	-115.104
0.25	-45	-107.207
0.25	-45	143.037
0.25	-45	154.145
0.25	-45	176.945
0.25	-45	-38.4997
0.25	-45	118.257
0.25	-45	-137.105
0.25	-45	-83.9231
0.25	-45	-156.627
0.25	-45	-13.9566
0.25	-45	-147.58
0.25	-45	80.3768
0.25	-45	-119.536
0.25	-45	-146.673
0.25	-45	173.617
0.25	-45	-80.2799
0.25	-45	168.69
0.25	-45	-37.9234
0.25	-45	-15.249
0.25	-45	16.4746
0.25	-45	177.231
0.25	-45	-103.984
0.25	-45	61.8453
0.25	-45	10.7351
0.25	-45	153.873
0.25	-45	-137.938
0.25	-45	140.376
0.25	-45	-21.4076
0.25	-45	125.151
0.25	-45	38.6997
0.25	-45	22.6534
0.25	-45	-1.00894
0.25	-45	87.3908
0.25	-45	-61.9113
0.25	-45	61.5824
0.25	-45	124.091
0.25	-45	-177.904
0.25	-45	-65.8421
0.25	-45	-6.19612
0.25	-45	-174.671
0.25	-45	105.782
0.25	-45	164.564
0.25	-45	14.2422
0.25	-45	-125.565
0.25	-45	-152.806
0.25	-45	-10.8997
0.25	-45	126.618
0.25	-45	13.321
0.25	-45	-5.3794
0.25	-45	-87.1184
0.25	-45	-171.803
0.25	-45	-110.813
0.25	-45	57.9014
0.25	-45	-139.89
0.25	-45	168.643
0.25	-45	-49.7524
0.25	-45	29.6376
0.25	-45	88.6773
0.25	-45	83.3391
0.25	-45	-123.912
0.25	-45	-71.9631
0.25	-45	117.716
0.25	-45	139.981
0.25	-45	107.831
0.25	-45	120.74
0.25	-45	157.842
0.25	-45	-89.2285
0.25	-45	-136.078
0.25	-45	-167.964
0.25	-45	-117.678
0.25	-45	-158.094
0.25	-45	107.101
0.25	-45	56.7964
0.25	-45	-94.4971
0.25	-45	136.854
0.25	-45	112.901
0.25	-45	97.8974
0.25	-45	110.383
0.25	-45	98.2472
0.25	-45	-153.66
0.25	-45	-8.93127
0.25	-45	15.1533
0.25	-45	-115.853
0.25	-45	-121.456
0.25	-45	63.1372
0.25	-45	145.135
0.25	-45	-143.512
0.25	-45	-80.7692
0.25	-45	143.345
0.25	-45	157.779
0.25	-45	-97.7709
0.25	-45	-101.383
0.25	-45	-124.397
0.25	-45	-34.3701
0.25	-45	172.926
0.25	-45	119.837
0.25	-45	-60.6051
0.25	-45	87.2469
0.25	-45	31.1011
0.25	-45	68.0542
0.25	-45	-178.484
0.25	-45	-122.078
0.25	-45	-91.1917
0.25	-45	17.0186
0.25	-45	-44.248
0.25	-45	-93.1874
0.25	-45	9.88073
0.25	-45	-176.189
0.25	-45	-155.3
0.25	-45	171.889
0.25	-45	67.3176
0.25	-45	127.878
0.25	-45	120.763
0.25	-45	120.03
0.25	-45	-100.895
0.25	-45	155.78
0.25	-45	48.5321
0.25	-45	-17.6202
0.25	-45	66.9213
0.25	-45	100.134
0.25	-45	129.32
0.25	-45	-51.2624
0.25	-45	-35.6091
0.25	-45	138.84
0.25	-45	112.658
0.25	-45	40.0879
0.25	-45	92.4199
0.25	-45	-27.268
0.25	-45	-122.856
0.25	-45	35.6793
0.25	-45	12.8811
0.25	-45	-166.285
0.25	-45	97.4085
0.25	-45	-60.5067
0.25	-45	-87.8645
0.25	-45	-137.239
0.25	-45	-151.773
0.25	-45	-80.4001
0.25	-45	-72.6593
0.25	-45	-176.935
0.25	-45	47.3497
0.25	-45	170.215
0.25	-45	-46.272
0.25	-45	20.418
0.25	-45	-23.0531
0.25	-45	71.6567
0.25	-45	-141.755
0.25	-45	-125.224
0.25	-45	-72.7296
0.25	-45	-91.7156
0.25	-45	-12.6887
0.25	-45	1.55599
0.25	-45	-133.013
0.25	-45	6.43607
0.25	-45	74.1265
0.25	-45	74.6307
0.25	-45	-81.254
0.25	-45	170.602
0.25	-45	-156.936
0.25	-45	-26.9223
0.25	-45	170.486
0.25	-45	23.8388
0.25	-45	-97.9191
0.25	-45	18.3637
0.25	-45	-153.485
0.25	-45	-45.3951
0.25	-45	115.75
0.25	-45	-100.947
0.25	-45	-162.168
0.25	-45	-128.976
0.25	-45	-131.057
0.25	-45	2.5845
0.25	-45	6.82854
0.25	-45	145.892
