pol	setting	phi
0.3	45	-73.3182
0.3	45	10.2411
0.3	45	7.83782
0.3	45	-35.8483
0.3	45	29.732
0.3	45	-130.222
0.3	45	146.789
0.3	45	120.124
0.3	45	113.983
0.3	45	-169.129
0.3	45	-48.2575
0.3	45	-107.294
0.3	45	-139.367
0.3	45	7.66897
0.3	45	-26.6362
0.3	45	-79.9723
0.3	45	9.48536
0.3	45	-177.68
0.3	45	178.968
0.3	45	-114.586
0.3	45	170.761
0.3	45	-175.938
0.3	45	-46.8942
0.3	45	163.349
0.3	45	94.6728
0.3	45	76.6842
0.3	45	-23.544
0.3	45	156.384
0.3	45	-168.775
0.3	45	-15.5824
0.3	45	-51.8081
0.3	45	82.4553
0.3	45	6.50667
0.3	45	-99.4378
0.3	45	-117.721
0.3	45	-11.8307
0.3	45	157.754
0.3	45	-177.384
0.3	45	113.776
0.3	45	118.177
0.3	45	79.7395
0.3	45	-10.8451
0.3	45	-157.161
0.3	45	-70.836
0.3	45	2.87939
0.3	45	-122.364
0.3	45	-110.648
0.3	45	91.4948
0.3	45	11.0612
0.3	45	93.8281
0.3	45	-37.724
0.3	45	-18.133
0.3	45	-58.292
0.3	45	77.9006
0.3	45	-12.8772
0.3	45	54.7991
0.3	45	-0.914773
0.3	45	-13.1233
0.3	45	-160.453
0.3	45	-117.881
0.3	45	171.407
0.3	45	40.3692
0.3	45	1.63497
0.3	45	0.801943
0.3	45	8.74794
0.3	45	115.129
0.3	45	-48.8268
0.3	45	-31.7835
0.3	45	-106.209
0.3	45	94.6504
0.3	45	-42.6183
0.3	45	-24.2444
0.3	45	108.573
0.3	45	95.2479
0.3	45	-55.4329
0.3	45	-114.487
0.3	45	-18.227
0.3	45	-98.2878
0.3	45	160.168
0.3	45	-129.854
0.3	45	130.519
0.3	45	-163.066
0.3	45	26.4287
0.3	45	164.691
0.3	45	-56.6138
0.3	45	48.8709
0.3	45	-10.063
0.3	45	16.4333
0.3	45	-98.9309
0.3	45	130.019
0.3	45	-93.355
0.3	45	-68.404
0.3	45	4.58646
0.3	45	73.9835
0.3	45	152.376
0.3	45	100.699
0.3	45	172.724
0.3	45	-86.5408
0.3	45	-103.461
0.3	45	-85.6896
0.3	45	-14.1979
0.3	45	-146.236
0.3	45	-132.854
0.3	45	160.129
0.3	45	-65.2609
0.3	45	67.9826
0.3	45	2.79813
0.3	45	6.48093
0.3	45	0.106428
0.3	45	-52.424
0.3	45	-80.5086
0.3	45	127.584
0.3	45	-98.565
0.3	45	172.524
0.3	45	-103.23
0.3	45	9.92944
0.3	45	-154.696
0.3	45	149.924
0.3	45	-60.4317
0.3	45	-77.7762
0.3	45	-21.6887
0.3	45	-140.722
0.3	45	66.4146
0.3	45	159.206
0.3	45	85.6766
0.3	45	-54.1449
0.3	45	104.001
0.3	45	-40.6707
0.3	45	-96.6115
0.3	45	140.449
0.3	45	-123.156
0.3	45	-137.69
0.3	45	11.3111
0.3	45	-33.9849
0.3	45	-176.275
0.3	45	-80.8964
0.3	45	-93.5203
0.3	45	-68.9669
0.3	45	11.964
0.3	45	-98.4211
0.3	45	89.1944
0.3	45	58.2247
0.3	45	17.779
0.3	45	113.745
0.3	45	-95.5551
0.3	45	94.0279
0.3	45	-65.5801
0.3	45	-169.49
0.3	45	45.5078
0.3	45	125.326
0.3	45	49.1408
0.3	45	-137.075
0.3	45	-59.3286
0.3	45	-169.805
0.3	45	-97.9398
0.3	45	125.853
0.3	45	-21.5375
0.3	45	-52.5595
0.3	45	-160.621
0.3	45	40.0869
0.3	45	141.592
0.3	45	0.0751703
0.3	45	49.2411
0.3	45	-165.482
0.3	45	-141.043
0.3	45	176.377
0.3	45	-102.748
0.3	45	21.8505
0.3	45	-84.0457
0.3	45	59.8478
0.3	45	109.609
0.3	45	7.32206
0.3	45	30.5527
0.3	45	-158.882
0.3	45	45.1174
0.3	45	103.349
0.3	45	-11.2732
0.3	45	9.5824
0.3	45	42.8998
0.3	45	107.975
0.3	45	110.53
0.3	45	-177.874
0.3	45	42.8635
0.3	45	-153.314
0.3	45	38.534
0.3	45	3.79587
0.3	45	-124.834
0.3	45	132.093
0.3	45	-35.7855
0.3	45	-75.8542
0.3	45	-123.07
0.3	45	130.146
0.3	45	104.623
0.3	45	40.0788
0.3	45	-10.2748
0.3	45	108.935
0.3	45	116.852
0.3	45	-123.786
0.3	45	-53.784
0.3	45	45.5157
0.3	45	-113.633
0.3	45	118.162
0.3	45	165.975
0.3	45	151.689
0.3	45	-93.4318
0.3	45	33.6141
0.3	45	-40.9226
0.3	45	-14.9272
0.3	45	54.4932
0.3	45	-48.0155
0.3	45	64.1917
0.3	45	22.6496
0.3	45	-159.6
0.3	45	-160.742
0.3	45	-103.01
0.3	45	169.715
0.3	45	33.5915
0.3	45	-81.7395
0.3	45	-90.4898
0.3	45	95.3941
0.3	45	-170.667
0.3	45	-6.90295
0.3	45	47.6615
0.3	45	-50.9928
0.3	45	42.815
0.3	45	-25.4861
0.3	45	165.505
0.3	45	-70.2733
0.3	45	-52.2712
0.3	45	102.082
0.3	45	-174.415
0.3	45	-177.875
0.3	45	160.509
0.3	45	-99.5576
0.3	45	-22.7692
0.3	45	159.258
0.3	45	-100.601
0.3	45	-44.0841
0.3	45	75.18
0.3	45	96.1099
0.3	45	102.399
0.3	45	-167.992
0.3	45	-165.025
0.3	45	165.174
0.3	45	-171.774
0.3	45	10.3141
0.3	45	73.724
0.3	45	-174.668
0.3	45	31.0381
0.3	45	-93.1376
0.3	45	86.6102
0.3	45	69.0737
0.3	45	155.574
0.3	45	-20.093
0.3	45	65.0852
0.3	45	-109.991
0.3	45	128.872
0.3	45	-158.518
0.3	45	-19.7553
0.3	45	68.9655
0.3	45	-106.474
0.3	45	-109.827
0.3	45	124.854
0.3	45	121.725
0.3	45	-93.6816
0.3	45	-173.806
0.3	45	75.7591
0.3	45	149.404
0.3	45	152.456
0.3	45	52.9233
0.3	45	110.093
0.3	45	119.595
0.3	45	96.8767
0.3	45	-62.1678
0.3	45	-53.345
0.3	45	-139.121
0.3	45	93.3646
0.3	45	-109.216
0.3	45	-105.893
0.3	45	-156.033
0.3	45	-166.956
0.3	45	153.909
0.3	45	156.186
0.3	45	100.259
0.3	45	-75.181
0.3	45	66.257
0.3	45	172.574
0.3	45	92.9278
0.3	45	156.351
0.3	45	120.066
0.3	45	28.7754
0.3	45	126.055
0.3	45	125.67
0.3	45	-158.457
0.3	45	168.719
0.3	45	-54.8343
0.3	45	-112.52
0.3	45	155.191
0.3	45	57.0108
0.3	45	-33.9113
0.3	45	-62.3619
0.3	45	152.805
0.3	45	87.3109
0.3	45	162.366
0.3	45	167.144
0.3	45	-78.8284
0.3	45	137.115
0.3	45	30.2846
0.3	45	-93.7853
0.3	45	-165.081
0.3	45	54.3869
0.3	45	115.046
0.3	45	17.302
0.3	45	-144.269
0.3	45	150.93
0.3	45	-82.9508
0.3	45	-131.326
0.3	45	-153.391
0.3	45	14.9187
0.3	45	-100.767
0.3	45	102.04
0.3	45	-176.251
0.3	45	-60.9338
0.3	45	-106.719
0.3	45	114.856
0.3	45	-163.594
0.3	45	-8.05302
0.3	45	122.603
0.3	45	129.912
0.3	45	5.73449
0.3	45	57.296
0.3	45	175.101
0.3	45	-161.85
0.3	45	137.7
0.3	45	70.7536
0.3	45	-20.9259
0.3	45	113.685
0.3	45	178.832
0.3	45	-134.012
0.3	45	-86.9417
0.3	45	-64.3913
0.3	45	142.897
0.3	45	-175.11
0.3	45	-82.6038
0.3	45	-16.8992
0.3	45	-47.3296
0.3	45	-63.0704
0.3	45	179.662
0.3	45	-37.3096
0.3	45	92.4887
0.3	45	149.352
0.3	45	-46.4056
0.3	45	-13.4359
0.3	45	-141.734
0.3	45	-33.4931
0.3	45	120.983
0.3	45	-82.2589
0.3	45	87.8603
0.3	45	11.6661
0.3	45	-34.6493
0.3	45	117.253
0.3	45	-2.86123
0.3	45	152.479
0.3	45	5.43178
0.3	45	-27.2693
0.3	45	-162.554
0.3	45	-55.3097
0.3	45	137.543
0.3	45	-27.7405
0.3	45	146.228
0.3	45	-3.26902
0.3	45	81.2528
0.3	45	11.084
0.3	45	-9.24814
0.3	45	-107.322
0.3	45	172.53
0.3	45	-111.748
0.3	45	86.1158
0.3	45	49.6312
0.3	45	-18.6941
0.3	45	-74.5585
0.3	45	39.124
0.3	45	-26.5916
0.3	45	20.9986
0.3	45	118.414
0.3	45	117.557
0.3	45	-105.136
0.3	45	-16.0267
0.3	45	44.6635
0.3	45	175.425
0.3	45	75.5733
0.3	45	140.802
0.3	45	-68.019
0.3	45	103.281
0.3	45	2.1836
0.3	45	84.8733
0.3	45	-105.013
0.3	45	96.5003
0.3	45	3.02691
0.3	45	-35.3663
0.3	45	112.081
0.3	45	-90.0029
0.3	45	-117.66
0.3	45	134.872
0.3	45	-61.1977
0.3	45	134.179
0.3	45	-13.8311
0.3	45	-103.935
0.3	45	-79.6142
0.3	45	-1.86213
0.3	45	-132.545
0.3	45	130.323
0.3	45	-107.889
0.3	45	-2.66854
0.3	45	-82.7528
0.3	45	80.7954
0.3	45	-27.4892
0.3	45	-64.1661
0.3	45	83.2431
0.3	45	115.815
0.3	45	-88.4525
0.3	45	7.14192
0.3	45	-112.479
0.3	45	-175.583
0.3	45	138.972
0.3	45	-176.404
0.3	45	87.6801
0.3	45	159.756
0.3	45	-75.621
0.3	45	-142.585
0.3	45	-153.341
0.3	45	89.3557
0.3	45	-19.5925
0.3	45	27.4623
0.3	45	-120.783
0.3	45	-95.5569
0.3	45	-140.425
0.3	45	33.4848
0.3	45	26.7801
0.3	45	-109.153
0.3	45	21.4652
0.3	45	-177.277
0.3	45	-14.2186
0.3	45	121.31
0.3	45	167.595
0.3	45	-70.2115
0.3	45	68.6125
0.3	45	-139.839
0.3	45	-132.773
0.3	45	-135.521
0.3	45	-90.5712
0.3	45	79.7429
0.3	45	131.166
0.3	45	-175.654
0.3	45	-93.0677
0.3	45	21.1068
0.3	45	-117.186
0.3	45	23.8885
0.3	45	-33.3134
0.3	45	-119.31
0.3	45	-127.803
0.3	45	-71.8039
0.3	45	18.0238
0.3	45	174.08
0.3	45	66.4273
0.3	45	-106.711
0.3	45	63.8124
0.3	45	-134.799
0.3	45	-57.2581
0.3	45	111.409
0.3	45	153.153
0.3	45	119.197
0.3	45	-34.8014
0.3	45	99.3189
0.3	45	170.036
0.3	45	-116.51
0.3	45	154.23
0.3	45	-3.11966
0.3	45	116.222
0.3	45	139.089
0.3	45	-71.1315
0.3	45	151.183
0.3	45	-3.94285
0.3	45	145.656
0.3	45	84.7418
0.3	45	-157.566
0.3	45	98.397
0.3	45	92.8231
0.3	45	-59.0338
0.3	45	112.338
0.3	45	-162.745
0.3	45	-152.911
0.3	45	-135.878
0.3	45	-145.779
0.3	45	-31.2939
0.3	45	81.2644
0.3	45	34.3953
0.3	45	121.753
0.3	45	-172.024
0.3	45	70.4802
0.3	45	-124.961
0.3	45	-22.7408
0.3	45	-21.4545
0.3	45	42.6576
0.3	45	-148.98
0.3	45	112.576
0.3	45	-13.163
0.3	45	152.779
0.3	45	-111.499
0.3	45	-6.12366
0.3	45	-1.3866
0.3	45	-154.881
0.3	45	179.706
0.3	45	106.381
0.3	45	16.6918
0.3	45	89.17
0.3	45	93.6269
0.3	45	124.561
0.3	45	-61.6616
0.3	45	-178.423
0.3	45	-155.569
0.3	45	43.8759
0.3	45	138.774
0.3	45	61.5592
0.3	45	-134.379
0.3	45	122.193
0.3	45	-170.813
0.3	45	-141.216
0.3	45	136.265
0.3	45	-39.4637
0.3	45	138.76
0.3	45	101.469
0.3	45	90.9958
0.3	45	-6.68873
0.3	45	21.7564
0.3	45	-1.30082
0.3	45	-163.558
0.3	45	-77.0336
0.3	45	-123.651
0.3	45	-156.905
0.3	45	-35.3581
0.3	45	-7.0053
0.3	45	151.773
0.3	45	178.075
0.3	45	-125.364
0.3	45	102.747
0.3	45	-29.3134
0.3	45	98.272
0.3	45	-80.7703
0.3	45	-128.903
0.3	45	-178.363
0.3	45	119.555
0.3	45	179.717
0.3	45	-122.308
0.3	45	54.0523
0.3	45	137.017
0.3	45	166.156
0.3	45	104.515
0.3	45	48.5704
0.3	45	-24.2347
0.3	45	-90.0607
0.3	45	-51.5785
0.3	45	-108.819
0.3	45	135.825
0.3	45	-70.4835
0.3	45	101.632
0.3	45	-166.376
0.3	45	88.7236
0.3	45	124.653
0.3	45	-20.337
0.3	45	69.8256
0.3	45	-104.796
0.3	45	151.142
0.3	45	65.8787
0.3	45	153.221
0.3	45	-129.783
0.3	45	46.4543
0.3	45	-12.043
0.3	45	162.774
0.3	45	67.9256
0.3	45	33.5605
0.3	45	-69.7733
0.3	45	-51.3293
0.3	45	43.418
0.3	45	-150.433
0.3	45	73.6494
0.3	45	147.905
0.3	45	-90.6073
0.3	45	128.58
0.3	45	-45.2266
0.3	45	-174.507
0.3	45	-42.9113
0.3	45	-158.068
0.3	45	0.891771
0.3	45	-170.097
0.3	45	12.6183
0.3	45	68.7332
0.3	45	28.189
0.3	45	127.633
0.3	45	-95.1049
0.3	45	-64.525
0.3	45	71.47
0.3	45	35.5654
0.3	45	-106.403
0.3	45	165.208
0.3	45	-140.991
0.3	45	173.024
0.3	45	92.4937
0.3	45	-109.959
0.3	45	-20.4219
0.3	45	153.128
0.3	45	-11.3843
0.3	45	25.7472
0.3	45	161.06
0.3	45	128.383
0.3	45	112.983
0.3	45	-100.014
0.3	45	18.2632
0.3	45	-70.3417
0.3	45	-145.566
0.3	45	-159.381
0.3	45	-93.152
0.3	45	25.1127
0.3	45	154.854
0.3	45	95.4232
0.3	45	-145.048
0.3	45	-69.4059
0.3	45	-112.315
0.3	45	168.063
0.3	45	-87.9363
0.3	45	80.6291
0.3	45	89.7613
0.3	45	102.919
0.3	45	166.096
0.3	45	135.636
0.3	45	-158.993
0.3	45	122.377
0.3	45	130.006
0.3	45	-75.8194
0.3	45	170.259
0.3	45	143.974
0.3	45	52.5377
0.3	45	-41.8922
0.3	45	-65.8884
0.3	45	-39.8616
0.3	45	-22.9103
0.3	45	-54.3815
0.3	45	18.5997
0.3	45	-129.363
0.3	45	-34.1006
0.3	45	-40.3925
0.3	45	-17.9145
0.3	45	8.58783
0.3	45	115.871
0.3	45	127.142
0.3	45	-118.207
0.3	45	-26.1665
0.3	45	-177.118
0.3	45	-37.6032
0.3	45	169.802
0.3	45	-18.4363
0.3	45	-114.552
0.3	45	-95.2785
0.3	45	-31.1267
0.3	45	-72.0034
0.3	45	162.594
0.3	45	56.3238
0.3	45	-50.4685
0.3	45	23.3602
0.3	45	123.507
0.3	45	-73.2767
0.3	45	144.429
0.3	45	-163.291
0.3	45	-56.0141
0.3	45	140.887
0.3	45	-107.294
0.3	45	26.8073
0.3	45	73.9901
0.3	45	-161.937
0.3	45	41.8721
0.3	45	-130.429
0.3	45	141.214
0.3	45	75.3356
0.3	45	-51.8862
0.3	45	-19.829
0.3	45	174.967
0.3	45	-161.256
0.3	45	-59.2425
0.3	45	74.2215
0.3	45	47.4661
0.3	45	-72.2992
0.3	45	-83.2466
0.3	45	-116.611
0.3	45	110.802
0.3	45	71.2096
0.3	45	54.9078
0.3	45	-79.7011
0.3	45	-57.3069
0.3	45	-94.9546
0.3	45	170.816
0.3	45	93.6716
0.3	45	-122.147
0.3	45	-28.0977
0.3	45	128.127
0.3	45	93.4181
0.3	45	-5.86905
0.3	45	117.926
0.3	45	-16.1264
0.3	45	-170.855
0.3	45	21.479
0.3	45	-45.606
0.3	45	-56.3632
0.3	45	-90.0638
0.3	45	47.9107
0.3	45	118.936
0.3	45	-118.451
0.3	45	-65.9006
0.3	45	76.1269
0.3	45	134.905
0.3	45	38.8008
0.3	45	148.036
0.3	45	-143.942
0.3	45	21.6173
0.3	45	-25.7497
0.3	45	-31.9216
0.3	45	-41.1509
0.3	45	-49.7966
0.3	45	-165.847
0.3	45	-58.8625
0.3	45	152.341
0.3	45	136.269
0.3	45	-114.383
0.3	45	158.231
0.3	45	121.764
0.3	45	-77.4324
0.3	45	-152.197
0.3	45	-73.9741
0.3	45	-122.599
0.3	45	-80.6466
0.3	45	-61.7769
0.3	45	-75.826
0.3	45	-148.795
0.3	45	67.3488
0.3	45	-178.969
0.3	45	30.0098
0.3	45	129.45
0.3	45	96.1177
0.3	45	-174.659
0.3	45	176.205
0.3	45	-90.7822
0.3	45	77.5185
0.3	45	112.402
0.3	45	-48.8136
0.3	45	87.3342
0.3	45	-118.871
0.3	45	5.52859
0.3	45	-140.287
0.3	45	-150.55
0.3	45	-102.099
0.3	45	36.4117
0.3	45	-23.5507
0.3	45	121.436
0.3	45	89.0915
0.3	45	-31.9493
0.3	45	-92.4104
0.3	45	121.375
0.3	45	-25.6338
0.3	45	51.8893
0.3	45	114.469
0.3	45	170.352
0.3	45	170.172
0.3	45	37.726
0.3	45	118.217
0.3	45	138.103
0.3	45	80.9089
0.3	45	76.596
0.3	45	-89.0065
0.3	45	34.2615
0.3	45	-33.574
0.3	45	58.636
0.3	45	-126.679
0.3	45	-10.3597
0.3	45	-26.6777
0.3	45	-177.362
0.3	45	51.6047
0.3	45	-100.075
0.3	45	-5.55981
0.3	45	83.7238
0.3	45	-19.35
0.3	45	151.246
0.3	45	-16.4669
0.3	45	-7.93138
0.3	45	-178.025
0.3	45	-33.7068
0.3	45	-11.2582
0.3	45	93.3961
0.3	45	-76.4583
0.3	45	119.03
0.3	45	0.901637
0.3	45	-32.27
0.3	45	36.5754
0.3	45	-114.11
0.3	45	106.285
0.3	45	108.097
0.3	45	-94.6188
0.3	45	-15.1037
0.3	45	-12.0574
0.3	45	89.3094
0.3	45	-152.857
0.3	45	-118.039
0.3	45	-128.242
0.3	45	-20.3942
0.3	45	123.743
0.3	45	76.4062
0.3	45	-97.2726
0.3	45	29.7923
0.3	45	163.825
0.3	45	63.0802
0.3	45	-165.945
0.3	45	106.978
0.3	45	-152.948
0.3	45	-49.5548
0.3	45	-115.665
0.3	45	104.053
0.3	45	-166.274
0.3	45	-12.6799
0.3	45	12.9693
0.3	45	-86.9264
0.3	45	-63.3458
0.3	45	-4.68972
0.3	45	-126.97
0.3	45	115.702
0.3	45	-147.032
0.3	45	122.933
0.3	45	108.342
0.3	45	68.0222
0.3	45	104.57
0.3	45	137.465
0.3	45	-122.131
0.3	45	57.8952
0.3	45	-173.663
0.3	45	-23.4325
0.3	45	0.236648
0.3	45	30.9698
0.3	45	176.077
0.3	45	-138.373
0.3	45	45.8329
0.3	45	123.836
0.3	45	8.86825
0.3	45	-139.02
0.3	45	120.93
0.3	45	81.9258
0.3	45	108.663
0.3	45	4.46257
0.3	45	-41.3342
0.3	45	-36.845
0.3	45	29.3101
0.3	45	-83.9227
0.3	45	-170.454
0.3	45	175.39
0.3	45	-113.413
0.3	45	-75.7429
0.3	45	-106.203
0.3	45	-86.4419
0.3	45	-57.9725
0.3	45	-109.221
0.3	45	161.784
0.3	45	31.9422
0.3	45	-141.383
0.3	45	-16.4842
0.3	45	70.9684
0.3	45	-44.8053
0.3	45	-59.2577
0.3	45	89.3723
0.3	45	31.3323
0.3	45	-13.9495
0.3	45	-153.637
0.3	45	57.6476
0.3	45	151.899
0.3	45	114.273
0.3	45	-141.199
0.3	45	-34.4796
0.3	45	-73.0165
0.3	45	-118.64
0.3	45	131.95
0.3	45	-3.62879
0.3	45	44.5408
0.3	45	-161.474
0.3	45	-89.618
0.3	45	8.3986
0.3	45	41.6098
0.3	45	30.7998
0.3	45	108.029
0.3	45	41.3996
0.3	45	-145.957
0.3	45	153.912
0.3	45	-37.5532
0.3	45	133.598
0.3	45	55.6628
0.3	45	12.836
0.3	45	-139.397
0.3	45	163.215
0.3	45	128.24
0.3	45	147.762
0.3	45	29.433
0.3	45	41.8523
0.3	45	41.8116
0.3	45	-32.7757
0.3	45	-170.979
0.3	45	42.5365
0.3	45	76.2861
0.3	45	157.188
0.3	45	-78.9035
0.3	45	-157.377
0.3	45	-36.1991
0.3	45	68.2036
0.3	45	-43.8106
0.3	45	89.3219
0.3	45	62.2986
0.3	45	34.2047
0.3	45	-24.6751
0.3	45	51.124
0.3	45	-37.0659
0.3	45	71.935
0.3	45	13.9443
0.3	45	-89.0239
0.3	45	17.2834
0.3	45	11.463
0.3	45	64.8338
0.3	45	-112.367
0.3	45	172.405
0.3	45	-93.7073
0.3	45	-147.019
0.3	45	-109.929
0.3	45	-13.0598
0.3	45	154.171
0.3	45	122.635
0.3	45	-56.2701
0.3	45	-167.343
0.3	45	-130.724
0.3	45	38.8604
0.3	45	174.557
0.3	45	97.6933
0.3	45	-169.344
0.3	45	172.53
0.3	45	-46.0676
0.3	45	-103.387
0.3	45	27.1727
0.3	45	62.6402
0.3	45	-179.558
0.3	45	-88.1928
0.3	45	7.82214
0.3	45	90.8514
0.3	45	142.428
0.3	45	-111.385
0.3	45	104.55
0.3	45	49.919
0.3	45	-11.3025
0.3	45	169.373
0.3	45	-64.8976
0.3	45	123.434
0.3	45	-16.4228
0.3	45	78.1848
0.3	45	40.5259
0.3	45	-154.63
0.3	45	-177.392
0.3	45	59.2846
0.3	45	82.5564
0.3	45	150.072
0.3	45	73.7705
0.3	45	-20.794
0.3	45	-161.153
0.3	45	-30.2769
0.3	45	-123.065
0.3	45	-86.8585
0.3	45	-174.218
0.3	45	-45.861
0.3	45	-131.517
0.3	45	12.439
0.3	45	128.757
0.3	45	-90.0807
0.3	45	98.1405
0.3	45	-162.354
0.3	45	102.804
0.3	45	88.2664
0.3	45	147.813
0.3	45	-77.1054
0.3	45	-155.388
0.3	45	-11.9848
0.3	45	43.7944
0.3	45	25.9384
0.3	45	-20.0554
0.3	45	-115.331
0.3	45	-160.21
0.3	45	-56.9672
0.3	45	119.76
0.3	45	91.4289
0.3	45	92.8215
0.3	45	-107.645
0.3	45	136.05
0.25	-45	-120.734
0.25	-45	-99.6146
0.25	-45	-167.256
0.25	-45	-18.8864
0.25	-45	159.715
0.25	-45	-88.4937
0.25	-45	78.3835
0.25	-45	121.269
0.25	-45	-179.677
0.25	-45	15.045
0.25	-45	167.24
0.25	-45	140.875
0.25	-45	110.698
0.25	-45	-163.477
0.25	-45	-172.817
0.25	-45	67.8283
0.25	-45	105.879
0.25	-45	-6.39354
0.25	-45	-36.5999
0.25	-45	-118.222
0.25	-45	19.2987
0.25	-45	-19.2554
0.25	-45	-119.961
0.25	-45	-56.1636
0.25	-45	144.706
0.25	-45	-92.6841
0.25	-45	147.655
0.25	-45	64.6473
0.25	-45	46.0464
0.25	-45	130.223
0.25	-45	-134.165
0.25	-45	171.262
0.25	-45	-116.886
0.25	-45	154.081
0.25	-45	-29.3366
0.25	-45	133.887
0.25	-45	-129.059
0.25	-45	-58.2446
0.25	-45	177.449
0.25	-45	-30.246
0.25	-45	155.972
0.25	-45	131.995
0.25	-45	-114.479
0.25	-45	-14.9024
0.25	-45	-48.494
0.25	-45	-167.944
0.25	-45	32.0335
0.25	-45	-143.336
0.25	-45	-37.7725
0.25	-45	-58.9717
0.25	-45	-146.134
0.25	-45	1.98488
0.25	-45	127.842
0.25	-45	-50.5551
0.25	-45	-172.575
0.25	-45	23.1876
0.25	-45	144.142
0.25	-45	-69.6209
0.25	-45	28.9236
0.25	-45	110.664
0.25	-45	-71.7559
0.25	-45	97.3508
0.25	-45	-173.584
0.25	-45	-122.95
0.25	-45	-142.547
0.25	-45	-5.37262
0.25	-45	-38.3631
0.25	-45	-136.229
0.25	-45	-126.68
0.25	-45	137.185
0.25	-45	124.903
0.25	-45	110.084
0.25	-45	80.3186
0.25	-45	-52.6537
0.25	-45	-57.407
0.25	-45	107.951
0.25	-45	-141.88
0.25	-45	-179.762
0.25	-45	-179.635
0.25	-45	34.5711
0.25	-45	-159.437
0.25	-45	53.7018
0.25	-45	-78.6829
0.25	-45	110.709
0.25	-45	67.7637
0.25	-45	158.598
0.25	-45	-163.242
0.25	-45	-34.32
0.25	-45	143.66
0.25	-45	-14.6375
0.25	-45	173.758
0.25	-45	45.3887
0.25	-45	108.681
0.25	-45	102.417
0.25	-45	-98.3571
0.25	-45	-122.033
0.25	-45	-134.842
0.25	-45	35.7528
0.25	-45	52.0972
0.25	-45	-143.841
0.25	-45	-148.249
0.25	-45	-86.5309
0.25	-45	-165.306
0.25	-45	43.7639
0.25	-45	80.5915
0.25	-45	-51.9556
0.25	-45	-146.818
0.25	-45	64.6433
0.25	-45	110.641
0.25	-45	0.116388
0.25	-45	-141.902
0.25	-45	-166.223
0.25	-45	-70.072
0.25	-45	150.661
0.25	-45	-51.3858
0.25	-45	-136.353
0.25	-45	60.3485
0.25	-45	-67.4908
0.25	-45	-144.92
0.25	-45	-160.84
0.25	-45	-1.9039
0.25	-45	-22.0409
0.25	-45	118.26
0.25	-45	141.092
0.25	-45	-39.584
0.25	-45	-120.385
0.25	-45	132.81
0.25	-45	-13.0039
0.25	-45	-135.123
0.25	-45	-121.768
0.25	-45	-135.599
0.25	-45	-46.2482
0.25	-45	68.2185
0.25	-45	80.4484
0.25	-45	-63.1251
0.25	-45	-95.0213
0.25	-45	138.169
0.25	-45	87.6965
0.25	-45	64.1571
0.25	-45	-73.9141
0.25	-45	-47.2222
0.25	-45	93.4994
0.25	-45	-140.55
0.25	-45	14.2016
0.25	-45	-0.831112
0.25	-45	89.1732
0.25	-45	-175.666
0.25	-45	-69.121
0.25	-45	-0.230381
0.25	-45	44.6078
0.25	-45	127.942
0.25	-45	10.1363
0.25	-45	-56.4391
0.25	-45	-23.1523
0.25	-45	150.671
0.25	-45	86.8859
0.25	-45	-133.327
0.25	-45	67.276
0.25	-45	-46.7297
0.25	-45	-136.509
0.25	-45	-133.167
0.25	-45	95.7084
0.25	-45	73.1723
0.25	-45	-54.611
0.25	-45	51.3082
0.25	-45	111.586
0.25	-45	-126.689
0.25	-45	120.988
0.25	-45	116.37
0.25	-45	164.938
0.25	-45	-157.762
0.25	-45	95.7116
0.25	-45	-66.7417
0.25	-45	-37.329
0.25	-45	48.3654
0.25	-45	-79.7534
0.25	-45	-139.314
0.25	-45	150.919
0.25	-45	38.1608
0.25	-45	61.4464
0.25	-45	-84.3267
0.25	-45	154.957
0.25	-45	-169.307
0.25	-45	-96.4443
0.25	-45	-128.673
0.25	-45	-133.636
0.25	-45	150.129
0.25	-45	-37.4249
0.25	-45	14.0465
0.25	-45	-85.6743
0.25	-45	54.4131
0.25	-45	25.5579
0.25	-45	50.7724
0.25	-45	117.515
0.25	-45	80.8334
0.25	-45	-53.8059
0.25	-45	-161.279
0.25	-45	19.527
0.25	-45	39.7498
0.25	-45	-89.1704
0.25	-45	104.607
0.25	-45	-44.1261
0.25	-45	-54.6979
0.25	-45	-97.6333
0.25	-45	-53.0626
0.25	-45	-42.5619
0.25	-45	22.0235
0.25	-45	-9.03863
0.25	-45	-24.308
0.25	-45	19.1629
0.25	-45	147.968
0.25	-45	26.2769
0.25	-45	148.802
0.25	-45	124.713
0.25	-45	-165.08
0.25	-45	91.6707
0.25	-45	70.6067
0.25	-45	25.7294
0.25	-45	123.909
0.25	-45	-8.51425
0.25	-45	-6.25106
0.25	-45	1.04996
0.25	-45	-88.1123
0.25	-45	-37.0404
0.25	-45	-53.6925
0.25	-45	-59.2814
0.25	-45	174.007
0.25	-45	0.411089
0.25	-45	-80.3142
0.25	-45	25.5711
0.25	-45	-88.5289
0.25	-45	1.91925
0.25	-45	60.3968
0.25	-45	-175.124
0.25	-45	-139.743
0.25	-45	-141.488
0.25	-45	-18.5942
0.25	-45	162.096
0.25	-45	-69.3144
0.25	-45	29.3329
0.25	-45	161.349
0.25	-45	-31.1541
0.25	-45	40.6645
0.25	-45	-107.279
0.25	-45	94.7751
0.25	-45	165.675
0.25	-45	-144.567
0.25	-45	-167.91
0.25	-45	80.2786
0.25	-45	65.6986
0.25	-45	-2.20039
0.25	-45	133.462
0.25	-45	-136.566
0.25	-45	130.101
0.25	-45	-62.4156
0.25	-45	175.084
0.25	-45	115.156
0.25	-45	-46.5567
0.25	-45	82.4321
0.25	-45	102.54
0.25	-45	49.8527
0.25	-45	79.463
0.25	-45	10.4171
0.25	-45	-157.042
0.25	-45	100.797
0.25	-45	-55.2178
0.25	-45	135.807
0.25	-45	-51.0251
0.25	-45	73.3685
0.25	-45	89.8691
0.25	-45	76.3775
0.25	-45	-127.679
0.25	-45	36.5679
0.25	-45	-35.1358
0.25	-45	-34.5407
0.25	-45	138.774
0.25	-45	93.0644
0.25	-45	157.342
0.25	-45	35.1903
0.25	-45	158.838
0.25	-45	9.57424
0.25	-45	110.323
0.25	-45	103.056
0.25	-45	13.6489
0.25	-45	58.148
0.25	-45	-69.7074
0.25	-45	-70.1785
0.25	-45	-114.082
0.25	-45	-132.843
0.25	-45	-28.8117
0.25	-45	104.382
0.25	-45	93.1132
0.25	-45	162.486
0.25	-45	-27.6419
0.25	-45	-100.915
0.25	-45	169.038
0.25	-45	-69.513
0.25	-45	-86.9878
0.25	-45	8.04045
0.25	-45	-25.5854
0.25	-45	105.36
0.25	-45	-175.807
0.25	-45	85.0158
0.25	-45	2.54428
0.25	-45	-17.3611
0.25	-45	58.3022
0.25	-45	-49.9622
0.25	-45	148.584
0.25	-45	104.038
0.25	-45	143.419
0.25	-45	114.295
0.25	-45	-157.488
0.25	-45	50.7456
0.25	-45	-64.5522
0.25	-45	-158.962
0.25	-45	-172.27
0.25	-45	85.3032
0.25	-45	179.281
0.25	-45	-34.8122
0.25	-45	-145.018
0.25	-45	116.804
0.25	-45	-46.3103
0.25	-45	123.74
0.25	-45	80.5008
0.25	-45	13.3275
0.25	-45	-125.026
0.25	-45	81.1978
0.25	-45	70.0218
0.25	-45	150.266
0.25	-45	-151.044
0.25	-45	34.7977
0.25	-45	-40.5176
0.25	-45	-114.04
0.25	-45	89.3055
0.25	-45	-28.6487
0.25	-45	21.7076
0.25	-45	93.6014
0.25	-45	-56.9309
0.25	-45	-126.914
0.25	-45	-46.8775
0.25	-45	134.003
0.25	-45	86.5191
0.25	-45	87.5725
0.25	-45	-129.832
0.25	-45	80.2685
0.25	-45	152.272
0.25	-45	-55.719
0.25	-45	-88.646
0.25	-45	-14.3116
0.25	-45	-150.483
0.25	-45	-20.3432
0.25	-45	-146.773
0.25	-45	88.9961
0.25	-45	133.337
0.25	-45	-26.7581
0.25	-45	-15.3636
0.25	-45	78.3445
0.25	-45	71.84
0.25	-45	-29.6933
0.25	-45	57.7291
0.25	-45	97.6032
0.25	-45	63.7423
0.25	-45	112.125
0.25	-45	-161.952
0.25	-45	12.7777
0.25	-45	-120.799
0.25	-45	-63.3724
0.25	-45	-12.7002
0.25	-45	176.99
0.25	-45	-126.451
0.25	-45	-135.049
0.25	-45	-176.795
0.25	-45	59.134
0.25	-45	44.7579
0.25	-45	-29.6687
0.25	-45	-76.2282
0.25	-45	-117.955
0.25	-45	12.2844
0.25	-45	98.3941
0.25	-45	-74.9326
0.25	-45	87.7196
0.25	-45	81.4171
0.25	-45	111.151
0.25	-45	-70.9262
0.25	-45	-9.05137
0.25	-45	168.219
0.25	-45	167.499
0.25	-45	-176.902
0.25	-45	-32.7995
0.25	-45	-82.9183
0.25	-45	105.445
0.25	-45	70.2074
0.25	-45	-169.184
0.25	-45	10.2719
0.25	-45	39.528
0.25	-45	-0.549309
0.25	-45	13.1293
0.25	-45	-106.273
0.25	-45	-3.88553
0.25	-45	-174.753
0.25	-45	30.6534
0.25	-45	151.02
0.25	-45	102.58
0.25	-45	121.929
0.25	-45	-46.4769
0.25	-45	89.1443
0.25	-45	36.5123
0.25	-45	43.8463
0.25	-45	-83.1683
0.25	-45	62.3412
0.25	-45	-97.6826
0.25	-45	100.003
0.25	-45	-115.829
0.25	-45	54.9412
0.25	-45	119.418
0.25	-45	-43.7997
0.25	-45	-43.1829
0.25	-45	-158.246
0.25	-45	3.12428
0.25	-45	39.7829
0.25	-45	-38.8348
0.25	-45	50.1924
0.25	-45	-138.05
0.25	-45	-68.6674
0.25	-45	-28.4011
0.25	-45	-97.3391
0.25	-45	-174.086
0.25	-45	2.98713
0.25	-45	-97.76
0.25	-45	162.544
0.25	-45	-162.174
0.25	-45	178.349
0.25	-45	127.36
0.25	-45	149.858
0.25	-45	-145.431
0.25	-45	106.521
0.25	-45	-144.503
0.25	-45	-136.239
0.25	-45	-156.566
0.25	-45	158.706
0.25	-45	103.041
0.25	-45	81.2759
0.25	-45	56.4701
0.25	-45	64.8835
0.25	-45	36.3502
0.25	-45	54.2168
0.25	-45	-104.998
0.25	-45	-142.655
0.25	-45	121.556
0.25	-45	60.298
0.25	-45	25.2209
0.25	-45	-97.7851
0.25	-45	55.081
0.25	-45	-135.213
0.25	-45	-121.493
0.25	-45	-176.513
0.25	-45	118.621
0.25	-45	-177.698
0.25	-45	32.8719
0.25	-45	104.295
0.25	-45	-68.9525
0.25	-45	5.05257
0.25	-45	-125.789
0.25	-45	79.0679
0.25	-45	-93.4997
0.25	-45	-123.589
0.25	-45	92.2719
0.25	-45	53.8216
0.25	-45	-73.2108
0.25	-45	144.218
0.25	-45	-98.132
0.25	-45	-34.9133
0.25	-45	-160.265
0.25	-45	66.1212
0.25	-45	-41.4882
0.25	-45	-37.5588
0.25	-45	-143.221
0.25	-45	36.6921
0.25	-45	-152.321
0.25	-45	-95.9405
0.25	-45	-135.535
0.25	-45	81.348
0.25	-45	130.762
0.25	-45	56.2978
0.25	-45	-148.193
0.25	-45	152.68
0.25	-45	0.349099
0.25	-45	173.319
0.25	-45	-22.7751
0.25	-45	-70.1561
0.25	-45	133.923
0.25	-45	103.603
0.25	-45	156.668
0.25	-45	-2.39851
0.25	-45	120.638
0.25	-45	138.97
0.25	-45	-137.045
0.25	-45	40.1536
0.25	-45	-153.671
0.25	-45	-94.9303
0.25	-45	46.8957
0.25	-45	51.3873
0.25	-45	-153.402
0.25	-45	-149.839
0.25	-45	44.2238
0.25	-45	82.7931
0.25	-45	-116.248
0.25	-45	-39.615
0.25	-45	-16.5685
0.25	-45	144.866
0.25	-45	-28.7141
0.25	-45	63.3246
0.25	-45	81.2349
0.25	-45	-120.45
0.25	-45	-24.6449
0.25	-45	68.5005
0.25	-45	-174.086
0.25	-45	-70.7958
0.25	-45	163.258
0.25	-45	-132.089
0.25	-45	-78.7335
0.25	-45	21.4677
0.25	-45	57.1386
0.25	-45	-7.5311
0.25	-45	50.3762
0.25	-45	-94.9482
0.25	-45	-31.0421
0.25	-45	-50.3535
0.25	-45	-145.487
0.25	-45	-161.75
0.25	-45	-153.184
0.25	-45	160.502
0.25	-45	-166.633
0.25	-45	-55.4516
0.25	-45	85.4634
0.25	-45	-17.0907
0.25	-45	33.943
0.25	-45	98.7249
0.25	-45	-160.135
0.25	-45	-5.84415
0.25	-45	-17.9224
0.25	-45	-147.169
0.25	-45	-130.753
0.25	-45	-140.716
0.25	-45	151.466
0.25	-45	87.5543
0.25	-45	-59.1325
0.25	-45	132.862
0.25	-45	91.9158
0.25	-45	-102.786
0.25	-45	109.688
0.25	-45	-102.424
0.25	-45	-40.5618
0.25	-45	74.5405
0.25	-45	163.632
0.25	-45	39.2362
0.25	-45	42.8055
0.25	-45	-115.36
0.25	-45	19.2714
0.25	-45	173.173
0.25	-45	-64.0331
0.25	-45	57.16
0.25	-45	179.061
0.25	-45	106.486
0.25	-45	-139.208
0.25	-45	70.8267
0.25	-45	71.8679
0.25	-45	69.5801
0.25	-45	69.7778
0.25	-45	-154.422
0.25	-45	-8.18448
0.25	-45	-36.1447
0.25	-45	118.619
0.25	-45	164.057
0.25	-45	178.67
0.25	-45	68.3861
0.25	-45	-83.1139
0.25	-45	142.152
0.25	-45	-101.309
0.25	-45	172.656
0.25	-45	-0.966307
0.25	-45	168.194
0.25	-45	47.0029
0.25	-45	-160.099
0.25	-45	-56.3566
0.25	-45	108.892
0.25	-45	-22.4099
0.25	-45	79.3181
0.25	-45	-58.7122
0.25	-45	37.6857
0.25	-45	142.389
0.25	-45	-32.1619
0.25	-45	-35.5932
0.25	-45	-74.3104
0.25	-45	-28.6403
0.25	-45	75.6358
0.25	-45	-63.8537
0.25	-45	169.871
0.25	-45	164.623
0.25	-45	-140.697
0.25	-45	-157.922
0.25	-45	92.2226
0.25	-45	-177.658
0.25	-45	-157.882
0.25	-45	-7.9119
0.25	-45	4.52476
0.25	-45	8.9418
0.25	-45	106.287
0.25	-45	-174.752
0.25	-45	28.837
0.25	-45	-85.9129
0.25	-45	25.8518
0.25	-45	-135.158
0.25	-45	158.939
0.25	-45	-123.225
0.25	-45	106.599
0.25	-45	-13.5243
0.25	-45	-35.1159
0.25	-45	-177.066
0.25	-45	-32.7646
0.25	-45	-88.1715
0.25	-45	133.647
0.25	-45	-21.8627
0.25	-45	69.4025
0.25	-45	-120.91
0.25	-45	147.62
0.25	-45	92.146
0.25	-45	-38.599
0.25	-45	168.416
0.25	-45	8.56699
0.25	-45	-160.794
0.25	-45	-55.7924
0.25	-45	-102.549
0.25	-45	97.5384
0.25	-45	-15.5737
0.25	-45	-64.0051
0.25	-45	-175.594
0.25	-45	-104.599
0.25	-45	-65.4709
0.25	-45	25.8569
0.25	-45	-102.336
0.25	-45	15.5716
0.25	-45	19.3523
0.25	-45	33.55
0.25	-45	41.6811
0.25	-45	-92.822
0.25	-45	-122.222
0.25	-45	89.3041
0.25	-45	70.3512
0.25	-45	-77.6122
0.25	-45	9.49808
0.25	-45	-31.2627
0.25	-45	67.3847
0.25	-45	133.75
0.25	-45	57.7225
0.25	-45	-126.812
0.25	-45	69.615
0.25	-45	74.9061
0.25	-45	-177.392
0.25	-45	143.079
0.25	-45	98.4853
0.25	-45	-99.8278
0.25	-45	-123.019
0.25	-45	-160.983
0.25	-45	72.8752
0.25	-45	81.0099
0.25	-45	134.653
0.25	-45	-12.6696
0.25	-45	-32.5943
0.25	-45	78.7046
0.25	-45	91.0897
0.25	-45	-127.355
0.25	-45	-127.871
0.25	-45	-127.318
0.25	-45	-25.6238
0.25	-45	50.6266
0.25	-45	-154.241
0.25	-45	72.4798
0.25	-45	138.215
0.25	-45	100.399
0.25	-45	154.344
0.25	-45	-144.503
0.25	-45	148.015
0.25	-45	157.236
0.25	-45	67.5174
0.25	-45	46.3057
0.25	-45	-153.802
0.25	-45	91.4282
0.25	-45	37.0738
0.25	-45	143.76
0.25	-45	117.962
0.25	-45	-38.7734
0.25	-45	172.443
0.25	-45	82.2792
0.25	-45	-91.9602
0.25	-45	-5.11275
0.25	-45	140.639
0.25	-45	-126.076
0.25	-45	125.658
0.25	-45	-148.577
0.25	-45	-103.197
0.25	-45	-79.3871
0.25	-45	-47.1063
0.25	-45	113.127
0.25	-45	160.335
0.25	-45	52.1285
0.25	-45	-15.9639
0.25	-45	-0.651959
0.25	-45	142.207
0.25	-45	-154.581
0.25	-45	14.7504
0.25	-45	177.239
0.25	-45	86.2073
0.25	-45	-166.889
0.25	-45	-49.542
0.25	-45	-134.969
0.25	-45	121.544
0.25	-45	152.454
0.25	-45	-107.028
0.25	-45	-102.337
0.25	-45	-152.285
0.25	-45	-111.133
0.25	-45	-104.452
0.25	-45	-162.858
0.25	-45	89.829
0.25	-45	-140.658
0.25	-45	113.493
0.25	-45	111.856
0.25	-45	-164.685
0.25	-45	158.499
0.25	-45	124.438
0.25	-45	-127.062
0.25	-45	36.4803
0.25	-45	-37.8023
0.25	-45	113.713
0.25	-45	52.3837
0.25	-45	163.389
0.25	-45	-79.7312
0.25	-45	-163.112
0.25	-45	-10.8692
0.25	-45	141.408
0.25	-45	-126.598
0.25	-45	-146.709
0.25	-45	167.735
0.25	-45	146.258
0.25	-45	-91.7286
0.25	-45	-56.1231
0.25	-45	-71.1712
0.25	-45	160.262
0.25	-45	19.6549
0.25	-45	-154.473
0.25	-45	-112.823
0.25	-45	75.9451
0.25	-45	35.7253
0.25	-45	12.4278
0.25	-45	72.1001
0.25	-45	-32.4672
0.25	-45	-71.2117
0.25	-45	-152.299
0.25	-45	-120.39
0.25	-45	67.6543
0.25	-45	-38.4902
0.25	-45	-166.495
0.25	-45	-126.185
0.25	-45	-163.291
0.25	-45	-90.3396
0.25	-45	-94.5175
0.25	-45	4.32088
0.25	-45	102.301
0.25	-45	104.803
0.25	-45	-98.6691
0.25	-45	52.2232
0.25	-45	-141.599
0.25	-45	74.7939
0.25	-45	39.2394
0.25	-45	-45.8657
0.25	-45	-117.262
0.25	-45	-116.813
0.25	-45	-87.6086
0.25	-45	2.31615
0.25	-45	77.4368
0.25	-45	-16.0753
0.25	-45	65.739
0.25	-45	-9.46273
0.25	-45	-141.561
0.25	-45	-136.084
0.25	-45	46.1597
0.25	-45	109.33
0.25	-45	11.1555
0.25	-45	-26.8594
0.25	-45	-175.601
0.25	-45	-72.2202
0.25	-45	-124.303
0.25	-45	7.21317
0.25	-45	-10.9782
0.25	-45	58.399
0.25	-45	-137.447
0.25	-45	-6.35534
0.25	-45	-61.1246
0.25	-45	-0.645955
