pol	setting	phi
0.3	45	-163.647
0.3	45	-29.2544
0.3	45	26.995
0.3	45	-35.1985
0.3	45	-61.2487
0.3	45	151.867
0.3	45	-40.8586
0.3	45	-35.2311
0.3	45	104.975
0.3	45	89.0659
0.3	45	19.3263
0.3	45	-0.616742
0.3	45	71.2811
0.3	45	-113.918
0.3	45	102.186
0.3	45	-104.69
0.3	45	112.722
0.3	45	-107.983
0.3	45	9.65443
0.3	45	-43.5524
0.3	45	123.897
0.3	45	-44.7743
0.3	45	31.8273
0.3	45	13.4888
0.3	45	-131.539
0.3	45	94.9143
0.3	45	-14.6974
0.3	45	29.0851
0.3	45	-147.499
0.3	45	67.6115
0.3	45	72.6591
0.3	45	-128.684
0.3	45	168.542
0.3	45	-19.1195
0.3	45	87.6856
0.3	45	-87.1669
0.3	45	-114.981
0.3	45	-29.2358
0.3	45	-86.6134
0.3	45	91.7596
0.3	45	-81.8214
0.3	45	-77.9949
0.3	45	162.931
0.3	45	-161.983
0.3	45	82.8742
0.3	45	128.859
0.3	45	-116.005
0.3	45	-49.6999
0.3	45	-8.45486
0.3	45	-2.15607
0.3	45	51.8185
0.3	45	14.685
0.3	45	-22.8062
0.3	45	149.303
0.3	45	109.856
0.3	45	126.418
0.3	45	-15.6555
0.3	45	-170.168
0.3	45	94.2652
0.3	45	84.647
0.3	45	47.4103
0.3	45	11.212
0.3	45	152.522
0.3	45	6.99192
0.3	45	-68.9377
0.3	45	-19.2125
0.3	45	-98.4269
0.3	45	-176.614
0.3	45	172.386
0.3	45	96.0341
0.3	45	-63.9486
0.3	45	154.269
0.3	45	-79.9014
0.3	45	-93.5131
0.3	45	87.9578
0.3	45	-148.795
0.3	45	134.776
0.3	45	47.6299
0.3	45	35.4867
0.3	45	-63.2603
0.3	45	-55.2712
0.3	45	21.9954
0.3	45	-120.182
0.3	45	-46.0766
0.3	45	20.9449
0.3	45	177.593
0.3	45	48.3807
0.3	45	-77.3143
0.3	45	-17.0256
0.3	45	152.467
0.3	45	47.4019
0.3	45	174.539
0.3	45	-120.918
0.3	45	71.4113
0.3	45	73.4776
0.3	45	-95.067
0.3	45	-44.7244
0.3	45	111.516
0.3	45	61.5851
0.3	45	49.0175
0.3	45	50.1841
0.3	45	-45.5211
0.3	45	-78.0159
0.3	45	-33.52
0.3	45	-60.9391
0.3	45	-158.553
0.3	45	-14.2847
0.3	45	68.8348
0.3	45	-20.2336
0.3	45	150.661
0.3	45	-151.547
0.3	45	-12.4351
0.3	45	108.648
0.3	45	119.237
0.3	45	31.6798
0.3	45	15.9284
0.3	45	39.6508
0.3	45	53.4041
0.3	45	-80.3716
0.3	45	-71.6805
0.3	45	-67.5483
0.3	45	31.7902
0.3	45	128.308
0.3	45	-150.808
0.3	45	92.0444
0.3	45	-176.092
0.3	45	-61.8092
0.3	45	164.992
0.3	45	-29.3934
0.3	45	-0.0198039
0.3	45	-62.9406
0.3	45	87.3855
0.3	45	96.7166
0.3	45	-115.809
0.3	45	-98.3241
0.3	45	-30.6821
0.3	45	171.919
0.3	45	-83.6003
0.3	45	-67.7481
0.3	45	23.5035
0.3	45	-149.962
0.3	45	53.86
0.3	45	23.5359
0.3	45	109.481
0.3	45	-170.719
0.3	45	-33.0038
0.3	45	7.61096
0.3	45	-85.1423
0.3	45	-2.37026
0.3	45	-24.645
0.3	45	-155.918
0.3	45	-153.505
0.3	45	18.2492
0.3	45	-35.5063
0.3	45	150.658
0.3	45	-36.7917
0.3	45	-22.2717
0.3	45	93.9382
0.3	45	-127.834
0.3	45	36.1038
0.3	45	-45.2055
0.3	45	171.853
0.3	45	35.2816
0.3	45	-3.96632
0.3	45	-25.2509
0.3	45	24.8521
0.3	45	37.5714
0.3	45	-87.3498
0.3	45	120.911
0.3	45	176.763
0.3	45	152.884
0.3	45	-121.767
0.3	45	-50.3631
0.3	45	-29.1814
0.3	45	-129.058
0.3	45	-103.631
0.3	45	124.908
0.3	45	0.966436
0.3	45	-2.90066
0.3	45	9.62883
0.3	45	-31.3019
0.3	45	-31.915
0.3	45	-34.9672
0.3	45	-174.083
0.3	45	-1.98744
0.3	45	100.874
0.3	45	-139.716
0.3	45	-175.653
0.3	45	174.187
0.3	45	130.727
0.3	45	158.186
0.3	45	-164.717
0.3	45	42.5923
0.3	45	147.896
0.3	45	108.107
0.3	45	-105.937
0.3	45	-21.6413
0.3	45	-54.3096
0.3	45	-131.479
0.3	45	114.923
0.3	45	49.1739
0.3	45	1.85266
0.3	45	131.426
0.3	45	95.3747
0.3	45	-63.9445
0.3	45	117.846
0.3	45	-97.8043
0.3	45	142.512
0.3	45	146.115
0.3	45	-103.87
0.3	45	92.7808
0.3	45	-72.688
0.3	45	-160.418
0.3	45	108.221
0.3	45	149.479
0.3	45	-110.575
0.3	45	103.297
0.3	45	60.4666
0.3	45	37.9918
0.3	45	146.249
0.3	45	18.4047
0.3	45	-2.88484
0.3	45	159.601
0.3	45	-154.8
0.3	45	5.37242
0.3	45	130.924
0.3	45	-86.7197
0.3	45	72.74
0.3	45	-117.824
0.3	45	41.1824
0.3	45	128.216
0.3	45	-158.491
0.3	45	-53.7993
0.3	45	-41.0512
0.3	45	140.854
0.3	45	44.9458
0.3	45	160.513
0.3	45	1.48148
0.3	45	-51.4171
0.3	45	133.273
0.3	45	-82.1204
0.3	45	-149.115
0.3	45	-60.6084
0.3	45	57.3688
0.3	45	-46.3818
0.3	45	-45.5126
0.3	45	-66.5519
0.3	45	164.368
0.3	45	-94.3449
0.3	45	-138.496
0.3	45	14.4248
0.3	45	80.7594
0.3	45	-134.084
0.3	45	39.3489
0.3	45	120.492
0.3	45	42.5384
0.3	45	157.323
0.3	45	-138.758
0.3	45	-179.787
0.3	45	132.271
0.3	45	142.362
0.3	45	-100.087
0.3	45	5.79666
0.3	45	52.0361
0.3	45	-155.432
0.3	45	143.678
0.3	45	130.084
0.3	45	54.176
0.3	45	-37.6353
0.3	45	-101.365
0.3	45	-0.841251
0.3	45	-108.243
0.3	45	-133.083
0.3	45	153.243
0.3	45	148.654
0.3	45	73.1671
0.3	45	12.7705
0.3	45	93.8839
0.3	45	52.8288
0.3	45	-55.187
0.3	45	-66.2304
0.3	45	27.8042
0.3	45	-46.3702
0.3	45	92.6176
0.3	45	12.4663
0.3	45	-40.0326
0.3	45	-91.7944
0.3	45	109.908
0.3	45	109.651
0.3	45	77.2392
0.3	45	-40.4087
0.3	45	-106.439
0.3	45	168.203
0.3	45	176.509
0.3	45	-120.45
0.3	45	163.129
0.3	45	-37.9606
0.3	45	150.821
0.3	45	-68.3155
0.3	45	-145.565
0.3	45	1.26592
0.3	45	146.334
0.3	45	-99.9538
0.3	45	-175.401
0.3	45	-79.486
0.3	45	-160.699
0.3	45	-62.8915
0.3	45	-28.1722
0.3	45	41.5815
0.3	45	11.5042
0.3	45	46.3447
0.3	45	-82.7569
0.3	45	-7.96347
0.3	45	175.534
0.3	45	165.99
0.3	45	173.615
0.3	45	13.2797
0.3	45	-37.3444
0.3	45	-62.275
0.3	45	-170.454
0.3	45	32.5609
0.3	45	-94.7595
0.3	45	25.8645
0.3	45	50.0676
0.3	45	37.51
0.3	45	161.129
0.3	45	-104.97
0.3	45	38.3063
0.3	45	22.5359
0.3	45	-172.88
0.3	45	64.7299
0.3	45	-174.799
0.3	45	-170.156
0.3	45	51.5137
0.3	45	-37.844
0.3	45	52.5823
0.3	45	-173.354
0.3	45	-78.7339
0.3	45	163.357
0.3	45	63.0206
0.3	45	30.8653
0.3	45	-137.607
0.3	45	-132.892
0.3	45	-159.755
0.3	45	-90.5604
0.3	45	132.184
0.3	45	60.1857
0.3	45	175.733
0.3	45	109.484
0.3	45	-26.7042
0.3	45	-16.4337
0.3	45	-46.5997
0.3	45	52.715
0.3	45	159.694
0.3	45	19.9771
0.3	45	50.9056
0.3	45	0.878817
0.3	45	137.641
0.3	45	-102.644
0.3	45	-131.076
0.3	45	-165.868
0.3	45	42.3884
0.3	45	-179.925
0.3	45	-56.8409
0.3	45	94.3744
0.3	45	-24.6501
0.3	45	-143.756
0.3	45	-32.0065
0.3	45	-32.6407
0.3	45	8.58253
0.3	45	-62.2358
0.3	45	51.6749
0.3	45	-176.157
0.3	45	-2.01153
0.3	45	-50.259
0.3	45	-45.1399
0.3	45	148.45
0.3	45	-18.2035
0.3	45	73.5664
0.3	45	75.9366
0.3	45	-143.154
0.3	45	-147.975
0.3	45	-61.2317
0.3	45	144.874
0.3	45	141.328
0.3	45	-14.5522
0.3	45	-7.57886
0.3	45	178.212
0.3	45	-153.234
0.3	45	163.264
0.3	45	-60.3927
0.3	45	-50.6628
0.3	45	121.352
0.3	45	23.2388
0.3	45	-130.938
0.3	45	100.569
0.3	45	28.8988
0.3	45	-61.8705
0.3	45	2.82068
0.3	45	-122.385
0.3	45	94.1983
0.3	45	-158.713
0.3	45	-67.1224
0.3	45	123.86
0.3	45	1.47081
0.3	45	-100.641
0.3	45	18.0678
0.3	45	74.7473
0.3	45	70.6087
0.3	45	-63.8517
0.3	45	28.6464
0.3	45	-35.7574
0.3	45	15.8679
0.3	45	13.3014
0.3	45	-178.486
0.3	45	-112.151
0.3	45	25.2546
0.3	45	-154.788
0.3	45	-150.861
0.3	45	-170.832
0.3	45	174.359
0.3	45	105.224
0.3	45	-105.547
0.3	45	29.9619
0.3	45	-60.7462
0.3	45	-134.446
0.3	45	64.4817
0.3	45	85.1231
0.3	45	91.1189
0.3	45	-26.9097
0.3	45	140.568
0.3	45	150.834
0.3	45	123.467
0.3	45	-35.2555
0.3	45	-106.93
0.3	45	-57.1351
0.3	45	-149.16
0.3	45	152.593
0.3	45	-38.4709
0.3	45	-86.8399
0.3	45	-65.0692
0.3	45	-175.488
0.3	45	10.5236
0.3	45	-74.1324
0.3	45	-83.4216
0.3	45	-169.439
0.3	45	52.8152
0.3	45	-49.6988
0.3	45	-148.577
0.3	45	21.456
0.3	45	-31.513
0.3	45	-80.7248
0.3	45	-102.525
0.3	45	-151.23
0.3	45	84.6845
0.3	45	-26.2306
0.3	45	-24.9874
0.3	45	-132.193
0.3	45	136.36
0.3	45	154.384
0.3	45	-3.01223
0.3	45	81.6609
0.3	45	36.0182
0.3	45	21.0349
0.3	45	-152.403
0.3	45	-117.477
0.3	45	147.086
0.3	45	140.091
0.3	45	-49.9688
0.3	45	71.0558
0.3	45	-123.096
0.3	45	104.888
0.3	45	-76.4566
0.3	45	1.41991
0.3	45	87.5034
0.3	45	-172.653
0.3	45	-23.8327
0.3	45	86.2228
0.3	45	90.9138
0.3	45	63.2919
0.3	45	2.30107
0.3	45	0.395758
0.3	45	-1.83942
0.3	45	102.152
0.3	45	81.8184
0.3	45	-9.96117
0.3	45	59.312
0.3	45	133.219
0.3	45	29.4933
0.3	45	7.53651
0.3	45	29.0893
0.3	45	-102.815
0.3	45	-158.884
0.3	45	-125.423
0.3	45	-48.8755
0.3	45	57.2179
0.3	45	-27.744
0.3	45	4.25458
0.3	45	-79.0072
0.3	45	40.1972
0.3	45	73.1682
0.3	45	132.326
0.3	45	-161.897
0.3	45	86.9535
0.3	45	-41.593
0.3	45	151.297
0.3	45	-93.6157
0.3	45	5.54302
0.3	45	159.797
0.3	45	-43.5089
0.3	45	-151.614
0.3	45	172.344
0.3	45	-3.4997
0.3	45	-179.118
0.3	45	164.319
0.3	45	146.547
0.3	45	24.9718
0.3	45	-68.9014
0.3	45	-28.5711
0.3	45	124.329
0.3	45	8.82461
0.3	45	-48.1641
0.3	45	166.935
0.3	45	151.834
0.3	45	131.288
0.3	45	28.9201
0.3	45	-126.886
0.3	45	-52.0095
0.3	45	132.146
0.3	45	-146.208
0.3	45	60.5069
0.3	45	-163.748
0.3	45	98.9149
0.3	45	136.142
0.3	45	30.5596
0.3	45	48.3572
0.3	45	39.0546
0.3	45	-54.3788
0.3	45	2.59133
0.3	45	162.214
0.3	45	-73.8803
0.3	45	178.142
0.3	45	-135.927
0.3	45	146.864
0.3	45	-153.618
0.3	45	49.253
0.3	45	-171.843
0.3	45	98.1445
0.3	45	160.456
0.3	45	133.246
0.3	45	-95.9479
0.3	45	-9.44947
0.3	45	-40.7098
0.3	45	-28.9222
0.3	45	-103.142
0.3	45	155.66
0.3	45	-142.61
0.3	45	118.322
0.3	45	-87.5169
0.3	45	51.1204
0.3	45	38.907
0.3	45	104.281
0.3	45	-175.66
0.3	45	-10.0198
0.3	45	2.19623
0.3	45	-44.6283
0.3	45	-57.973
0.3	45	-7.61531
0.3	45	-89.0947
0.3	45	116.594
0.3	45	37.7306
0.3	45	-171.452
0.3	45	-176.035
0.3	45	-103.908
0.3	45	136.843
0.3	45	-143.489
0.3	45	35.5593
0.3	45	-8.36112
0.3	45	137.901
0.3	45	128.708
0.3	45	43.708
0.3	45	-58.2953
0.3	45	-166.664
0.3	45	48.5004
0.3	45	178.42
0.3	45	-163.856
0.3	45	-164.003
0.3	45	-73.7729
0.3	45	70.1065
0.3	45	105.477
0.3	45	135.365
0.3	45	71.3729
0.3	45	-68.9336
0.3	45	178.307
0.3	45	0.468756
0.3	45	150.725
0.3	45	-151.68
0.3	45	160.172
0.3	45	80.3591
0.3	45	104.739
0.3	45	-62.2323
0.3	45	-46.2439
0.3	45	-122.474
0.3	45	160.312
0.3	45	57.5563
0.3	45	132.161
0.3	45	-111.991
0.3	45	77.1361
0.3	45	175.983
0.3	45	-105.514
0.3	45	140.071
0.3	45	-90.071
0.3	45	105.778
0.3	45	119.774
0.3	45	-119.114
0.3	45	-161.642
0.3	45	-51.2748
0.3	45	-152.736
0.3	45	-40.2235
0.3	45	151.774
0.3	45	159.471
0.3	45	56.0715
0.3	45	10.5602
0.3	45	-46.8079
0.3	45	34.5963
0.3	45	-51.9621
0.3	45	97.3478
0.3	45	-102.093
0.3	45	-44.0994
0.3	45	167.09
0.3	45	52.2863
0.3	45	-24.4837
0.3	45	-16.0358
0.3	45	-176.763
0.3	45	72.664
0.3	45	-24.5304
0.3	45	35.3054
0.3	45	82.17
0.3	45	120.125
0.3	45	162.588
0.3	45	-96.8191
0.3	45	-166.457
0.3	45	-111.499
0.3	45	91.1238
0.3	45	62.3877
0.3	45	-3.70351
0.3	45	3.56434
0.3	45	140.354
0.3	45	57.6102
0.3	45	-174.965
0.3	45	-17.4506
0.3	45	-39.7274
0.3	45	-20.0566
0.3	45	-2.3764
0.3	45	138.313
0.3	45	7.0419
0.3	45	-23.9136
0.3	45	2.2089
0.3	45	19.1957
0.3	45	-124.566
0.3	45	-68.859
0.3	45	-169.379
0.3	45	-104.603
0.3	45	-52.5699
0.3	45	-17.3352
0.3	45	45.236
0.3	45	-84.2892
0.3	45	177.834
0.3	45	145.227
0.3	45	141.027
0.3	45	-41.401
0.3	45	-103.03
0.3	45	147.091
0.3	45	5.8104
0.3	45	116.272
0.3	45	-120.409
0.3	45	162.851
0.3	45	-6.02658
0.3	45	108.443
0.3	45	-104.067
0.3	45	-96.7404
0.3	45	-175.184
0.3	45	172.414
0.3	45	27.08
0.3	45	-93.4547
0.3	45	111.347
0.3	45	2.6171
0.3	45	96.2057
0.3	45	129.448
0.3	45	-79.5528
0.3	45	-155.151
0.3	45	-121.392
0.3	45	-115.72
0.3	45	-59.9805
0.3	45	51.163
0.3	45	-104.486
0.3	45	-34.9927
0.3	45	-10.6711
0.3	45	-134.489
0.3	45	125.366
0.3	45	165.368
0.3	45	-171.298
0.3	45	17.2632
0.3	45	-71.8225
0.3	45	101.148
0.3	45	-16.5376
0.3	45	149.539
0.3	45	-0.713903
0.3	45	-60.3519
0.3	45	24.7054
0.3	45	71.4845
0.3	45	176.099
0.3	45	51.8315
0.3	45	-55.991
0.3	45	14.0125
0.3	45	100.558
0.3	45	126.705
0.3	45	72.5265
0.3	45	49.5281
0.3	45	-112.46
0.3	45	127.812
0.3	45	-125.332
0.3	45	171.345
0.3	45	114.801
0.3	45	-118.326
0.3	45	-125.326
0.3	45	158.559
0.3	45	146.394
0.3	45	-38.6456
0.3	45	102.673
0.3	45	-62.8539
0.3	45	-34.8515
0.3	45	-152.968
0.3	45	-163.948
0.3	45	-164.243
0.3	45	145.965
0.3	45	159.795
0.3	45	50.3549
0.3	45	-106.773
0.3	45	-158.389
0.3	45	-62.8665
0.3	45	46.6612
0.3	45	-16.9218
0.3	45	-154.83
0.3	45	-50.1398
0.3	45	149.909
0.3	45	-81.3066
0.3	45	108.977
0.3	45	-146.378
0.3	45	46.6832
0.3	45	-49.1409
0.3	45	-69.7005
0.3	45	90.2133
0.3	45	-7.23657
0.3	45	-169.846
0.3	45	158.48
0.3	45	-163.594
0.3	45	-55.1291
0.3	45	71.327
0.3	45	-114.232
0.3	45	-47.855
0.3	45	38.9495
0.3	45	96.3118
0.3	45	-0.156424
0.3	45	-139.055
0.3	45	-122.411
0.3	45	-32.0814
0.3	45	7.59109
0.3	45	108.774
0.3	45	-52.0792
0.3	45	177.097
0.3	45	-165.824
0.3	45	-78.202
0.3	45	-128.666
0.3	45	109.617
0.3	45	12.7529
0.3	45	80.7202
0.3	45	99.8357
0.3	45	-163.721
0.3	45	137.641
0.3	45	10.6335
0.3	45	-135.55
0.3	45	-74.9409
0.3	45	126.497
0.3	45	45.3574
0.3	45	85.1317
0.3	45	116.915
0.3	45	-51.6762
0.3	45	31.4198
0.3	45	-36.7882
0.3	45	-172.408
0.3	45	-74.893
0.3	45	-85.6873
0.3	45	68.8946
0.3	45	-121.153
0.3	45	29.0654
0.3	45	31.1411
0.3	45	-126.888
0.3	45	25.5709
0.3	45	-111.949
0.3	45	57.7309
0.3	45	-48.1968
0.3	45	96.7094
0.3	45	-134.716
0.3	45	-9.95253
0.3	45	-28.0126
0.3	45	106.005
0.3	45	137.729
0.3	45	150.863
0.3	45	-46.4617
0.3	45	-163.658
0.3	45	-77.0323
0.3	45	-23.5458
0.3	45	46.5898
0.3	45	99.9504
0.3	45	170.322
0.3	45	-179.064
0.3	45	-29.6649
0.3	45	121.109
0.3	45	-116.51
0.3	45	37.0307
0.3	45	140.791
0.3	45	16.3944
0.3	45	-154.43
0.3	45	-151.518
0.3	45	76.322
0.3	45	-127.344
0.3	45	-67.3655
0.3	45	135.302
0.3	45	-66.286
0.3	45	-135.332
0.3	45	173.021
0.3	45	77.7451
0.3	45	-6.96703
0.3	45	102.043
0.3	45	107.891
0.3	45	-122.488
0.3	45	-79.9115
0.3	45	171.471
0.3	45	-92.9789
0.3	45	-59.448
0.3	45	102.2
0.3	45	-21.1852
0.3	45	-4.31683
0.3	45	-179.691
0.3	45	71.6395
0.3	45	-122.424
0.3	45	137.115
0.3	45	-27.5567
0.3	45	93.5964
0.3	45	81.0564
0.3	45	88.2134
0.3	45	27.6209
0.3	45	146.803
0.3	45	-69.5291
0.3	45	25.5836
0.3	45	-155.342
0.3	45	116.348
0.3	45	95.6756
0.3	45	82.5667
0.3	45	-116.047
0.3	45	97.1397
0.3	45	-132.253
0.3	45	69.0653
0.3	45	136.078
0.3	45	-171.166
0.3	45	-53.171
0.3	45	51.4756
0.3	45	-20.1567
0.3	45	91.5455
0.3	45	-124.008
0.3	45	-156.902
0.3	45	-20.1455
0.3	45	-159.038
0.3	45	87.2725
0.3	45	-50.1278
0.3	45	-40.3003
0.3	45	-111.397
0.3	45	-41.6299
0.3	45	-122.602
0.3	45	123.998
0.3	45	-19.822
0.3	45	-96.7781
0.3	45	0.918238
0.3	45	76.8618
0.3	45	-88.623
0.3	45	142.177
0.3	45	-8.92843
0.3	45	-99.7999
0.3	45	-106.056
0.3	45	-154.646
0.3	45	22.6262
0.3	45	117.345
0.3	45	169.923
0.3	45	1.44619
0.3	45	159.346
0.3	45	-126.938
0.3	45	110.313
0.3	45	-86.5864
0.3	45	-83.9843
0.3	45	22.1673
0.3	45	128.589
0.3	45	-16.8954
0.3	45	-167.343
0.3	45	55.0275
0.3	45	167.422
0.3	45	110.84
0.3	45	78.2162
0.3	45	-157.597
0.3	45	118.703
0.3	45	55.43
0.3	45	122.717
0.3	45	118.217
0.3	45	170.092
0.3	45	-1.82974
0.3	45	30.2571
0.3	45	-75.3691
0.3	45	86.1221
0.3	45	43.616
0.3	45	-165.606
0.3	45	33.9779
0.3	45	95.7753
0.3	45	-106.793
0.3	45	-6.26178
0.3	45	-116.822
0.3	45	-167.429
0.3	45	112.023
0.3	45	22.2611
0.3	45	-23.4836
0.3	45	-49.4922
0.3	45	-107.571
0.3	45	161.393
0.3	45	40.537
0.3	45	128.339
0.3	45	-133.904
0.3	45	-5.50385
0.3	45	141.748
0.3	45	-40.3173
0.3	45	152.84
0.3	45	88.618
0.3	45	-110.802
0.3	45	128.097
0.3	45	55.0059
0.3	45	-52.0352
0.3	45	-125.022
0.3	45	-113.13
0.3	45	-151.817
0.3	45	-72.554
0.3	45	-102.24
0.3	45	30.647
0.3	45	-155.836
0.3	45	-39.1761
0.3	45	-127.883
0.3	45	127.856
0.3	45	-106.152
0.3	45	39.5319
0.3	45	6.65173
0.3	45	-87.8126
0.3	45	165.053
0.3	45	-64.1658
0.3	45	-83.7854
0.3	45	-117.35
0.3	45	62.0137
0.3	45	109.512
0.3	45	-55.9322
0.3	45	12.6928
0.3	45	-124.922
0.3	45	-148.304
0.3	45	106.894
0.3	45	69.3196
0.3	45	-89.2751
0.3	45	-164.443
0.3	45	-74.239
0.3	45	142.416
0.3	45	-9.86196
0.3	45	136.064
0.3	45	-117.058
0.3	45	22.0456
0.3	45	-28.0016
0.3	45	-8.27882
0.3	45	120.474
0.3	45	-6.90834
0.3	45	35.0166
0.3	45	-8.14546
0.3	45	114.321
0.3	45	-102.773
0.3	45	23.7412
0.3	45	-71.3125
0.3	45	45.322
0.3	45	10.2078
0.3	45	-119.068
0.3	45	-49.5801
0.3	45	-164.964
0.3	45	-116.111
0.3	45	-175.591
0.3	45	41.9733
0.3	45	-138.835
0.3	45	-23.8814
0.3	45	13.442
0.3	45	-95.6788
0.25	-45	-149.992
0.25	-45	37.2013
0.25	-45	-41.1157
0.25	-45	-5.34821
0.25	-45	-5.8759
0.25	-45	35.4575
0.25	-45	139.915
0.25	-45	-48.1497
0.25	-45	129.004
0.25	-45	38.0356
0.25	-45	-83.4648
0.25	-45	-152.107
0.25	-45	-53.783
0.25	-45	178.022
0.25	-45	59.8904
0.25	-45	-158.411
0.25	-45	30.7993
0.25	-45	-35.2637
0.25	-45	109.95
0.25	-45	-154.645
0.25	-45	17.8871
0.25	-45	-25.3287
0.25	-45	-39.6203
0.25	-45	-80.2102
0.25	-45	47.4779
0.25	-45	-58.8182
0.25	-45	109.99
0.25	-45	44.8149
0.25	-45	113.985
0.25	-45	34.5594
0.25	-45	81.8538
0.25	-45	-153.686
0.25	-45	-143.535
0.25	-45	-111.809
0.25	-45	-172.274
0.25	-45	-134.02
0.25	-45	27.5851
0.25	-45	99.4937
0.25	-45	-12.4725
0.25	-45	-36.9292
0.25	-45	63.7694
0.25	-45	170.842
0.25	-45	55.0652
0.25	-45	40.3152
0.25	-45	-118.196
0.25	-45	-45.8822
0.25	-45	-15.0331
0.25	-45	134.154
0.25	-45	108.101
0.25	-45	-5.38608
0.25	-45	147.111
0.25	-45	-101.571
0.25	-45	-163.254
0.25	-45	-164.214
0.25	-45	28.588
0.25	-45	12.5485
0.25	-45	166.139
0.25	-45	72.1355
0.25	-45	165.864
0.25	-45	-121.312
0.25	-45	55.8007
0.25	-45	3.94369
0.25	-45	-2.5767
0.25	-45	-123.485
0.25	-45	31.7932
0.25	-45	-86.2675
0.25	-45	-10.436
0.25	-45	-168.222
0.25	-45	-112.817
0.25	-45	178.959
0.25	-45	-159.16
0.25	-45	-161.634
0.25	-45	-105.589
0.25	-45	149.458
0.25	-45	-105.581
0.25	-45	-85.7245
0.25	-45	34.6936
0.25	-45	-139.76
0.25	-45	-167.758
0.25	-45	176.407
0.25	-45	-137.812
0.25	-45	-17.5875
0.25	-45	24.7083
0.25	-45	-101.191
0.25	-45	76.0912
0.25	-45	96.6325
0.25	-45	76.6266
0.25	-45	-96.0346
0.25	-45	163.571
0.25	-45	146.732
0.25	-45	-45.6427
0.25	-45	-7.03436
0.25	-45	-163.172
0.25	-45	-144.021
0.25	-45	-115.327
0.25	-45	-22.9797
0.25	-45	7.5475
0.25	-45	-58.1685
0.25	-45	66.7275
0.25	-45	-65.9479
0.25	-45	104.217
0.25	-45	80.4845
0.25	-45	137.984
0.25	-45	-171.93
0.25	-45	-13.376
0.25	-45	174.678
0.25	-45	-65.044
0.25	-45	-163.71
0.25	-45	-143.516
0.25	-45	-108.446
0.25	-45	-7.81182
0.25	-45	-135.908
0.25	-45	-156.669
0.25	-45	-123.412
0.25	-45	-113.955
0.25	-45	168.586
0.25	-45	-132.542
0.25	-45	-127.401
0.25	-45	34.1889
0.25	-45	40.1557
0.25	-45	60.7128
0.25	-45	-133.318
0.25	-45	-117.547
0.25	-45	93.6106
0.25	-45	-102.922
0.25	-45	107.249
0.25	-45	-28.6701
0.25	-45	-59.7664
0.25	-45	-65.929
0.25	-45	-142.763
0.25	-45	-8.4744
0.25	-45	-22.1005
0.25	-45	136.193
0.25	-45	18.354
0.25	-45	118.95
0.25	-45	-17.4364
0.25	-45	155.573
0.25	-45	46.2035
0.25	-45	-114.995
0.25	-45	-155.54
0.25	-45	66.4061
0.25	-45	62.8049
0.25	-45	117.13
0.25	-45	85.319
0.25	-45	-171.21
0.25	-45	166.609
0.25	-45	-44.3687
0.25	-45	-94.4376
0.25	-45	147.314
0.25	-45	-148.128
0.25	-45	-7.94002
0.25	-45	-104.562
0.25	-45	-134.995
0.25	-45	-19.5261
0.25	-45	97.9103
0.25	-45	163.637
0.25	-45	41.0298
0.25	-45	148.604
0.25	-45	13.8686
0.25	-45	-65.3219
0.25	-45	-24.5036
0.25	-45	-122.568
0.25	-45	93.9215
0.25	-45	123.061
0.25	-45	-35.4041
0.25	-45	-79.0058
0.25	-45	26.6359
0.25	-45	77.5802
0.25	-45	131.29
0.25	-45	-157.444
0.25	-45	-141.627
0.25	-45	174.035
0.25	-45	137.854
0.25	-45	-152.198
0.25	-45	-64.7359
0.25	-45	-162.894
0.25	-45	-161.841
0.25	-45	-51.4219
0.25	-45	79.9248
0.25	-45	92.4738
0.25	-45	-9.98653
0.25	-45	-32.1592
0.25	-45	-37.0636
0.25	-45	-70.2624
0.25	-45	-169.27
0.25	-45	-6.33074
0.25	-45	-144.258
0.25	-45	177.361
0.25	-45	59.5087
0.25	-45	-72.4769
0.25	-45	-30.8152
0.25	-45	40.9182
0.25	-45	-12.0797
0.25	-45	179
0.25	-45	-31.9115
0.25	-45	-76.4085
0.25	-45	-67.4163
0.25	-45	-172.539
0.25	-45	138.196
0.25	-45	-4.47714
0.25	-45	77.0027
0.25	-45	-138.416
0.25	-45	125.472
0.25	-45	-66.4997
0.25	-45	-18.0988
0.25	-45	-139.378
0.25	-45	-68.108
0.25	-45	-168.498
0.25	-45	90.2764
0.25	-45	-89.9468
0.25	-45	-174.607
0.25	-45	91.9921
0.25	-45	-162.047
0.25	-45	45.4768
0.25	-45	-148.746
0.25	-45	106.496
0.25	-45	-63.4731
0.25	-45	-13.6986
0.25	-45	-153.376
0.25	-45	-122.601
0.25	-45	-89.4813
0.25	-45	145.46
0.25	-45	-23.829
0.25	-45	-8.17842
0.25	-45	39.4546
0.25	-45	114.638
0.25	-45	-38.6716
0.25	-45	-17.62
0.25	-45	134.532
0.25	-45	-89.2771
0.25	-45	27.2201
0.25	-45	-67.68
0.25	-45	-30.6569
0.25	-45	-154.147
0.25	-45	-155.955
0.25	-45	-143.728
0.25	-45	-129.603
0.25	-45	125.264
0.25	-45	-122.958
0.25	-45	-66.6534
0.25	-45	-166.143
0.25	-45	117.181
0.25	-45	-57.51
0.25	-45	115.496
0.25	-45	-61.67
0.25	-45	86.346
0.25	-45	20.8025
0.25	-45	-22.1757
0.25	-45	-150.224
0.25	-45	-48.1994
0.25	-45	161.862
0.25	-45	-168.034
0.25	-45	-168.869
0.25	-45	46.2152
0.25	-45	-153.875
0.25	-45	-169.983
0.25	-45	162.454
0.25	-45	40.9444
0.25	-45	150.901
0.25	-45	35.297
0.25	-45	-94.9245
0.25	-45	-68.2949
0.25	-45	-17.0786
0.25	-45	-154.216
0.25	-45	-140.815
0.25	-45	178.782
0.25	-45	117.332
0.25	-45	26.9382
0.25	-45	96.0075
0.25	-45	61.108
0.25	-45	111.544
0.25	-45	-62.3517
0.25	-45	103.221
0.25	-45	-17.3966
0.25	-45	-117.235
0.25	-45	143.472
0.25	-45	-140.102
0.25	-45	133.353
0.25	-45	-147.318
0.25	-45	-40.5162
0.25	-45	60.7183
0.25	-45	-113.026
0.25	-45	-88.8124
0.25	-45	-39.0768
0.25	-45	-109.203
0.25	-45	-64.3725
0.25	-45	73.1408
0.25	-45	35.0852
0.25	-45	136.226
0.25	-45	64.1633
0.25	-45	119.415
0.25	-45	115.492
0.25	-45	22.8506
0.25	-45	117.637
0.25	-45	62.897
0.25	-45	-158.869
0.25	-45	160.208
0.25	-45	162.31
0.25	-45	141.04
0.25	-45	155.857
0.25	-45	-11.0419
0.25	-45	60.9268
0.25	-45	147.361
0.25	-45	-16.529
0.25	-45	18.1208
0.25	-45	-2.24382
0.25	-45	82.4892
0.25	-45	72.9594
0.25	-45	-111.389
0.25	-45	-105.529
0.25	-45	78.921
0.25	-45	115.931
0.25	-45	6.44523
0.25	-45	132.519
0.25	-45	147.593
0.25	-45	-167.683
0.25	-45	-76.6791
0.25	-45	12.5823
0.25	-45	74.3928
0.25	-45	43.5537
0.25	-45	-84.9007
0.25	-45	-67.5591
0.25	-45	61.6005
0.25	-45	75.2826
0.25	-45	-116.378
0.25	-45	113.089
0.25	-45	87.7715
0.25	-45	169.384
0.25	-45	66.7287
0.25	-45	90.8753
0.25	-45	-93.6799
0.25	-45	-146.009
0.25	-45	30.8042
0.25	-45	144.823
0.25	-45	-83.38
0.25	-45	117.209
0.25	-45	64.163
0.25	-45	6.54686
0.25	-45	-112.325
0.25	-45	91.8259
0.25	-45	-107.573
0.25	-45	-135.73
0.25	-45	-158.694
0.25	-45	-49.7322
0.25	-45	169.261
0.25	-45	96.9197
0.25	-45	162.701
0.25	-45	125.806
0.25	-45	-42.9084
0.25	-45	-156.203
0.25	-45	-95.8802
0.25	-45	-135.52
0.25	-45	43.3998
0.25	-45	-153.84
0.25	-45	-5.2868
0.25	-45	111.321
0.25	-45	-170.54
0.25	-45	158.449
0.25	-45	-88.9847
0.25	-45	140.864
0.25	-45	51.5755
0.25	-45	20.9638
0.25	-45	173.691
0.25	-45	120.414
0.25	-45	-174.529
0.25	-45	-157.915
0.25	-45	68.1408
0.25	-45	155.684
0.25	-45	56.8619
0.25	-45	-22.4712
0.25	-45	44.6887
0.25	-45	64.7264
0.25	-45	89.3149
0.25	-45	146.885
0.25	-45	-131.135
0.25	-45	67.092
0.25	-45	-59.5175
0.25	-45	-0.0744265
0.25	-45	10.9144
0.25	-45	69.2724
0.25	-45	-85.4593
0.25	-45	130.881
0.25	-45	-153.784
0.25	-45	-77.5169
0.25	-45	-75.029
0.25	-45	97.3701
0.25	-45	103.361
0.25	-45	-7.14624
0.25	-45	-149.347
0.25	-45	-96.9755
0.25	-45	30.7299
0.25	-45	-65.8926
0.25	-45	115.492
0.25	-45	-79.1863
0.25	-45	4.76039
0.25	-45	-23.3459
0.25	-45	29.2349
0.25	-45	168.083
0.25	-45	14.1518
0.25	-45	5.21399
0.25	-45	-27.1058
0.25	-45	-155.674
0.25	-45	-165.81
0.25	-45	61.688
0.25	-45	-105.855
0.25	-45	75.8593
0.25	-45	178.754
0.25	-45	-90.9525
0.25	-45	-106.767
0.25	-45	65.0922
0.25	-45	65.1579
0.25	-45	-8.34494
0.25	-45	114.277
0.25	-45	-39.8771
0.25	-45	-45.9684
0.25	-45	178.194
0.25	-45	-23.0379
0.25	-45	-2.57857
0.25	-45	9.66976
0.25	-45	-115.327
0.25	-45	-151.567
0.25	-45	-165.76
0.25	-45	-114.826
0.25	-45	-102.709
0.25	-45	-133.451
0.25	-45	44.6263
0.25	-45	48.0414
0.25	-45	68.6681
0.25	-45	-74.381
0.25	-45	60.4793
0.25	-45	-129.967
0.25	-45	171.304
0.25	-45	-92.9643
0.25	-45	-126.164
0.25	-45	-133.66
0.25	-45	130.779
0.25	-45	-175.397
0.25	-45	-19.1543
0.25	-45	77.4119
0.25	-45	128.164
0.25	-45	72.2344
0.25	-45	-148.372
0.25	-45	-41.0813
0.25	-45	35.8935
0.25	-45	92.2939
0.25	-45	87.5079
0.25	-45	28.9637
0.25	-45	151.407
0.25	-45	-60.0164
0.25	-45	118.704
0.25	-45	-63.0591
0.25	-45	100.661
0.25	-45	148.443
0.25	-45	-90.6834
0.25	-45	-142.598
0.25	-45	-72.3757
0.25	-45	-6.76372
0.25	-45	-152.536
0.25	-45	-98.1614
0.25	-45	2.99485
0.25	-45	-2.56873
0.25	-45	73.215
0.25	-45	-142.738
0.25	-45	-48.2534
0.25	-45	-119.03
0.25	-45	44.5969
0.25	-45	48.4173
0.25	-45	-165.776
0.25	-45	121.81
0.25	-45	41.5954
0.25	-45	145.648
0.25	-45	-5.07304
0.25	-45	116.97
0.25	-45	-35.9089
0.25	-45	64.9184
0.25	-45	80.0912
0.25	-45	-68.6044
0.25	-45	-148.358
0.25	-45	-84.752
0.25	-45	109.041
0.25	-45	78.0263
0.25	-45	-55.7255
0.25	-45	88.9283
0.25	-45	-105.479
0.25	-45	140.551
0.25	-45	45.0559
0.25	-45	-69.15
0.25	-45	-16.063
0.25	-45	-116.488
0.25	-45	148.635
0.25	-45	-113.403
0.25	-45	82.7482
0.25	-45	85.1974
0.25	-45	83.1266
0.25	-45	-69.1137
0.25	-45	-133.392
0.25	-45	140.282
0.25	-45	-118.453
0.25	-45	57.5409
0.25	-45	-179.128
0.25	-45	-156.522
0.25	-45	25.3374
0.25	-45	130.119
0.25	-45	-89.0082
0.25	-45	-72.0852
0.25	-45	-139.195
0.25	-45	32.2584
0.25	-45	-35.5567
0.25	-45	-139.529
0.25	-45	-118.892
0.25	-45	7.77748
0.25	-45	-33.7184
0.25	-45	120.905
0.25	-45	86.9331
0.25	-45	63.6403
0.25	-45	-43.1365
0.25	-45	166.297
0.25	-45	123.61
0.25	-45	-151.505
0.25	-45	50.9086
0.25	-45	32.0217
0.25	-45	159.859
0.25	-45	-115.555
0.25	-45	-162.984
0.25	-45	83.9922
0.25	-45	117.085
0.25	-45	-140.855
0.25	-45	34.3013
0.25	-45	113.481
0.25	-45	17.353
0.25	-45	-40.8661
0.25	-45	-132.542
0.25	-45	115.868
0.25	-45	139.595
0.25	-45	-5.22445
0.25	-45	-57.0868
0.25	-45	-167.103
0.25	-45	-161.706
0.25	-45	77.0091
0.25	-45	-82.8848
0.25	-45	138.092
0.25	-45	-132.427
0.25	-45	-41.6749
0.25	-45	-67.6458
0.25	-45	162.868
0.25	-45	25.7011
0.25	-45	-76.5305
0.25	-45	-122.912
0.25	-45	60.8163
0.25	-45	-96.1581
0.25	-45	-133.363
0.25	-45	-25.6368
0.25	-45	-144.716
0.25	-45	158.616
0.25	-45	-98.805
0.25	-45	-165.009
0.25	-45	-126.322
0.25	-45	-17.4138
0.25	-45	68.6654
0.25	-45	9.68592
0.25	-45	-111.151
0.25	-45	-176.677
0.25	-45	-17.6505
0.25	-45	-59.8261
0.25	-45	167.491
0.25	-45	9.83816
0.25	-45	-49.0067
0.25	-45	-141.866
0.25	-45	76.5519
0.25	-45	-121.334
0.25	-45	138.194
0.25	-45	177.844
0.25	-45	55.6078
0.25	-45	-130.926
0.25	-45	9.2534
0.25	-45	-82.0424
0.25	-45	-56.5974
0.25	-45	-130.989
0.25	-45	-175.597
0.25	-45	-83.9887
0.25	-45	-134.296
0.25	-45	138.882
0.25	-45	-102.562
0.25	-45	-92.3469
0.25	-45	-96.2331
0.25	-45	48.4082
0.25	-45	-63.6469
0.25	-45	61.6589
0.25	-45	-131.1
0.25	-45	-69.4306
0.25	-45	25.4267
0.25	-45	-54.8983
0.25	-45	173.731
0.25	-45	150.195
0.25	-45	-47.2433
0.25	-45	-84.4405
0.25	-45	48.5671
0.25	-45	-163.169
0.25	-45	-52.1377
0.25	-45	52.7622
0.25	-45	-56.9336
0.25	-45	108.645
0.25	-45	-172.375
0.25	-45	61.0546
0.25	-45	-131.243
0.25	-45	93.8331
0.25	-45	-49.4626
0.25	-45	-90.6575
0.25	-45	-156.202
0.25	-45	-48.0333
0.25	-45	27.0369
0.25	-45	29.0665
0.25	-45	63.9391
0.25	-45	-161.359
0.25	-45	3.26596
0.25	-45	-124.501
0.25	-45	-132.792
0.25	-45	72.781
0.25	-45	-168.205
0.25	-45	-20.5178
0.25	-45	-115.583
0.25	-45	-174.229
0.25	-45	42.3777
0.25	-45	74.4186
0.25	-45	118.8
0.25	-45	19.0192
0.25	-45	163.682
0.25	-45	-50.5858
0.25	-45	-23.4855
0.25	-45	164.843
0.25	-45	98.714
0.25	-45	26.2724
0.25	-45	88.0564
0.25	-45	167.854
0.25	-45	148.185
0.25	-45	49.531
0.25	-45	-21.6704
0.25	-45	-62.5245
0.25	-45	-42.0155
0.25	-45	-41.8507
0.25	-45	-146.462
0.25	-45	129.516
0.25	-45	94.0392
0.25	-45	118.897
0.25	-45	36.3121
0.25	-45	-137.049
0.25	-45	147.151
0.25	-45	-90.277
0.25	-45	31.4811
0.25	-45	58.2686
0.25	-45	-67.9541
0.25	-45	19.5068
0.25	-45	-124.922
0.25	-45	-124.986
0.25	-45	67.6023
0.25	-45	-138.437
0.25	-45	-115.683
0.25	-45	90.0881
0.25	-45	-91.2725
0.25	-45	-44.8563
0.25	-45	102.26
0.25	-45	-34.8573
0.25	-45	73.4654
0.25	-45	-109.542
0.25	-45	26.1744
0.25	-45	152.358
0.25	-45	-123.967
0.25	-45	21.8675
0.25	-45	98.4821
0.25	-45	-120.228
0.25	-45	107.656
0.25	-45	-143.576
0.25	-45	48.0097
0.25	-45	178.145
0.25	-45	34.3551
0.25	-45	-14.4227
0.25	-45	-128.109
0.25	-45	42.8874
0.25	-45	-120.254
0.25	-45	36.4654
0.25	-45	91.8664
0.25	-45	66.3801
0.25	-45	-153.131
0.25	-45	-118.025
0.25	-45	171.402
0.25	-45	101.844
0.25	-45	-59.925
0.25	-45	60.7396
0.25	-45	-135.105
0.25	-45	-25.2253
0.25	-45	-71.1486
0.25	-45	8.74061
0.25	-45	-114.66
0.25	-45	-113.248
0.25	-45	-159.256
0.25	-45	-127.077
0.25	-45	73.0647
0.25	-45	-100.459
0.25	-45	10.3457
0.25	-45	171.512
0.25	-45	46.3321
0.25	-45	-78.7603
0.25	-45	90.5749
0.25	-45	108.365
0.25	-45	170.714
0.25	-45	-54.9625
0.25	-45	101.82
0.25	-45	33.9122
0.25	-45	76.3735
0.25	-45	-114.384
0.25	-45	-84.8817
0.25	-45	-79.2641
0.25	-45	-177.287
0.25	-45	-75.5566
0.25	-45	-116.772
0.25	-45	-85.2145
0.25	-45	-123.303
0.25	-45	-163.143
0.25	-45	77.7296
0.25	-45	-133.73
0.25	-45	-157.733
0.25	-45	153.068
0.25	-45	154.669
0.25	-45	-23.7571
0.25	-45	85.7062
0.25	-45	146.553
0.25	-45	45.8771
0.25	-45	-142.923
0.25	-45	156.868
0.25	-45	37.001
0.25	-45	-169.588
0.25	-45	-152.042
0.25	-45	41.7957
0.25	-45	71.343
0.25	-45	-157.493
0.25	-45	-87.6322
0.25	-45	-130.606
0.25	-45	-123.036
0.25	-45	37.285
0.25	-45	138.227
0.25	-45	-126.272
0.25	-45	-177.207
0.25	-45	127.501
0.25	-45	23.5007
0.25	-45	-74.0647
0.25	-45	66.1165
0.25	-45	97.5509
0.25	-45	-161.958
0.25	-45	124.977
0.25	-45	-106.034
0.25	-45	-94.5397
0.25	-45	20.5431
0.25	-45	172.571
0.25	-45	115.782
0.25	-45	119.311
0.25	-45	-16.3474
0.25	-45	2.19529
0.25	-45	166.105
0.25	-45	86.8209
0.25	-45	136.07
0.25	-45	-29.6092
0.25	-45	49.8212
0.25	-45	-57.6825
0.25	-45	95.4096
0.25	-45	126.258
0.25	-45	-52.0694
0.25	-45	-19.8708
0.25	-45	146.037
0.25	-45	-96.2713
0.25	-45	62.4844
0.25	-45	142.203
0.25	-45	163.691
0.25	-45	158.694
0.25	-45	-150.559
0.25	-45	73.2869
0.25	-45	152.969
0.25	-45	-170.765
0.25	-45	-97.0303
0.25	-45	-47.1319
0.25	-45	63.5162
0.25	-45	20.2382
0.25	-45	-57.6278
0.25	-45	-124.912
0.25	-45	-35.9325
0.25	-45	117.61
0.25	-45	31.3878
0.25	-45	12.6701
0.25	-45	174.296
0.25	-45	-87.123
0.25	-45	140.645
0.25	-45	106.989
0.25	-45	46.1591
0.25	-45	131.003
0.25	-45	-50.0985
0.25	-45	148.094
0.25	-45	173.464
0.25	-45	-134.336
0.25	-45	-90.4081
0.25	-45	117.695
0.25	-45	-59.6305
