pol	setting	phi
0.3	45	-110.06
0.3	45	-25.114
0.3	45	111.453
0.3	45	-160.251
0.3	45	-90.138
0.3	45	-14.5246
0.3	45	143.332
0.3	45	-44.4654
0.3	45	38.631
0.3	45	-161.446
0.3	45	-127.306
0.3	45	-154.027
0.3	45	177.688
0.3	45	177.846
0.3	45	-76.3357
0.3	45	79.0534
0.3	45	93.023
0.3	45	174.475
0.3	45	117.078
0.3	45	53.232
0.3	45	122.675
0.3	45	-2.46139
0.3	45	83.5868
0.3	45	31.1078
0.3	45	-25.002
0.3	45	-69.7619
0.3	45	-76.3063
0.3	45	-85.096
0.3	45	-111.466
0.3	45	4.33903
0.3	45	157.72
0.3	45	130.638
0.3	45	-82.4132
0.3	45	-121.84
0.3	45	84.4392
0.3	45	77.3922
0.3	45	160.807
0.3	45	-133.554
0.3	45	2.36977
0.3	45	-95.5091
0.3	45	156.019
0.3	45	-56.8217
0.3	45	-56.817
0.3	45	-125.245
0.3	45	-51.8966
0.3	45	-120.865
0.3	45	-94.6385
0.3	45	41.2685
0.3	45	13.9639
0.3	45	19.0081
0.3	45	85.0025
0.3	45	54.5968
0.3	45	161.376
0.3	45	35.369
0.3	45	-49.4179
0.3	45	-101.302
0.3	45	109.837
0.3	45	-42.1068
0.3	45	-105.083
0.3	45	-112.96
0.3	45	-12.6413
0.3	45	138.092
0.3	45	-52.021
0.3	45	6.35325
0.3	45	-133.554
0.3	45	-52.096
0.3	45	-103.634
0.3	45	71.1592
0.3	45	36.6654
0.3	45	-96.8238
0.3	45	19.215
0.3	45	4.17044
0.3	45	-110.526
0.3	45	82.1308
0.3	45	177.185
0.3	45	-27.6366
0.3	45	-91.2565
0.3	45	-44.0134
0.3	45	125.612
0.3	45	144.06
0.3	45	-103.216
0.3	45	-137.669
0.3	45	-9.59594
0.3	45	-74.5518
0.3	45	127.833
0.3	45	170.367
0.3	45	-174.407
0.3	45	138.709
0.3	45	-22.3085
0.3	45	118.071
0.3	45	-19.4601
0.3	45	-119.757
0.3	45	97.494
0.3	45	-56.7896
0.3	45	-150.368
0.3	45	19.3402
0.3	45	21.3109
0.3	45	70.5429
0.3	45	-123.534
0.3	45	-157.918
0.3	45	73.2532
0.3	45	-164.207
0.3	45	-81.1754
0.3	45	88.1301
0.3	45	-146.203
0.3	45	84.9838
0.3	45	52.2265
0.3	45	28.3771
0.3	45	13.0832
0.3	45	97.2905
0.3	45	15.688
0.3	45	158.823
0.3	45	-96.049
0.3	45	-59.3424
0.3	45	47.9084
0.3	45	-72.7999
0.3	45	114.193
0.3	45	46.863
0.3	45	117.076
0.3	45	93.6609
0.3	45	90.0951
0.3	45	-63.5778
0.3	45	9.77246
0.3	45	170.708
0.3	45	160.912
0.3	45	154.539
0.3	45	129.158
0.3	45	-145.005
0.3	45	41.3443
0.3	45	51.6068
0.3	45	119.942
0.3	45	-106.236
0.3	45	131.824
0.3	45	124.478
0.3	45	-154.872
0.3	45	-123.086
0.3	45	-153.429
0.3	45	-173.629
0.3	45	-155.874
0.3	45	66.6399
0.3	45	82.7497
0.3	45	-82.6968
0.3	45	-102.365
0.3	45	-139.206
0.3	45	-70.9747
0.3	45	-21.0879
0.3	45	-102.982
0.3	45	-143.886
0.3	45	16.9946
0.3	45	138.451
0.3	45	155.16
0.3	45	-99.582
0.3	45	-36.4667
0.3	45	76.1693
0.3	45	93.6843
0.3	45	-103.042
0.3	45	-25.0788
0.3	45	-90.9182
0.3	45	-88.4456
0.3	45	-6.35677
0.3	45	1.59517
0.3	45	-16.8876
0.3	45	71.2792
0.3	45	120.917
0.3	45	116.947
0.3	45	56.7443
0.3	45	65.5826
0.3	45	7.17479
0.3	45	-62.7999
0.3	45	67.5115
0.3	45	43.4132
0.3	45	7.82148
0.3	45	-178.353
0.3	45	67.6319
0.3	45	-70.9355
0.3	45	-171.892
0.3	45	-148.18
0.3	45	-81.068
0.3	45	153.752
0.3	45	10.1641
0.3	45	-98.9677
0.3	45	-46.1936
0.3	45	-71.1196
0.3	45	85.8652
0.3	45	-61.7626
0.3	45	153.6
0.3	45	170.468
0.3	45	-60.2641
0.3	45	144.483
0.3	45	-141.523
0.3	45	149.054
0.3	45	-92.979
0.3	45	97.3049
0.3	45	5.62233
0.3	45	31.9393
0.3	45	-107.669
0.3	45	175.74
0.3	45	-3.48669
0.3	45	-7.61692
0.3	45	-81.6837
0.3	45	41.9503
0.3	45	12.4738
0.3	45	134.009
0.3	45	60.7441
0.3	45	-25.7608
0.3	45	-158.337
0.3	45	-1.08168
0.3	45	152.526
0.3	45	61.2407
0.3	45	116.98
0.3	45	40.7214
0.3	45	-109.272
0.3	45	-153.988
0.3	45	145.805
0.3	45	24.1356
0.3	45	48.4033
0.3	45	74.9907
0.3	45	21.8163
0.3	45	-124.62
0.3	45	-92.2865
0.3	45	135.395
0.3	45	167.186
0.3	45	-43.4549
0.3	45	144.537
0.3	45	-124.518
0.3	45	106.225
0.3	45	-85.4817
0.3	45	158.385
0.3	45	4.60163
0.3	45	171.835
0.3	45	11.6824
0.3	45	-90.9339
0.3	45	105.235
0.3	45	29.3673
0.3	45	134.107
0.3	45	141.667
0.3	45	-90.8184
0.3	45	-5.02025
0.3	45	-133.428
0.3	45	160.416
0.3	45	114.968
0.3	45	-140.252
0.3	45	156.901
0.3	45	113.212
0.3	45	48.5017
0.3	45	168.681
0.3	45	109.32
0.3	45	58.029
0.3	45	-93.5199
0.3	45	-171.503
0.3	45	-3.90314
0.3	45	31.3802
0.3	45	49.5599
0.3	45	-148.149
0.3	45	-61.0875
0.3	45	77.4122
0.3	45	72.3864
0.3	45	91.6328
0.3	45	164.762
0.3	45	56.0071
0.3	45	90.6051
0.3	45	-85.1396
0.3	45	142.895
0.3	45	-134.01
0.3	45	-118.235
0.3	45	-0.766692
0.3	45	-6.10689
0.3	45	-55.5871
0.3	45	-54.7188
0.3	45	-73.6299
0.3	45	-130.944
0.3	45	115.228
0.3	45	-26.0849
0.3	45	7.51963
0.3	45	13.9653
0.3	45	-114.884
0.3	45	72.6135
0.3	45	-91.2723
0.3	45	-5.50256
0.3	45	101.717
0.3	45	-32.3795
0.3	45	-87.0009
0.3	45	-127.012
0.3	45	178.967
0.3	45	-164.588
0.3	45	151.924
0.3	45	-29.2644
0.3	45	135.913
0.3	45	-14.8637
0.3	45	-37.5209
0.3	45	-98.8641
0.3	45	-136.59
0.3	45	147.108
0.3	45	93.0595
0.3	45	-39.4061
0.3	45	137.301
0.3	45	161.691
0.3	45	-3.10292
0.3	45	124.693
0.3	45	129.117
0.3	45	-10.9325
0.3	45	-172.951
0.3	45	24.3622
0.3	45	-79.7976
0.3	45	159.872
0.3	45	165.766
0.3	45	108.479
0.3	45	-66.8768
0.3	45	-4.47285
0.3	45	68.9526
0.3	45	-99.4142
0.3	45	-134.439
0.3	45	161.776
0.3	45	-28.8152
0.3	45	-32.9874
0.3	45	16.7277
0.3	45	3.43996
0.3	45	-47.176
0.3	45	68.4312
0.3	45	151.916
0.3	45	33.7772
0.3	45	-7.00695
0.3	45	71.0111
0.3	45	-110.689
0.3	45	-98.1417
0.3	45	151.298
0.3	45	-31.2657
0.3	45	-132.195
0.3	45	11.0382
0.3	45	-11.7756
0.3	45	94.1529
0.3	45	35.8273
0.3	45	-108.536
0.3	45	77.0714
0.3	45	-135.046
0.3	45	122.856
0.3	45	87.3666
0.3	45	77.2177
0.3	45	55.6442
0.3	45	41.3612
0.3	45	173.044
0.3	45	-90.4473
0.3	45	-76.8709
0.3	45	159.62
0.3	45	15.9371
0.3	45	153.49
0.3	45	100.178
0.3	45	119.812
0.3	45	-176.848
0.3	45	-177.829
0.3	45	-54.5093
0.3	45	-73.2223
0.3	45	37.1237
0.3	45	81.9699
0.3	45	-110.029
0.3	45	-32.2305
0.3	45	-46.5578
0.3	45	61.4248
0.3	45	14.6767
0.3	45	-41.1234
0.3	45	-71.2268
0.3	45	117.778
0.3	45	124.276
0.3	45	-145.455
0.3	45	-76.1065
0.3	45	-94.8091
0.3	45	-74.5966
0.3	45	-87.2495
0.3	45	89.3234
0.3	45	114.288
0.3	45	-143.927
0.3	45	46.9435
0.3	45	44.3497
0.3	45	168.743
0.3	45	-17.5836
0.3	45	66.7546
0.3	45	125.803
0.3	45	-106.717
0.3	45	-136.358
0.3	45	149.709
0.3	45	-56.0307
0.3	45	115.944
0.3	45	111.313
0.3	45	165.963
0.3	45	108.649
0.3	45	-60.6781
0.3	45	-163.591
0.3	45	-81.4836
0.3	45	83.498
0.3	45	-123.868
0.3	45	-163.323
0.3	45	157.181
0.3	45	15.2314
0.3	45	114.576
0.3	45	-38.7946
0.3	45	92.7144
0.3	45	-144.498
0.3	45	101.107
0.3	45	75.3341
0.3	45	134.441
0.3	45	15.1712
0.3	45	175.895
0.3	45	12.4231
0.3	45	-65.3846
0.3	45	-151.424
0.3	45	-139.13
0.3	45	66.6255
0.3	45	125.113
0.3	45	173.082
0.3	45	-49.8493
0.3	45	-107.568
0.3	45	92.2419
0.3	45	-171.276
0.3	45	171.943
0.3	45	-164.361
0.3	45	-137.254
0.3	45	78.3691
0.3	45	-26.4916
0.3	45	-96.2608
0.3	45	-79.3864
0.3	45	82.297
0.3	45	-130.249
0.3	45	29.0953
0.3	45	-74.8128
0.3	45	39.4924
0.3	45	-164.746
0.3	45	100.983
0.3	45	160.06
0.3	45	-161.421
0.3	45	-117.832
0.3	45	-10.8441
0.3	45	172.615
0.3	45	-158.385
0.3	45	-87.314
0.3	45	44.3338
0.3	45	-111.037
0.3	45	-66.5755
0.3	45	19.0203
0.3	45	174.986
0.3	45	46.675
0.3	45	145.068
0.3	45	-63.5749
0.3	45	-57.7487
0.3	45	61.1008
0.3	45	148.355
0.3	45	-92.6219
0.3	45	108.253
0.3	45	70.7907
0.3	45	159.798
0.3	45	136.466
0.3	45	158.491
0.3	45	154.429
0.3	45	-160.861
0.3	45	-149.493
0.3	45	-109.368
0.3	45	-177.148
0.3	45	-52.5533
0.3	45	37.9842
0.3	45	0.231645
0.3	45	-61.656
0.3	45	-108.125
0.3	45	132.103
0.3	45	-41.5284
0.3	45	-135.202
0.3	45	-161.7
0.3	45	-74.2602
0.3	45	142.137
0.3	45	90.1432
0.3	45	63.4677
0.3	45	-22.8149
0.3	45	-53.2276
0.3	45	89.6671
0.3	45	1.78689
0.3	45	-132.441
0.3	45	-47.5242
0.3	45	-7.9104
0.3	45	-42.4543
0.3	45	-8.16261
0.3	45	127.218
0.3	45	141.638
0.3	45	-87.068
0.3	45	-96.155
0.3	45	76.0294
0.3	45	-111.824
0.3	45	-147.291
0.3	45	-33.1339
0.3	45	-41.5435
0.3	45	139.778
0.3	45	51.1466
0.3	45	15.3879
0.3	45	-112.965
0.3	45	62.2405
0.3	45	177.009
0.3	45	-118.113
0.3	45	-86.1438
0.3	45	42.1069
0.3	45	-2.76214
0.3	45	-68.709
0.3	45	24.9086
0.3	45	153.65
0.3	45	156.307
0.3	45	-16.536
0.3	45	-3.91644
0.3	45	-107.581
0.3	45	-132.729
0.3	45	-68.9053
0.3	45	-70.6012
0.3	45	-144.696
0.3	45	149.119
0.3	45	141.86
0.3	45	-175.054
0.3	45	44.7648
0.3	45	5.12098
0.3	45	113
0.3	45	-42.5658
0.3	45	85.8372
0.3	45	-101.127
0.3	45	-86.3841
0.3	45	6.07098
0.3	45	-148.116
0.3	45	-15.3139
0.3	45	18.418
0.3	45	57.6339
0.3	45	60.6736
0.3	45	79.8707
0.3	45	-24.0045
0.3	45	-33.0218
0.3	45	-10.2402
0.3	45	166.781
0.3	45	25.5951
0.3	45	50.452
0.3	45	56.0556
0.3	45	-64.2306
0.3	45	-168.656
0.3	45	103.47
0.3	45	-24.4107
0.3	45	75.5403
0.3	45	81.1352
0.3	45	-109.802
0.3	45	101.846
0.3	45	131.8
0.3	45	143.515
0.3	45	-99.028
0.3	45	64.241
0.3	45	85.9318
0.3	45	173.554
0.3	45	82.7117
0.3	45	-100.504
0.3	45	21.2426
0.3	45	-105.859
0.3	45	-19.1886
0.3	45	-85.6035
0.3	45	102.733
0.3	45	-143.371
0.3	45	-161.224
0.3	45	96.3728
0.3	45	61.7424
0.3	45	94.109
0.3	45	41.4877
0.3	45	-154.879
0.3	45	-13.5004
0.3	45	-82.5026
0.3	45	179.458
0.3	45	9.55896
0.3	45	151.566
0.3	45	-91.4261
0.3	45	-98.274
0.3	45	-146.067
0.3	45	128.816
0.3	45	81.946
0.3	45	101.885
0.3	45	-104.328
0.3	45	62.9332
0.3	45	133.147
0.3	45	-91.3592
0.3	45	-49.114
0.3	45	-62.432
0.3	45	-115.502
0.3	45	-103.221
0.3	45	52.5371
0.3	45	19.0034
0.3	45	136.416
0.3	45	74.156
0.3	45	-172.716
0.3	45	32.7326
0.3	45	112.367
0.3	45	-100.535
0.3	45	-63.7301
0.3	45	155.24
0.3	45	53.5023
0.3	45	-2.91493
0.3	45	-155.457
0.3	45	-169.053
0.3	45	110.206
0.3	45	-66.4448
0.3	45	-151.509
0.3	45	-23.8448
0.3	45	26.0037
0.3	45	86.9207
0.3	45	42.1
0.3	45	-133.265
0.3	45	-94.9876
0.3	45	59.7346
0.3	45	-81.592
0.3	45	-101.216
0.3	45	-55.4903
0.3	45	69.458
0.3	45	4.38585
0.3	45	160.121
0.3	45	20.3546
0.3	45	-71.7416
0.3	45	115.754
0.3	45	-71.2766
0.3	45	177.169
0.3	45	73.3148
0.3	45	117.286
0.3	45	112.237
0.3	45	-60.1754
0.3	45	79.1495
0.3	45	-137.423
0.3	45	143.9
0.3	45	112.091
0.3	45	-170.601
0.3	45	-143.529
0.3	45	-12.8409
0.3	45	158.099
0.3	45	-58.8826
0.3	45	-151.574
0.3	45	-73.2908
0.3	45	-33.8181
0.3	45	-106.549
0.3	45	-76.6659
0.3	45	-39.1176
0.3	45	109.539
0.3	45	36.6081
0.3	45	68.4137
0.3	45	-20.4907
0.3	45	-172.732
0.3	45	-98.6717
0.3	45	-177.174
0.3	45	24.5072
0.3	45	-162.671
0.3	45	-73.4249
0.3	45	-49.2091
0.3	45	145.743
0.3	45	175.499
0.3	45	105.016
0.3	45	-123.293
0.3	45	166.827
0.3	45	61.7926
0.3	45	-93.6735
0.3	45	115.97
0.3	45	120.463
0.3	45	171.921
0.3	45	-13.7217
0.3	45	41.2594
0.3	45	-95.9572
0.3	45	114.538
0.3	45	154.245
0.3	45	-16.6815
0.3	45	-9.8746
0.3	45	105.014
0.3	45	-70.7725
0.3	45	-112.297
0.3	45	-89.8214
0.3	45	51.6187
0.3	45	-14.5676
0.3	45	-26.2959
0.3	45	-106.091
0.3	45	25.1008
0.3	45	-137.458
0.3	45	16.38
0.3	45	159.348
0.3	45	-83.752
0.3	45	-20.3806
0.3	45	60.9988
0.3	45	112.211
0.3	45	130.17
0.3	45	-91.7515
0.3	45	-83.9408
0.3	45	150.03
0.3	45	152.281
0.3	45	-123.396
0.3	45	40.6984
0.3	45	82.4771
0.3	45	24.3021
0.3	45	39.6424
0.3	45	-101.921
0.3	45	-112.245
0.3	45	135.889
0.3	45	-17.1209
0.3	45	82.5759
0.3	45	-137.399
0.3	45	142.577
0.3	45	33.9106
0.3	45	16.6859
0.3	45	47.8945
0.3	45	-52.8621
0.3	45	-7.27268
0.3	45	137.465
0.3	45	12.9185
0.3	45	-38.3803
0.3	45	-140.812
0.3	45	80.7274
0.3	45	-72.1841
0.3	45	86.3024
0.3	45	129.679
0.3	45	-178.422
0.3	45	102.494
0.3	45	-110.602
0.3	45	-177.101
0.3	45	-30.847
0.3	45	-105.721
0.3	45	-119.191
0.3	45	-79.5355
0.3	45	-108.166
0.3	45	107.247
0.3	45	100.049
0.3	45	13.065
0.3	45	93.5133
0.3	45	13.4552
0.3	45	148.199
0.3	45	-55.2925
0.3	45	123.742
0.3	45	-146.019
0.3	45	1.62642
0.3	45	-77.6962
0.3	45	92.1042
0.3	45	-44.6793
0.3	45	-46.0997
0.3	45	141.559
0.3	45	-62.1782
0.3	45	-50.6629
0.3	45	139.439
0.3	45	-6.27607
0.3	45	40.192
0.3	45	44.9713
0.3	45	28.2722
0.3	45	139.776
0.3	45	142.909
0.3	45	-160.113
0.3	45	111.596
0.3	45	-171.799
0.3	45	-126.646
0.3	45	-168.069
0.3	45	-9.74971
0.3	45	94.5347
0.3	45	-38.6887
0.3	45	115.679
0.3	45	2.72694
0.3	45	-179.402
0.3	45	16.6355
0.3	45	49.3908
0.3	45	-59.8049
0.3	45	132.212
0.3	45	117.758
0.3	45	-11.708
0.3	45	-52.5266
0.3	45	-71.4706
0.3	45	101.456
0.3	45	83.6552
0.3	45	-123.625
0.3	45	2.89542
0.3	45	-27.4096
0.3	45	168.682
0.3	45	-93.781
0.3	45	173.382
0.3	45	-27.4637
0.3	45	42.2839
0.3	45	-59.2133
0.3	45	-178.871
0.3	45	18.3055
0.3	45	77.8386
0.3	45	-123.541
0.3	45	23.9281
0.3	45	110.383
0.3	45	121.066
0.3	45	-68.9765
0.3	45	-116.119
0.3	45	-22.8114
0.3	45	126.646
0.3	45	-139.647
0.3	45	158.458
0.3	45	128.012
0.3	45	162.229
0.3	45	-171.742
0.3	45	67.2108
0.3	45	-28.5018
0.3	45	83.3832
0.3	45	0.751817
0.3	45	-61.934
0.3	45	45.5476
0.3	45	166.638
0.3	45	35.9163
0.3	45	95.5661
0.3	45	-137.593
0.3	45	27.5316
0.3	45	-48.4361
0.3	45	38.6319
0.3	45	-8.05595
0.3	45	136.101
0.3	45	98.5357
0.3	45	-7.54159
0.3	45	165.494
0.3	45	96.7837
0.3	45	-41.3357
0.3	45	-95.0956
0.3	45	-15.7129
0.3	45	15.6479
0.3	45	-98.772
0.3	45	178.692
0.3	45	-3.31822
0.3	45	-166.905
0.3	45	64.5616
0.3	45	-156.402
0.3	45	-26.3782
0.3	45	173.983
0.3	45	-16.78
0.3	45	-178.712
0.3	45	-107.691
0.3	45	-14.1316
0.3	45	53.0658
0.3	45	142.771
0.3	45	162.521
0.3	45	-24.9965
0.3	45	156.289
0.3	45	162.421
0.3	45	164.188
0.3	45	104.297
0.3	45	7.30629
0.3	45	0.290124
0.3	45	158.448
0.3	45	102.003
0.3	45	68.5368
0.3	45	51.7549
0.3	45	-80.6472
0.3	45	-137.244
0.3	45	158.784
0.3	45	-120.813
0.3	45	-15.4628
0.3	45	-119.786
0.3	45	25.276
0.3	45	25.8247
0.3	45	177.542
0.3	45	-66.5206
0.3	45	-46.0169
0.3	45	83.1719
0.3	45	-104.58
0.3	45	-100.871
0.3	45	-54.8187
0.3	45	-71.3251
0.3	45	-89.6013
0.3	45	-44.887
0.3	45	89.2964
0.3	45	-110.911
0.3	45	-98.8033
0.3	45	-131.688
0.3	45	-125.945
0.3	45	-44.3907
0.3	45	-70.2857
0.3	45	-93.0425
0.3	45	25.9179
0.3	45	35.2659
0.3	45	-77.1445
0.3	45	111.341
0.3	45	-112.253
0.3	45	164.306
0.3	45	11.0098
0.3	45	8.15406
0.3	45	147.533
0.3	45	-111.664
0.3	45	178.134
0.3	45	158.253
0.3	45	-88.7464
0.3	45	-15.5251
0.3	45	-65.1807
0.3	45	-155.083
0.3	45	41.4161
0.3	45	94.9494
0.3	45	-85.7144
0.3	45	22.8251
0.3	45	-118.454
0.3	45	132.338
0.3	45	-131.867
0.3	45	-152.309
0.3	45	-58.1509
0.3	45	-125.522
0.3	45	-44.5185
0.3	45	-66.2929
0.3	45	-73.5441
0.3	45	-151.591
0.3	45	132.77
0.3	45	121.075
0.3	45	-140.586
0.3	45	15.3094
0.3	45	16.721
0.3	45	-15.5342
0.3	45	-69.306
0.3	45	-15.0052
0.3	45	69.0997
0.3	45	50.5254
0.3	45	121.763
0.3	45	179.497
0.3	45	136.412
0.3	45	-108.963
0.3	45	-101.446
0.3	45	-98.2026
0.3	45	62.0198
0.3	45	-69.3064
0.3	45	-16.3942
0.3	45	159.878
0.3	45	37.787
0.3	45	85.8165
0.3	45	111.503
0.3	45	168.083
0.3	45	137.723
0.3	45	-55.5405
0.3	45	-81.4105
0.3	45	-64.472
0.3	45	132.257
0.3	45	161.353
0.3	45	24.9056
0.3	45	-23.6489
0.3	45	152.248
0.3	45	-127.204
0.3	45	171.383
0.3	45	-57.812
0.3	45	-73.7953
0.3	45	97.5184
0.3	45	-97.2084
0.3	45	-23.8747
0.3	45	115.484
0.3	45	145.029
0.3	45	83.5304
0.3	45	-118.877
0.3	45	160.351
0.3	45	55.2367
0.3	45	9.29382
0.3	45	-13.7988
0.3	45	-169.412
0.3	45	-67.4061
0.3	45	177.174
0.3	45	171.214
0.3	45	-138.502
0.3	45	-32.1409
0.3	45	72.2599
0.3	45	42.1639
0.3	45	42.7923
0.3	45	17.6722
0.3	45	137.236
0.3	45	-28.8723
0.3	45	-72.0487
0.3	45	60.7545
0.3	45	173.828
0.3	45	-173.537
0.3	45	-4.54398
0.3	45	133.516
0.3	45	70.2803
0.3	45	-56.2262
0.3	45	-102.146
0.3	45	172.304
0.3	45	37.9042
0.3	45	173.589
0.3	45	24.4918
0.3	45	46.1611
0.3	45	-100.861
0.3	45	38.2012
0.3	45	-64.404
0.3	45	-45.1268
0.3	45	120.325
0.3	45	-40.9425
0.3	45	17.0934
0.3	45	-62.6968
0.3	45	75.8514
0.3	45	58.5295
0.3	45	-120.557
0.3	45	4.54908
0.3	45	-82.7741
0.3	45	69.8304
0.3	45	-1.51531
0.3	45	4.56253
0.3	45	135.932
0.3	45	0.396375
0.3	45	-175.232
0.3	45	2.98269
0.3	45	-167.037
0.3	45	-22.7896
0.3	45	-107.744
0.3	45	154.921
0.3	45	-154.119
0.3	45	109.323
0.3	45	22.0961
0.3	45	109.875
0.3	45	-46.1263
0.3	45	34.7327
0.3	45	-13.5409
0.3	45	111.663
0.3	45	-95.8689
0.3	45	92.0733
0.3	45	-171.749
0.25	-45	35.6442
0.25	-45	91.2717
0.25	-45	38.1006
0.25	-45	112.905
0.25	-45	-135.393
0.25	-45	-12.1994
0.25	-45	-13.5351
0.25	-45	110.779
0.25	-45	129.662
0.25	-45	-16.9753
0.25	-45	153.345
0.25	-45	136.755
0.25	-45	-15.8152
0.25	-45	116.244
0.25	-45	171.193
0.25	-45	-66.3449
0.25	-45	-34.1984
0.25	-45	83.6399
0.25	-45	33.0343
0.25	-45	38.6545
0.25	-45	71.369
0.25	-45	29.9182
0.25	-45	83.3436
0.25	-45	-77.815
0.25	-45	-134.592
0.25	-45	143.778
0.25	-45	-65.1279
0.25	-45	-101.382
0.25	-45	-165.439
0.25	-45	1.083
0.25	-45	-38.4497
0.25	-45	7.92274
0.25	-45	57.3156
0.25	-45	164.044
0.25	-45	-60.8681
0.25	-45	77.608
0.25	-45	-29.39
0.25	-45	174.415
0.25	-45	162.815
0.25	-45	88.0952
0.25	-45	-148.779
0.25	-45	110.113
0.25	-45	172.665
0.25	-45	62.4055
0.25	-45	68.933
0.25	-45	106.893
0.25	-45	-144.238
0.25	-45	72.8416
0.25	-45	-43.17
0.25	-45	49.3189
0.25	-45	98.306
0.25	-45	103.259
0.25	-45	-21.5067
0.25	-45	-105.979
0.25	-45	29.9828
0.25	-45	117.269
0.25	-45	-13.4138
0.25	-45	104.907
0.25	-45	96.4009
0.25	-45	66.552
0.25	-45	-75.1857
0.25	-45	152.685
0.25	-45	115.536
0.25	-45	74.7584
0.25	-45	-17.5722
0.25	-45	143.75
0.25	-45	56.5624
0.25	-45	-126.806
0.25	-45	88.1536
0.25	-45	79.986
0.25	-45	-40.7529
0.25	-45	150.624
0.25	-45	75.0715
0.25	-45	-32.0075
0.25	-45	77.1189
0.25	-45	-28.6299
0.25	-45	-142.471
0.25	-45	35.721
0.25	-45	146.245
0.25	-45	-175.447
0.25	-45	171.874
0.25	-45	171.382
0.25	-45	43.0988
0.25	-45	151.535
0.25	-45	-80.4719
0.25	-45	42.3512
0.25	-45	-155.886
0.25	-45	9.48114
0.25	-45	105.245
0.25	-45	55.0126
0.25	-45	55.5034
0.25	-45	137.473
0.25	-45	140.857
0.25	-45	115.454
0.25	-45	17.7575
0.25	-45	-104.641
0.25	-45	174.9
0.25	-45	158.342
0.25	-45	-102.577
0.25	-45	-53.1316
0.25	-45	-94.5221
0.25	-45	-166.356
0.25	-45	-87.049
0.25	-45	138.069
0.25	-45	-97.3177
0.25	-45	-164.041
0.25	-45	-168.069
0.25	-45	-110.272
0.25	-45	15.6134
0.25	-45	-176.859
0.25	-45	60.6732
0.25	-45	162.626
0.25	-45	11.4738
0.25	-45	123.986
0.25	-45	53.5536
0.25	-45	-21.256
0.25	-45	-28.7695
0.25	-45	48.8891
0.25	-45	-148.073
0.25	-45	130.538
0.25	-45	-90.6874
0.25	-45	67.8103
0.25	-45	-39.3952
0.25	-45	15.8915
0.25	-45	81.2529
0.25	-45	-158.814
0.25	-45	-83.7125
0.25	-45	151.905
0.25	-45	13.137
0.25	-45	-168.945
0.25	-45	-163.671
0.25	-45	96.6323
0.25	-45	-117.346
0.25	-45	-98.1515
0.25	-45	16.221
0.25	-45	89.0383
0.25	-45	-141.522
0.25	-45	-86.1814
0.25	-45	128.649
0.25	-45	161.715
0.25	-45	171.058
0.25	-45	-119.432
0.25	-45	-128.933
0.25	-45	-55.8161
0.25	-45	46.8114
0.25	-45	97.3441
0.25	-45	57.0879
0.25	-45	-177.018
0.25	-45	-73.9582
0.25	-45	155.686
0.25	-45	-53.8175
0.25	-45	-148.753
0.25	-45	-30.921
0.25	-45	-5.26987
0.25	-45	-113.734
0.25	-45	85.6473
0.25	-45	-107.221
0.25	-45	-113.147
0.25	-45	170.149
0.25	-45	-95.294
0.25	-45	130.068
0.25	-45	-162.353
0.25	-45	-48.4219
0.25	-45	127.393
0.25	-45	-130.811
0.25	-45	-72.4095
0.25	-45	105.431
0.25	-45	129.229
0.25	-45	-122.486
0.25	-45	-158.597
0.25	-45	8.30014
0.25	-45	113.618
0.25	-45	-12.5896
0.25	-45	152.188
0.25	-45	-11.7461
0.25	-45	-31.0604
0.25	-45	35.5767
0.25	-45	109.094
0.25	-45	176.17
0.25	-45	126.07
0.25	-45	104.824
0.25	-45	-110.583
0.25	-45	-173.326
0.25	-45	80.1632
0.25	-45	7.13443
0.25	-45	-175.883
0.25	-45	-111.707
0.25	-45	-19.9593
0.25	-45	-146.33
0.25	-45	-18.8029
0.25	-45	-68.7726
0.25	-45	66.2272
0.25	-45	155.644
0.25	-45	112.997
0.25	-45	-118.485
0.25	-45	-64.8411
0.25	-45	53.6763
0.25	-45	-154.395
0.25	-45	0.574582
0.25	-45	-16.3849
0.25	-45	-110.34
0.25	-45	-81.4854
0.25	-45	65.1629
0.25	-45	8.66405
0.25	-45	-56.6612
0.25	-45	27.8006
0.25	-45	-81.2618
0.25	-45	153.732
0.25	-45	139.466
0.25	-45	145.952
0.25	-45	104.955
0.25	-45	130.16
0.25	-45	3.28486
0.25	-45	-33.2721
0.25	-45	-79.5059
0.25	-45	-129.96
0.25	-45	58.5982
0.25	-45	95.6502
0.25	-45	8.71935
0.25	-45	139.395
0.25	-45	-24.0466
0.25	-45	-85.1782
0.25	-45	-54.9798
0.25	-45	90.6373
0.25	-45	65.9056
0.25	-45	-17.7184
0.25	-45	-122.514
0.25	-45	-36.5724
0.25	-45	162.473
0.25	-45	-112.469
0.25	-45	60.0934
0.25	-45	-2.15539
0.25	-45	-176.143
0.25	-45	-126.155
0.25	-45	-139.81
0.25	-45	-80.7469
0.25	-45	166.376
0.25	-45	-61.4675
0.25	-45	-148.143
0.25	-45	-166.173
0.25	-45	78.2859
0.25	-45	10.0365
0.25	-45	-163.42
0.25	-45	-19.89
0.25	-45	-36.7889
0.25	-45	84.3968
0.25	-45	109.664
0.25	-45	34.7813
0.25	-45	-164.58
0.25	-45	164.645
0.25	-45	136.584
0.25	-45	8.37318
0.25	-45	-50.1871
0.25	-45	92.3916
0.25	-45	3.31869
0.25	-45	-50.1706
0.25	-45	33.7179
0.25	-45	-126.708
0.25	-45	-170.368
0.25	-45	-52.5842
0.25	-45	173.758
0.25	-45	161.21
0.25	-45	-148.365
0.25	-45	166.883
0.25	-45	-68.7216
0.25	-45	91.7155
0.25	-45	-149.135
0.25	-45	-153.087
0.25	-45	-66.3125
0.25	-45	-88.8945
0.25	-45	-10.0314
0.25	-45	-3.06148
0.25	-45	-167.947
0.25	-45	-48.3564
0.25	-45	-150.233
0.25	-45	-39.9132
0.25	-45	-26.2606
0.25	-45	-32.4864
0.25	-45	-112.304
0.25	-45	-13.0304
0.25	-45	100.138
0.25	-45	56.2613
0.25	-45	-58.1804
0.25	-45	56.7453
0.25	-45	-1.90756
0.25	-45	-5.81258
0.25	-45	-128.206
0.25	-45	-170.129
0.25	-45	34.615
0.25	-45	-105.846
0.25	-45	69.3962
0.25	-45	-177.282
0.25	-45	176.333
0.25	-45	-115.342
0.25	-45	-53.8979
0.25	-45	3.51231
0.25	-45	101.79
0.25	-45	120.636
0.25	-45	179.351
0.25	-45	37.4764
0.25	-45	-176.971
0.25	-45	88.1711
0.25	-45	114.489
0.25	-45	-45.7564
0.25	-45	-85.5178
0.25	-45	-82.2328
0.25	-45	102.031
0.25	-45	44.2381
0.25	-45	124.58
0.25	-45	166.422
0.25	-45	-151.085
0.25	-45	-148.418
0.25	-45	139.528
0.25	-45	-111.9
0.25	-45	103.206
0.25	-45	81.4022
0.25	-45	-141.874
0.25	-45	33.417
0.25	-45	-85.8993
0.25	-45	-75.0426
0.25	-45	-106.412
0.25	-45	-68.9546
0.25	-45	-74.1146
0.25	-45	-114.154
0.25	-45	-119.615
0.25	-45	-115.755
0.25	-45	158.785
0.25	-45	74.4529
0.25	-45	10.7586
0.25	-45	3.63395
0.25	-45	48.6983
0.25	-45	2.24863
0.25	-45	41.587
0.25	-45	-129.298
0.25	-45	119.303
0.25	-45	96.2826
0.25	-45	25.2034
0.25	-45	-39.9004
0.25	-45	-27.5077
0.25	-45	48.1028
0.25	-45	67.2577
0.25	-45	-65.2538
0.25	-45	-168.169
0.25	-45	50.4699
0.25	-45	-18.3476
0.25	-45	-168.082
0.25	-45	-37.156
0.25	-45	58.8131
0.25	-45	66.788
0.25	-45	-47.1874
0.25	-45	-159.382
0.25	-45	-101.874
0.25	-45	112.55
0.25	-45	-36.1688
0.25	-45	151.26
0.25	-45	-145.405
0.25	-45	13.5389
0.25	-45	40.4732
0.25	-45	-59.3835
0.25	-45	4.68531
0.25	-45	-152.441
0.25	-45	-76.3775
0.25	-45	-3.27763
0.25	-45	-143.583
0.25	-45	67.7392
0.25	-45	-94.9549
0.25	-45	78.1115
0.25	-45	-174.045
0.25	-45	92.025
0.25	-45	65.6428
0.25	-45	160.826
0.25	-45	-60.0874
0.25	-45	113.799
0.25	-45	4.5178
0.25	-45	140.767
0.25	-45	-158.745
0.25	-45	46.3272
0.25	-45	47.3662
0.25	-45	166.886
0.25	-45	-130.975
0.25	-45	-63.9024
0.25	-45	-74.1262
0.25	-45	-122.547
0.25	-45	-119.691
0.25	-45	-70.4616
0.25	-45	-73.8183
0.25	-45	75.6012
0.25	-45	-145.24
0.25	-45	143.549
0.25	-45	-10.6382
0.25	-45	18.6952
0.25	-45	35.1558
0.25	-45	66.5809
0.25	-45	3.88266
0.25	-45	-19.4338
0.25	-45	-134.242
0.25	-45	105.654
0.25	-45	-128.644
0.25	-45	-41.6774
0.25	-45	118.672
0.25	-45	27.8705
0.25	-45	-116.407
0.25	-45	69.3332
0.25	-45	-134.645
0.25	-45	50.6255
0.25	-45	10.8927
0.25	-45	79.7733
0.25	-45	2.93844
0.25	-45	-157.14
0.25	-45	-62.057
0.25	-45	-103.81
0.25	-45	101.428
0.25	-45	-158.811
0.25	-45	155.555
0.25	-45	87.8566
0.25	-45	-53.5234
0.25	-45	-173.764
0.25	-45	111.293
0.25	-45	6.40868
0.25	-45	69.3786
0.25	-45	-27.7923
0.25	-45	128.615
0.25	-45	30.5841
0.25	-45	-3.65517
0.25	-45	-22.1144
0.25	-45	41.8521
0.25	-45	-156.62
0.25	-45	-0.328832
0.25	-45	96.7972
0.25	-45	-138.772
0.25	-45	175.127
0.25	-45	-114.151
0.25	-45	-151.276
0.25	-45	-117.274
0.25	-45	164.844
0.25	-45	-152.475
0.25	-45	72.0341
0.25	-45	-87.4017
0.25	-45	142.659
0.25	-45	144.357
0.25	-45	57.6787
0.25	-45	47.2279
0.25	-45	145.298
0.25	-45	9.57531
0.25	-45	167.295
0.25	-45	23.8105
0.25	-45	-21.9152
0.25	-45	-63.4572
0.25	-45	-143.099
0.25	-45	-107.665
0.25	-45	146.226
0.25	-45	131.693
0.25	-45	-155.365
0.25	-45	-132.598
0.25	-45	-124.923
0.25	-45	119.998
0.25	-45	28.1578
0.25	-45	123.028
0.25	-45	158.969
0.25	-45	-40.2687
0.25	-45	-94.4788
0.25	-45	-164.321
0.25	-45	67.2127
0.25	-45	-52.9353
0.25	-45	-125.44
0.25	-45	35.8562
0.25	-45	62.7639
0.25	-45	-80.489
0.25	-45	-154.815
0.25	-45	27.978
0.25	-45	103.622
0.25	-45	-95.6769
0.25	-45	-75.8418
0.25	-45	31.4211
0.25	-45	-83.9603
0.25	-45	-54.4731
0.25	-45	114.861
0.25	-45	119.742
0.25	-45	24.8228
0.25	-45	12.5488
0.25	-45	-15.4831
0.25	-45	83.5036
0.25	-45	9.80285
0.25	-45	51.6302
0.25	-45	39.9707
0.25	-45	-96.721
0.25	-45	-112.048
0.25	-45	171.942
0.25	-45	104.453
0.25	-45	-114.965
0.25	-45	-129.02
0.25	-45	-48.1772
0.25	-45	-127.656
0.25	-45	-85.6589
0.25	-45	-22.0822
0.25	-45	59.4344
0.25	-45	-39.3947
0.25	-45	-178.09
0.25	-45	127.432
0.25	-45	-58.5927
0.25	-45	39.8195
0.25	-45	-17.5516
0.25	-45	-17.9453
0.25	-45	12.2144
0.25	-45	-111.286
0.25	-45	95.7507
0.25	-45	-104.796
0.25	-45	-60.8859
0.25	-45	138.972
0.25	-45	179.969
0.25	-45	-71.5065
0.25	-45	130.839
0.25	-45	-96.7697
0.25	-45	123.867
0.25	-45	146.548
0.25	-45	-121.121
0.25	-45	53.6932
0.25	-45	20.4564
0.25	-45	-48.4561
0.25	-45	21.4919
0.25	-45	-52.5338
0.25	-45	12.5161
0.25	-45	167.873
0.25	-45	-12.207
0.25	-45	-135.853
0.25	-45	61.1384
0.25	-45	-12.2169
0.25	-45	-115.883
0.25	-45	101.41
0.25	-45	-10.1216
0.25	-45	39.8724
0.25	-45	113.04
0.25	-45	129.27
0.25	-45	-84.0018
0.25	-45	127.138
0.25	-45	55.9575
0.25	-45	-108.77
0.25	-45	-30.9179
0.25	-45	-69.3659
0.25	-45	98.3743
0.25	-45	-133.607
0.25	-45	-79.6989
0.25	-45	-148.239
0.25	-45	38.7352
0.25	-45	54.8593
0.25	-45	-172.095
0.25	-45	-95.9807
0.25	-45	-39.0007
0.25	-45	156.322
0.25	-45	22.5772
0.25	-45	71.4274
0.25	-45	-65.1088
0.25	-45	-19.2687
0.25	-45	133.416
0.25	-45	-75.3316
0.25	-45	26.5316
0.25	-45	-18.734
0.25	-45	-110.079
0.25	-45	87.298
0.25	-45	54.8619
0.25	-45	1.37057
0.25	-45	-176.842
0.25	-45	-154.569
0.25	-45	69.6948
0.25	-45	-98.86
0.25	-45	-61.7068
0.25	-45	-118.407
0.25	-45	-147.641
0.25	-45	-19.7928
0.25	-45	-51.2539
0.25	-45	66.9642
0.25	-45	109.658
0.25	-45	-18.8116
0.25	-45	89.123
0.25	-45	75.1127
0.25	-45	95.8547
0.25	-45	-128.107
0.25	-45	8.96065
0.25	-45	-65.2119
0.25	-45	-147.315
0.25	-45	39.9094
0.25	-45	7.49157
0.25	-45	-84.4897
0.25	-45	177.134
0.25	-45	-94.5713
0.25	-45	-70.0775
0.25	-45	46.7232
0.25	-45	121.329
0.25	-45	-59.8979
0.25	-45	-104.088
0.25	-45	-74.2429
0.25	-45	-123.401
0.25	-45	-60.697
0.25	-45	173.179
0.25	-45	-89.5186
0.25	-45	-76.0827
0.25	-45	121.226
0.25	-45	-79.7118
0.25	-45	152.864
0.25	-45	-129.547
0.25	-45	19.0766
0.25	-45	-174.965
0.25	-45	132.452
0.25	-45	-13.8264
0.25	-45	107.304
0.25	-45	69.1301
0.25	-45	-70.9074
0.25	-45	94.6288
0.25	-45	122.393
0.25	-45	109.767
0.25	-45	-101.192
0.25	-45	106.779
0.25	-45	-106.054
0.25	-45	-115.998
0.25	-45	-71.3352
0.25	-45	-101.895
0.25	-45	-131.641
0.25	-45	154.504
0.25	-45	-99.5713
0.25	-45	-11.6987
0.25	-45	34.4315
0.25	-45	42.5898
0.25	-45	58.212
0.25	-45	-25.676
0.25	-45	-40.3555
0.25	-45	-160.65
0.25	-45	-74.7956
0.25	-45	-128.08
0.25	-45	68.8983
0.25	-45	40.7466
0.25	-45	-63.1128
0.25	-45	133.684
0.25	-45	109.109
0.25	-45	130.63
0.25	-45	131.068
0.25	-45	50.6163
0.25	-45	-140.459
0.25	-45	60.1284
0.25	-45	142.485
0.25	-45	-43.3645
0.25	-45	-78.3321
0.25	-45	96.1166
0.25	-45	127.414
0.25	-45	-84.8401
0.25	-45	29.1608
0.25	-45	40.9605
0.25	-45	-92.6871
0.25	-45	-108.932
0.25	-45	-128.79
0.25	-45	5.9608
0.25	-45	107.417
0.25	-45	19.6826
0.25	-45	-4.0203
0.25	-45	-21.3791
0.25	-45	63.3251
0.25	-45	150.72
0.25	-45	48.2861
0.25	-45	172.821
0.25	-45	30.4089
0.25	-45	12.1339
0.25	-45	-151.114
0.25	-45	83.2047
0.25	-45	88.7257
0.25	-45	39.2578
0.25	-45	24.6749
0.25	-45	-138.209
0.25	-45	-55.5265
0.25	-45	155.85
0.25	-45	-74.9698
0.25	-45	-102.894
0.25	-45	-72.6009
0.25	-45	-165.674
0.25	-45	-167.287
0.25	-45	48.8281
0.25	-45	-28.1563
0.25	-45	178.706
0.25	-45	160.264
0.25	-45	-98.8828
0.25	-45	-53.0607
0.25	-45	94.2525
0.25	-45	156.716
0.25	-45	-143.72
0.25	-45	-85.7348
0.25	-45	-100.346
0.25	-45	-168.131
0.25	-45	66.5634
0.25	-45	169.189
0.25	-45	-161.892
0.25	-45	-145.039
0.25	-45	-141.091
0.25	-45	24.5983
0.25	-45	-129.378
0.25	-45	31.715
0.25	-45	94.7735
0.25	-45	-137.917
0.25	-45	136.278
0.25	-45	-169.701
0.25	-45	104.025
0.25	-45	91.4177
0.25	-45	1.88746
0.25	-45	100.742
0.25	-45	-33.6656
0.25	-45	-69.5316
0.25	-45	-78.138
0.25	-45	145.624
0.25	-45	0.960449
0.25	-45	-177.965
0.25	-45	120.674
0.25	-45	173.897
0.25	-45	24.0296
0.25	-45	154.821
0.25	-45	-110.008
0.25	-45	-146.668
0.25	-45	83.4054
0.25	-45	-53.5058
0.25	-45	-40.591
0.25	-45	56.4807
0.25	-45	-5.56404
0.25	-45	45.5215
0.25	-45	14.767
0.25	-45	94.5556
0.25	-45	-124.715
0.25	-45	-15.9992
0.25	-45	-141.44
0.25	-45	4.41378
0.25	-45	138.69
0.25	-45	11.0095
0.25	-45	151.421
0.25	-45	71.0282
0.25	-45	50.6124
0.25	-45	-90.6436
0.25	-45	-118.636
0.25	-45	-102.124
0.25	-45	-107.692
0.25	-45	102.355
0.25	-45	-33.9243
0.25	-45	38.6391
0.25	-45	-5.77089
0.25	-45	16.8266
0.25	-45	-156.193
0.25	-45	16.7895
0.25	-45	97.2126
0.25	-45	-41.2478
0.25	-45	148.74
0.25	-45	-123.439
0.25	-45	-89.373
0.25	-45	109.596
0.25	-45	-62.1899
0.25	-45	146.296
0.25	-45	-95.4427
0.25	-45	-91.9104
0.25	-45	125.743
0.25	-45	-56.5634
0.25	-45	157.016
0.25	-45	23.4028
0.25	-45	-30.8007
0.25	-45	9.489
0.25	-45	9.39071
0.25	-45	-126.476
0.25	-45	-156.46
0.25	-45	40.7296
0.25	-45	18.8062
0.25	-45	-4.13317
0.25	-45	70.2894
0.25	-45	-164.038
0.25	-45	-163.498
0.25	-45	131.934
0.25	-45	-25.8085
0.25	-45	-112.286
0.25	-45	153.892
0.25	-45	20.8816
0.25	-45	109.109
0.25	-45	-127.99
0.25	-45	-143.801
0.25	-45	136.451
0.25	-45	101.439
0.25	-45	50.0339
0.25	-45	51.0588
0.25	-45	70.6865
0.25	-45	-98.9785
0.25	-45	172.025
0.25	-45	-111.032
0.25	-45	-37.48
0.25	-45	-116.84
0.25	-45	-53.2126
0.25	-45	102.063
0.25	-45	79.0554
0.25	-45	157.69
0.25	-45	64.4551
0.25	-45	171.429
0.25	-45	70.0853
0.25	-45	31.6622
0.25	-45	139.235
0.25	-45	-97.7192
0.25	-45	2.16502
0.25	-45	143.315
0.25	-45	-69.0641
0.25	-45	-150.246
0.25	-45	-119.999
0.25	-45	-56.6679
