pol	setting	phi
0.3	45	-57.998
0.3	45	-42.7686
0.3	45	101.051
0.3	45	-168.473
0.3	45	-94.7035
0.3	45	-7.26048
0.3	45	65.346
0.3	45	-68.652
0.3	45	113.516
0.3	45	153.292
0.3	45	30.0668
0.3	45	151.42
0.3	45	-134.357
0.3	45	165.742
0.3	45	138.439
0.3	45	31.2195
0.3	45	63.4146
0.3	45	-29.3085
0.3	45	82.1306
0.3	45	146.183
0.3	45	-90.164
0.3	45	101.128
0.3	45	123.293
0.3	45	123.922
0.3	45	-131.719
0.3	45	-65.7914
0.3	45	-119.789
0.3	45	118.453
0.3	45	-136.398
0.3	45	37.6917
0.3	45	106.526
0.3	45	151.874
0.3	45	-59.3058
0.3	45	-48.3861
0.3	45	173.837
0.3	45	-8.0237
0.3	45	161.944
0.3	45	-130.217
0.3	45	-178.872
0.3	45	-76.6573
0.3	45	-133.355
0.3	45	-20.2753
0.3	45	104.951
0.3	45	114.063
0.3	45	70.6512
0.3	45	-26.7647
0.3	45	39.8014
0.3	45	-10.4215
0.3	45	61.9453
0.3	45	-158.986
0.3	45	35.5057
0.3	45	-173.091
0.3	45	-51.1384
0.3	45	173.089
0.3	45	65.5106
0.3	45	-109.662
0.3	45	36.0226
0.3	45	40.9325
0.3	45	-121.763
0.3	45	82.6119
0.3	45	-109.047
0.3	45	79.2622
0.3	45	154.582
0.3	45	9.37545
0.3	45	-2.86322
0.3	45	-157.075
0.3	45	-17.5891
0.3	45	-40.2366
0.3	45	-40.9077
0.3	45	157.379
0.3	45	-111.101
0.3	45	121.667
0.3	45	141.527
0.3	45	54.9508
0.3	45	-166.949
0.3	45	90.2105
0.3	45	56.2054
0.3	45	-41.8066
0.3	45	137.763
0.3	45	-67.0709
0.3	45	-167.739
0.3	45	-105.66
0.3	45	8.30653
0.3	45	123.051
0.3	45	-159.355
0.3	45	-4.21408
0.3	45	-108.523
0.3	45	25.8284
0.3	45	-55.3397
0.3	45	-93.1276
0.3	45	105.224
0.3	45	-65.579
0.3	45	-12.7349
0.3	45	-28.5561
0.3	45	-66.4312
0.3	45	62.4176
0.3	45	21.9588
0.3	45	55.0597
0.3	45	-69.0284
0.3	45	30.5735
0.3	45	164.349
0.3	45	167.374
0.3	45	-18.9541
0.3	45	47.7733
0.3	45	160.294
0.3	45	36.624
0.3	45	-61.7583
0.3	45	-86.6713
0.3	45	-106.546
0.3	45	94.9163
0.3	45	-137.03
0.3	45	-63.8713
0.3	45	173.478
0.3	45	130.647
0.3	45	88.9557
0.3	45	114.89
0.3	45	-57.2476
0.3	45	82.8822
0.3	45	122.487
0.3	45	-43.4533
0.3	45	102.875
0.3	45	-123.678
0.3	45	-163.706
0.3	45	171.188
0.3	45	170.809
0.3	45	-20.2425
0.3	45	-121.511
0.3	45	6.05125
0.3	45	-155.68
0.3	45	-48.6555
0.3	45	7.64055
0.3	45	1.9205
0.3	45	87.418
0.3	45	37.6765
0.3	45	62.6767
0.3	45	-151.635
0.3	45	-28.4057
0.3	45	-92.7433
0.3	45	-49.315
0.3	45	52.9612
0.3	45	-12.2992
0.3	45	-143.216
0.3	45	60.1997
0.3	45	109.318
0.3	45	-144.899
0.3	45	84.604
0.3	45	-75.5499
0.3	45	-150.385
0.3	45	-145.335
0.3	45	89.0844
0.3	45	-7.57066
0.3	45	100.813
0.3	45	-174.755
0.3	45	-47.006
0.3	45	97.5439
0.3	45	17.3342
0.3	45	-20.4237
0.3	45	161.238
0.3	45	-5.07918
0.3	45	-69.7817
0.3	45	-179.682
0.3	45	-154.857
0.3	45	107.938
0.3	45	-81.8857
0.3	45	112.103
0.3	45	115.898
0.3	45	179.587
0.3	45	-6.93121
0.3	45	5.45536
0.3	45	-63.9716
0.3	45	61.3262
0.3	45	160.283
0.3	45	161.409
0.3	45	-149.271
0.3	45	-104.292
0.3	45	142.124
0.3	45	80.8945
0.3	45	-142.437
0.3	45	104.223
0.3	45	-86.0458
0.3	45	49.3591
0.3	45	-45.0996
0.3	45	-103.856
0.3	45	41.3151
0.3	45	-104.454
0.3	45	-24.9249
0.3	45	-6.51394
0.3	45	-72.9882
0.3	45	97.1746
0.3	45	-56.7647
0.3	45	-38.3815
0.3	45	-93.1432
0.3	45	116.091
0.3	45	-141.3
0.3	45	170.005
0.3	45	-142.348
0.3	45	-56.5166
0.3	45	-155.725
0.3	45	45.1197
0.3	45	-153.773
0.3	45	-65.5899
0.3	45	172.244
0.3	45	149.155
0.3	45	82.7491
0.3	45	89.6503
0.3	45	57.5111
0.3	45	-175.951
0.3	45	-47.082
0.3	45	143.371
0.3	45	11.7241
0.3	45	-142.891
0.3	45	130.928
0.3	45	116.626
0.3	45	-18.3286
0.3	45	-37.4782
0.3	45	149.321
0.3	45	9.64838
0.3	45	-57.8324
0.3	45	-58.4534
0.3	45	119.701
0.3	45	-96.2373
0.3	45	-56.1076
0.3	45	115.436
0.3	45	-72.037
0.3	45	131.304
0.3	45	51.7022
0.3	45	-155.362
0.3	45	-26.9784
0.3	45	89.357
0.3	45	-51.92
0.3	45	120.938
0.3	45	-49.1939
0.3	45	128.642
0.3	45	17.1126
0.3	45	-22.8534
0.3	45	26.5665
0.3	45	-76.8381
0.3	45	-123.745
0.3	45	28.0159
0.3	45	46.8142
0.3	45	-93.9416
0.3	45	-120.149
0.3	45	-164.178
0.3	45	13.189
0.3	45	-98.1054
0.3	45	125.196
0.3	45	41.6992
0.3	45	84.2479
0.3	45	-128.535
0.3	45	-158.393
0.3	45	25.5175
0.3	45	-112.826
0.3	45	-154.83
0.3	45	126.284
0.3	45	-3.65051
0.3	45	-49.9536
0.3	45	-113.481
0.3	45	-36.9982
0.3	45	-8.78913
0.3	45	-4.66545
0.3	45	112.396
0.3	45	98.0428
0.3	45	-37.9648
0.3	45	-83.3854
0.3	45	-45.4312
0.3	45	107.299
0.3	45	-66.2884
0.3	45	-100.634
0.3	45	169.278
0.3	45	173.714
0.3	45	-169.163
0.3	45	31.5431
0.3	45	-91.4003
0.3	45	-148.004
0.3	45	-10.0588
0.3	45	11.846
0.3	45	-63.6405
0.3	45	-51.7779
0.3	45	-17.3168
0.3	45	121.115
0.3	45	78.8799
0.3	45	44.4682
0.3	45	-97.9806
0.3	45	96.461
0.3	45	57.9675
0.3	45	-129.328
0.3	45	-157.487
0.3	45	159.983
0.3	45	-41.1777
0.3	45	149.129
0.3	45	-139.285
0.3	45	-131.268
0.3	45	-46.4621
0.3	45	-146.893
0.3	45	99.423
0.3	45	-2.91264
0.3	45	110.117
0.3	45	65.2762
0.3	45	89.405
0.3	45	-58.3665
0.3	45	-27.7347
0.3	45	-100.581
0.3	45	-16.4687
0.3	45	-99.5088
0.3	45	121.594
0.3	45	-166.248
0.3	45	111.393
0.3	45	63.4753
0.3	45	148.945
0.3	45	-85.5656
0.3	45	126.74
0.3	45	-151.552
0.3	45	145.25
0.3	45	-165.424
0.3	45	-147.273
0.3	45	-148.597
0.3	45	144.718
0.3	45	-81.0585
0.3	45	1.39342
0.3	45	-72.8837
0.3	45	-141.118
0.3	45	-112.267
0.3	45	-99.4413
0.3	45	-5.58175
0.3	45	51.7032
0.3	45	-23.0049
0.3	45	53.15
0.3	45	-4.09779
0.3	45	-65.827
0.3	45	-47.6914
0.3	45	35.746
0.3	45	113.488
0.3	45	-117.243
0.3	45	174.12
0.3	45	-46.6258
0.3	45	33.1026
0.3	45	127.957
0.3	45	102.447
0.3	45	-175.524
0.3	45	-18.4875
0.3	45	-9.0686
0.3	45	140.319
0.3	45	37.8154
0.3	45	-79.9218
0.3	45	0.29773
0.3	45	-44.0771
0.3	45	-55.9143
0.3	45	-176.985
0.3	45	7.79779
0.3	45	91.0567
0.3	45	-45.11
0.3	45	126.929
0.3	45	38.1252
0.3	45	-41.8415
0.3	45	-81.152
0.3	45	5.94625
0.3	45	-4.85414
0.3	45	58.8652
0.3	45	177.042
0.3	45	-21.068
0.3	45	-55.1163
0.3	45	-148.061
0.3	45	53.8703
0.3	45	-102.877
0.3	45	157.682
0.3	45	-24.57
0.3	45	160.919
0.3	45	107.885
0.3	45	28.5227
0.3	45	133.119
0.3	45	-108.839
0.3	45	21.047
0.3	45	8.55681
0.3	45	166.06
0.3	45	94.1255
0.3	45	44.9624
0.3	45	18.1798
0.3	45	162.281
0.3	45	-0.863598
0.3	45	-44.3716
0.3	45	-5.90637
0.3	45	99.8386
0.3	45	26.1004
0.3	45	-17.9802
0.3	45	121.522
0.3	45	-5.32698
0.3	45	-110.893
0.3	45	-64.7993
0.3	45	21.3927
0.3	45	-169.99
0.3	45	-8.99566
0.3	45	-31.7682
0.3	45	16.3143
0.3	45	15.449
0.3	45	-2.76266
0.3	45	-19.868
0.3	45	-75.2881
0.3	45	-22.3052
0.3	45	-68.4457
0.3	45	74.1898
0.3	45	147.244
0.3	45	48.5728
0.3	45	69.9838
0.3	45	-53.7373
0.3	45	106.305
0.3	45	163.049
0.3	45	125.246
0.3	45	-88.729
0.3	45	-102.504
0.3	45	-160.043
0.3	45	53.3831
0.3	45	-58.8195
0.3	45	-178.539
0.3	45	129.535
0.3	45	-89.8116
0.3	45	142.505
0.3	45	-112.364
0.3	45	-131.642
0.3	45	-114.444
0.3	45	148.284
0.3	45	-67.8908
0.3	45	140.966
0.3	45	101.567
0.3	45	-161.506
0.3	45	94.9928
0.3	45	-18.6061
0.3	45	-157.829
0.3	45	102.63
0.3	45	173.069
0.3	45	-87.2099
0.3	45	-115.599
0.3	45	-41.5323
0.3	45	-58.1181
0.3	45	-155.492
0.3	45	90.7038
0.3	45	145.139
0.3	45	114.964
0.3	45	85.2922
0.3	45	-5.56852
0.3	45	21.3844
0.3	45	-102.656
0.3	45	-69.8447
0.3	45	-65.3859
0.3	45	-9.63218
0.3	45	17.3528
0.3	45	-174.265
0.3	45	65.9689
0.3	45	97.4691
0.3	45	-60.9848
0.3	45	-72.5511
0.3	45	105.992
0.3	45	88.1785
0.3	45	35.035
0.3	45	75.8758
0.3	45	131.022
0.3	45	-125.481
0.3	45	-97.7794
0.3	45	-28.6258
0.3	45	-85.1869
0.3	45	-102.143
0.3	45	-116.543
0.3	45	129.776
0.3	45	76.6797
0.3	45	130.48
0.3	45	52.1611
0.3	45	-109.264
0.3	45	-7.46013
0.3	45	-91.6006
0.3	45	122.72
0.3	45	-77.3184
0.3	45	-140.942
0.3	45	-8.50755
0.3	45	121.416
0.3	45	105.511
0.3	45	13.1268
0.3	45	-175.051
0.3	45	-176.817
0.3	45	126.876
0.3	45	-10.3714
0.3	45	-136.111
0.3	45	117.163
0.3	45	34.1431
0.3	45	-35.983
0.3	45	82.6542
0.3	45	131.353
0.3	45	-102.442
0.3	45	-175.752
0.3	45	-5.24994
0.3	45	61.9821
0.3	45	104.739
0.3	45	-20.2235
0.3	45	134.956
0.3	45	55.3708
0.3	45	93.3976
0.3	45	-77.3611
0.3	45	-73.9453
0.3	45	-121.933
0.3	45	-157.574
0.3	45	98.8562
0.3	45	-94.7996
0.3	45	-38.8282
0.3	45	-87.6841
0.3	45	-21.0292
0.3	45	-171.569
0.3	45	69.9939
0.3	45	-84.014
0.3	45	114.963
0.3	45	51.5076
0.3	45	-68.2532
0.3	45	-77.0169
0.3	45	-75.436
0.3	45	-94.7791
0.3	45	-61.5928
0.3	45	-100.077
0.3	45	-165.373
0.3	45	53.832
0.3	45	105.321
0.3	45	-124.731
0.3	45	99.4787
0.3	45	-136.41
0.3	45	173.914
0.3	45	-51.8313
0.3	45	124.874
0.3	45	-75.6532
0.3	45	-103.006
0.3	45	-61.8755
0.3	45	162.385
0.3	45	-73.5038
0.3	45	-15.6426
0.3	45	23.937
0.3	45	-34.7444
0.3	45	146.114
0.3	45	-21.4229
0.3	45	163.991
0.3	45	161.989
0.3	45	-116.226
0.3	45	94.5134
0.3	45	-76.4424
0.3	45	93.7631
0.3	45	-12.9706
0.3	45	88.3015
0.3	45	-165.211
0.3	45	133.427
0.3	45	164.416
0.3	45	-5.62645
0.3	45	137.993
0.3	45	-6.92605
0.3	45	-27.0234
0.3	45	78.3053
0.3	45	40.9314
0.3	45	-148.891
0.3	45	151.503
0.3	45	14.0121
0.3	45	39.6097
0.3	45	-84.9624
0.3	45	-81.5452
0.3	45	50.1534
0.3	45	-53.2404
0.3	45	-69.039
0.3	45	59.6089
0.3	45	30.2395
0.3	45	158.667
0.3	45	-152.408
0.3	45	47.2406
0.3	45	-72.6111
0.3	45	-37.5864
0.3	45	38.5552
0.3	45	3.63135
0.3	45	60.5521
0.3	45	-175.426
0.3	45	-72.6229
0.3	45	-86.4431
0.3	45	-93.9324
0.3	45	25.214
0.3	45	160.434
0.3	45	132.601
0.3	45	80.6703
0.3	45	-173.881
0.3	45	81.5626
0.3	45	160.614
0.3	45	-19.9728
0.3	45	25.7523
0.3	45	71.7592
0.3	45	-102.516
0.3	45	69.9383
0.3	45	-15.6466
0.3	45	160.731
0.3	45	-92.1761
0.3	45	-17.3321
0.3	45	-33.0418
0.3	45	145.252
0.3	45	-56.7483
0.3	45	-76.8084
0.3	45	40.8048
0.3	45	-104.874
0.3	45	-26.4434
0.3	45	-156.662
0.3	45	26.1949
0.3	45	-56.3965
0.3	45	9.37492
0.3	45	-54.8979
0.3	45	-95.4407
0.3	45	-12.6907
0.3	45	-108.489
0.3	45	-154.174
0.3	45	52.488
0.3	45	5.49766
0.3	45	133.633
0.3	45	151.848
0.3	45	-126.801
0.3	45	28.6454
0.3	45	18.1933
0.3	45	-137.517
0.3	45	123.16
0.3	45	122.078
0.3	45	89.555
0.3	45	-18.3362
0.3	45	-175.811
0.3	45	122.248
0.3	45	-17.4482
0.3	45	-115.139
0.3	45	-1.24788
0.3	45	-57.0329
0.3	45	135.429
0.3	45	73.1311
0.3	45	167.568
0.3	45	-121.075
0.3	45	-6.35695
0.3	45	-33.5748
0.3	45	1.5099
0.3	45	-77.5646
0.3	45	135.564
0.3	45	21.0645
0.3	45	-27.4077
0.3	45	-142.458
0.3	45	-100.837
0.3	45	-163.791
0.3	45	90.3349
0.3	45	24.1316
0.3	45	170.927
0.3	45	88.3923
0.3	45	177.138
0.3	45	115.495
0.3	45	-120.717
0.3	45	78.4699
0.3	45	63.6368
0.3	45	-110.308
0.3	45	-151.375
0.3	45	-107.861
0.3	45	31.4929
0.3	45	-64.9379
0.3	45	-160.502
0.3	45	-128.489
0.3	45	160.305
0.3	45	32.1699
0.3	45	56.7056
0.3	45	52.2196
0.3	45	123.331
0.3	45	81.7766
0.3	45	34.9127
0.3	45	-129.035
0.3	45	113.162
0.3	45	-25.2763
0.3	45	-65.9517
0.3	45	135.564
0.3	45	171.78
0.3	45	17.8785
0.3	45	-133.312
0.3	45	-82.089
0.3	45	19.112
0.3	45	72.0565
0.3	45	-82.927
0.3	45	-77.5902
0.3	45	-135.459
0.3	45	152.947
0.3	45	86.4636
0.3	45	-37.4078
0.3	45	-42.3181
0.3	45	81.5517
0.3	45	-19.1417
0.3	45	-68.2695
0.3	45	-13.8902
0.3	45	-23.6941
0.3	45	9.053
0.3	45	-89.1164
0.3	45	108.063
0.3	45	81.5277
0.3	45	-41.4298
0.3	45	-58.1342
0.3	45	43.8952
0.3	45	-129.849
0.3	45	-133.285
0.3	45	139.204
0.3	45	-141.092
0.3	45	130.771
0.3	45	-66.5568
0.3	45	-32.4175
0.3	45	81.5788
0.3	45	98.5486
0.3	45	35.9748
0.3	45	13.7572
0.3	45	23.0962
0.3	45	114.352
0.3	45	-133.226
0.3	45	-3.08152
0.3	45	166.451
0.3	45	178.316
0.3	45	95.8583
0.3	45	-86.2926
0.3	45	-63.4327
0.3	45	-81.4235
0.3	45	-172.223
0.3	45	105.623
0.3	45	11.8751
0.3	45	81.7779
0.3	45	1.51932
0.3	45	-45.9997
0.3	45	79.4862
0.3	45	-157.474
0.3	45	-70.0974
0.3	45	-156.493
0.3	45	137.177
0.3	45	-132.18
0.3	45	-5.44787
0.3	45	91.3445
0.3	45	-52.1378
0.3	45	-149.584
0.3	45	3.88971
0.3	45	-112.505
0.3	45	-53.5553
0.3	45	-82.7609
0.3	45	134.729
0.3	45	12.6083
0.3	45	28.6124
0.3	45	-1.33091
0.3	45	-6.53631
0.3	45	-43.6832
0.3	45	-145.827
0.3	45	-93.7017
0.3	45	-36.0021
0.3	45	-58.9115
0.3	45	115.76
0.3	45	48.4102
0.3	45	-171.833
0.3	45	158.889
0.3	45	-82.7748
0.3	45	-94.2181
0.3	45	-133.053
0.3	45	-2.77322
0.3	45	-118.612
0.3	45	-171.569
0.3	45	128.293
0.3	45	-70.1087
0.3	45	5.86062
0.3	45	48.9659
0.3	45	-19.2236
0.3	45	16.2095
0.3	45	140.898
0.3	45	-77.3755
0.3	45	-132.708
0.3	45	123.706
0.3	45	61.819
0.3	45	-158.216
0.3	45	-29.2532
0.3	45	143.038
0.3	45	-68.517
0.3	45	78.4017
0.3	45	-110.618
0.3	45	-24.7043
0.3	45	-38.4707
0.3	45	-14.5164
0.3	45	63.8045
0.3	45	139.476
0.3	45	147.965
0.3	45	-96.6184
0.3	45	84.5646
0.3	45	0.842972
0.3	45	-77.6433
0.3	45	-117.077
0.3	45	130.713
0.3	45	54.1475
0.3	45	-47.0465
0.3	45	33.5473
0.3	45	-23.3426
0.3	45	-91.4423
0.3	45	-78.4863
0.3	45	-119.393
0.3	45	26.6283
0.3	45	-66.5606
0.3	45	-153.273
0.3	45	-151.037
0.3	45	102.116
0.3	45	-116.405
0.3	45	127.163
0.3	45	-158.29
0.3	45	-123.686
0.3	45	-24.1294
0.3	45	89.0021
0.3	45	164.591
0.3	45	-15.599
0.3	45	90.963
0.3	45	64.499
0.3	45	-116.431
0.3	45	-45.3343
0.3	45	-92.3757
0.3	45	-20.6569
0.3	45	-135.272
0.3	45	143.646
0.3	45	-28.601
0.3	45	-122.003
0.3	45	-174.822
0.3	45	-61.9428
0.3	45	105.173
0.3	45	-160.735
0.3	45	150.396
0.3	45	175.772
0.3	45	120.748
0.3	45	101.684
0.3	45	-20.1414
0.3	45	31.2745
0.3	45	68.5603
0.3	45	108.146
0.3	45	23.4318
0.3	45	56.0326
0.3	45	82.5504
0.3	45	75.9894
0.3	45	-167.376
0.3	45	140.837
0.3	45	9.52616
0.3	45	-122.553
0.3	45	152.601
0.3	45	112.361
0.3	45	-15.8792
0.3	45	-155.021
0.3	45	-146.432
0.3	45	173.032
0.3	45	113.635
0.3	45	-155.886
0.3	45	-123.558
0.3	45	-58.0082
0.3	45	84.7427
0.3	45	-130.028
0.3	45	133.654
0.3	45	72.7842
0.3	45	51.3156
0.3	45	-111.359
0.3	45	-80.1352
0.3	45	72.8067
0.3	45	-14.4279
0.3	45	79.6587
0.3	45	73.5291
0.3	45	-168.17
0.3	45	143.64
0.3	45	-78.7711
0.3	45	58.6097
0.3	45	50.2955
0.3	45	-31.72
0.3	45	88.5758
0.3	45	33.4619
0.3	45	104.684
0.3	45	-134.764
0.3	45	95.6216
0.3	45	166.051
0.3	45	-108.535
0.3	45	159.618
0.3	45	-30.9569
0.3	45	52.1954
0.3	45	-17.2958
0.3	45	81.5848
0.3	45	-125.184
0.3	45	-77.1394
0.3	45	-52.4018
0.3	45	85.2178
0.3	45	-80.7115
0.3	45	-127.41
0.3	45	34.4754
0.3	45	174.304
0.3	45	-179.796
0.3	45	-169.288
0.3	45	56.0785
0.3	45	-29.2526
0.3	45	50.1463
0.3	45	-63.329
0.3	45	142.045
0.3	45	-69.4472
0.3	45	114.243
0.3	45	-104.205
0.3	45	7.93091
0.3	45	133.161
0.3	45	-1.67171
0.3	45	-96.9105
0.3	45	8.83511
0.3	45	-121.525
0.3	45	163.477
0.3	45	-145.938
0.3	45	136.957
0.3	45	165.594
0.3	45	-74.5798
0.3	45	119.09
0.3	45	-122.199
0.3	45	-0.333382
0.3	45	-101.392
0.3	45	3.96154
0.3	45	69.1993
0.3	45	-103.179
0.3	45	-11.9925
0.3	45	160.547
0.3	45	32.7217
0.3	45	22.839
0.3	45	40.7666
0.3	45	142.18
0.3	45	-136.973
0.3	45	-155.056
0.3	45	31.7454
0.3	45	-61.636
0.3	45	-142.557
0.3	45	-152.684
0.3	45	-137.152
0.3	45	140.718
0.3	45	-107.94
0.3	45	129.167
0.3	45	-32.9204
0.3	45	93.3462
0.3	45	-67.1549
0.3	45	136.969
0.3	45	-65.0171
0.3	45	-12.9512
0.3	45	-69.643
0.3	45	18.4175
0.3	45	155.835
0.3	45	-137.21
0.3	45	-162.473
0.3	45	68.3969
0.3	45	103.691
0.3	45	0.584991
0.3	45	112.57
0.3	45	100.821
0.3	45	103.646
0.3	45	-163.703
0.3	45	-75.0081
0.3	45	33.1323
0.3	45	68.2202
0.3	45	27.1068
0.3	45	10.2223
0.3	45	-123.714
0.3	45	-124.872
0.3	45	-50.2542
0.3	45	-26.1023
0.3	45	65.2609
0.3	45	-25.5384
0.3	45	140.198
0.3	45	105.868
0.3	45	151.475
0.3	45	81.5727
0.3	45	20.6885
0.3	45	156.278
0.3	45	118.515
0.3	45	124.585
0.3	45	-168.018
0.3	45	28.6053
0.3	45	144.769
0.3	45	-53.6201
0.3	45	160.67
0.3	45	87.86
0.3	45	-98.2618
0.3	45	2.6014
0.3	45	-146.174
0.3	45	97.5881
0.3	45	24.4971
0.3	45	-21.3912
0.3	45	33.7153
0.3	45	-166.202
0.3	45	-141.339
0.3	45	-163.413
0.3	45	161.07
0.3	45	39.7916
0.3	45	-148.621
0.3	45	-155.619
0.3	45	5.70004
0.3	45	48.8821
0.3	45	49.774
0.3	45	-38.0723
0.3	45	105.07
0.3	45	-120.236
0.3	45	-131.901
0.3	45	-29.0914
0.3	45	-77.3983
0.3	45	45.9793
0.3	45	77.8121
0.3	45	88.7451
0.3	45	61.5664
0.3	45	30.5274
0.3	45	-51.8296
0.3	45	170.45
0.3	45	-103.883
0.3	45	-178.401
0.3	45	28.6462
0.3	45	-153.924
0.3	45	61.6517
0.3	45	-4.31633
0.25	-45	6.29843
0.25	-45	104.525
0.25	-45	1.48358
0.25	-45	98.4792
0.25	-45	-109.702
0.25	-45	-71.2371
0.25	-45	-118.204
0.25	-45	27.377
0.25	-45	63.1083
0.25	-45	-11.9096
0.25	-45	43.8775
0.25	-45	-101.477
0.25	-45	-123.222
0.25	-45	62.3329
0.25	-45	155.213
0.25	-45	86.8204
0.25	-45	-83.5484
0.25	-45	-155.341
0.25	-45	-117.457
0.25	-45	161.22
0.25	-45	-40.2985
0.25	-45	-0.934498
0.25	-45	111.688
0.25	-45	15.1014
0.25	-45	-108.44
0.25	-45	-154.18
0.25	-45	28.1401
0.25	-45	-142.227
0.25	-45	-119.857
0.25	-45	-135.147
0.25	-45	133.435
0.25	-45	-6.96938
0.25	-45	46.1736
0.25	-45	71.4593
0.25	-45	-126.459
0.25	-45	-42.4437
0.25	-45	-29.2388
0.25	-45	87.9346
0.25	-45	54.1623
0.25	-45	-96.8985
0.25	-45	-136.638
0.25	-45	-131.632
0.25	-45	68.4902
0.25	-45	94.498
0.25	-45	-52.598
0.25	-45	-91.5045
0.25	-45	141.865
0.25	-45	-150.392
0.25	-45	-176.107
0.25	-45	76.8982
0.25	-45	-140.132
0.25	-45	-120.918
0.25	-45	-120.666
0.25	-45	117.005
0.25	-45	-1.82345
0.25	-45	13.2767
0.25	-45	141.458
0.25	-45	39.7057
0.25	-45	-12.7314
0.25	-45	-132.988
0.25	-45	-119.175
0.25	-45	-92.1888
0.25	-45	4.45911
0.25	-45	21.4612
0.25	-45	-132.825
0.25	-45	-78.3743
0.25	-45	36.8897
0.25	-45	128.144
0.25	-45	-165.368
0.25	-45	163.592
0.25	-45	-115.901
0.25	-45	-103.514
0.25	-45	112.417
0.25	-45	61.5638
0.25	-45	-6.33907
0.25	-45	-116.093
0.25	-45	-13.5366
0.25	-45	145.996
0.25	-45	175.857
0.25	-45	19.0549
0.25	-45	-176.501
0.25	-45	-17.5363
0.25	-45	-115.914
0.25	-45	-46.679
0.25	-45	-8.52539
0.25	-45	-82.8903
0.25	-45	20.5634
0.25	-45	-65.428
0.25	-45	-143.21
0.25	-45	169.138
0.25	-45	-123.579
0.25	-45	-40.0242
0.25	-45	-90.6045
0.25	-45	-174.457
0.25	-45	148.271
0.25	-45	-65.5267
0.25	-45	170.279
0.25	-45	-161.031
0.25	-45	-83.5835
0.25	-45	-146.779
0.25	-45	-70.2355
0.25	-45	149.798
0.25	-45	-133.11
0.25	-45	-129.743
0.25	-45	84.363
0.25	-45	12.0695
0.25	-45	27.8807
0.25	-45	1.91891
0.25	-45	-146.475
0.25	-45	57.4125
0.25	-45	-10.3499
0.25	-45	-143.263
0.25	-45	31.4157
0.25	-45	-13.8832
0.25	-45	116.174
0.25	-45	110.097
0.25	-45	25.6475
0.25	-45	-152.03
0.25	-45	-124.212
0.25	-45	162.746
0.25	-45	35.8686
0.25	-45	177.266
0.25	-45	-78.397
0.25	-45	168.173
0.25	-45	118.215
0.25	-45	-163.756
0.25	-45	-145.151
0.25	-45	-113.656
0.25	-45	-48.9736
0.25	-45	-8.14859
0.25	-45	158.61
0.25	-45	-168.8
0.25	-45	35.8584
0.25	-45	51.5881
0.25	-45	-144.39
0.25	-45	-13.4064
0.25	-45	-92.4284
0.25	-45	172.824
0.25	-45	-143.427
0.25	-45	108.407
0.25	-45	-46.73
0.25	-45	-158.007
0.25	-45	-113.611
0.25	-45	-86.3091
0.25	-45	-127.674
0.25	-45	-167.555
0.25	-45	-106.036
0.25	-45	-165.075
0.25	-45	173.452
0.25	-45	-2.75146
0.25	-45	-80.0142
0.25	-45	-0.530563
0.25	-45	-163.087
0.25	-45	150.865
0.25	-45	109.102
0.25	-45	-131.863
0.25	-45	-47.0941
0.25	-45	169.197
0.25	-45	-85.1107
0.25	-45	-75.6631
0.25	-45	133.651
0.25	-45	140.061
0.25	-45	-68.243
0.25	-45	-164.999
0.25	-45	174.133
0.25	-45	-110.369
0.25	-45	-153.592
0.25	-45	-39.3
0.25	-45	130.374
0.25	-45	82.0235
0.25	-45	84.3691
0.25	-45	114.426
0.25	-45	-77.3695
0.25	-45	-105.4
0.25	-45	94.9771
0.25	-45	-92.0668
0.25	-45	-179.204
0.25	-45	-88.6224
0.25	-45	-125.003
0.25	-45	140.367
0.25	-45	-151.184
0.25	-45	-31.9242
0.25	-45	-154.035
0.25	-45	-112.106
0.25	-45	-132.733
0.25	-45	83.34
0.25	-45	-111.611
0.25	-45	137.948
0.25	-45	-39.1433
0.25	-45	109.422
0.25	-45	-26.9411
0.25	-45	118.031
0.25	-45	-25.7257
0.25	-45	-99.8654
0.25	-45	-167.879
0.25	-45	-110.394
0.25	-45	40.1984
0.25	-45	-124.547
0.25	-45	-44.5749
0.25	-45	52.8997
0.25	-45	100.373
0.25	-45	-104.1
0.25	-45	-137.688
0.25	-45	-55.0472
0.25	-45	136.46
0.25	-45	19.8908
0.25	-45	95.8123
0.25	-45	92.4033
0.25	-45	118.814
0.25	-45	81.2252
0.25	-45	-125.703
0.25	-45	-129.089
0.25	-45	14.973
0.25	-45	-85.5326
0.25	-45	-29.83
0.25	-45	-115.096
0.25	-45	54.1439
0.25	-45	165.913
0.25	-45	-23.2737
0.25	-45	154.438
0.25	-45	-20.209
0.25	-45	144.565
0.25	-45	-47.1988
0.25	-45	24.0266
0.25	-45	-106.136
0.25	-45	-57.6973
0.25	-45	-85.0257
0.25	-45	67.3865
0.25	-45	-151.728
0.25	-45	-82.3771
0.25	-45	-146.138
0.25	-45	21.7766
0.25	-45	-134.42
0.25	-45	141.93
0.25	-45	-137.558
0.25	-45	150.668
0.25	-45	17.4357
0.25	-45	178.968
0.25	-45	168.874
0.25	-45	-60.2199
0.25	-45	59.767
0.25	-45	141.097
0.25	-45	-83.1684
0.25	-45	-79.9762
0.25	-45	134.357
0.25	-45	83.3878
0.25	-45	98.7137
0.25	-45	-167.207
0.25	-45	53.2516
0.25	-45	-160.507
0.25	-45	23.4011
0.25	-45	10.0182
0.25	-45	-105.284
0.25	-45	154.764
0.25	-45	155.588
0.25	-45	137.503
0.25	-45	-107.804
0.25	-45	68.4409
0.25	-45	105.97
0.25	-45	-107.109
0.25	-45	-137.478
0.25	-45	94.0915
0.25	-45	-97.0231
0.25	-45	-142.265
0.25	-45	-172.567
0.25	-45	-114.575
0.25	-45	29.448
0.25	-45	-104.721
0.25	-45	-159.909
0.25	-45	115.942
0.25	-45	108.95
0.25	-45	130.739
0.25	-45	-47.1043
0.25	-45	70.9467
0.25	-45	168.073
0.25	-45	-161.341
0.25	-45	-59.1892
0.25	-45	-76.7257
0.25	-45	60.7323
0.25	-45	-120.265
0.25	-45	52.8272
0.25	-45	101.29
0.25	-45	22.5549
0.25	-45	64.2696
0.25	-45	-136.64
0.25	-45	18.4645
0.25	-45	-80.7312
0.25	-45	-106.205
0.25	-45	-58.4512
0.25	-45	-41.4197
0.25	-45	-12.6913
0.25	-45	47.0767
0.25	-45	-123.069
0.25	-45	-135.816
0.25	-45	14.961
0.25	-45	82.5259
0.25	-45	-98.773
0.25	-45	-63.7244
0.25	-45	-178.071
0.25	-45	8.58758
0.25	-45	-74.305
0.25	-45	-147.429
0.25	-45	-144.087
0.25	-45	109.888
0.25	-45	148.296
0.25	-45	32.4136
0.25	-45	176.612
0.25	-45	-126.994
0.25	-45	-176.21
0.25	-45	168.377
0.25	-45	100.24
0.25	-45	54.7709
0.25	-45	-121.084
0.25	-45	35.2151
0.25	-45	-115.217
0.25	-45	132.032
0.25	-45	-36.4526
0.25	-45	14.6813
0.25	-45	91.6036
0.25	-45	-5.87973
0.25	-45	20.45
0.25	-45	-92.2533
0.25	-45	139.627
0.25	-45	27.6681
0.25	-45	-90.9898
0.25	-45	170.958
0.25	-45	-66.3126
0.25	-45	-112.053
0.25	-45	-173.803
0.25	-45	-15.9872
0.25	-45	42.7535
0.25	-45	33.0382
0.25	-45	43.0523
0.25	-45	-144.626
0.25	-45	-109.77
0.25	-45	-123.466
0.25	-45	32.9649
0.25	-45	70.4791
0.25	-45	107.661
0.25	-45	111.33
0.25	-45	-9.22471
0.25	-45	-109.282
0.25	-45	147.186
0.25	-45	-27.1547
0.25	-45	140.051
0.25	-45	-99.043
0.25	-45	61.5852
0.25	-45	60.146
0.25	-45	-22.1442
0.25	-45	134.187
0.25	-45	-112.527
0.25	-45	171.981
0.25	-45	-15.8793
0.25	-45	-89.6586
0.25	-45	176.096
0.25	-45	86.8367
0.25	-45	-24.2913
0.25	-45	-71.4805
0.25	-45	-51.2715
0.25	-45	147.348
0.25	-45	-141.217
0.25	-45	73.0117
0.25	-45	62.8086
0.25	-45	-21.4697
0.25	-45	-132.973
0.25	-45	112.322
0.25	-45	-124.662
0.25	-45	164.151
0.25	-45	-93.8348
0.25	-45	-53.602
0.25	-45	95.5645
0.25	-45	-102.433
0.25	-45	179.254
0.25	-45	-67.937
0.25	-45	42.862
0.25	-45	-3.75122
0.25	-45	166.104
0.25	-45	-79.7358
0.25	-45	31.472
0.25	-45	2.94001
0.25	-45	95.4808
0.25	-45	136.982
0.25	-45	128.193
0.25	-45	135.813
0.25	-45	56.7467
0.25	-45	121.236
0.25	-45	-162.739
0.25	-45	102.411
0.25	-45	43.4253
0.25	-45	-107.522
0.25	-45	-70.727
0.25	-45	-18.2774
0.25	-45	-149.16
0.25	-45	-52.818
0.25	-45	175.629
0.25	-45	125.356
0.25	-45	-36.7211
0.25	-45	-28.2189
0.25	-45	-153.328
0.25	-45	161.218
0.25	-45	-92.1165
0.25	-45	-42.5018
0.25	-45	-67.8123
0.25	-45	-104.743
0.25	-45	-147.655
0.25	-45	116.859
0.25	-45	116.922
0.25	-45	-119.026
0.25	-45	-24.9975
0.25	-45	18.5572
0.25	-45	172.617
0.25	-45	157.366
0.25	-45	29.997
0.25	-45	-175.527
0.25	-45	-102.158
0.25	-45	-124.39
0.25	-45	26.6177
0.25	-45	-125.629
0.25	-45	-16.9406
0.25	-45	174.715
0.25	-45	-85.7461
0.25	-45	65.0045
0.25	-45	34.8426
0.25	-45	-79.5965
0.25	-45	56.0145
0.25	-45	-144.13
0.25	-45	-83.8286
0.25	-45	-157.195
0.25	-45	118.09
0.25	-45	37.1324
0.25	-45	-34.6266
0.25	-45	93.361
0.25	-45	130.991
0.25	-45	83.4279
0.25	-45	-38.5754
0.25	-45	153.09
0.25	-45	-55.6166
0.25	-45	-153.774
0.25	-45	177.883
0.25	-45	-166.062
0.25	-45	177.994
0.25	-45	-121.686
0.25	-45	-20.2433
0.25	-45	-102.609
0.25	-45	40.794
0.25	-45	-9.68338
0.25	-45	117.66
0.25	-45	-107.53
0.25	-45	-179.664
0.25	-45	124.182
0.25	-45	-143.826
0.25	-45	-45.7711
0.25	-45	-142.013
0.25	-45	-95.9924
0.25	-45	-17.6387
0.25	-45	-165.695
0.25	-45	25.4029
0.25	-45	-110.03
0.25	-45	-42.2297
0.25	-45	4.44743
0.25	-45	-43.1545
0.25	-45	-156.696
0.25	-45	125.335
0.25	-45	31.2209
0.25	-45	-14.8126
0.25	-45	-172.191
0.25	-45	42.2705
0.25	-45	-156.869
0.25	-45	116.372
0.25	-45	156.575
0.25	-45	45.7326
0.25	-45	-169.166
0.25	-45	29.8056
0.25	-45	-24.5534
0.25	-45	-9.15568
0.25	-45	-12.8553
0.25	-45	155.65
0.25	-45	-175.947
0.25	-45	98.3703
0.25	-45	151.62
0.25	-45	-80.8865
0.25	-45	-19.3038
0.25	-45	-47.0465
0.25	-45	-87.6774
0.25	-45	31.9464
0.25	-45	125.447
0.25	-45	-0.443051
0.25	-45	-18.5778
0.25	-45	-24.6362
0.25	-45	-118.404
0.25	-45	-154.763
0.25	-45	-58.286
0.25	-45	-63.3968
0.25	-45	-91.3134
0.25	-45	141.73
0.25	-45	121.525
0.25	-45	40.7273
0.25	-45	72.058
0.25	-45	9.37139
0.25	-45	130.023
0.25	-45	-107.139
0.25	-45	29.4141
0.25	-45	21.0883
0.25	-45	-174.072
0.25	-45	62.2793
0.25	-45	160.363
0.25	-45	11.7627
0.25	-45	133.704
0.25	-45	-176.182
0.25	-45	34.1142
0.25	-45	41.8044
0.25	-45	-63.8909
0.25	-45	-4.76618
0.25	-45	-146.193
0.25	-45	147.932
0.25	-45	-6.62355
0.25	-45	-55.2471
0.25	-45	174.025
0.25	-45	21.5536
0.25	-45	83.7517
0.25	-45	-54.6628
0.25	-45	-148.386
0.25	-45	53.7431
0.25	-45	-55.0697
0.25	-45	-157.482
0.25	-45	-86.7945
0.25	-45	94.6337
0.25	-45	138.527
0.25	-45	49.4412
0.25	-45	-14.5498
0.25	-45	156.706
0.25	-45	-179.564
0.25	-45	-174.544
0.25	-45	128.255
0.25	-45	-123.97
0.25	-45	-172.569
0.25	-45	16.4481
0.25	-45	-162.399
0.25	-45	-156.1
0.25	-45	-13.2081
0.25	-45	68.7057
0.25	-45	111.33
0.25	-45	-72.599
0.25	-45	-71.4217
0.25	-45	-145.809
0.25	-45	15.4675
0.25	-45	102.841
0.25	-45	-107.7
0.25	-45	-16.4959
0.25	-45	68.1818
0.25	-45	51.1274
0.25	-45	148.455
0.25	-45	-96.3459
0.25	-45	126.154
0.25	-45	-140.709
0.25	-45	-109.109
0.25	-45	-9.00315
0.25	-45	-163.89
0.25	-45	-98.3277
0.25	-45	-108.046
0.25	-45	-138.625
0.25	-45	-128.187
0.25	-45	-34.0961
0.25	-45	-39.6769
0.25	-45	139.023
0.25	-45	-59.9261
0.25	-45	120.401
0.25	-45	-168.507
0.25	-45	-13.4025
0.25	-45	-74.3162
0.25	-45	-40.3783
0.25	-45	143.851
0.25	-45	131.135
0.25	-45	-170.093
0.25	-45	-138.755
0.25	-45	12.5624
0.25	-45	-55.9965
0.25	-45	130.238
0.25	-45	103.573
0.25	-45	-121.949
0.25	-45	-38.8427
0.25	-45	6.5811
0.25	-45	48.8091
0.25	-45	169.715
0.25	-45	-98.8827
0.25	-45	103.34
0.25	-45	162.616
0.25	-45	-93.2436
0.25	-45	-22.9347
0.25	-45	-124.455
0.25	-45	29.6828
0.25	-45	-143.08
0.25	-45	-97.4756
0.25	-45	162.016
0.25	-45	-19.0922
0.25	-45	8.17709
0.25	-45	57.503
0.25	-45	-56.6767
0.25	-45	-110.547
0.25	-45	-11.5003
0.25	-45	14.4852
0.25	-45	-165.756
0.25	-45	166.275
0.25	-45	48.7458
0.25	-45	-132.14
0.25	-45	-179.15
0.25	-45	64.1582
0.25	-45	-64.9142
0.25	-45	-43.3438
0.25	-45	-0.631909
0.25	-45	-61.1414
0.25	-45	131.47
0.25	-45	133.947
0.25	-45	42.5045
0.25	-45	69.7406
0.25	-45	-59.4634
0.25	-45	134.809
0.25	-45	-71.5871
0.25	-45	27.7741
0.25	-45	-5.68887
0.25	-45	177.787
0.25	-45	-64.6122
0.25	-45	131.69
0.25	-45	-169.29
0.25	-45	162.027
0.25	-45	-155.59
0.25	-45	80.8345
0.25	-45	-52.911
0.25	-45	-3.26743
0.25	-45	41.4575
0.25	-45	155.592
0.25	-45	-87.7964
0.25	-45	57.529
0.25	-45	-122.278
0.25	-45	-18.0394
0.25	-45	2.41011
0.25	-45	-121.427
0.25	-45	172.395
0.25	-45	35.1302
0.25	-45	39.1426
0.25	-45	161.603
0.25	-45	142.449
0.25	-45	117.638
0.25	-45	-3.68719
0.25	-45	108.644
0.25	-45	-165.246
0.25	-45	167.324
0.25	-45	165.607
0.25	-45	-178.012
0.25	-45	139.218
0.25	-45	3.67828
0.25	-45	-12.1094
0.25	-45	-150.786
0.25	-45	85.8989
0.25	-45	128.888
0.25	-45	-22.3525
0.25	-45	103.545
0.25	-45	34.694
0.25	-45	14.2286
0.25	-45	-149.624
0.25	-45	-79.3575
0.25	-45	91.6221
0.25	-45	-171.132
0.25	-45	145.091
0.25	-45	49.5992
0.25	-45	-50.8572
0.25	-45	-15.901
0.25	-45	-58.5176
0.25	-45	173.459
0.25	-45	55.7018
0.25	-45	161.534
0.25	-45	131.793
0.25	-45	-122.219
0.25	-45	168.96
0.25	-45	-75.2184
0.25	-45	-99.4855
0.25	-45	159.25
0.25	-45	4.90644
0.25	-45	107.539
0.25	-45	-21.9018
0.25	-45	127.714
0.25	-45	-20.9708
0.25	-45	-106.405
0.25	-45	-6.21908
0.25	-45	-128.084
0.25	-45	40.5699
0.25	-45	95.9703
0.25	-45	-51.6414
0.25	-45	69.749
0.25	-45	-122.733
0.25	-45	27.1835
0.25	-45	84.5432
0.25	-45	87.0694
0.25	-45	172.411
0.25	-45	70.7976
0.25	-45	-141.82
0.25	-45	170.03
0.25	-45	134.673
0.25	-45	-126.311
0.25	-45	-114.847
0.25	-45	-120.736
0.25	-45	-52.244
0.25	-45	-62.7258
0.25	-45	159.204
0.25	-45	-115.748
0.25	-45	-5.53579
0.25	-45	-132.559
0.25	-45	-126.619
0.25	-45	85.6586
0.25	-45	-158.962
0.25	-45	-100.54
0.25	-45	-13.109
0.25	-45	-139.952
0.25	-45	172.42
0.25	-45	49.8073
0.25	-45	-89.0405
0.25	-45	-39.9168
0.25	-45	-76.2558
0.25	-45	-115.811
0.25	-45	53.6371
0.25	-45	-74.1799
0.25	-45	-122.226
0.25	-45	-118.915
0.25	-45	93.6698
0.25	-45	-167.426
0.25	-45	108.643
0.25	-45	-78.3842
0.25	-45	55.1018
0.25	-45	124.993
0.25	-45	137.032
0.25	-45	153.547
0.25	-45	41.2786
0.25	-45	69.6787
0.25	-45	-67.7817
0.25	-45	12.7065
0.25	-45	-138.367
0.25	-45	115.394
0.25	-45	174.245
0.25	-45	76.301
0.25	-45	-14.2488
0.25	-45	-37.2496
0.25	-45	165.516
0.25	-45	-77.0733
0.25	-45	155.643
0.25	-45	-146.102
0.25	-45	173.225
0.25	-45	-115.085
0.25	-45	27.6428
0.25	-45	-157.009
0.25	-45	32.76
0.25	-45	149.577
0.25	-45	145.955
0.25	-45	-153.097
0.25	-45	-136.217
0.25	-45	120.254
0.25	-45	89.1798
0.25	-45	-144.879
0.25	-45	50.9114
0.25	-45	-118.725
0.25	-45	-68.666
0.25	-45	-82.5123
0.25	-45	-125.535
0.25	-45	97.9665
0.25	-45	23.7405
0.25	-45	85.7464
0.25	-45	-142.964
0.25	-45	87.5538
0.25	-45	17.7501
0.25	-45	-112.163
0.25	-45	153.592
0.25	-45	-29.095
0.25	-45	77.6719
0.25	-45	28.763
0.25	-45	123.716
0.25	-45	104.725
0.25	-45	177.949
0.25	-45	-115.141
0.25	-45	-5.39641
0.25	-45	-161.342
0.25	-45	-88.9731
0.25	-45	96.9641
0.25	-45	14.8218
0.25	-45	146.288
0.25	-45	93.5885
0.25	-45	33.7682
0.25	-45	108.715
0.25	-45	-178.476
0.25	-45	134.182
0.25	-45	-33.8684
0.25	-45	51.773
0.25	-45	-102.313
0.25	-45	140.713
0.25	-45	147.324
0.25	-45	-151.755
0.25	-45	-35.7014
0.25	-45	-90.0507
0.25	-45	66.8777
0.25	-45	-139.728
0.25	-45	-87.9943
0.25	-45	123.477
