pol	setting	phi
0.3	45	-100.988
0.3	45	-150.493
0.3	45	64.3083
0.3	45	-136.825
0.3	45	-137.693
0.3	45	-116.534
0.3	45	129.762
0.3	45	-123.913
0.3	45	177.092
0.3	45	162.807
0.3	45	-15.7839
0.3	45	-143.262
0.3	45	177.396
0.3	45	175.32
0.3	45	-75.5344
0.3	45	-11.5792
0.3	45	-48.412
0.3	45	-121.205
0.3	45	172.867
0.3	45	174.685
0.3	45	-60.7142
0.3	45	102.445
0.3	45	-103.944
0.3	45	97.3051
0.3	45	23.3569
0.3	45	-153.052
0.3	45	100.241
0.3	45	87.2633
0.3	45	90.5717
0.3	45	119.17
0.3	45	77.3046
0.3	45	100.879
0.3	45	-91.2956
0.3	45	91.6989
0.3	45	-52.2556
0.3	45	-65.1681
0.3	45	-123.769
0.3	45	-93.8801
0.3	45	5.08436
0.3	45	172.279
0.3	45	144.265
0.3	45	171.459
0.3	45	-117.079
0.3	45	-77.7471
0.3	45	59.2079
0.3	45	173.406
0.3	45	1.27798
0.3	45	-3.93955
0.3	45	57.1835
0.3	45	178.048
0.3	45	-42.2282
0.3	45	60.0124
0.3	45	-139.844
0.3	45	56.3357
0.3	45	14.3761
0.3	45	176.562
0.3	45	81.7729
0.3	45	168.951
0.3	45	158.083
0.3	45	103.297
0.3	45	54.016
0.3	45	-33.0932
0.3	45	-136.45
0.3	45	85.4882
0.3	45	-164.725
0.3	45	8.02517
0.3	45	139.692
0.3	45	-76.3025
0.3	45	-43.9139
0.3	45	27.9044
0.3	45	-24.9368
0.3	45	23.2657
0.3	45	-62.738
0.3	45	-25.5624
0.3	45	-39.2148
0.3	45	31.729
0.3	45	111.422
0.3	45	135.273
0.3	45	-63.9169
0.3	45	-0.352531
0.3	45	-45.8456
0.3	45	52.764
0.3	45	-10.0687
0.3	45	177.894
0.3	45	135.823
0.3	45	3.04351
0.3	45	174.682
0.3	45	-10.2385
0.3	45	139.945
0.3	45	-91.4808
0.3	45	-8.53503
0.3	45	95.9109
0.3	45	-73.5558
0.3	45	106.496
0.3	45	-61.0719
0.3	45	-68.7409
0.3	45	101.435
0.3	45	-15.4131
0.3	45	121.979
0.3	45	-17.2303
0.3	45	134.921
0.3	45	-1.20767
0.3	45	-163.015
0.3	45	18.5901
0.3	45	-70.3144
0.3	45	-43.8438
0.3	45	171.589
0.3	45	-88.9447
0.3	45	-176.054
0.3	45	-45.7205
0.3	45	-101.566
0.3	45	35.6601
0.3	45	167.869
0.3	45	-63.9397
0.3	45	25.4873
0.3	45	-85.9077
0.3	45	57.7811
0.3	45	28.5309
0.3	45	77.18
0.3	45	168.309
0.3	45	56.9683
0.3	45	41.1777
0.3	45	143.816
0.3	45	162.524
0.3	45	36.1159
0.3	45	-58.9137
0.3	45	89.8263
0.3	45	-39.5876
0.3	45	165.161
0.3	45	-87.9959
0.3	45	-31.3692
0.3	45	78.1587
0.3	45	141.245
0.3	45	-72.2447
0.3	45	-81.5358
0.3	45	137.806
0.3	45	-75.8888
0.3	45	-111.64
0.3	45	172.254
0.3	45	-142.518
0.3	45	-15.4717
0.3	45	71.074
0.3	45	136.368
0.3	45	103.356
0.3	45	138.659
0.3	45	-134.831
0.3	45	87.8253
0.3	45	101.868
0.3	45	8.39171
0.3	45	161.637
0.3	45	134.585
0.3	45	-31.4956
0.3	45	63.1064
0.3	45	-120.637
0.3	45	-176.332
0.3	45	94.2507
0.3	45	51.0354
0.3	45	128.3
0.3	45	116.224
0.3	45	75.2116
0.3	45	-84.3977
0.3	45	15.8179
0.3	45	-1.59978
0.3	45	-91.2759
0.3	45	170.328
0.3	45	-12.7758
0.3	45	-136.66
0.3	45	82.3774
0.3	45	-53.938
0.3	45	-156.012
0.3	45	-86.3699
0.3	45	107.526
0.3	45	-125.369
0.3	45	-170.717
0.3	45	20.8368
0.3	45	-142.861
0.3	45	-175.145
0.3	45	43.2715
0.3	45	-39.1818
0.3	45	150.212
0.3	45	-98.069
0.3	45	-124.071
0.3	45	16.0599
0.3	45	-100.87
0.3	45	128.41
0.3	45	59.4718
0.3	45	82.0317
0.3	45	-77.0202
0.3	45	-17.9104
0.3	45	165.503
0.3	45	-175.561
0.3	45	-15.3513
0.3	45	77.7956
0.3	45	-130.148
0.3	45	-88.9665
0.3	45	59.7245
0.3	45	100.119
0.3	45	47.8435
0.3	45	-16.207
0.3	45	11.4911
0.3	45	135.352
0.3	45	134.213
0.3	45	111.994
0.3	45	-56.3715
0.3	45	166.027
0.3	45	80.6448
0.3	45	-135.178
0.3	45	120.894
0.3	45	76.7364
0.3	45	-107.606
0.3	45	-156.276
0.3	45	175.001
0.3	45	140.585
0.3	45	134.707
0.3	45	-118.805
0.3	45	148.626
0.3	45	145.473
0.3	45	74.5849
0.3	45	-145.454
0.3	45	-147.935
0.3	45	-108.061
0.3	45	-106.77
0.3	45	-89.089
0.3	45	-7.32135
0.3	45	128.311
0.3	45	146.512
0.3	45	-69.3112
0.3	45	61.1626
0.3	45	-17.8327
0.3	45	156.354
0.3	45	-89.9949
0.3	45	-51.0132
0.3	45	43.1122
0.3	45	149.956
0.3	45	-148.115
0.3	45	-10.0649
0.3	45	65.0283
0.3	45	138.792
0.3	45	40.571
0.3	45	169.957
0.3	45	142.939
0.3	45	68.264
0.3	45	-44.9358
0.3	45	-96.0095
0.3	45	-139.967
0.3	45	127.887
0.3	45	152.099
0.3	45	86.7582
0.3	45	27.5206
0.3	45	-90.0059
0.3	45	-97.3895
0.3	45	-85.9526
0.3	45	54.0823
0.3	45	-75.4658
0.3	45	-79.1728
0.3	45	-134.994
0.3	45	152.889
0.3	45	-77.3996
0.3	45	52.0362
0.3	45	67.329
0.3	45	59.415
0.3	45	151.431
0.3	45	-111.997
0.3	45	-95.686
0.3	45	-121.748
0.3	45	160.578
0.3	45	-77.0121
0.3	45	5.74281
0.3	45	-151.509
0.3	45	85.0878
0.3	45	-14.7289
0.3	45	-107.223
0.3	45	152.813
0.3	45	43.4245
0.3	45	65.6973
0.3	45	94.94
0.3	45	28.0899
0.3	45	-37.5922
0.3	45	99.1332
0.3	45	-17.3749
0.3	45	159.445
0.3	45	-97.6218
0.3	45	158.252
0.3	45	120.532
0.3	45	-45.112
0.3	45	1.10447
0.3	45	-97.3853
0.3	45	149.704
0.3	45	-119.07
0.3	45	92.3905
0.3	45	-60.0664
0.3	45	98.4962
0.3	45	130.763
0.3	45	133.134
0.3	45	149.788
0.3	45	-9.79357
0.3	45	162.15
0.3	45	-83.9207
0.3	45	159.328
0.3	45	97.4798
0.3	45	19.5244
0.3	45	-171.213
0.3	45	-44.6404
0.3	45	-67.0693
0.3	45	71.954
0.3	45	40.0615
0.3	45	-2.09758
0.3	45	-147.529
0.3	45	21.0228
0.3	45	179.448
0.3	45	104.859
0.3	45	42.8356
0.3	45	-103.325
0.3	45	-74.7726
0.3	45	-12.6388
0.3	45	93.039
0.3	45	-38.1422
0.3	45	163.791
0.3	45	-141.901
0.3	45	98.9035
0.3	45	-33.8436
0.3	45	-11.4077
0.3	45	-88.4173
0.3	45	-55.3525
0.3	45	33.3419
0.3	45	-86.606
0.3	45	133.356
0.3	45	-14.4413
0.3	45	-91.8756
0.3	45	-174.802
0.3	45	-19.0876
0.3	45	91.0255
0.3	45	-9.77278
0.3	45	-108.26
0.3	45	136.429
0.3	45	-109.354
0.3	45	-161.686
0.3	45	132.971
0.3	45	154.502
0.3	45	27.3517
0.3	45	-75.1614
0.3	45	-95.7319
0.3	45	-138.301
0.3	45	69.3064
0.3	45	-160.095
0.3	45	-176.87
0.3	45	-98.008
0.3	45	86.3485
0.3	45	11.7512
0.3	45	48.7616
0.3	45	146.218
0.3	45	99.7628
0.3	45	-135.298
0.3	45	73.973
0.3	45	-102.365
0.3	45	-50.4923
0.3	45	166.282
0.3	45	-21.5006
0.3	45	-113.219
0.3	45	80.7996
0.3	45	158.384
0.3	45	119.684
0.3	45	-26.1781
0.3	45	176.282
0.3	45	-160.906
0.3	45	-82.9233
0.3	45	24.411
0.3	45	-140.136
0.3	45	-11.4742
0.3	45	-86.0093
0.3	45	-9.70304
0.3	45	12.0453
0.3	45	150.037
0.3	45	86.3927
0.3	45	163.25
0.3	45	149.32
0.3	45	79.3121
0.3	45	-0.0198369
0.3	45	-22.4437
0.3	45	-163.102
0.3	45	-178.156
0.3	45	-130.309
0.3	45	-168.531
0.3	45	-62.1133
0.3	45	-132.169
0.3	45	105.488
0.3	45	-127.697
0.3	45	76.076
0.3	45	71.615
0.3	45	-2.41781
0.3	45	-156.778
0.3	45	-26.2231
0.3	45	-14.2011
0.3	45	-112.384
0.3	45	-106.724
0.3	45	-78.9112
0.3	45	96.7208
0.3	45	146.817
0.3	45	-149.228
0.3	45	155.259
0.3	45	161.379
0.3	45	37.894
0.3	45	30.808
0.3	45	-158.18
0.3	45	-112.127
0.3	45	86.3047
0.3	45	132.037
0.3	45	-20.5369
0.3	45	-14.7394
0.3	45	107.785
0.3	45	80.2973
0.3	45	37.4073
0.3	45	80.1198
0.3	45	-178.26
0.3	45	143.646
0.3	45	-90.6428
0.3	45	-89.4893
0.3	45	162.894
0.3	45	-6.65381
0.3	45	-35.221
0.3	45	26.1322
0.3	45	117.058
0.3	45	-127.461
0.3	45	50.3553
0.3	45	158.447
0.3	45	-125.895
0.3	45	-9.50108
0.3	45	-25.3581
0.3	45	26.6703
0.3	45	119.745
0.3	45	133.842
0.3	45	-13.1876
0.3	45	-135.155
0.3	45	-32.2334
0.3	45	-7.72316
0.3	45	25.7801
0.3	45	-26.5896
0.3	45	-9.23307
0.3	45	117.343
0.3	45	-116.817
0.3	45	93.9982
0.3	45	-27.1204
0.3	45	45.592
0.3	45	-66.0362
0.3	45	-83.2803
0.3	45	-42.9488
0.3	45	-126.55
0.3	45	152.106
0.3	45	-51.4348
0.3	45	-34.2177
0.3	45	179.126
0.3	45	76.7059
0.3	45	-179.707
0.3	45	108.656
0.3	45	3.48989
0.3	45	-59.2001
0.3	45	30.8414
0.3	45	147.911
0.3	45	87.5851
0.3	45	-82.496
0.3	45	48.4812
0.3	45	4.26013
0.3	45	-105.642
0.3	45	-149.323
0.3	45	-142.243
0.3	45	-69.5914
0.3	45	-123.712
0.3	45	91.6762
0.3	45	138.409
0.3	45	132.664
0.3	45	-147.145
0.3	45	-159.771
0.3	45	174.347
0.3	45	58.7699
0.3	45	-136.299
0.3	45	-139.758
0.3	45	-27.7842
0.3	45	-88.236
0.3	45	71.7551
0.3	45	64.0977
0.3	45	134.269
0.3	45	137.722
0.3	45	77.5213
0.3	45	130.529
0.3	45	-179.137
0.3	45	-91.6827
0.3	45	128.976
0.3	45	-118.377
0.3	45	36.1653
0.3	45	74.5375
0.3	45	-119.977
0.3	45	16.858
0.3	45	93.7191
0.3	45	-169.623
0.3	45	-171.474
0.3	45	-176.046
0.3	45	-143.205
0.3	45	87.1525
0.3	45	13.5113
0.3	45	33.2762
0.3	45	-47.2652
0.3	45	-42.4461
0.3	45	83.5486
0.3	45	102.649
0.3	45	-77.4377
0.3	45	35.3681
0.3	45	37.8871
0.3	45	64.4108
0.3	45	-165.819
0.3	45	75.3641
0.3	45	-69.6871
0.3	45	165.83
0.3	45	-157.956
0.3	45	174.974
0.3	45	130.939
0.3	45	172.473
0.3	45	-39.9999
0.3	45	-71.1307
0.3	45	48.1632
0.3	45	72.6298
0.3	45	135.844
0.3	45	-41.5686
0.3	45	95.8247
0.3	45	-119.648
0.3	45	138.132
0.3	45	-3.84749
0.3	45	-168.343
0.3	45	138.086
0.3	45	-0.256403
0.3	45	-146.216
0.3	45	-121.654
0.3	45	23.9652
0.3	45	-127.905
0.3	45	172.495
0.3	45	14.8751
0.3	45	-75.3217
0.3	45	36.7683
0.3	45	145.969
0.3	45	-91.5088
0.3	45	67.9683
0.3	45	-117.093
0.3	45	3.69477
0.3	45	56.9047
0.3	45	-62.1562
0.3	45	46.4141
0.3	45	-67.4097
0.3	45	99.6433
0.3	45	63.5694
0.3	45	100.989
0.3	45	15.8406
0.3	45	14.4363
0.3	45	81.5982
0.3	45	142.13
0.3	45	71.451
0.3	45	-1.18332
0.3	45	5.71997
0.3	45	-19.048
0.3	45	10.6673
0.3	45	53.7239
0.3	45	126.175
0.3	45	-48.1558
0.3	45	100.268
0.3	45	111.549
0.3	45	155.082
0.3	45	-2.89251
0.3	45	37.0252
0.3	45	-164.104
0.3	45	-83.0615
0.3	45	39.3597
0.3	45	-9.06455
0.3	45	-125.636
0.3	45	-152.398
0.3	45	66.7374
0.3	45	135.299
0.3	45	-29.3358
0.3	45	137.854
0.3	45	61.563
0.3	45	-138.563
0.3	45	84.1051
0.3	45	-86.4495
0.3	45	-144.594
0.3	45	-91.985
0.3	45	83.636
0.3	45	25.0432
0.3	45	26.6944
0.3	45	-11.4443
0.3	45	169.003
0.3	45	-173.903
0.3	45	110.711
0.3	45	-135.119
0.3	45	-106.048
0.3	45	-142.754
0.3	45	3.98139
0.3	45	153.417
0.3	45	177.59
0.3	45	42.8975
0.3	45	-159.326
0.3	45	4.40795
0.3	45	-86.3604
0.3	45	-54.8646
0.3	45	-79.6718
0.3	45	-2.46735
0.3	45	71.6843
0.3	45	147.344
0.3	45	174.265
0.3	45	49.9428
0.3	45	134.628
0.3	45	-157.225
0.3	45	143.582
0.3	45	89.1805
0.3	45	-140.875
0.3	45	-64.2446
0.3	45	-103.354
0.3	45	-117.211
0.3	45	-27.0363
0.3	45	-127.679
0.3	45	143.179
0.3	45	133.908
0.3	45	126.538
0.3	45	80.1592
0.3	45	-50.873
0.3	45	-5.75016
0.3	45	-172.07
0.3	45	41.6983
0.3	45	10.277
0.3	45	178.743
0.3	45	140.728
0.3	45	148.722
0.3	45	-173.941
0.3	45	53.9477
0.3	45	74.9036
0.3	45	-3.44191
0.3	45	-45.0816
0.3	45	57.9505
0.3	45	-166.736
0.3	45	-173.055
0.3	45	3.08511
0.3	45	-71.4186
0.3	45	13.2114
0.3	45	92.1115
0.3	45	29.7163
0.3	45	-73.1849
0.3	45	-123.127
0.3	45	92.794
0.3	45	-78.7686
0.3	45	-168.137
0.3	45	153.759
0.3	45	-127.832
0.3	45	-33.3031
0.3	45	-50.4092
0.3	45	75.0597
0.3	45	-57.5573
0.3	45	130.963
0.3	45	-149.332
0.3	45	175.171
0.3	45	-104.017
0.3	45	91.7757
0.3	45	70.8953
0.3	45	-105.517
0.3	45	31.7186
0.3	45	110.734
0.3	45	173.314
0.3	45	134.891
0.3	45	-132.754
0.3	45	70.7998
0.3	45	-90.0068
0.3	45	-15.9418
0.3	45	174.377
0.3	45	143.001
0.3	45	145.252
0.3	45	143.401
0.3	45	108.995
0.3	45	-0.0340381
0.3	45	97.733
0.3	45	178.121
0.3	45	-53.0354
0.3	45	146.264
0.3	45	-17.5427
0.3	45	178.348
0.3	45	-62.5221
0.3	45	-34.8182
0.3	45	117.525
0.3	45	-26.7369
0.3	45	17.777
0.3	45	-63.3707
0.3	45	-169.805
0.3	45	123.994
0.3	45	85.1973
0.3	45	-120.505
0.3	45	-69.4756
0.3	45	-32.1389
0.3	45	42.9484
0.3	45	-160.818
0.3	45	108.239
0.3	45	-46.5043
0.3	45	-132.333
0.3	45	91.8627
0.3	45	-126.002
0.3	45	-146.252
0.3	45	-149.806
0.3	45	-161.219
0.3	45	177.659
0.3	45	87.0006
0.3	45	176.309
0.3	45	172.708
0.3	45	-37.6889
0.3	45	-40.0953
0.3	45	83.1769
0.3	45	109.136
0.3	45	162.617
0.3	45	132.399
0.3	45	144.487
0.3	45	179.114
0.3	45	134.803
0.3	45	145.203
0.3	45	-121.77
0.3	45	-44.1961
0.3	45	-109.42
0.3	45	166.059
0.3	45	-30.0033
0.3	45	-146.943
0.3	45	-22.9172
0.3	45	9.15743
0.3	45	-0.900796
0.3	45	-102.406
0.3	45	133.972
0.3	45	143.358
0.3	45	162.729
0.3	45	92.0904
0.3	45	172.396
0.3	45	2.7956
0.3	45	60.8667
0.3	45	-43.1459
0.3	45	1.44505
0.3	45	32.7525
0.3	45	106.139
0.3	45	-1.55982
0.3	45	-48.7819
0.3	45	-22.1275
0.3	45	-81.9004
0.3	45	-159.017
0.3	45	-67.4535
0.3	45	-107.897
0.3	45	1.7485
0.3	45	126.389
0.3	45	-56.4409
0.3	45	89.027
0.3	45	1.64641
0.3	45	14.4019
0.3	45	-22.6142
0.3	45	1.26669
0.3	45	179.876
0.3	45	112.363
0.3	45	76.7231
0.3	45	171.073
0.3	45	-21.5839
0.3	45	172.734
0.3	45	-170.887
0.3	45	-25.2331
0.3	45	54.6018
0.3	45	-49.2328
0.3	45	65.5364
0.3	45	60.8933
0.3	45	-29.5361
0.3	45	129.816
0.3	45	83.2285
0.3	45	-123.303
0.3	45	-69.8413
0.3	45	-17.3315
0.3	45	167.194
0.3	45	97.8761
0.3	45	0.0780655
0.3	45	-124.075
0.3	45	-177.333
0.3	45	-7.99545
0.3	45	156.369
0.3	45	-99.8951
0.3	45	68.6034
0.3	45	-25.718
0.3	45	48.9575
0.3	45	-146.299
0.3	45	-141.023
0.3	45	19.4014
0.3	45	118.975
0.3	45	-135.736
0.3	45	151.688
0.3	45	106.469
0.3	45	-34.1606
0.3	45	72.3584
0.3	45	-74.0452
0.3	45	-158.66
0.3	45	-13.0847
0.3	45	-96.6966
0.3	45	38.6731
0.3	45	-46.4514
0.3	45	-141.826
0.3	45	151.07
0.3	45	-68.3493
0.3	45	135.975
0.3	45	39.0519
0.3	45	43.5682
0.3	45	110.048
0.3	45	94.4159
0.3	45	-18.3698
0.3	45	-173.601
0.3	45	-36.1129
0.3	45	102.903
0.3	45	-51.2692
0.3	45	21.2093
0.3	45	-167.019
0.3	45	-21.7054
0.3	45	-49.1115
0.3	45	-116.645
0.3	45	167.398
0.3	45	49.0676
0.3	45	-111.877
0.3	45	-139.525
0.3	45	121.9
0.3	45	24.368
0.3	45	-64.4652
0.3	45	100.014
0.3	45	-171.803
0.3	45	57.1442
0.3	45	81.6376
0.3	45	-129.716
0.3	45	-4.02759
0.3	45	164.17
0.3	45	-57.599
0.3	45	175.392
0.3	45	-174.158
0.3	45	46.3708
0.3	45	-176.395
0.3	45	113.979
0.3	45	-109.147
0.3	45	92.1149
0.3	45	143.978
0.3	45	132.043
0.3	45	-151.503
0.3	45	76.7853
0.3	45	164.673
0.3	45	-21.2957
0.3	45	-5.3026
0.3	45	-128.073
0.3	45	-43.8774
0.3	45	14.7487
0.3	45	-64.0403
0.3	45	16.2997
0.3	45	-143.102
0.3	45	169.186
0.3	45	-13.2958
0.3	45	-24.9101
0.3	45	39.1286
0.3	45	4.43952
0.3	45	36.0404
0.3	45	117.059
0.3	45	-143.244
0.3	45	100.752
0.3	45	-144.683
0.3	45	-74.9221
0.3	45	30.7275
0.3	45	-94.434
0.3	45	-129.809
0.3	45	-39.1764
0.3	45	109.224
0.3	45	73.9026
0.3	45	144.006
0.3	45	-41.7864
0.3	45	178.367
0.3	45	-58.4403
0.3	45	-30.339
0.3	45	-151.664
0.3	45	28.6012
0.3	45	-11.187
0.3	45	-30.2222
0.3	45	-152.386
0.3	45	89.5209
0.3	45	-45.1616
0.3	45	133.24
0.3	45	8.54385
0.3	45	-24.4055
0.3	45	150.362
0.3	45	169.662
0.3	45	-20.2416
0.3	45	-132.598
0.3	45	-143.471
0.3	45	123.247
0.3	45	136.126
0.3	45	-154.719
0.3	45	51.2485
0.3	45	-78.1079
0.3	45	-7.23648
0.3	45	-48.1923
0.3	45	41.3639
0.3	45	7.15702
0.3	45	-167.486
0.3	45	7.79057
0.3	45	144.288
0.3	45	11.5207
0.3	45	-166.729
0.3	45	22.0111
0.3	45	-177.948
0.3	45	-0.363023
0.3	45	-141.677
0.3	45	164.984
0.3	45	-156.914
0.3	45	-43.8854
0.3	45	56.3731
0.3	45	171.304
0.3	45	-138.656
0.3	45	77.1944
0.3	45	133.001
0.3	45	-31.1474
0.3	45	100.04
0.3	45	48.1378
0.3	45	-55.8005
0.3	45	-101.079
0.3	45	-153.898
0.3	45	-60.9801
0.3	45	126.88
0.3	45	97.3623
0.3	45	-138.581
0.3	45	-61.6749
0.3	45	22.4431
0.3	45	24.3851
0.3	45	-139.525
0.3	45	-20.702
0.3	45	172.358
0.3	45	-21.7767
0.3	45	171.752
0.3	45	119.685
0.3	45	33.2963
0.3	45	34.6548
0.3	45	66.8098
0.3	45	-4.18498
0.3	45	46.913
0.3	45	-46.5782
0.3	45	34.9438
0.3	45	128.968
0.3	45	-114.204
0.3	45	-35.4805
0.3	45	145.278
0.3	45	141.977
0.3	45	173.824
0.3	45	157.722
0.3	45	91.2278
0.3	45	3.62879
0.3	45	-24.2939
0.3	45	19.5113
0.3	45	-54.5729
0.3	45	79.1584
0.3	45	80.7634
0.3	45	-92.9347
0.3	45	10.4293
0.3	45	84.7712
0.3	45	30.7612
0.3	45	5.90693
0.3	45	-179.721
0.3	45	-127.183
0.3	45	-140.088
0.3	45	-78.0537
0.3	45	-53.2589
0.3	45	-170.55
0.3	45	-15.8939
0.3	45	-148.528
0.3	45	104.527
0.3	45	58.0623
0.3	45	121.199
0.3	45	-20.5527
0.3	45	18.1968
0.3	45	168.309
0.3	45	-91.6564
0.3	45	10.2923
0.3	45	-94.0375
0.3	45	147.769
0.3	45	119.284
0.3	45	137.155
0.3	45	174.975
0.3	45	-50.2791
0.3	45	-105.371
0.3	45	-44.258
0.3	45	97.0975
0.3	45	-51.6174
0.3	45	20.6934
0.3	45	61.7829
0.3	45	-3.75471
0.3	45	132.982
0.3	45	-17.097
0.3	45	83.6125
0.3	45	-69.6588
0.3	45	141.453
0.3	45	78.2989
0.3	45	19.1089
0.3	45	-0.00476555
0.3	45	-116.591
0.3	45	103.048
0.3	45	-25.2302
0.3	45	-83.523
0.3	45	8.1376
0.3	45	-29.7816
0.3	45	48.006
0.25	-45	-86.1604
0.25	-45	123.629
0.25	-45	39.69
0.25	-45	110.184
0.25	-45	-170.537
0.25	-45	-61.0835
0.25	-45	50.2188
0.25	-45	-50.2808
0.25	-45	-107.621
0.25	-45	-60.0409
0.25	-45	15.4472
0.25	-45	-65.6301
0.25	-45	61.3234
0.25	-45	-61.162
0.25	-45	-107.612
0.25	-45	-113.43
0.25	-45	-125.882
0.25	-45	32.439
0.25	-45	100.037
0.25	-45	-116.863
0.25	-45	-45.1619
0.25	-45	56.8492
0.25	-45	82.9342
0.25	-45	-83.1215
0.25	-45	-159.712
0.25	-45	-165.843
0.25	-45	81.3786
0.25	-45	102.323
0.25	-45	25.8894
0.25	-45	86.3236
0.25	-45	-40.5924
0.25	-45	9.93164
0.25	-45	-93.7308
0.25	-45	-55.3673
0.25	-45	21.8627
0.25	-45	169.628
0.25	-45	-107.109
0.25	-45	-18.1526
0.25	-45	60.088
0.25	-45	-79.7599
0.25	-45	-11.9693
0.25	-45	74.9033
0.25	-45	-104.867
0.25	-45	-148.494
0.25	-45	-30.6474
0.25	-45	117.406
0.25	-45	-58.0258
0.25	-45	38.6135
0.25	-45	116.58
0.25	-45	89.4509
0.25	-45	-157.846
0.25	-45	-128.231
0.25	-45	74.0538
0.25	-45	-109.703
0.25	-45	67.109
0.25	-45	56.4096
0.25	-45	89.7157
0.25	-45	-47.5485
0.25	-45	112.384
0.25	-45	-34.4166
0.25	-45	-51.9282
0.25	-45	-75.8303
0.25	-45	-43.9898
0.25	-45	-113.427
0.25	-45	-76.5215
0.25	-45	107.445
0.25	-45	-30.9354
0.25	-45	-62.4702
0.25	-45	45.5568
0.25	-45	-35.4093
0.25	-45	11.2239
0.25	-45	10.8108
0.25	-45	-54.8185
0.25	-45	28.957
0.25	-45	46.4383
0.25	-45	148.24
0.25	-45	-10.8813
0.25	-45	80.6593
0.25	-45	-71.4926
0.25	-45	99.9023
0.25	-45	-144.449
0.25	-45	-145.169
0.25	-45	127.67
0.25	-45	3.02797
0.25	-45	-25.1389
0.25	-45	165.244
0.25	-45	-49.0053
0.25	-45	-68.0614
0.25	-45	178.804
0.25	-45	-114.702
0.25	-45	-171.709
0.25	-45	-153.79
0.25	-45	160.619
0.25	-45	-55.8322
0.25	-45	96.7682
0.25	-45	-117.383
0.25	-45	31.933
0.25	-45	33.5408
0.25	-45	74.014
0.25	-45	8.75335
0.25	-45	143.019
0.25	-45	-173.65
0.25	-45	99.4353
0.25	-45	161.805
0.25	-45	-151.817
0.25	-45	23.1578
0.25	-45	-118.418
0.25	-45	117.34
0.25	-45	142.502
0.25	-45	-121.094
0.25	-45	114.833
0.25	-45	126.639
0.25	-45	127.981
0.25	-45	-52.3067
0.25	-45	-77.1246
0.25	-45	-178.107
0.25	-45	121.548
0.25	-45	7.14375
0.25	-45	-34.5224
0.25	-45	8.53704
0.25	-45	130.976
0.25	-45	-70.7063
0.25	-45	-20.7828
0.25	-45	-167.199
0.25	-45	-94.6048
0.25	-45	54.1969
0.25	-45	64.27
0.25	-45	116.577
0.25	-45	30.4837
0.25	-45	-5.12175
0.25	-45	-156.624
0.25	-45	127.402
0.25	-45	-66.6303
0.25	-45	66.0393
0.25	-45	29.4372
0.25	-45	-101.849
0.25	-45	160.811
0.25	-45	156.47
0.25	-45	-34.871
0.25	-45	112.799
0.25	-45	158.72
0.25	-45	156.031
0.25	-45	19.2535
0.25	-45	63.8063
0.25	-45	-77.505
0.25	-45	-128.143
0.25	-45	66.1384
0.25	-45	-171.113
0.25	-45	47.4344
0.25	-45	169.375
0.25	-45	32.9317
0.25	-45	-139.454
0.25	-45	63.7021
0.25	-45	152.469
0.25	-45	-44.2754
0.25	-45	-170.015
0.25	-45	-159.658
0.25	-45	-175.606
0.25	-45	-149.823
0.25	-45	-12.429
0.25	-45	68.0731
0.25	-45	-76.0195
0.25	-45	-61.0618
0.25	-45	-12.031
0.25	-45	33.9694
0.25	-45	16.8259
0.25	-45	142.777
0.25	-45	128.014
0.25	-45	-18.6619
0.25	-45	-123.964
0.25	-45	-110.742
0.25	-45	87.8504
0.25	-45	43.8206
0.25	-45	82.0846
0.25	-45	150.29
0.25	-45	-94.4338
0.25	-45	22.1988
0.25	-45	-67.281
0.25	-45	-34.098
0.25	-45	-129.046
0.25	-45	-148.481
0.25	-45	-115.983
0.25	-45	-163.407
0.25	-45	-118.874
0.25	-45	-3.8041
0.25	-45	174.345
0.25	-45	29.7498
0.25	-45	-133.677
0.25	-45	39.6114
0.25	-45	37.4219
0.25	-45	48.1721
0.25	-45	19.3796
0.25	-45	-71.4575
0.25	-45	93.1877
0.25	-45	-176.958
0.25	-45	-152.496
0.25	-45	163.902
0.25	-45	-172.589
0.25	-45	-51.288
0.25	-45	-22.4609
0.25	-45	68.1071
0.25	-45	86.0383
0.25	-45	163.564
0.25	-45	10.3461
0.25	-45	113.682
0.25	-45	-77.4247
0.25	-45	-111.977
0.25	-45	96.5395
0.25	-45	17.1241
0.25	-45	-65.2314
0.25	-45	96.5512
0.25	-45	98.406
0.25	-45	-80.8326
0.25	-45	3.70631
0.25	-45	59.8986
0.25	-45	-12.2061
0.25	-45	-168.242
0.25	-45	58.9615
0.25	-45	134.416
0.25	-45	-124.6
0.25	-45	-75.763
0.25	-45	-54.1508
0.25	-45	-84.8421
0.25	-45	87.7005
0.25	-45	-21.2889
0.25	-45	-66.7158
0.25	-45	94.562
0.25	-45	97.7377
0.25	-45	-69.4425
0.25	-45	22.9164
0.25	-45	93.4816
0.25	-45	178.807
0.25	-45	47.7677
0.25	-45	17.1003
0.25	-45	-177.453
0.25	-45	-168.11
0.25	-45	-119.692
0.25	-45	94.2621
0.25	-45	-6.02794
0.25	-45	-49.7718
0.25	-45	-106.534
0.25	-45	24.5015
0.25	-45	-69.508
0.25	-45	57.7969
0.25	-45	22.1649
0.25	-45	-136.648
0.25	-45	-66.1219
0.25	-45	17.0249
0.25	-45	66.6982
0.25	-45	114.25
0.25	-45	63.5034
0.25	-45	50.4949
0.25	-45	-171.505
0.25	-45	-34.3617
0.25	-45	76.0058
0.25	-45	5.28637
0.25	-45	-167.316
0.25	-45	34.4889
0.25	-45	39.0823
0.25	-45	164.563
0.25	-45	-78.4465
0.25	-45	-132.028
0.25	-45	-118.648
0.25	-45	117.976
0.25	-45	-157.889
0.25	-45	171.558
0.25	-45	25.3023
0.25	-45	9.49676
0.25	-45	-129.505
0.25	-45	25.3672
0.25	-45	62.2028
0.25	-45	102.741
0.25	-45	-157.778
0.25	-45	37.5909
0.25	-45	-156.547
0.25	-45	129.247
0.25	-45	178.274
0.25	-45	101.535
0.25	-45	-164.322
0.25	-45	-72.1968
0.25	-45	48.3421
0.25	-45	63.4766
0.25	-45	-0.290918
0.25	-45	122.023
0.25	-45	-11.8327
0.25	-45	-124.882
0.25	-45	143.981
0.25	-45	173.282
0.25	-45	-86.3982
0.25	-45	100.147
0.25	-45	-108.334
0.25	-45	-138.42
0.25	-45	10.2646
0.25	-45	-79.5899
0.25	-45	-154.024
0.25	-45	154.875
0.25	-45	-88.3552
0.25	-45	-125.947
0.25	-45	84.8882
0.25	-45	-24.81
0.25	-45	-46.0015
0.25	-45	163.752
0.25	-45	-44.2437
0.25	-45	91.7633
0.25	-45	-9.08346
0.25	-45	-95.4897
0.25	-45	6.23164
0.25	-45	31.4827
0.25	-45	96.2805
0.25	-45	7.23545
0.25	-45	-124.544
0.25	-45	2.71385
0.25	-45	6.04853
0.25	-45	-7.67497
0.25	-45	39.8496
0.25	-45	26.2911
0.25	-45	-161.554
0.25	-45	-75.1463
0.25	-45	163.495
0.25	-45	124.034
0.25	-45	-105.958
0.25	-45	-124.563
0.25	-45	-89.66
0.25	-45	-0.392468
0.25	-45	99.6103
0.25	-45	24.4186
0.25	-45	110.351
0.25	-45	-141.859
0.25	-45	-60.9349
0.25	-45	108.544
0.25	-45	-40.724
0.25	-45	37.7828
0.25	-45	124.315
0.25	-45	-33.9365
0.25	-45	84.1242
0.25	-45	-117.862
0.25	-45	-23.0422
0.25	-45	-179.217
0.25	-45	-96.4607
0.25	-45	-136.588
0.25	-45	-14.7126
0.25	-45	3.69701
0.25	-45	-58.294
0.25	-45	-140.454
0.25	-45	-161.768
0.25	-45	-99.3702
0.25	-45	-105.567
0.25	-45	107.217
0.25	-45	-150.29
0.25	-45	-157.447
0.25	-45	159.546
0.25	-45	86.3656
0.25	-45	8.63403
0.25	-45	89.6376
0.25	-45	-56.7239
0.25	-45	177.685
0.25	-45	3.10513
0.25	-45	37.6681
0.25	-45	14.0666
0.25	-45	80.2591
0.25	-45	64.5936
0.25	-45	-154.982
0.25	-45	136.098
0.25	-45	-171.433
0.25	-45	-92.9659
0.25	-45	153.373
0.25	-45	177.996
0.25	-45	-141.67
0.25	-45	-23.0498
0.25	-45	158.753
0.25	-45	67.1244
0.25	-45	11.7907
0.25	-45	106.63
0.25	-45	-156.765
0.25	-45	16.9176
0.25	-45	75.9608
0.25	-45	124.305
0.25	-45	-7.67864
0.25	-45	83.5519
0.25	-45	-5.3089
0.25	-45	127.378
0.25	-45	-135.416
0.25	-45	-33.8079
0.25	-45	60.4873
0.25	-45	139.539
0.25	-45	-125.296
0.25	-45	-163.996
0.25	-45	14.4918
0.25	-45	34.0272
0.25	-45	-121.169
0.25	-45	-65.8745
0.25	-45	26.6275
0.25	-45	80.9733
0.25	-45	-61.4414
0.25	-45	-122.193
0.25	-45	128.255
0.25	-45	-97.9764
0.25	-45	-63.3343
0.25	-45	-76.8301
0.25	-45	-79.5762
0.25	-45	64.1971
0.25	-45	-87.6458
0.25	-45	166.388
0.25	-45	-136.835
0.25	-45	53.1175
0.25	-45	-108.587
0.25	-45	-159
0.25	-45	-101.977
0.25	-45	46.2082
0.25	-45	-38.7928
0.25	-45	-92.6308
0.25	-45	75.2294
0.25	-45	55.037
0.25	-45	0.932757
0.25	-45	-85.8232
0.25	-45	62.4093
0.25	-45	-105.957
0.25	-45	-95.5082
0.25	-45	-134.757
0.25	-45	-13.0487
0.25	-45	-81.944
0.25	-45	91.8944
0.25	-45	118.008
0.25	-45	-47.5906
0.25	-45	-153.705
0.25	-45	114.259
0.25	-45	178.646
0.25	-45	-70.4049
0.25	-45	84.6612
0.25	-45	19.7769
0.25	-45	-178.608
0.25	-45	163.832
0.25	-45	-110.649
0.25	-45	56.0737
0.25	-45	179.503
0.25	-45	-78.7497
0.25	-45	-98.3999
0.25	-45	79.9277
0.25	-45	67.292
0.25	-45	141.6
0.25	-45	56.1056
0.25	-45	-105.717
0.25	-45	17.151
0.25	-45	-61.3382
0.25	-45	-173.409
0.25	-45	81.7264
0.25	-45	166.95
0.25	-45	-98.715
0.25	-45	140.541
0.25	-45	-9.19033
0.25	-45	58.186
0.25	-45	-65.6147
0.25	-45	9.67685
0.25	-45	86.1921
0.25	-45	-145.974
0.25	-45	115.572
0.25	-45	-99.2913
0.25	-45	28.6399
0.25	-45	105.613
0.25	-45	-176.8
0.25	-45	-172.574
0.25	-45	-29.1637
0.25	-45	-23.6087
0.25	-45	-50.5766
0.25	-45	-169.203
0.25	-45	-62.4801
0.25	-45	-117.246
0.25	-45	-1.8312
0.25	-45	-128.396
0.25	-45	-102.665
0.25	-45	-31.0252
0.25	-45	-82.341
0.25	-45	-15.9028
0.25	-45	-86.2093
0.25	-45	28.6987
0.25	-45	-16.9684
0.25	-45	92.1729
0.25	-45	-108.273
0.25	-45	-150
0.25	-45	49.5519
0.25	-45	162.426
0.25	-45	-8.61758
0.25	-45	133.65
0.25	-45	-158.748
0.25	-45	170.157
0.25	-45	50.1739
0.25	-45	165.483
0.25	-45	125.372
0.25	-45	101.443
0.25	-45	43.7598
0.25	-45	-143.36
0.25	-45	49.7735
0.25	-45	142.206
0.25	-45	48.3396
0.25	-45	-41.1296
0.25	-45	-58.8237
0.25	-45	-11.5475
0.25	-45	103.253
0.25	-45	-30.3456
0.25	-45	-34.128
0.25	-45	-86.0772
0.25	-45	-147.105
0.25	-45	-73.8234
0.25	-45	-141.093
0.25	-45	-70.0299
0.25	-45	141.991
0.25	-45	129.588
0.25	-45	-82.1239
0.25	-45	-151.92
0.25	-45	121.401
0.25	-45	-13.9007
0.25	-45	57.4266
0.25	-45	109.981
0.25	-45	-97.8894
0.25	-45	42.6598
0.25	-45	-106.819
0.25	-45	129.804
0.25	-45	-119.872
0.25	-45	60.0904
0.25	-45	-143.855
0.25	-45	-12.7913
0.25	-45	14.7999
0.25	-45	-152.457
0.25	-45	-108.418
0.25	-45	65.2373
0.25	-45	-123.229
0.25	-45	-70.5302
0.25	-45	17.8899
0.25	-45	-31.5864
0.25	-45	88.9619
0.25	-45	42.3283
0.25	-45	-171.084
0.25	-45	-17.7934
0.25	-45	17.8654
0.25	-45	-106.5
0.25	-45	-8.41764
0.25	-45	-67.2783
0.25	-45	5.14376
0.25	-45	-76.2803
0.25	-45	-84.1309
0.25	-45	-169.525
0.25	-45	3.92924
0.25	-45	92.2773
0.25	-45	-46.5849
0.25	-45	102.945
0.25	-45	-105.257
0.25	-45	-81.0532
0.25	-45	-105.065
0.25	-45	-150.512
0.25	-45	-54.297
0.25	-45	34.5905
0.25	-45	162.374
0.25	-45	17.6657
0.25	-45	-85.9646
0.25	-45	-91.5941
0.25	-45	128.361
0.25	-45	44.7884
0.25	-45	-166.797
0.25	-45	109.769
0.25	-45	-105.023
0.25	-45	-138.004
0.25	-45	-8.77581
0.25	-45	-52.4606
0.25	-45	67.2075
0.25	-45	-24.548
0.25	-45	115.862
0.25	-45	28.1362
0.25	-45	19.7614
0.25	-45	-122.925
0.25	-45	127.556
0.25	-45	2.61138
0.25	-45	-89.0514
0.25	-45	26.6617
0.25	-45	82.8305
0.25	-45	2.65928
0.25	-45	-147.107
0.25	-45	-39.4485
0.25	-45	-21.1175
0.25	-45	104.753
0.25	-45	59.7111
0.25	-45	18.8741
0.25	-45	-138.037
0.25	-45	-27.0381
0.25	-45	38.6042
0.25	-45	-115.743
0.25	-45	71.3754
0.25	-45	-43.5606
0.25	-45	-40.1881
0.25	-45	0.410121
0.25	-45	-130.244
0.25	-45	-100.191
0.25	-45	162.487
0.25	-45	10.6677
0.25	-45	-60.3809
0.25	-45	99.2894
0.25	-45	-118.569
0.25	-45	-80.3576
0.25	-45	108.034
0.25	-45	-130.64
0.25	-45	-33.0274
0.25	-45	-147.337
0.25	-45	132.087
0.25	-45	-106.458
0.25	-45	-176.939
0.25	-45	114.51
0.25	-45	-179.495
0.25	-45	-26.3764
0.25	-45	40.3596
0.25	-45	-58.2913
0.25	-45	-154.926
0.25	-45	15.9635
0.25	-45	18.7114
0.25	-45	21.4825
0.25	-45	134.274
0.25	-45	99.5858
0.25	-45	-170.836
0.25	-45	50.5228
0.25	-45	25.5581
0.25	-45	22.8902
0.25	-45	146.973
0.25	-45	-16.5435
0.25	-45	-47.0976
0.25	-45	-50.3416
0.25	-45	-112.38
0.25	-45	134.495
0.25	-45	20.6717
0.25	-45	124.099
0.25	-45	72.9973
0.25	-45	161.502
0.25	-45	-109.494
0.25	-45	12.0204
0.25	-45	48.2875
0.25	-45	155.997
0.25	-45	-39.1135
0.25	-45	40.66
0.25	-45	-111.16
0.25	-45	-55.248
0.25	-45	102.182
0.25	-45	168.675
0.25	-45	-106.262
0.25	-45	-5.26569
0.25	-45	-150.108
0.25	-45	0.995168
0.25	-45	-51.4065
0.25	-45	152.572
0.25	-45	-8.86897
0.25	-45	-78.7078
0.25	-45	-57.2763
0.25	-45	37.8782
0.25	-45	-156.645
0.25	-45	-168.221
0.25	-45	-30.7181
0.25	-45	178.252
0.25	-45	63.4817
0.25	-45	-67.7914
0.25	-45	9.01188
0.25	-45	6.42045
0.25	-45	-100.124
0.25	-45	76.4476
0.25	-45	58.1984
0.25	-45	49.064
0.25	-45	0.265529
0.25	-45	-144.953
0.25	-45	-46.988
0.25	-45	20.2999
0.25	-45	105.755
0.25	-45	-101.872
0.25	-45	-26.0228
0.25	-45	-147.636
0.25	-45	179.043
0.25	-45	57.3039
0.25	-45	-155.68
0.25	-45	163.407
0.25	-45	-123.203
0.25	-45	118.156
0.25	-45	-3.52306
0.25	-45	91.1272
0.25	-45	130.597
0.25	-45	-141.746
0.25	-45	-74.4029
0.25	-45	-91.7217
0.25	-45	-41.1213
0.25	-45	-31.8871
0.25	-45	23.2202
0.25	-45	-163.497
0.25	-45	98.0261
0.25	-45	125.663
0.25	-45	-148.741
0.25	-45	-136.237
0.25	-45	-45.7468
0.25	-45	-159.274
0.25	-45	145.413
0.25	-45	41.0521
0.25	-45	174.113
0.25	-45	95.1187
0.25	-45	100.251
0.25	-45	-168.356
0.25	-45	26.0926
0.25	-45	87.9911
0.25	-45	3.39533
0.25	-45	86.9912
0.25	-45	-17.4158
0.25	-45	126.327
0.25	-45	-51.7947
0.25	-45	-81.4978
0.25	-45	-138.622
0.25	-45	-33.3395
0.25	-45	52.4228
0.25	-45	-178.242
0.25	-45	-62.6241
0.25	-45	97.9146
0.25	-45	-101.618
0.25	-45	129.211
0.25	-45	129.935
0.25	-45	21.3664
0.25	-45	149.081
0.25	-45	-69.7926
0.25	-45	103.627
0.25	-45	-141.083
0.25	-45	74.2722
0.25	-45	-137.034
0.25	-45	146.22
0.25	-45	93.6741
0.25	-45	-108.944
0.25	-45	62.383
0.25	-45	-147.125
0.25	-45	-58.4267
0.25	-45	-34.9627
0.25	-45	9.72055
0.25	-45	-105.531
0.25	-45	-152.295
0.25	-45	1.78055
0.25	-45	162.381
0.25	-45	-11.9056
0.25	-45	48.3581
0.25	-45	88.6925
0.25	-45	92.5957
0.25	-45	-8.95139
0.25	-45	-99.194
0.25	-45	156.535
0.25	-45	50.0216
0.25	-45	178.819
0.25	-45	-73.8498
0.25	-45	-7.34892
0.25	-45	151.82
0.25	-45	59.4443
0.25	-45	-122.438
0.25	-45	46.5229
0.25	-45	-6.72774
0.25	-45	80.8901
0.25	-45	90.7935
0.25	-45	-67.0938
0.25	-45	-130.349
0.25	-45	-126.206
0.25	-45	-49.5781
0.25	-45	-61.3519
0.25	-45	13.8028
0.25	-45	88.1573
0.25	-45	-176.616
0.25	-45	-103.505
0.25	-45	-3.08939
0.25	-45	163.892
0.25	-45	35.5565
0.25	-45	-52.2128
0.25	-45	143.525
0.25	-45	-46.4139
0.25	-45	101.191
0.25	-45	158.27
0.25	-45	-55.1389
0.25	-45	-10.2661
0.25	-45	102.405
0.25	-45	-44.2041
0.25	-45	-125.71
0.25	-45	151.761
0.25	-45	160.225
0.25	-45	-110.411
0.25	-45	97.0478
0.25	-45	59.8721
0.25	-45	76.0269
0.25	-45	84.0642
0.25	-45	142.787
0.25	-45	-115.834
0.25	-45	-123.078
0.25	-45	0.530697
0.25	-45	26.1077
0.25	-45	155.088
0.25	-45	138.17
0.25	-45	29.7236
0.25	-45	24.6591
0.25	-45	91.39
0.25	-45	-68.7911
0.25	-45	-129.773
0.25	-45	99.0159
0.25	-45	-89.8754
0.25	-45	-32.1447
0.25	-45	26.6411
0.25	-45	-141.071
0.25	-45	-151.011
0.25	-45	125.837
0.25	-45	-124.298
