pol	phi
0.3	94.6576
0.3	-38.9499
0.3	-57.7567
0.3	-46.8941
0.3	-156.655
0.3	-69.7169
0.3	118.958
0.3	-98.5443
0.3	-52.8879
0.3	-52.43
0.3	-152.627
0.3	124.896
0.3	96.2613
0.3	-124.472
0.3	115.132
0.3	-101.495
0.3	-116.388
0.3	-120.207
0.3	91.0984
0.3	8.69318
0.3	-158.961
0.3	37.1529
0.3	132.227
0.3	64.7816
0.3	87.2164
0.3	107.835
0.3	17.5859
0.3	-169.714
0.3	29.2706
0.3	171.449
0.3	-83.0672
0.3	-79.3059
0.3	59.5946
0.3	113.527
0.3	15.7659
0.3	0.102215
0.3	-138.672
0.3	173.636
0.3	-22.7959
0.3	-38.1644
0.3	-135.252
0.3	-50.3401
0.3	-123.711
0.3	-47.4815
0.3	34.8844
0.3	136.717
0.3	-143.927
0.3	82.2653
0.3	14.1688
0.3	174.881
0.3	-28.6239
0.3	108.88
0.3	142.508
0.3	91.4612
0.3	-126.361
0.3	-40.1323
0.3	-30.8356
0.3	178.124
0.3	95.7677
0.3	29.9793
0.3	-82.5013
0.3	23.2757
0.3	-19.2717
0.3	-167.664
0.3	-111.813
0.3	-118.732
0.3	-59.3059
0.3	-12.3276
0.3	-111.78
0.3	117.602
0.3	92.3342
0.3	-173.13
0.3	-106.954
0.3	-42.5076
0.3	-65.2386
0.3	0.310745
0.3	101.358
0.3	147.441
0.3	71.6313
0.3	18.4041
0.3	-17.5009
0.3	-161.919
0.3	105.691
0.3	159.121
0.3	-176.76
0.3	120.989
0.3	91.0474
0.3	-136.337
0.3	136.534
0.3	95.5867
0.3	-137.311
0.3	-32.6055
0.3	137.042
0.3	102.683
0.3	35.6286
0.3	173.906
0.3	64.9748
0.3	-168.291
0.3	18.1764
0.3	-48.7482
0.3	-86.999
0.3	77.2139
0.3	21.5823
0.3	-16.6847
0.3	-135.473
0.3	81.1662
0.3	158.964
0.3	-45.7679
0.3	-153.314
0.3	149.743
0.3	134.864
0.3	-86.2781
0.3	129.796
0.3	66.1379
0.3	-69.0502
0.3	-54.3045
0.3	-67.7914
0.3	-88.9342
0.3	-33.8056
0.3	-45.1445
0.3	128.801
0.3	70.7016
0.3	-44.8247
0.3	-95.4646
0.3	-135.938
0.3	-17.1923
0.3	164.703
0.3	165.757
0.3	-146.042
0.3	21.4241
0.3	166.898
0.3	-24.6435
0.3	-134.797
0.3	77.073
0.3	163.334
0.3	97.8367
0.3	-43.9872
0.3	-110.843
0.3	-38.4478
0.3	164.94
0.3	-143.015
0.3	49.9454
0.3	-165.769
0.3	-112.996
0.3	138.807
0.3	-86.538
0.3	-65.7331
0.3	-81.8813
0.3	-171.449
0.3	145.908
0.3	-134.071
0.3	113.159
0.3	17.2471
0.3	-61.2517
0.3	-100.093
0.3	47.2159
0.3	-165.159
0.3	-94.8504
0.3	116.384
0.3	136.25
0.3	131.847
0.3	16.3149
0.3	90.0922
0.3	58.0358
0.3	120.357
0.3	-16.9242
0.3	71.1253
0.3	-60.4962
0.3	-20.2116
0.3	-126.614
0.3	138.128
0.3	-25.6039
0.3	-74.1727
0.3	-118.154
0.3	164.696
0.3	81.9701
0.3	-39.4693
0.3	-124.244
0.3	118.572
0.3	-103.485
0.3	106.983
0.3	-119.016
0.3	-159.346
0.3	66.0215
0.3	143.876
0.3	-144.956
0.3	20.7704
0.3	179.277
0.3	-141.365
0.3	82.9702
0.3	118.375
0.3	-61.6453
0.3	82.2186
0.3	119.759
0.3	-127.3
0.3	-79.2476
0.3	-29.1876
0.3	-148.803
0.3	-22.2497
0.3	169.468
0.3	56.4495
0.3	-111.009
0.3	-128.038
0.3	119.116
0.3	123.877
0.3	171.413
0.3	90.5073
0.3	-110.814
0.3	-3.57883
0.3	55.2246
0.3	168.4
0.3	11.8095
0.3	153.653
0.3	169.029
0.3	-15.6684
0.3	152.144
0.3	-136.517
0.3	35.9788
0.3	-134.013
0.3	164.488
0.3	33.0816
0.3	-28.437
0.3	-19.5226
0.3	122.203
0.3	64.6853
0.3	82.6743
0.3	-29.8612
0.3	141.649
0.3	88.2907
0.3	56.4643
0.3	-14.8265
0.3	-31.9097
0.3	118.556
0.3	114.493
0.3	-22.7862
0.3	165.353
0.3	-15.0468
0.3	-167.792
0.3	159.086
0.3	75.7628
0.3	95.7269
0.3	25.6533
0.3	87.4999
0.3	45.1785
0.3	23.4848
0.3	89.4348
0.3	-137.12
0.3	73.1679
0.3	-92.0566
0.3	26.0236
0.3	-17.1216
0.3	126.18
0.3	-158.627
0.3	84.0746
0.3	38.8479
0.3	54.2643
0.3	142.166
0.3	-23.2017
0.3	-30.1014
0.3	177.692
0.3	-53.5285
0.3	69.3395
0.3	-131.545
0.3	53.9436
0.3	115.605
0.3	-69.6153
0.3	-52.7282
0.3	63.8793
0.3	14.695
0.3	-178.117
0.3	-45.2253
0.3	114.905
0.3	156.643
0.3	-102.81
0.3	-96.345
0.3	172.299
0.3	112.804
0.3	-21.9291
0.3	178.2
0.3	118.236
0.3	56.4334
0.3	-31.8659
0.3	-166.08
0.3	18.6046
0.3	89.2902
0.3	-103.132
0.3	-141.512
0.3	179.704
0.3	71.8953
0.3	-87.8708
0.3	84.6564
0.3	-90.0285
0.3	-166.801
0.3	9.46121
0.3	24.1691
0.3	8.03063
0.3	-143.782
0.3	137.664
0.3	117.041
0.3	3.43446
0.3	1.46414
0.3	95.072
0.3	118.532
0.3	83.0309
0.3	-7.56885
0.3	-168.193
0.3	156.384
0.3	5.83339
0.3	75.0064
0.3	54.0884
0.3	162.735
0.3	124.655
0.3	117.573
0.3	-74.262
0.3	-36.3591
0.3	119.782
0.3	160.878
0.3	-106.603
0.3	-70.5839
0.3	53.8382
0.3	169.631
0.3	-94.4849
0.3	11.7661
0.3	-152.97
0.3	122.74
0.3	-98.5666
0.3	-93.4644
0.3	-48.4396
0.3	130.144
0.3	-32.5495
0.3	-28.9225
0.3	-36.2281
0.3	68.3484
0.3	117.142
0.3	157.791
0.3	72.6927
0.3	-27.3631
0.3	111.033
0.3	-104.066
0.3	-177.372
0.3	92.4771
0.3	-120.51
0.3	87.079
0.3	146.443
0.3	145.098
0.3	84.4151
0.3	-2.91689
0.3	80.8687
0.3	-133.18
0.3	-70.8813
0.3	126.405
0.3	-157.227
0.3	-79.6103
0.3	72.0491
0.3	171.932
0.3	90.2446
0.3	92.4534
0.3	-176.858
0.3	-113.992
0.3	92.8972
0.3	83.1015
0.3	164.037
0.3	167.48
0.3	16.755
0.3	-111.456
0.3	8.14548
0.3	-175.928
0.3	124.312
0.3	-64.6076
0.3	-74.3236
0.3	139.801
0.3	29.5977
0.3	-87.7282
0.3	156.527
0.3	99.4192
0.3	71.1592
0.3	-168.168
0.3	128.978
0.3	146.5
0.3	153.049
0.3	77.7638
0.3	71.0133
0.3	155.498
0.3	-125.798
0.3	-115.871
0.3	-56.4078
0.3	153.108
0.3	-101.842
0.3	160.152
0.3	-100.674
0.3	-29.0427
0.3	-40.6298
0.3	59.9965
0.3	-69.4975
0.3	-68.7605
0.3	-167.159
0.3	-160.686
0.3	-111.335
0.3	117.355
0.3	-164.415
0.3	-103.105
0.3	-148.643
0.3	58.092
0.3	5.00226
0.3	-76.3953
0.3	-127.938
0.3	-63.0664
0.3	112.888
0.3	94.415
0.3	-14.6781
0.3	31.1611
0.3	87.8357
0.3	-123.658
0.3	-101.963
0.3	-46.7069
0.3	-177.933
0.3	169.886
0.3	51.3844
0.3	122.374
0.3	-59.7045
0.3	6.78182
0.3	136.163
0.3	21.1351
0.3	-54.7241
0.3	-37.157
0.3	12.1511
0.3	-137.569
0.3	123.837
0.3	-12.829
0.3	-120.968
0.3	-77.9423
0.3	117.611
0.3	-49.3749
0.3	-34.3577
0.3	-11.0754
0.3	176.807
0.3	59.9145
0.3	96.6204
0.3	36.3209
0.3	134.754
0.3	60.3182
0.3	158.349
0.3	-43.0562
0.3	-15.8369
0.3	-46.0089
0.3	50.4323
0.3	54.4255
0.3	108.527
0.3	-6.27163
0.3	10.3037
0.3	54.4601
0.3	9.59182
0.3	78.9802
0.3	-104.267
0.3	-137.538
0.3	67.7662
0.3	-34.3204
0.3	68.6104
0.3	133.024
0.3	-59.4222
0.3	-169.535
0.3	150.733
0.3	173.066
0.3	-97.0069
0.3	-86.5333
0.3	95.0888
0.3	-149.203
0.3	176.017
0.3	99.2473
0.3	2.32284
0.3	80.0144
0.3	145.986
0.3	-162.633
0.3	-172.417
0.3	-20.8801
0.3	-61.5109
0.3	115.96
0.3	11.9646
0.3	-115.706
0.3	-99.3295
0.3	-109.78
0.3	-42.4641
0.3	12.3706
0.3	-18.3229
0.3	-142.901
0.3	88.6672
0.3	-54.6218
0.3	77.3974
0.3	83.089
0.3	-38.8709
0.3	112.552
0.3	-157.09
0.3	-111.381
0.3	11.6533
0.3	130.893
0.3	32.466
0.3	-59.6416
0.3	156.795
0.3	108.329
0.3	-179.791
0.3	135.979
0.3	155.208
0.3	-20.065
0.3	-151.835
0.3	125.182
0.3	-161.345
0.3	-131.756
0.3	15.8508
0.3	39.8807
0.3	11.2983
0.3	128.488
0.3	94.927
0.3	45.0605
0.3	147.35
0.3	-98.8997
0.3	121.821
0.3	68.6812
0.3	-4.82942
0.3	119.519
0.3	128.793
0.3	-12.2696
0.3	7.87512
0.3	173.757
0.3	141.97
0.3	120.475
0.3	148.426
0.3	143.946
0.3	109.507
0.3	84.3412
0.3	-89.4349
0.3	-61.5618
0.3	-78.6526
0.3	42.6889
0.3	-132.165
0.3	47.3595
0.3	61.6099
0.3	115.4
0.3	-2.76389
0.3	175.884
0.3	-106.315
0.3	158.167
0.3	130.159
0.3	-154.206
0.3	-60.5856
0.3	56.8999
0.3	-50.018
0.3	-57.1843
0.3	84.4411
0.3	-167.285
0.3	47.7842
0.3	155.178
0.3	-148.38
0.3	-85.5205
0.3	61.7739
0.3	-155.032
0.3	172.965
0.3	83.9243
0.3	152.462
0.3	141.373
0.3	145.442
0.3	-74.4068
0.3	106.928
0.3	-55.6601
0.3	-89.5752
0.3	-31.6236
0.3	-24.2954
0.3	-170.757
0.3	59.689
0.3	139.042
0.3	12.95
0.3	-50.5995
0.3	-82.0122
0.3	-152.828
0.3	-53.2411
0.3	-36.1947
0.3	-148.829
0.3	35.4527
0.3	-71.3855
0.3	55.6795
0.3	-135.769
0.3	-174.413
0.3	25.7536
0.3	132.006
0.3	143.451
0.3	-125.151
0.3	147.899
0.3	140.166
0.3	118.326
0.3	-108.627
0.3	-107.116
0.3	-72.1219
0.3	23.989
0.3	-158.787
0.3	-136.443
0.3	-126.754
0.3	163.367
0.3	130.388
0.3	-69.3022
0.3	-32.9495
0.3	-45.2765
0.3	127.374
0.3	112.167
0.3	-110.553
0.3	123.123
0.3	117.477
0.3	99.3153
0.3	61.6074
0.3	10.4154
0.3	178.887
0.3	-117.249
0.3	-92.0623
0.3	-16.7914
0.3	-49.5108
0.3	13.7138
0.3	-144.199
0.3	109.94
0.3	29.6384
0.3	-171.893
0.3	100.199
0.3	-24.6527
0.3	44.2746
0.3	-54.3616
0.3	41.9018
0.3	-147.869
0.3	49.0752
0.3	-30.5699
0.3	155.936
0.3	-131.892
0.3	9.42678
0.3	-159.971
0.3	-154.07
0.3	59.4433
0.3	-33.4592
0.3	-83.7976
0.3	-157.478
0.3	102.575
0.3	-150.499
0.3	-1.89326
0.3	-77.0566
0.3	-14.0213
0.3	-82.7412
0.3	144.468
0.3	18.8082
0.3	-62.7107
0.3	-141.396
0.3	-146.746
0.3	91.8485
0.3	84.9075
0.3	58.8126
0.3	-161.91
0.3	-86.3666
0.3	8.82053
0.3	-69.3102
0.3	99.8117
0.3	-88.8422
0.3	136.12
0.3	-66.4152
0.3	67.8635
0.3	13.378
0.3	-95.3645
0.3	5.81574
0.3	-27.5842
0.3	117.577
0.3	16.8394
0.3	99.3353
0.3	34.8463
0.3	-65.2131
0.3	119.139
0.3	-88.5072
0.3	104.649
0.3	67.8651
0.3	-175.076
0.3	-175.654
0.3	175.291
0.3	178.003
0.3	25.9727
0.3	66.6741
0.3	-154.775
0.3	43.2429
0.3	-169.343
0.3	-122.361
0.3	-100.888
0.3	164.93
0.3	118.094
0.3	-61.3988
0.3	-147.761
0.3	-120.089
0.3	172.873
0.3	-144.203
0.3	-4.12882
0.3	-145.964
0.3	-8.54062
0.3	37.1318
0.3	37.6777
0.3	-114.108
0.3	-55.5845
0.3	-28.8738
0.3	-153.546
0.3	126.45
0.3	16.0798
0.3	-178.464
0.3	117.223
0.3	-82.4497
0.3	-150.306
0.3	-171.69
0.3	-129.524
0.3	-100.639
0.3	-87.5704
0.3	145.027
0.3	-66.8558
0.3	-36.7166
0.3	65.4092
0.3	88.7663
0.3	-10.6456
0.3	147.616
0.3	-113.094
0.3	43.3626
0.3	-54.8422
0.3	-28.9891
0.3	-69.9566
0.3	-35.8413
0.3	-94.1783
0.3	137.436
0.3	0.735051
0.3	41.5137
0.3	-113.834
0.3	67.4408
0.3	39.8737
0.3	134.052
0.3	39.7917
0.3	-108.655
0.3	149.863
0.3	-85.6701
0.3	-92.6199
0.3	34.4489
0.3	37.1687
0.3	53.0561
0.3	-91.4096
0.3	113.47
0.3	141.445
0.3	12.9367
0.3	175.971
0.3	-36.4815
0.3	-50.2262
0.3	-69.5264
0.3	-11.1763
0.3	-23.4874
0.3	98.7639
0.3	-169.519
0.3	121.413
0.3	-94.2733
0.3	7.72078
0.3	71.1955
0.3	-38.3786
0.3	98.3634
0.3	20.269
0.3	80.8043
0.3	-35.134
0.3	-54.0291
0.3	-68.9413
0.3	179.166
0.3	105.291
0.3	43.5901
0.3	131.554
0.3	177.969
0.3	-86.3101
0.3	-29.5984
0.3	43.3896
0.3	14.1109
0.3	97.4971
0.3	157.305
0.3	-162.087
0.3	-12.1423
0.3	-158.605
0.3	-71.6398
0.3	-172.422
0.3	161.554
0.3	-42.2438
0.3	-146.562
0.3	102.383
0.3	117.468
0.3	106.261
0.3	25.8216
0.3	103.427
0.3	-42.0524
0.3	45.5793
0.3	-167.533
0.3	99.9342
0.3	19.8301
0.3	-165.831
0.3	-46.8703
0.3	-73.6695
0.3	-161.454
0.3	175.41
0.3	-121.164
0.3	93.5507
0.3	-18.2152
0.3	-162.352
0.3	120.12
0.3	82.9294
0.3	7.21271
0.3	-148.688
0.3	-86.8027
0.3	77.1811
0.3	152.445
0.3	-18.4938
0.3	96.6277
0.3	-51.5104
0.3	31.0457
0.3	95.2104
0.3	60.0915
0.3	-121.432
0.3	24.3699
0.3	-155.355
0.3	-174.596
0.3	-36.9732
0.3	104.288
0.3	-156.086
0.3	-75.2904
0.3	121.258
0.3	-176.886
0.3	85.0559
0.3	112.692
0.3	-166.063
0.3	-76.3064
0.3	93.8374
0.3	-89.3726
0.3	-133.834
0.3	32.4645
0.3	-108.564
0.3	35.5483
0.3	-57.8588
0.3	37.3981
0.3	33.2573
0.3	120.559
0.3	136.652
0.3	16.0124
0.3	128.682
0.3	95.5472
0.3	42.5144
0.3	-2.33356
0.3	-92.9762
0.3	-119.857
0.3	-22.8365
0.3	148.181
0.3	147.731
0.3	-173.567
0.3	-26.0669
0.3	-166.956
0.3	150.049
0.3	-39.9908
0.3	-81.8179
0.3	-34.0595
0.3	144.211
0.3	153.57
0.3	47.5363
0.3	61.5995
0.3	163.099
0.3	-47.4527
0.3	-121.531
0.3	147.251
0.3	-21.8054
0.3	159.827
0.3	24.1778
0.3	-55.4915
0.3	-115.36
0.3	142.93
0.3	169.764
0.3	157.978
0.3	-157.218
0.3	-77.1246
0.3	-143.346
0.3	-32.6103
0.3	158.569
0.3	-151.725
0.3	-102.779
0.3	-64.0213
0.3	49.2342
0.3	76.2869
0.3	158.251
0.3	-84.0015
0.3	68.1799
0.3	-96.0433
0.3	-121.468
0.3	-95.199
0.3	-27.0222
0.3	-137.924
0.3	-155.082
0.3	-19.6237
0.3	127.659
0.3	174.176
0.3	-140.801
0.3	90.1217
0.3	-98.3009
0.3	116.299
0.3	-16.5889
0.3	-106.779
0.3	54.5684
0.3	166.001
0.3	-109.775
0.3	85.7774
0.3	-65.7945
0.3	28.0334
0.3	126.161
0.3	36.3712
0.3	139.176
0.3	148.603
0.3	-94.428
0.3	-44.4896
0.3	-147.443
0.3	174.699
0.3	2.70422
0.3	-8.98147
0.3	-48.1595
0.3	119.904
0.3	-23.5401
0.3	-25.7213
0.3	133.361
0.3	153.845
0.3	67.7235
0.3	161.666
0.3	-14.224
0.3	142.615
0.3	-121.938
0.3	-54.7215
0.3	-133.929
0.3	63.4859
0.3	-61.8656
0.3	12.5853
0.3	-131.521
0.3	-8.85965
0.3	38.461
0.3	124.838
0.3	44.0063
0.3	159.381
0.3	-146.878
0.3	-47.0677
0.3	-28.7329
0.3	-153.9
0.3	137.749
0.3	-167.401
0.3	178.065
0.3	-155.879
0.3	133.701
0.3	-136.358
0.3	68.8471
0.3	-2.88279
0.3	-122.188
0.3	-8.71122
0.3	-140.288
0.3	-59.5887
0.3	-29.9131
0.3	124.071
0.3	133.418
0.3	109.674
0.3	28.1085
0.3	-70.5717
0.3	69.0007
0.3	43.1521
0.3	-169.177
0.3	-87.7393
0.3	-17.8225
0.3	-100.284
0.3	0.993469
0.3	92.6058
0.3	67.0491
0.3	125.018
0.3	165.072
0.3	-139.106
0.3	10.0001
0.3	-48.0697
0.3	-36.8199
0.3	142.824
0.3	77.0653
0.3	43.1418
0.3	107.49
0.3	57.927
0.3	-139.989
0.3	-138.218
0.3	-26.2161
0.3	-22.8373
0.3	35.0358
0.3	142.985
0.3	35.6325
0.3	-48.9523
0.3	31.4091
0.3	-58.5792
0.3	-85.2079
0.3	148.539
0.3	149.803
0.3	-22.4177
0.3	134.882
0.3	-61.504
0.3	107.113
0.3	-54.9423
0.3	99.6879
0.3	178.814
0.3	169.814
0.3	-139.313
0.3	12.3116
0.25	-127.408
0.25	130.621
0.25	-12.4809
0.25	122.081
0.25	157.39
0.25	73.5714
0.25	-87.5395
0.25	75.7449
0.25	-178.7
0.25	-110.729
0.25	144.793
0.25	-40.7233
0.25	-142.884
0.25	109.905
0.25	-70.4957
0.25	14.4472
0.25	30.9323
0.25	-68.4954
0.25	-24.9934
0.25	57.9955
0.25	-46.8029
0.25	10.7084
0.25	-157.906
0.25	172.066
0.25	-96.4017
0.25	6.76116
0.25	-169.965
0.25	-63.4122
0.25	-102.889
0.25	47.6272
0.25	-150.3
0.25	25.3793
0.25	160.298
0.25	-1.86357
0.25	5.1453
0.25	109.25
0.25	165.347
0.25	147.185
0.25	-175.53
0.25	163.182
0.25	-120.537
0.25	-128.196
0.25	-88.6036
0.25	122.367
0.25	151.538
0.25	-97.0137
0.25	36.9687
0.25	160.57
0.25	-105.292
0.25	-27.0843
0.25	2.54849
0.25	99.068
0.25	18.1949
0.25	-9.16352
0.25	-40.3543
0.25	41.2823
0.25	123.37
0.25	177.313
0.25	-169.374
0.25	103.437
0.25	-77.1507
0.25	119.383
0.25	168.016
0.25	-86.0619
0.25	-74.9075
0.25	129.62
0.25	-6.36872
0.25	-25.4575
0.25	-148.022
0.25	-97.7953
0.25	-65.0238
0.25	-60.0146
0.25	-81.1126
0.25	-170.868
0.25	-19.6646
0.25	20.0144
0.25	28.1682
0.25	1.69767
0.25	-138.426
0.25	-52.5732
0.25	-108.812
0.25	-107.241
0.25	61.8775
0.25	1.03509
0.25	42.8674
0.25	30.8623
0.25	-129.994
0.25	155.859
0.25	1.73728
0.25	-117.316
0.25	-108.486
0.25	22.2654
0.25	-116.251
0.25	79.3023
0.25	85.3096
0.25	32.5887
0.25	-28.5999
0.25	75.8799
0.25	43.6765
0.25	102.281
0.25	-34.3812
0.25	-3.79405
0.25	-114.467
0.25	54.4178
0.25	-121.487
0.25	-66.8052
0.25	-158.697
0.25	-20.0113
0.25	167.46
0.25	167.391
0.25	63.2296
0.25	-151.991
0.25	1.59105
0.25	134.486
0.25	-76.2719
0.25	-157.791
0.25	-10.271
0.25	-64.2094
0.25	-165.574
0.25	75.7596
0.25	-78.147
0.25	127.23
0.25	12.3918
0.25	28.1171
0.25	164.86
0.25	23.3812
0.25	-129.672
0.25	75.2473
0.25	73.7519
0.25	-123.773
0.25	176.266
0.25	-49.9268
0.25	4.2952
0.25	-71.9272
0.25	149.407
0.25	-163.73
0.25	36.2631
0.25	-76.6181
0.25	-126.699
0.25	-35.4572
0.25	92.4615
0.25	-148.344
0.25	-78.8014
0.25	-100.588
0.25	171.228
0.25	136.572
0.25	-117.108
0.25	-176.498
0.25	-99.1433
0.25	-142.46
0.25	-66.2566
0.25	176.403
0.25	-148.305
0.25	-39.0639
0.25	-172.521
0.25	-35.269
0.25	-59.9121
0.25	-130.955
0.25	-11.9363
0.25	-172.932
0.25	-158.246
0.25	120.016
0.25	-79.0149
0.25	28.3683
0.25	-152.092
0.25	40.1626
0.25	-57.6931
0.25	-153.938
0.25	-171.133
0.25	-77.8763
0.25	71.2674
0.25	-91.1802
0.25	89.636
0.25	-178.761
0.25	-33.0821
0.25	9.5246
0.25	168.269
0.25	156.856
0.25	-63.8347
0.25	-167.312
0.25	24.8355
0.25	-117.443
0.25	175.168
0.25	45.3538
0.25	-164.82
0.25	160.982
0.25	-116.057
0.25	85.7997
0.25	140.183
0.25	91.2784
0.25	163.115
0.25	86.8661
0.25	-157.75
0.25	-170.365
0.25	109.276
0.25	63.5125
0.25	-110.631
0.25	13.3063
0.25	178.643
0.25	87.3395
0.25	-74.286
0.25	-19.7082
0.25	164.46
0.25	-11.6881
0.25	-97.6043
0.25	3.30125
0.25	167.024
0.25	-170.667
0.25	-161.799
0.25	7.7428
0.25	-136.95
0.25	178.575
0.25	99.2942
0.25	87.4132
0.25	55.6607
0.25	-148.82
0.25	23.8009
0.25	56.5843
0.25	-83.8293
0.25	-154.757
0.25	-117.207
0.25	39.8201
0.25	17.8039
0.25	47.2431
0.25	94.3688
0.25	60.4825
0.25	-44.9804
0.25	151.985
0.25	-86.3034
0.25	-52.6783
0.25	128.783
0.25	128.845
0.25	51.8853
0.25	-7.01602
0.25	-5.88118
0.25	38.8932
0.25	-20.4967
0.25	-15.699
0.25	6.18783
0.25	-128.905
0.25	45.312
0.25	20.8021
0.25	169.083
0.25	97.9243
0.25	-86.9146
0.25	135.123
0.25	-167.092
0.25	12.8462
0.25	-156.267
0.25	-155.419
0.25	-17.9928
0.25	5.07017
0.25	-109.914
0.25	-8.83352
0.25	121.847
0.25	107.865
0.25	-35.8082
0.25	-135.543
0.25	-29.106
0.25	-53.1326
0.25	-32.2358
0.25	135.284
0.25	-69.2902
0.25	86.4261
0.25	-149.681
0.25	-100.567
0.25	125.238
0.25	71.0751
0.25	127.704
0.25	170.483
0.25	41.3721
0.25	62.2992
0.25	83.3792
0.25	-70.876
0.25	2.56769
0.25	77.422
0.25	-9.90747
0.25	-114.285
0.25	-169.952
0.25	155.817
0.25	115.126
0.25	56.387
0.25	33.5668
0.25	37.2014
0.25	85.7437
0.25	3.04928
0.25	-91.4461
0.25	-162.78
0.25	53.194
0.25	-30.2246
0.25	92.6524
0.25	-50.5513
0.25	28.0563
0.25	-60.6025
0.25	-160.971
0.25	-70.009
0.25	-162.959
0.25	-153.159
0.25	15.6554
0.25	-117.984
0.25	0.0524211
0.25	-160.278
0.25	-173.955
0.25	53.0436
0.25	-122.826
0.25	-5.76727
0.25	-78.4352
0.25	-9.4546
0.25	154.051
0.25	26.0855
0.25	13.9514
0.25	-32.7438
0.25	-136.904
0.25	-116.696
0.25	-97.6701
0.25	150.531
0.25	-135.596
0.25	124.623
0.25	9.9568
0.25	130.021
0.25	-29.528
0.25	145.987
0.25	-12.8273
0.25	74.656
0.25	-171.521
0.25	-135.051
0.25	-43.4978
0.25	-62.744
0.25	41.9525
0.25	128.472
0.25	176.112
0.25	32.3981
0.25	146.651
0.25	-107.099
0.25	-107.147
0.25	-27.7346
0.25	63.052
0.25	-148.434
0.25	-150.935
0.25	-137.898
0.25	-115.059
0.25	16.6693
0.25	14.0868
0.25	-2.57077
0.25	-177.63
0.25	-11.491
0.25	-109.712
0.25	-102.486
0.25	171.225
0.25	79.538
0.25	162.533
0.25	70.1835
0.25	-37.7465
0.25	-75.9206
0.25	-84.1061
0.25	-69.1557
0.25	59.4076
0.25	-170.167
0.25	51.757
0.25	-122.54
0.25	15.3316
0.25	-44.5936
0.25	145.844
0.25	166.908
0.25	166.479
0.25	138.79
0.25	179.255
0.25	-22.9657
0.25	13.9504
0.25	-72.0185
0.25	-57.6489
0.25	104.836
0.25	118.219
0.25	-59.8956
0.25	-122.611
0.25	-46.7938
0.25	55.0165
0.25	-3.87157
0.25	-165.885
0.25	98.5149
0.25	178.021
0.25	-82.9016
0.25	85.1025
0.25	-4.67192
0.25	20.0031
0.25	-161.67
0.25	-26.0023
0.25	169.676
0.25	135.313
0.25	-63.3327
0.25	100.793
0.25	-125.849
0.25	-120.537
0.25	131.615
0.25	-153.069
0.25	-173.45
0.25	-43.5688
0.25	-67.4858
0.25	106.527
0.25	-23.5474
0.25	144.131
0.25	51.9914
0.25	3.4064
0.25	-173.823
0.25	84.2489
0.25	-2.86795
0.25	-76.8139
0.25	13.3309
0.25	38.1023
0.25	154.466
0.25	79.393
0.25	-144.726
0.25	68.2977
0.25	-149.711
0.25	170.103
0.25	-73.0501
0.25	60.9692
0.25	-80.1034
0.25	92.9736
0.25	43.5148
0.25	158.436
0.25	-103.699
0.25	36.0669
0.25	52.9938
0.25	81.593
0.25	23.3595
0.25	80.9457
0.25	78.3313
0.25	140.966
0.25	-114.583
0.25	114.99
0.25	-47.9684
0.25	-141.225
0.25	18.7501
0.25	128.008
0.25	75.9123
0.25	101.625
0.25	-33.9062
0.25	165.997
0.25	-105.009
0.25	-6.53347
0.25	-35.8779
0.25	151.644
0.25	47.9499
0.25	77.129
0.25	166.031
0.25	4.57983
0.25	-84.1114
0.25	141.809
0.25	-100.562
0.25	-133.53
0.25	77.4411
0.25	133.313
0.25	35.7087
0.25	-122.352
0.25	127.134
0.25	-96.6332
0.25	127.645
0.25	107.939
0.25	90.0755
0.25	-131.41
0.25	-145.263
0.25	-86.0511
0.25	141.269
0.25	43.9282
0.25	21.5805
0.25	-71.5815
0.25	165.844
0.25	22.974
0.25	-145.445
0.25	18.111
0.25	78.5058
0.25	57.7295
0.25	99.4751
0.25	155.218
0.25	-151.915
0.25	-179.842
0.25	64.1596
0.25	161.834
0.25	104.558
0.25	131.835
0.25	0.384525
0.25	172.268
0.25	129.611
0.25	107.974
0.25	118.356
0.25	-137.709
0.25	-16.9799
0.25	-172.545
0.25	19.9608
0.25	-94.9698
0.25	36.7765
0.25	-98.1991
0.25	132.782
0.25	96.1626
0.25	-112.795
0.25	-101.353
0.25	93.1794
0.25	-128.212
0.25	-39.7098
0.25	-179.505
0.25	58.8811
0.25	76.5749
0.25	-164.187
0.25	32.959
0.25	138.584
0.25	-61.6074
0.25	-38.8638
0.25	139.133
0.25	-59.8093
0.25	148.752
0.25	166.433
0.25	158.637
0.25	-39.2837
0.25	-118.399
0.25	-155.46
0.25	109.827
0.25	-163.663
0.25	20.5737
0.25	-91.3743
0.25	165.684
0.25	-22.0042
0.25	144.211
0.25	39.6636
0.25	-122.735
0.25	-179.012
0.25	-40.4157
0.25	106.676
0.25	-26.9508
0.25	-59.0611
0.25	11.5552
0.25	166.642
0.25	119.632
0.25	-34.8295
0.25	146.609
0.25	-68.9345
0.25	94.8793
0.25	-49.1064
0.25	7.05079
0.25	164.588
0.25	-65.8152
0.25	179.862
0.25	65.8723
0.25	97.2323
0.25	23.6974
0.25	-102.745
0.25	-137.835
0.25	-66.2028
0.25	128.316
0.25	156.555
0.25	-98.3779
0.25	-60.0647
0.25	139.441
0.25	125.905
0.25	88.155
0.25	-139.202
0.25	-55.9833
0.25	-87.9644
0.25	-135.45
0.25	-3.91049
0.25	-99.2168
0.25	-143.785
0.25	-26.6483
0.25	-114.777
0.25	-139.752
0.25	65.5946
0.25	-12.2858
0.25	-43.035
0.25	-122.057
0.25	-127.871
0.25	-51.1003
0.25	111.645
0.25	-97.6923
0.25	-165.142
0.25	-80.0257
0.25	-150.324
0.25	56.3805
0.25	-31.8382
0.25	99.7268
0.25	125.107
0.25	158.833
0.25	176.92
0.25	-49.5577
0.25	-46.7578
0.25	-13.2711
0.25	-172.362
0.25	99.5088
0.25	-123.026
0.25	39.5302
0.25	-117.638
0.25	134.647
0.25	-55.6282
0.25	63.5641
0.25	102.511
0.25	-3.87638
0.25	-85.5782
0.25	-33.5588
0.25	-81.8927
0.25	-16.4379
0.25	-161.988
0.25	-123.772
0.25	67.9422
0.25	167.125
0.25	-136.755
0.25	142.476
0.25	5.21249
0.25	-135.012
0.25	-64.4736
0.25	177.945
0.25	-177.85
0.25	36.3391
0.25	-14.6384
0.25	30.9048
0.25	-88.9026
0.25	-128.084
0.25	15.3652
0.25	-25.1354
0.25	96.8508
0.25	157.324
0.25	-69.8623
0.25	78.6432
0.25	-140.935
0.25	5.28859
0.25	118.059
0.25	-89.025
0.25	-60.0296
0.25	168.288
0.25	46.2866
0.25	73.6232
0.25	63.7957
0.25	22.384
0.25	-154.648
0.25	50.5902
0.25	-128.574
0.25	175.083
0.25	34.2653
0.25	47.2129
0.25	-143.687
0.25	-1.81729
0.25	101.888
0.25	30.1692
0.25	31.2683
0.25	28.1819
0.25	-114.864
0.25	-132.972
0.25	-140.632
0.25	51.7621
0.25	-173.964
0.25	165.008
0.25	-110.757
0.25	-103.628
0.25	-125.617
0.25	-46.139
0.25	62.5088
0.25	88.8213
0.25	-45.4042
0.25	92.4824
0.25	-155.781
0.25	13.197
0.25	167.237
0.25	-26.2269
0.25	150.022
0.25	-128.69
0.25	-15.7883
0.25	-82.751
0.25	-113.875
0.25	27.8388
0.25	52.9827
0.25	59.071
0.25	62.264
0.25	152.153
0.25	36.5608
0.25	-148.211
0.25	-120.304
0.25	106.358
0.25	-1.9677
0.25	-147.703
0.25	-14.0302
0.25	10.4212
0.25	82.2772
0.25	9.25069
0.25	166.396
0.25	50.2765
0.25	-25.8539
0.25	160.117
0.25	-20.1789
0.25	132.411
0.25	22.814
0.25	-81.2163
0.25	-145.78
0.25	55.2325
0.25	73.2046
0.25	-49.0318
0.25	62.2641
0.25	94.3391
0.25	-26.899
0.25	58.5536
0.25	-135.233
0.25	23.2536
0.25	174.777
0.25	-6.04382
0.25	-113.91
0.25	48.0747
0.25	-154.423
0.25	138.893
0.25	50.4269
0.25	58.4519
0.25	72.6227
0.25	58.1241
0.25	-4.79934
0.25	-129.389
0.25	2.87598
0.25	-144.074
0.25	10.7592
0.25	68.9228
0.25	54.0383
0.25	-53.8578
0.25	142.093
0.25	-96.5839
0.25	-79.125
0.25	-3.6495
0.25	159.542
0.25	76.2105
0.25	-6.31548
0.25	169.861
0.25	-34.2579
0.25	120.516
0.25	-169.434
0.25	-104.764
0.25	-25.8737
0.25	-154.246
0.25	179.619
0.25	115.347
0.25	-71.4756
0.25	76.273
0.25	-96.8264
0.25	14.0342
0.25	-132.028
0.25	-22.3284
0.25	132.722
0.25	32.0781
0.25	165.917
0.25	121.499
0.25	74.8376
0.25	91.5717
0.25	169.178
0.25	150.379
0.25	174.772
0.25	-5.13225
0.25	61.3109
0.25	71.9038
0.25	-56.5131
0.25	-5.87225
0.25	-119.28
0.25	150.819
0.25	-59.6962
0.25	146.558
0.25	132.643
0.25	-80.354
0.25	-87.9118
0.25	126.118
0.25	97.0958
0.25	-136.931
0.25	-173.14
0.25	-121.92
0.25	-97.1011
0.25	-156.285
0.25	-6.16298
0.25	171.939
0.25	-123.938
0.25	163.555
0.25	171.977
0.25	-69.7037
0.25	9.21258
0.25	175.98
0.25	84.8381
0.25	89.0141
0.25	-72.9006
0.25	78.8413
0.25	1.22748
0.25	60.8591
0.25	130.124
0.25	120.165
0.25	-147.732
0.25	-170.67
0.25	-136.73
0.25	73.1395
0.25	28.0048
0.25	-14.1266
0.25	175.275
0.25	-124.208
0.25	-59.8219
0.25	86.7085
0.25	-55.5052
0.25	-124.811
0.25	-97.7068
0.25	-47.541
0.25	43.4747
0.25	58.8948
0.25	-127.751
