pol	setting	phi
0.3	45	179.122
0.3	45	-178.976
0.3	45	121.656
0.3	45	-177.856
0.3	45	150.001
0.3	45	-131.802
0.3	45	44.0751
0.3	45	-29.0773
0.3	45	126.031
0.3	45	-151.304
0.3	45	62.1548
0.3	45	-134.574
0.3	45	121.821
0.3	45	67.5207
0.3	45	-158.298
0.3	45	143.229
0.3	45	101.197
0.3	45	-86.0578
0.3	45	167.821
0.3	45	108.986
0.3	45	68.1789
0.3	45	-117.331
0.3	45	-117.906
0.3	45	-35.0609
0.3	45	54.4855
0.3	45	-11.9677
0.3	45	-57.3626
0.3	45	-77.0908
0.3	45	-95.106
0.3	45	-102.317
0.3	45	116.638
0.3	45	-161.597
0.3	45	-157.395
0.3	45	-78.5425
0.3	45	-76.7525
0.3	45	143.882
0.3	45	-14.1982
0.3	45	144.652
0.3	45	23.5178
0.3	45	-92.358
0.3	45	10.354
0.3	45	108.224
0.3	45	-119.048
0.3	45	-142.329
0.3	45	-74.8736
0.3	45	-14.6939
0.3	45	148.936
0.3	45	40.6708
0.3	45	18.7053
0.3	45	88.8885
0.3	45	25.1865
0.3	45	157.339
0.3	45	138.534
0.3	45	100.32
0.3	45	-54.5172
0.3	45	-161.679
0.3	45	118.401
0.3	45	-30.558
0.3	45	139.622
0.3	45	160.533
0.3	45	76.4015
0.3	45	153.325
0.3	45	52.8001
0.3	45	129.927
0.3	45	-24.353
0.3	45	-112.84
0.3	45	62.3624
0.3	45	-117.214
0.3	45	65.5283
0.3	45	-92.8662
0.3	45	-89.8914
0.3	45	-146.638
0.3	45	139.084
0.3	45	-8.74239
0.3	45	-151.19
0.3	45	-109.773
0.3	45	-9.49919
0.3	45	75.4999
0.3	45	-75.7922
0.3	45	55.9055
0.3	45	-127.381
0.3	45	-127.16
0.3	45	72.6063
0.3	45	-50.5595
0.3	45	-73.74
0.3	45	175.801
0.3	45	166.385
0.3	45	19.1494
0.3	45	-47.1483
0.3	45	-32.3259
0.3	45	-38.2338
0.3	45	-34.1952
0.3	45	104.557
0.3	45	84.9914
0.3	45	161.523
0.3	45	84.246
0.3	45	148.943
0.3	45	-87.3856
0.3	45	-82.2125
0.3	45	4.06325
0.3	45	50.0493
0.3	45	-122.337
0.3	45	-103.955
0.3	45	71.8577
0.3	45	-64.2865
0.3	45	-49.6181
0.3	45	-126.801
0.3	45	-2.22586
0.3	45	-40.7797
0.3	45	40.6179
0.3	45	158.712
0.3	45	-39.8889
0.3	45	-19.8366
0.3	45	-23.1535
0.3	45	-84.5184
0.3	45	-170.666
0.3	45	18.1966
0.3	45	34.3942
0.3	45	-35.5689
0.3	45	-19.5537
0.3	45	-18.3385
0.3	45	-46.3868
0.3	45	62.9536
0.3	45	8.58035
0.3	45	-39.8191
0.3	45	-149.251
0.3	45	-116.084
0.3	45	-11.6155
0.3	45	-138.122
0.3	45	-127.4
0.3	45	-103.243
0.3	45	-114.341
0.3	45	-116.367
0.3	45	39.6523
0.3	45	157.769
0.3	45	15.0255
0.3	45	-100.576
0.3	45	63.0471
0.3	45	-105.776
0.3	45	-7.68442
0.3	45	88.8373
0.3	45	-28.8148
0.3	45	166.997
0.3	45	-136.969
0.3	45	-57.5876
0.3	45	-29.0792
0.3	45	-167.211
0.3	45	-43.8087
0.3	45	2.31425
0.3	45	144.219
0.3	45	154.013
0.3	45	-6.84085
0.3	45	94.4819
0.3	45	-44.6591
0.3	45	-119.505
0.3	45	-161.921
0.3	45	64.6405
0.3	45	-70.9801
0.3	45	73.8136
0.3	45	-5.40665
0.3	45	-50.6374
0.3	45	71.5107
0.3	45	-24.5735
0.3	45	-169.489
0.3	45	158.262
0.3	45	168.272
0.3	45	-84.4722
0.3	45	-76.9642
0.3	45	170.976
0.3	45	-34.8733
0.3	45	-90.4334
0.3	45	-107.623
0.3	45	23.1486
0.3	45	-70.5715
0.3	45	138.869
0.3	45	-15.1387
0.3	45	-177.066
0.3	45	37.028
0.3	45	-147.446
0.3	45	-11.2231
0.3	45	162.856
0.3	45	-102.103
0.3	45	26.6547
0.3	45	-43.9792
0.3	45	-128.388
0.3	45	66.2853
0.3	45	-177.558
0.3	45	-84.3029
0.3	45	172.606
0.3	45	-137.388
0.3	45	149.642
0.3	45	79.3315
0.3	45	15.8811
0.3	45	-67.4194
0.3	45	24.8624
0.3	45	-118.204
0.3	45	-121.358
0.3	45	61.2747
0.3	45	112.693
0.3	45	-52.2287
0.3	45	31.3323
0.3	45	119.765
0.3	45	96.4736
0.3	45	-88.3569
0.3	45	22.1005
0.3	45	-39.6272
0.3	45	-137.549
0.3	45	87.5834
0.3	45	80.1235
0.3	45	143.256
0.3	45	-14.7561
0.3	45	-59.3278
0.3	45	-154.489
0.3	45	-113.135
0.3	45	67.1947
0.3	45	59.3234
0.3	45	-69.9448
0.3	45	157.257
0.3	45	94.4094
0.3	45	109.162
0.3	45	-103.467
0.3	45	-163.319
0.3	45	21.7818
0.3	45	-37.8984
0.3	45	-117.483
0.3	45	64.1775
0.3	45	-152.084
0.3	45	110.4
0.3	45	-162.418
0.3	45	-55.5597
0.3	45	-7.06895
0.3	45	-159.669
0.3	45	-51.5867
0.3	45	-175.509
0.3	45	171.813
0.3	45	174.766
0.3	45	147.049
0.3	45	86.2474
0.3	45	34.7282
0.3	45	-15.2728
0.3	45	57.5397
0.3	45	139.74
0.3	45	99.0005
0.3	45	24.3341
0.3	45	131.896
0.3	45	172.329
0.3	45	83.1724
0.3	45	7.99842
0.3	45	-50.0971
0.3	45	-102.255
0.3	45	138.176
0.3	45	-34.8248
0.3	45	-24.048
0.3	45	-175.382
0.3	45	-77.51
0.3	45	-155.406
0.3	45	89.8049
0.3	45	150.677
0.3	45	-147.816
0.3	45	143.301
0.3	45	-71.6466
0.3	45	-171.82
0.3	45	-90.8044
0.3	45	-117.762
0.3	45	155.096
0.3	45	-113.708
0.3	45	146.137
0.3	45	-122.506
0.3	45	134.028
0.3	45	-59.2753
0.3	45	-64.2601
0.3	45	51.4801
0.3	45	151.854
0.3	45	-81.9671
0.3	45	17.5904
0.3	45	-115.204
0.3	45	168.78
0.3	45	-95.43
0.3	45	72.915
0.3	45	-117.236
0.3	45	-179.991
0.3	45	22.5294
0.3	45	-89.7002
0.3	45	-162.386
0.3	45	108.775
0.3	45	57.2335
0.3	45	-131.017
0.3	45	-9.76872
0.3	45	-147.751
0.3	45	-133.775
0.3	45	175.095
0.3	45	22.1927
0.3	45	165.481
0.3	45	-13.1526
0.3	45	-25.0425
0.3	45	33.7572
0.3	45	-32.6641
0.3	45	120.197
0.3	45	39.3134
0.3	45	19.6186
0.3	45	-151.397
0.3	45	66.4998
0.3	45	-37.5135
0.3	45	78.173
0.3	45	-128.65
0.3	45	110.01
0.3	45	112.93
0.3	45	32.5197
0.3	45	120.775
0.3	45	66.0876
0.3	45	-56.3039
0.3	45	130.733
0.3	45	-127.312
0.3	45	-63.5486
0.3	45	-45.8142
0.3	45	-147.814
0.3	45	-106.62
0.3	45	86.0374
0.3	45	80.0299
0.3	45	133.598
0.3	45	19.9086
0.3	45	136.435
0.3	45	-90.1188
0.3	45	-128.898
0.3	45	-103.18
0.3	45	-111.339
0.3	45	71.7003
0.3	45	82.5407
0.3	45	-30.1512
0.3	45	-146.715
0.3	45	-120.946
0.3	45	-121.301
0.3	45	-40.6488
0.3	45	120.574
0.3	45	-122.701
0.3	45	23.0275
0.3	45	-178.969
0.3	45	171.133
0.3	45	153.49
0.3	45	-51.4837
0.3	45	86.5168
0.3	45	-29.4774
0.3	45	58.5191
0.3	45	-153.114
0.3	45	-23.9028
0.3	45	133.208
0.3	45	107.103
0.3	45	-162.547
0.3	45	-122.687
0.3	45	-157.821
0.3	45	4.16977
0.3	45	97.6659
0.3	45	-67.3497
0.3	45	167.488
0.3	45	-43.318
0.3	45	109.678
0.3	45	142.212
0.3	45	-149.503
0.3	45	94.3044
0.3	45	-75.1608
0.3	45	43.5801
0.3	45	-169.026
0.3	45	143.299
0.3	45	-46.6012
0.3	45	113.945
0.3	45	84.9459
0.3	45	45.3043
0.3	45	179.71
0.3	45	65.3261
0.3	45	171.516
0.3	45	74.5891
0.3	45	-93.0439
0.3	45	78.9698
0.3	45	48.6633
0.3	45	-158.683
0.3	45	12.9395
0.3	45	159.046
0.3	45	-95.0902
0.3	45	143.777
0.3	45	17.3876
0.3	45	-169.368
0.3	45	-81.7391
0.3	45	-74.9664
0.3	45	-160.704
0.3	45	1.2997
0.3	45	117.556
0.3	45	32.6772
0.3	45	-38.7637
0.3	45	-166.42
0.3	45	-76.822
0.3	45	78.1304
0.3	45	12.0779
0.3	45	158.009
0.3	45	-11.2743
0.3	45	-89.3069
0.3	45	56.7292
0.3	45	34.1231
0.3	45	44.6733
0.3	45	128.859
0.3	45	128.483
0.3	45	118.506
0.3	45	126.183
0.3	45	-57.6502
0.3	45	130.921
0.3	45	126.241
0.3	45	173.729
0.3	45	-104.199
0.3	45	48.5252
0.3	45	-133.206
0.3	45	-168.073
0.3	45	47.4174
0.3	45	75.3234
0.3	45	-155.543
0.3	45	-105.39
0.3	45	-76.9828
0.3	45	110.395
0.3	45	-98.5502
0.3	45	-140.963
0.3	45	101.218
0.3	45	-25.0368
0.3	45	50.8016
0.3	45	20.3208
0.3	45	-136.16
0.3	45	89.2121
0.3	45	-52.6348
0.3	45	95.5491
0.3	45	-38.0564
0.3	45	-57.4995
0.3	45	166.486
0.3	45	105.131
0.3	45	-48.9737
0.3	45	13.7521
0.3	45	131.325
0.3	45	-85.3367
0.3	45	178.56
0.3	45	19.2192
0.3	45	94.9897
0.3	45	4.87708
0.3	45	157.974
0.3	45	-21.6196
0.3	45	49.1172
0.3	45	-60.1532
0.3	45	-73.8201
0.3	45	-165.941
0.3	45	117.359
0.3	45	134.658
0.3	45	152.948
0.3	45	65.8744
0.3	45	-154.755
0.3	45	-52.2847
0.3	45	40.4335
0.3	45	108.44
0.3	45	67.4129
0.3	45	130.972
0.3	45	161.245
0.3	45	-12.2665
0.3	45	-62.2971
0.3	45	-26.9032
0.3	45	1.33464
0.3	45	-76.7645
0.3	45	64.069
0.3	45	91.963
0.3	45	176.77
0.3	45	-117.792
0.3	45	12.136
0.3	45	-4.65501
0.3	45	-102.856
0.3	45	179.289
0.3	45	-9.58264
0.3	45	148.332
0.3	45	-59.772
0.3	45	26.7186
0.3	45	-160.497
0.3	45	149.708
0.3	45	-117.084
0.3	45	-169.692
0.3	45	-170.383
0.3	45	-44.9422
0.3	45	-172.237
0.3	45	116.791
0.3	45	2.88854
0.3	45	25.6757
0.3	45	-20.2469
0.3	45	91.9477
0.3	45	-52.9078
0.3	45	-87.9967
0.3	45	-157.622
0.3	45	79.5818
0.3	45	168.303
0.3	45	-155.291
0.3	45	-120.761
0.3	45	77.4714
0.3	45	-88.0899
0.3	45	-91.0942
0.3	45	170.024
0.3	45	-98.8932
0.3	45	134.673
0.3	45	147.856
0.3	45	97.4325
0.3	45	137.042
0.3	45	-96.1204
0.3	45	124.446
0.3	45	80.0268
0.3	45	-43.1438
0.3	45	-146.803
0.3	45	-69.4456
0.3	45	-17.7784
0.3	45	143.329
0.3	45	68.2331
0.3	45	148.452
0.3	45	63.1643
0.3	45	-175.306
0.3	45	-160.948
0.3	45	161.305
0.3	45	136.297
0.3	45	-106.41
0.3	45	43.3593
0.3	45	179.457
0.3	45	73.849
0.3	45	-117.004
0.3	45	134.293
0.3	45	-28.9617
0.3	45	81.7833
0.3	45	-100.888
0.3	45	-123.264
0.3	45	-50.5542
0.3	45	46.4111
0.3	45	93.9033
0.3	45	-76.1786
0.3	45	-177.335
0.3	45	86.1817
0.3	45	-74.6734
0.3	45	-173.321
0.3	45	-32.7788
0.3	45	48.9957
0.3	45	64.414
0.3	45	-157.54
0.3	45	-34.3059
0.3	45	104.709
0.3	45	96.983
0.3	45	-146.824
0.3	45	8.67037
0.3	45	45.6938
0.3	45	-129.411
0.3	45	132.4
0.3	45	145.128
0.3	45	-123.513
0.3	45	64.7372
0.3	45	-81.7182
0.3	45	90.9807
0.3	45	15.3209
0.3	45	156.412
0.3	45	-141.395
0.3	45	-105.607
0.3	45	-71.9901
0.3	45	10.4751
0.3	45	149.257
0.3	45	20.3678
0.3	45	133.107
0.3	45	-14.9779
0.3	45	105.509
0.3	45	-142.678
0.3	45	100.032
0.3	45	-106.981
0.3	45	1.27973
0.3	45	22.456
0.3	45	109.591
0.3	45	-95.1234
0.3	45	20.9902
0.3	45	-166.066
0.3	45	-102.522
0.3	45	-170.506
0.3	45	99.317
0.3	45	-77.5923
0.3	45	40.2628
0.3	45	-168.759
0.3	45	35.1246
0.3	45	-46.9506
0.3	45	16.9217
0.3	45	1.37223
0.3	45	108.848
0.3	45	-21.7347
0.3	45	-92.5541
0.3	45	-113.749
0.3	45	25.2887
0.3	45	-136.653
0.3	45	99.4097
0.3	45	-80.8629
0.3	45	-33.3254
0.3	45	22.2788
0.3	45	112.452
0.3	45	109.673
0.3	45	-64.0237
0.3	45	-168.436
0.3	45	-88.1099
0.3	45	-164.375
0.3	45	122.741
0.3	45	-77.1472
0.3	45	-26.1599
0.3	45	63.8323
0.3	45	118.004
0.3	45	121.707
0.3	45	47.6158
0.3	45	168.136
0.3	45	101.724
0.3	45	-159.557
0.3	45	105.69
0.3	45	38.7518
0.3	45	79.0395
0.3	45	19.8013
0.3	45	-173.829
0.3	45	-124.034
0.3	45	-103.578
0.3	45	-160.723
0.3	45	-63.6812
0.3	45	-76.8415
0.3	45	34.8687
0.3	45	68.2611
0.3	45	60.9911
0.3	45	-101.141
0.3	45	-120.388
0.3	45	105.275
0.3	45	-26.0513
0.3	45	-44.9364
0.3	45	75.7376
0.3	45	-29.4252
0.3	45	-19.3295
0.3	45	16.6101
0.3	45	123.508
0.3	45	97.9585
0.3	45	-8.51329
0.3	45	93.4212
0.3	45	103.967
0.3	45	12.5184
0.3	45	144.375
0.3	45	-113.459
0.3	45	-39.7552
0.3	45	123.058
0.3	45	-82.2837
0.3	45	-20.7977
0.3	45	-47.7857
0.3	45	127.503
0.3	45	11.3547
0.3	45	2.22725
0.3	45	53.1508
0.3	45	65.4398
0.3	45	-1.41003
0.3	45	12.6531
0.3	45	43.4369
0.3	45	-74.6708
0.3	45	11.084
0.3	45	-28.6592
0.3	45	118.83
0.3	45	-22.3724
0.3	45	9.35678
0.3	45	88.8964
0.3	45	-106.077
0.3	45	-26.4101
0.3	45	-176.876
0.3	45	-172.858
0.3	45	11.8779
0.3	45	40.7585
0.3	45	-83.991
0.3	45	129.418
0.3	45	-116.408
0.3	45	25.965
0.3	45	46.9402
0.3	45	153.139
0.3	45	-46.4065
0.3	45	-148.483
0.3	45	31.7144
0.3	45	-171.655
0.3	45	-116.048
0.3	45	-46.2733
0.3	45	-156.656
0.3	45	-37.0743
0.3	45	-81.7012
0.3	45	-150.003
0.3	45	-26.8153
0.3	45	147.154
0.3	45	169.956
0.3	45	105.202
0.3	45	-159.666
0.3	45	-30.8891
0.3	45	-91.1295
0.3	45	-87.5382
0.3	45	45.2508
0.3	45	-153.178
0.3	45	80.3274
0.3	45	-96.4892
0.3	45	117.296
0.3	45	-60.4079
0.3	45	77.8254
0.3	45	139.611
0.3	45	-8.15845
0.3	45	-27.9424
0.3	45	38.3176
0.3	45	25.291
0.3	45	110.935
0.3	45	40.5526
0.3	45	148.786
0.3	45	5.30373
0.3	45	3.85926
0.3	45	154.463
0.3	45	-65.3679
0.3	45	0.0813899
0.3	45	-175.174
0.3	45	-33.7713
0.3	45	-166.5
0.3	45	-159.721
0.3	45	89.759
0.3	45	-85.9565
0.3	45	-72.412
0.3	45	-37.1987
0.3	45	132.937
0.3	45	-154.957
0.3	45	-24.2622
0.3	45	121.514
0.3	45	-22.1633
0.3	45	154.469
0.3	45	66.064
0.3	45	-158.784
0.3	45	67.1369
0.3	45	-172.158
0.3	45	-56.6055
0.3	45	-148.04
0.3	45	122.136
0.3	45	-0.053195
0.3	45	-14.6837
0.3	45	-7.16952
0.3	45	-78.3939
0.3	45	86.8437
0.3	45	32.3707
0.3	45	-38.4207
0.3	45	-56.9977
0.3	45	-6.26977
0.3	45	54.8283
0.3	45	-32.674
0.3	45	171.132
0.3	45	20.973
0.3	45	117.074
0.3	45	-36.1399
0.3	45	18.7791
0.3	45	118.309
0.3	45	-178.037
0.3	45	113.013
0.3	45	-52.6528
0.3	45	64.8151
0.3	45	110.635
0.3	45	16.7279
0.3	45	21.595
0.3	45	164.063
0.3	45	-60.6174
0.3	45	-117.709
0.3	45	88.6298
0.3	45	45.8341
0.3	45	-4.44957
0.3	45	-30.6684
0.3	45	-81.3004
0.3	45	165.254
0.3	45	-8.25119
0.3	45	-100.809
0.3	45	142.763
0.3	45	-46.8772
0.3	45	-28.5547
0.3	45	29.5891
0.3	45	80.9477
0.3	45	-173.955
0.3	45	16.3512
0.3	45	-103.509
0.3	45	-157.399
0.3	45	82.1272
0.3	45	178.226
0.3	45	42.3545
0.3	45	-142.981
0.3	45	56.8296
0.3	45	179.952
0.3	45	-165.115
0.3	45	-113.689
0.3	45	66.6995
0.3	45	-125.592
0.3	45	68.8527
0.3	45	-106.323
0.3	45	176.76
0.3	45	18.9946
0.3	45	-11.2013
0.3	45	21.2399
0.3	45	127.106
0.3	45	-37.2235
0.3	45	123.639
0.3	45	-55.7936
0.3	45	-47.8307
0.3	45	92.7955
0.3	45	30.8059
0.3	45	108.016
0.3	45	72.8794
0.3	45	-79.4166
0.3	45	-40.718
0.3	45	-26.8825
0.3	45	-35.2082
0.3	45	56.0797
0.3	45	-154.123
0.3	45	151.756
0.3	45	-99.3982
0.3	45	143.643
0.3	45	-73.6224
0.3	45	167.253
0.3	45	-18.8216
0.3	45	22.1553
0.3	45	-158.138
0.3	45	59.5711
0.3	45	78.3283
0.3	45	-175.767
0.3	45	-152.537
0.3	45	-21.7759
0.3	45	118.667
0.3	45	-175.811
0.3	45	70.2583
0.3	45	-160.059
0.3	45	21.2626
0.3	45	121.908
0.3	45	141.605
0.3	45	56.0482
0.3	45	9.42781
0.3	45	62.5133
0.3	45	147.656
0.3	45	40.57
0.3	45	139.035
0.3	45	-137.045
0.3	45	-153.155
0.3	45	-45.9207
0.3	45	8.43565
0.3	45	93.9771
0.3	45	121.938
0.3	45	-179.919
0.3	45	-51.2047
0.3	45	-129.674
0.3	45	174.554
0.3	45	26.5918
0.3	45	-45.4157
0.3	45	-118.766
0.3	45	-105.756
0.3	45	-5.18189
0.3	45	7.22286
0.3	45	-59.7272
0.3	45	-10.2497
0.3	45	-18.0433
0.3	45	145.756
0.3	45	142.859
0.3	45	-51.4929
0.3	45	-120.665
0.3	45	147.933
0.3	45	-9.65251
0.3	45	30.1368
0.3	45	-52.3436
0.3	45	15.5208
0.3	45	155.123
0.3	45	29.7802
0.3	45	62.0047
0.3	45	110.813
0.3	45	144.914
0.3	45	6.45683
0.3	45	-44.9952
0.3	45	-2.08668
0.3	45	59.9657
0.3	45	165.946
0.3	45	29.8273
0.3	45	-136.873
0.3	45	141.723
0.3	45	-160.764
0.3	45	84.9213
0.3	45	12.6758
0.3	45	39.4581
0.3	45	140.281
0.3	45	-25.2095
0.3	45	-107.756
0.3	45	-92.1955
0.3	45	-19.8936
0.3	45	92.4426
0.3	45	93.1278
0.3	45	-97.8424
0.3	45	149.606
0.3	45	130.665
0.3	45	-80.1487
0.3	45	-99.0077
0.3	45	143.008
0.3	45	-44.0674
0.3	45	104.336
0.3	45	-77.8107
0.3	45	-84.4954
0.3	45	134.182
0.3	45	154.719
0.3	45	-137.854
0.3	45	163.574
0.3	45	29.9999
0.3	45	-34.3443
0.3	45	-74.3746
0.3	45	-114.014
0.3	45	-21.5151
0.3	45	47.4349
0.3	45	-15.0539
0.3	45	-148.5
0.3	45	-163.196
0.3	45	175.455
0.3	45	175.36
0.3	45	-58.1754
0.3	45	10.9543
0.3	45	-51.142
0.3	45	9.54495
0.3	45	35.918
0.3	45	151.806
0.3	45	144.106
0.3	45	-32.3227
0.3	45	-117.678
0.3	45	124.394
0.3	45	-3.35517
0.3	45	47.3045
0.3	45	102.866
0.3	45	-24.6847
0.3	45	0.963426
0.3	45	-119.611
0.3	45	-119.327
0.3	45	-4.92099
0.3	45	109.158
0.3	45	-64.1277
0.3	45	-123.61
0.3	45	30.6487
0.3	45	-166.004
0.3	45	161.547
0.3	45	147.906
0.3	45	111.45
0.3	45	-2.64018
0.3	45	-139.609
0.3	45	-121.657
0.3	45	141.422
0.3	45	-48.5777
0.3	45	-108.346
0.3	45	-170.87
0.3	45	-40.6302
0.3	45	53.3658
0.3	45	-70.0756
0.3	45	76.8135
0.3	45	96.0378
0.3	45	-118.447
0.3	45	59.1252
0.3	45	146.243
0.3	45	178.851
0.3	45	-23.9798
0.3	45	-139.854
0.3	45	179.747
0.3	45	-151.013
0.3	45	158.484
0.3	45	94.9321
0.3	45	179.573
0.3	45	-178.62
0.3	45	4.60249
0.3	45	52.6937
0.3	45	-124.012
0.3	45	-34.618
0.3	45	85.1971
0.3	45	22.3425
0.3	45	126.179
0.3	45	3.41149
0.3	45	-164.979
0.3	45	-73.3338
0.3	45	4.04411
0.3	45	123.615
0.3	45	-56.6764
0.3	45	48.6504
0.3	45	-23.5068
0.3	45	-96.3805
0.3	45	78.9981
0.3	45	-126.582
0.3	45	-131.965
0.3	45	-26.7031
0.3	45	-76.7598
0.3	45	-34.0509
0.3	45	-130.987
0.3	45	-147.3
0.3	45	-108.811
0.3	45	155.756
0.3	45	141.257
0.3	45	-47.0487
0.3	45	175.434
0.3	45	-177.209
0.3	45	122.524
0.3	45	108.046
0.3	45	68.9539
0.3	45	-166.165
0.3	45	4.50136
0.3	45	-165.713
0.3	45	143.104
0.3	45	7.39956
0.3	45	145.14
0.3	45	117.02
0.3	45	66.988
0.3	45	3.41464
0.3	45	29.1558
0.3	45	-126.558
0.3	45	137.594
0.25	-45	-57.6057
0.25	-45	-133.406
0.25	-45	60.1732
0.25	-45	81.3701
0.25	-45	91.8626
0.25	-45	-1.84182
0.25	-45	-16.8093
0.25	-45	39.8575
0.25	-45	-174.673
0.25	-45	-42.9257
0.25	-45	12.3827
0.25	-45	121.849
0.25	-45	107.584
0.25	-45	-1.6784
0.25	-45	49.5174
0.25	-45	-175.079
0.25	-45	57.7773
0.25	-45	106.531
0.25	-45	-0.611474
0.25	-45	-1.41412
0.25	-45	30.3185
0.25	-45	-3.41779
0.25	-45	31.0699
0.25	-45	-84.2739
0.25	-45	91.4333
0.25	-45	50.7486
0.25	-45	-119.524
0.25	-45	122.352
0.25	-45	-116.668
0.25	-45	-58.3147
0.25	-45	-102.88
0.25	-45	-74.6491
0.25	-45	-75.9725
0.25	-45	39.3592
0.25	-45	167.866
0.25	-45	173.4
0.25	-45	-99.3971
0.25	-45	30.265
0.25	-45	-173.551
0.25	-45	-3.08261
0.25	-45	58.7843
0.25	-45	-136.916
0.25	-45	-117.874
0.25	-45	165.568
0.25	-45	-11.803
0.25	-45	50.4662
0.25	-45	-15.9113
0.25	-45	-141.415
0.25	-45	105.548
0.25	-45	77.7793
0.25	-45	168.609
0.25	-45	-68.8239
0.25	-45	156.2
0.25	-45	-173.998
0.25	-45	72.207
0.25	-45	-137.583
0.25	-45	-115.472
0.25	-45	178.48
0.25	-45	-23.9454
0.25	-45	177.103
0.25	-45	105.786
0.25	-45	-95.8824
0.25	-45	62.5658
0.25	-45	36.7283
0.25	-45	-90.202
0.25	-45	25.7195
0.25	-45	143.531
0.25	-45	144.762
0.25	-45	73.3176
0.25	-45	-106.922
0.25	-45	-96.6547
0.25	-45	118.527
0.25	-45	-33.6903
0.25	-45	96.7485
0.25	-45	93.7845
0.25	-45	60.0413
0.25	-45	140.559
0.25	-45	68.9772
0.25	-45	-61.1708
0.25	-45	-128.506
0.25	-45	118.764
0.25	-45	-146.772
0.25	-45	39.1215
0.25	-45	-113.235
0.25	-45	8.67175
0.25	-45	38.7107
0.25	-45	59.8776
0.25	-45	-157.01
0.25	-45	-174.836
0.25	-45	53.0638
0.25	-45	42.8213
0.25	-45	-170.839
0.25	-45	158.962
0.25	-45	179.148
0.25	-45	143.34
0.25	-45	-161.878
0.25	-45	-16.5075
0.25	-45	-22.1252
0.25	-45	-104.927
0.25	-45	-11.5338
0.25	-45	-123.663
0.25	-45	72.5582
0.25	-45	-166.971
0.25	-45	-64.7642
0.25	-45	-104.295
0.25	-45	135.189
0.25	-45	-11.0949
0.25	-45	-73.0346
0.25	-45	-70.7448
0.25	-45	-23.2991
0.25	-45	33.7734
0.25	-45	-108.74
0.25	-45	-35.8665
0.25	-45	-148.606
0.25	-45	-32.3314
0.25	-45	140.765
0.25	-45	-50.0415
0.25	-45	-138.949
0.25	-45	-164.686
0.25	-45	-146.441
0.25	-45	-144.124
0.25	-45	100.904
0.25	-45	3.4447
0.25	-45	-167.232
0.25	-45	-151.713
0.25	-45	10.6882
0.25	-45	113.086
0.25	-45	101.607
0.25	-45	-97.6598
0.25	-45	47.2709
0.25	-45	113.111
0.25	-45	153.672
0.25	-45	51.0173
0.25	-45	74.1713
0.25	-45	50.0621
0.25	-45	-15.172
0.25	-45	-171.914
0.25	-45	114.161
0.25	-45	39.3561
0.25	-45	34.3475
0.25	-45	111.468
0.25	-45	88.6109
0.25	-45	42.8827
0.25	-45	-110.052
0.25	-45	144.031
0.25	-45	107.833
0.25	-45	-164.335
0.25	-45	-172.751
0.25	-45	55.488
0.25	-45	-177.047
0.25	-45	-44.1396
0.25	-45	-36.24
0.25	-45	-96.0463
0.25	-45	127.822
0.25	-45	-73.598
0.25	-45	23.1329
0.25	-45	2.92641
0.25	-45	79.1994
0.25	-45	-175.3
0.25	-45	90.4335
0.25	-45	-54.3996
0.25	-45	-11.1007
0.25	-45	82.5311
0.25	-45	56.1358
0.25	-45	45.4184
0.25	-45	-101.978
0.25	-45	-35.9252
0.25	-45	-19.963
0.25	-45	112.533
0.25	-45	86.1671
0.25	-45	92.2007
0.25	-45	112.66
0.25	-45	98.1211
0.25	-45	44.6733
0.25	-45	72.1734
0.25	-45	-138.304
0.25	-45	47.4007
0.25	-45	170.711
0.25	-45	-30.6732
0.25	-45	57.1519
0.25	-45	172.643
0.25	-45	87.6524
0.25	-45	13.2187
0.25	-45	67.2519
0.25	-45	52.9828
0.25	-45	154.558
0.25	-45	-152.778
0.25	-45	13.2553
0.25	-45	-40.2939
0.25	-45	56.0379
0.25	-45	52.2967
0.25	-45	140.263
0.25	-45	-75.082
0.25	-45	-78.0563
0.25	-45	22.7822
0.25	-45	-123.047
0.25	-45	41.5955
0.25	-45	-22.8655
0.25	-45	36.1571
0.25	-45	-144.315
0.25	-45	69.714
0.25	-45	48.508
0.25	-45	-65.9801
0.25	-45	137.102
0.25	-45	16.975
0.25	-45	-57.3261
0.25	-45	-2.48976
0.25	-45	37.9118
0.25	-45	154.102
0.25	-45	-120.672
0.25	-45	110.842
0.25	-45	113.906
0.25	-45	-1.47007
0.25	-45	-171.587
0.25	-45	37.8647
0.25	-45	92.8051
0.25	-45	27.5598
0.25	-45	-80.2325
0.25	-45	-107.763
0.25	-45	-29.7854
0.25	-45	15.464
0.25	-45	158.096
0.25	-45	170.831
0.25	-45	-116.02
0.25	-45	-66.5936
0.25	-45	-52.8476
0.25	-45	-26.577
0.25	-45	91.0742
0.25	-45	-155.443
0.25	-45	-84.0337
0.25	-45	-26.9948
0.25	-45	-114.276
0.25	-45	36.9627
0.25	-45	-103.617
0.25	-45	-168.926
0.25	-45	15.8161
0.25	-45	-50.1427
0.25	-45	-4.72111
0.25	-45	165.049
0.25	-45	-61.9818
0.25	-45	-138.355
0.25	-45	61.6753
0.25	-45	121.152
0.25	-45	-128.121
0.25	-45	132.26
0.25	-45	-100.137
0.25	-45	-171.144
0.25	-45	-167.981
0.25	-45	166.452
0.25	-45	-65.8356
0.25	-45	102.783
0.25	-45	-156.92
0.25	-45	178.792
0.25	-45	148.197
0.25	-45	41.592
0.25	-45	158.431
0.25	-45	149.223
0.25	-45	-150.68
0.25	-45	155.353
0.25	-45	41.8201
0.25	-45	164.421
0.25	-45	17.8181
0.25	-45	6.50918
0.25	-45	68.4052
0.25	-45	-71.5158
0.25	-45	70.0676
0.25	-45	-111.636
0.25	-45	151.388
0.25	-45	66.6416
0.25	-45	-92.9392
0.25	-45	-19.8222
0.25	-45	-88.5646
0.25	-45	-149.835
0.25	-45	50.3083
0.25	-45	-90.839
0.25	-45	55.1203
0.25	-45	-152.359
0.25	-45	-108.306
0.25	-45	30.4052
0.25	-45	156.975
0.25	-45	-79.8888
0.25	-45	-168.313
0.25	-45	47.0296
0.25	-45	-139.31
0.25	-45	108.581
0.25	-45	140.192
0.25	-45	80.9325
0.25	-45	-144.981
0.25	-45	-132.942
0.25	-45	-158.625
0.25	-45	-4.34887
0.25	-45	151.464
0.25	-45	106.871
0.25	-45	112.569
0.25	-45	-128.113
0.25	-45	-76.4412
0.25	-45	-37.3516
0.25	-45	-166.24
0.25	-45	-124.484
0.25	-45	-127.81
0.25	-45	-98.1952
0.25	-45	12.6428
0.25	-45	-96.5967
0.25	-45	128.034
0.25	-45	90.4993
0.25	-45	-47.3908
0.25	-45	177.495
0.25	-45	-35.5746
0.25	-45	-160.415
0.25	-45	114.186
0.25	-45	161.684
0.25	-45	129.895
0.25	-45	-113.553
0.25	-45	13.0063
0.25	-45	151.784
0.25	-45	-87.6205
0.25	-45	-107.925
0.25	-45	-46.7749
0.25	-45	5.71383
0.25	-45	88.8349
0.25	-45	-149.256
0.25	-45	171.307
0.25	-45	148.759
0.25	-45	-131.688
0.25	-45	154.498
0.25	-45	84.563
0.25	-45	149.182
0.25	-45	-24.6267
0.25	-45	-95.6641
0.25	-45	-22.7807
0.25	-45	107.205
0.25	-45	-173.426
0.25	-45	104.069
0.25	-45	-93.3959
0.25	-45	-51.6497
0.25	-45	-51.4284
0.25	-45	151.759
0.25	-45	115.76
0.25	-45	89.1199
0.25	-45	-43.0883
0.25	-45	-178.733
0.25	-45	108.106
0.25	-45	-148.19
0.25	-45	101.17
0.25	-45	-116.082
0.25	-45	-64.1073
0.25	-45	-137.761
0.25	-45	-15.6176
0.25	-45	-93.3061
0.25	-45	173.836
0.25	-45	-134.934
0.25	-45	138.582
0.25	-45	55.0597
0.25	-45	169.565
0.25	-45	-88.0226
0.25	-45	-77.2203
0.25	-45	1.11704
0.25	-45	-33.454
0.25	-45	16.9801
0.25	-45	129.414
0.25	-45	62.6589
0.25	-45	-9.04229
0.25	-45	61.3655
0.25	-45	49.6447
0.25	-45	4.90628
0.25	-45	114.059
0.25	-45	48.4115
0.25	-45	84.0966
0.25	-45	97.5245
0.25	-45	34.9457
0.25	-45	-147.18
0.25	-45	-141.658
0.25	-45	-86.3086
0.25	-45	95.5334
0.25	-45	30.6235
0.25	-45	-148.889
0.25	-45	113.028
0.25	-45	-69.7557
0.25	-45	112.171
0.25	-45	31.5481
0.25	-45	-9.1017
0.25	-45	-64.4165
0.25	-45	101.888
0.25	-45	-175.584
0.25	-45	-42.2847
0.25	-45	57.2935
0.25	-45	77.0423
0.25	-45	-100.314
0.25	-45	-31.3283
0.25	-45	-100.589
0.25	-45	-67.337
0.25	-45	-113.215
0.25	-45	124.432
0.25	-45	-18.0166
0.25	-45	109.848
0.25	-45	17.7715
0.25	-45	147.167
0.25	-45	95.9586
0.25	-45	42.7844
0.25	-45	-153.112
0.25	-45	-18.6814
0.25	-45	-171.428
0.25	-45	-115.273
0.25	-45	-144.075
0.25	-45	-14.1989
0.25	-45	136.564
0.25	-45	-31.6772
0.25	-45	-106.683
0.25	-45	36.2789
0.25	-45	-179.196
0.25	-45	105.785
0.25	-45	72.6919
0.25	-45	1.53313
0.25	-45	-98.6044
0.25	-45	89.8364
0.25	-45	139.564
0.25	-45	-104.695
0.25	-45	-160.81
0.25	-45	-139.182
0.25	-45	-12.5524
0.25	-45	-129.947
0.25	-45	109.497
0.25	-45	-128.757
0.25	-45	111.604
0.25	-45	-88.1725
0.25	-45	34.3782
0.25	-45	-0.754775
0.25	-45	85.4202
0.25	-45	-51.6172
0.25	-45	152.226
0.25	-45	-145.116
0.25	-45	86.5566
0.25	-45	-147.192
0.25	-45	130.882
0.25	-45	120.712
0.25	-45	-84.532
0.25	-45	37.4901
0.25	-45	45.112
0.25	-45	-10.6427
0.25	-45	-68.718
0.25	-45	172.389
0.25	-45	-53.6879
0.25	-45	-31.0367
0.25	-45	-144.456
0.25	-45	122.897
0.25	-45	-150.509
0.25	-45	-124.31
0.25	-45	-114.432
0.25	-45	20.5634
0.25	-45	-130.548
0.25	-45	30.2525
0.25	-45	-62.9419
0.25	-45	-102.093
0.25	-45	-50.6947
0.25	-45	84.5275
0.25	-45	11.7437
0.25	-45	-51.9746
0.25	-45	-158.6
0.25	-45	-155.744
0.25	-45	-141.88
0.25	-45	-76.066
0.25	-45	-94.9201
0.25	-45	126.305
0.25	-45	-2.44451
0.25	-45	78.3462
0.25	-45	-3.72035
0.25	-45	121.302
0.25	-45	-129.534
0.25	-45	-85.5042
0.25	-45	-127.087
0.25	-45	89.7521
0.25	-45	-38.4444
0.25	-45	39.3997
0.25	-45	-11.2693
0.25	-45	-138.47
0.25	-45	177.102
0.25	-45	-164.792
0.25	-45	-118.109
0.25	-45	33.3585
0.25	-45	115.133
0.25	-45	164.017
0.25	-45	8.52481
0.25	-45	126.045
0.25	-45	140.23
0.25	-45	-14.986
0.25	-45	146.316
0.25	-45	-61.9629
0.25	-45	-68.6374
0.25	-45	-14.8394
0.25	-45	-159.642
0.25	-45	24.3714
0.25	-45	122.897
0.25	-45	76.9102
0.25	-45	-155.205
0.25	-45	-80.5609
0.25	-45	79.6156
0.25	-45	119.94
0.25	-45	-6.55601
0.25	-45	102.041
0.25	-45	101.417
0.25	-45	162.246
0.25	-45	-149.012
0.25	-45	94.0614
0.25	-45	-18.5552
0.25	-45	-114.217
0.25	-45	160.753
0.25	-45	-21.2901
0.25	-45	91.5229
0.25	-45	61.6765
0.25	-45	160.357
0.25	-45	33.8396
0.25	-45	60.1422
0.25	-45	-147.095
0.25	-45	-35.6264
0.25	-45	141.193
0.25	-45	-82.5281
0.25	-45	81.8315
0.25	-45	-94.7347
0.25	-45	165.057
0.25	-45	-4.88749
0.25	-45	24.9339
0.25	-45	-99.5004
0.25	-45	44.4954
0.25	-45	154.11
0.25	-45	-70.7213
0.25	-45	93.6104
0.25	-45	-128.965
0.25	-45	177.546
0.25	-45	-82.1482
0.25	-45	61.1647
0.25	-45	48.7768
0.25	-45	122.995
0.25	-45	-135.511
0.25	-45	124.325
0.25	-45	49.2949
0.25	-45	146.411
0.25	-45	118.025
0.25	-45	24.6154
0.25	-45	-2.48893
0.25	-45	-159.024
0.25	-45	112.149
0.25	-45	151.136
0.25	-45	56.8853
0.25	-45	-74.8687
0.25	-45	-75.0886
0.25	-45	-21.8901
0.25	-45	-6.57578
0.25	-45	50.3939
0.25	-45	-4.34013
0.25	-45	141.084
0.25	-45	102.426
0.25	-45	78.0012
0.25	-45	-73.82
0.25	-45	22.6392
0.25	-45	-145.484
0.25	-45	84.3456
0.25	-45	63.9024
0.25	-45	-103.024
0.25	-45	9.47307
0.25	-45	-98.6062
0.25	-45	-116.342
0.25	-45	69.2111
0.25	-45	-48.977
0.25	-45	129.93
0.25	-45	41.7032
0.25	-45	-164.713
0.25	-45	-171.639
0.25	-45	-142.105
0.25	-45	-38.9608
0.25	-45	173.756
0.25	-45	60.2588
0.25	-45	32.766
0.25	-45	-170.016
0.25	-45	147.438
0.25	-45	156.749
0.25	-45	136.295
0.25	-45	54.7239
0.25	-45	-88.915
0.25	-45	-37.7251
0.25	-45	11.6623
0.25	-45	-169.602
0.25	-45	-99.3985
0.25	-45	-71.8316
0.25	-45	-80.0182
0.25	-45	12.3357
0.25	-45	-168.678
0.25	-45	-24.7743
0.25	-45	-113.295
0.25	-45	-101.294
0.25	-45	-29.5897
0.25	-45	70.0314
0.25	-45	139.27
0.25	-45	34.5715
0.25	-45	50.611
0.25	-45	174.049
0.25	-45	7.76311
0.25	-45	152.242
0.25	-45	111.244
0.25	-45	57.1584
0.25	-45	-96.2849
0.25	-45	-22.7015
0.25	-45	169.528
0.25	-45	102.033
0.25	-45	-119.541
0.25	-45	113.083
0.25	-45	6.47077
0.25	-45	117.998
0.25	-45	-113.354
0.25	-45	-4.95282
0.25	-45	-2.33116
0.25	-45	-94.9354
0.25	-45	-128.112
0.25	-45	-75.3267
0.25	-45	137.858
0.25	-45	-43.5334
0.25	-45	137.72
0.25	-45	-134.238
0.25	-45	142.366
0.25	-45	119.3
0.25	-45	124.512
0.25	-45	-80.9037
0.25	-45	-80.8454
0.25	-45	-7.44091
0.25	-45	-11.5605
0.25	-45	-119.456
0.25	-45	-135.912
0.25	-45	90.1998
0.25	-45	68.2087
0.25	-45	171.48
0.25	-45	-136.888
0.25	-45	30.3097
0.25	-45	-68.3159
0.25	-45	-83.6122
0.25	-45	-71.3466
0.25	-45	-143.463
0.25	-45	-149.899
0.25	-45	-78.3303
0.25	-45	-144.604
0.25	-45	121.415
0.25	-45	-165.279
0.25	-45	75.7463
0.25	-45	117.908
0.25	-45	145.649
0.25	-45	-147.775
0.25	-45	-2.43807
0.25	-45	131.786
0.25	-45	144.486
0.25	-45	-116.582
0.25	-45	21.8221
0.25	-45	-100.271
0.25	-45	-136.421
0.25	-45	171.275
0.25	-45	-100.536
0.25	-45	-147.185
0.25	-45	-4.10321
0.25	-45	173.654
0.25	-45	64.421
0.25	-45	-122.869
0.25	-45	-157.215
0.25	-45	47.9237
0.25	-45	139.932
0.25	-45	4.20376
0.25	-45	-46.3093
0.25	-45	151.37
0.25	-45	-7.42097
0.25	-45	3.08332
0.25	-45	-42.4125
0.25	-45	-121.816
0.25	-45	47.0948
0.25	-45	111.038
0.25	-45	-158.986
0.25	-45	-127.883
0.25	-45	-177.038
0.25	-45	-8.5939
0.25	-45	-38.6467
0.25	-45	-51.4439
0.25	-45	39.2811
0.25	-45	-178.909
0.25	-45	8.27851
0.25	-45	-77.5262
0.25	-45	-151.186
0.25	-45	106.518
0.25	-45	166.04
0.25	-45	157.099
0.25	-45	14.9507
0.25	-45	167.242
0.25	-45	164.81
0.25	-45	10.0837
0.25	-45	-61.3373
0.25	-45	-92.2694
0.25	-45	147.326
0.25	-45	89.8656
0.25	-45	-64.6081
0.25	-45	33.1671
0.25	-45	177.813
0.25	-45	44.1668
0.25	-45	78.0133
0.25	-45	122.731
0.25	-45	-109.3
0.25	-45	-24.454
0.25	-45	-98.802
0.25	-45	174.621
0.25	-45	-103.222
0.25	-45	162.775
0.25	-45	-164.669
0.25	-45	68.4127
0.25	-45	173.439
0.25	-45	-98.8702
0.25	-45	-33.3756
0.25	-45	-172.31
0.25	-45	69.3533
0.25	-45	-74.5554
0.25	-45	-134.647
0.25	-45	-98.7177
0.25	-45	119.948
0.25	-45	121.727
0.25	-45	46.2909
0.25	-45	116.274
0.25	-45	-138.402
0.25	-45	-106.295
0.25	-45	152.821
0.25	-45	93.0066
0.25	-45	-129.194
0.25	-45	-99.7338
0.25	-45	44.9906
0.25	-45	122.677
0.25	-45	157.903
0.25	-45	29.3342
0.25	-45	48.447
0.25	-45	49.7722
0.25	-45	-168.725
0.25	-45	130.136
0.25	-45	-1.78591
0.25	-45	-12.3022
0.25	-45	-99.659
0.25	-45	-177.09
0.25	-45	-10.9162
0.25	-45	164.881
0.25	-45	-22.8833
0.25	-45	-60.9003
0.25	-45	63.6862
0.25	-45	132.427
0.25	-45	30.7835
0.25	-45	27.7147
0.25	-45	-35.9993
0.25	-45	65.6314
0.25	-45	55.0965
0.25	-45	-132.85
0.25	-45	-143.833
0.25	-45	5.35719
0.25	-45	-166.297
0.25	-45	-171.77
0.25	-45	-147.387
0.25	-45	54.8141
0.25	-45	-68.3892
0.25	-45	-173.178
0.25	-45	-86.9427
0.25	-45	37.5266
0.25	-45	-79.9501
0.25	-45	-100.13
0.25	-45	-55.1173
0.25	-45	-30.2748
0.25	-45	-82.7596
0.25	-45	87.6725
0.25	-45	-157.104
0.25	-45	172.468
0.25	-45	-92.9606
0.25	-45	83.954
0.25	-45	-175.985
0.25	-45	48.6281
0.25	-45	159.225
0.25	-45	-20.9974
0.25	-45	55.977
0.25	-45	74.1409
0.25	-45	-55.7575
0.25	-45	49.1346
0.25	-45	-70.6958
0.25	-45	49.73
0.25	-45	-151.331
0.25	-45	-62.5952
0.25	-45	173.936
0.25	-45	-121.507
0.25	-45	-126.073
0.25	-45	-97.3332
0.25	-45	70.1735
0.25	-45	-142.057
0.25	-45	-52.0642
0.25	-45	-159.516
0.25	-45	-33.7635
0.25	-45	-122.161
0.25	-45	-59.2724
0.25	-45	-93.7898
0.25	-45	-52.2204
0.25	-45	1.49756
0.25	-45	32.4073
0.25	-45	-95.5049
0.25	-45	-172.714
0.25	-45	137.665
0.25	-45	46.8489
0.25	-45	-111.508
