pol	setting	phi
0.3	45	-42.1787
0.3	45	124.299
0.3	45	51.4158
0.3	45	-16.6654
0.3	45	-25.5098
0.3	45	116.425
0.3	45	162.761
0.3	45	140.889
0.3	45	27.5912
0.3	45	-22.5362
0.3	45	35.3707
0.3	45	-157.543
0.3	45	176.172
0.3	45	19.9238
0.3	45	-154.471
0.3	45	-47.2978
0.3	45	-54.6181
0.3	45	132.062
0.3	45	-11.1178
0.3	45	85.55
0.3	45	140.859
0.3	45	-40.6804
0.3	45	-113.211
0.3	45	87.0175
0.3	45	143.622
0.3	45	46.1411
0.3	45	103.744
0.3	45	-143.959
0.3	45	-78.3787
0.3	45	-82.8307
0.3	45	27.9337
0.3	45	-21.0779
0.3	45	131.388
0.3	45	-2.5781
0.3	45	-36.5427
0.3	45	97.0539
0.3	45	-17.1762
0.3	45	29.9388
0.3	45	140.669
0.3	45	-142.234
0.3	45	-80.1626
0.3	45	-77.5879
0.3	45	-51.9305
0.3	45	-135.96
0.3	45	-44.7993
0.3	45	88.1113
0.3	45	111.371
0.3	45	-81.6228
0.3	45	148.556
0.3	45	-127.247
0.3	45	-124.531
0.3	45	-116.802
0.3	45	-60.0344
0.3	45	86.954
0.3	45	-13.6729
0.3	45	113.831
0.3	45	34.6798
0.3	45	95.333
0.3	45	0.693683
0.3	45	-164.886
0.3	45	-71.0494
0.3	45	13.6845
0.3	45	-92.3313
0.3	45	-0.135058
0.3	45	76.7009
0.3	45	115.574
0.3	45	2.29525
0.3	45	-179.844
0.3	45	98.2516
0.3	45	-171.766
0.3	45	142.616
0.3	45	131.711
0.3	45	105.785
0.3	45	19.0586
0.3	45	54.3419
0.3	45	78.8886
0.3	45	-59.6702
0.3	45	22.3485
0.3	45	-125.791
0.3	45	-91.158
0.3	45	68.3626
0.3	45	-83.7608
0.3	45	-92.5128
0.3	45	-37.2776
0.3	45	-126.199
0.3	45	0.933666
0.3	45	134.958
0.3	45	133.965
0.3	45	-46.8781
0.3	45	-7.78728
0.3	45	-135.198
0.3	45	34.7497
0.3	45	171.099
0.3	45	-118.497
0.3	45	-5.46423
0.3	45	87.5524
0.3	45	148.931
0.3	45	3.39454
0.3	45	-136.323
0.3	45	146.739
0.3	45	173.602
0.3	45	4.58145
0.3	45	-62.2112
0.3	45	-88.0778
0.3	45	18.1107
0.3	45	7.70389
0.3	45	142.114
0.3	45	163.1
0.3	45	125.906
0.3	45	-146.237
0.3	45	6.54488
0.3	45	129.247
0.3	45	7.40599
0.3	45	-165.692
0.3	45	-34.078
0.3	45	59.6122
0.3	45	-6.99801
0.3	45	105.541
0.3	45	165.786
0.3	45	132.378
0.3	45	-128.443
0.3	45	-43.516
0.3	45	-6.7448
0.3	45	24.6157
0.3	45	-151.219
0.3	45	57.7148
0.3	45	95.2948
0.3	45	122.443
0.3	45	-179.996
0.3	45	-49.2113
0.3	45	38.1235
0.3	45	112.652
0.3	45	-48.644
0.3	45	-165.226
0.3	45	30.2073
0.3	45	-26.3601
0.3	45	18.6502
0.3	45	-64.1157
0.3	45	-51.916
0.3	45	-101.618
0.3	45	-48.4103
0.3	45	131.69
0.3	45	1.22361
0.3	45	165.317
0.3	45	118.699
0.3	45	177.752
0.3	45	80.5326
0.3	45	33.7828
0.3	45	32.8646
0.3	45	-83.7799
0.3	45	-178.595
0.3	45	-76.3676
0.3	45	176.081
0.3	45	-0.602799
0.3	45	-154.023
0.3	45	-157.607
0.3	45	-66.337
0.3	45	-25.1947
0.3	45	-155.694
0.3	45	65.2045
0.3	45	-64.4244
0.3	45	120.763
0.3	45	153.807
0.3	45	-171.497
0.3	45	172.045
0.3	45	72.1978
0.3	45	13.0785
0.3	45	117.397
0.3	45	-155.19
0.3	45	-40.0569
0.3	45	-8.82962
0.3	45	137.079
0.3	45	86.1713
0.3	45	-45.5969
0.3	45	-51.2261
0.3	45	-27.5939
0.3	45	79.2517
0.3	45	54.7218
0.3	45	111.808
0.3	45	-125.024
0.3	45	111.411
0.3	45	-55.5822
0.3	45	142.478
0.3	45	-116.643
0.3	45	122.306
0.3	45	-161.694
0.3	45	123.143
0.3	45	162.532
0.3	45	-57.0254
0.3	45	101.916
0.3	45	-84.7432
0.3	45	-28.5161
0.3	45	-47.9867
0.3	45	122.051
0.3	45	-158.701
0.3	45	-131.127
0.3	45	-36.728
0.3	45	-114.336
0.3	45	64.5452
0.3	45	-1.24965
0.3	45	146.51
0.3	45	20.2015
0.3	45	-179.661
0.3	45	143.196
0.3	45	92.2299
0.3	45	138.552
0.3	45	-172.834
0.3	45	-104.707
0.3	45	11.8424
0.3	45	-77.8783
0.3	45	24.3196
0.3	45	-146.294
0.3	45	-32.0814
0.3	45	108.266
0.3	45	-173.366
0.3	45	-142.905
0.3	45	69.5268
0.3	45	-86.8137
0.3	45	-100.562
0.3	45	159.226
0.3	45	86.8914
0.3	45	-73.397
0.3	45	-7.84224
0.3	45	157.017
0.3	45	74.1724
0.3	45	140.098
0.3	45	-74.5508
0.3	45	-163.82
0.3	45	-50.8286
0.3	45	-77.0176
0.3	45	-147.463
0.3	45	-91.3271
0.3	45	25.4208
0.3	45	136.866
0.3	45	-122.562
0.3	45	-122.338
0.3	45	103.221
0.3	45	171.013
0.3	45	-159.611
0.3	45	-81.2586
0.3	45	29.3953
0.3	45	126.231
0.3	45	-153.676
0.3	45	-52.143
0.3	45	-172.228
0.3	45	-110.075
0.3	45	12.523
0.3	45	-67.7468
0.3	45	8.25557
0.3	45	-140.656
0.3	45	126.814
0.3	45	-109.985
0.3	45	65.3134
0.3	45	-48.8775
0.3	45	-34.9367
0.3	45	100.81
0.3	45	-128.072
0.3	45	11.6174
0.3	45	-109.529
0.3	45	-54.2704
0.3	45	-71.8685
0.3	45	46.7439
0.3	45	51.4195
0.3	45	120.094
0.3	45	-60.4501
0.3	45	124.514
0.3	45	37.1228
0.3	45	-46.0099
0.3	45	-42.3391
0.3	45	-118.105
0.3	45	12.4409
0.3	45	150.945
0.3	45	-33.2962
0.3	45	-147.282
0.3	45	38.8287
0.3	45	-120.959
0.3	45	-163.686
0.3	45	-147.306
0.3	45	-27.7664
0.3	45	33.2973
0.3	45	-26.7322
0.3	45	137.967
0.3	45	30.2107
0.3	45	-19.7485
0.3	45	110.176
0.3	45	5.53671
0.3	45	157.057
0.3	45	158.616
0.3	45	-33.1429
0.3	45	128.612
0.3	45	-147.316
0.3	45	-96.1252
0.3	45	-153.284
0.3	45	175.733
0.3	45	16.84
0.3	45	-116.314
0.3	45	50.0428
0.3	45	177.123
0.3	45	175.989
0.3	45	-168.317
0.3	45	19.9049
0.3	45	153.771
0.3	45	7.12204
0.3	45	15.0018
0.3	45	-142.743
0.3	45	118.64
0.3	45	-156.971
0.3	45	105.957
0.3	45	-97.2525
0.3	45	102.737
0.3	45	48.8934
0.3	45	83.31
0.3	45	-74.7744
0.3	45	147.007
0.3	45	-2.50673
0.3	45	-101.689
0.3	45	-57.737
0.3	45	-167.28
0.3	45	41.5245
0.3	45	117.62
0.3	45	150.732
0.3	45	83.1133
0.3	45	-65.4843
0.3	45	-99.1788
0.3	45	131.493
0.3	45	-27.5844
0.3	45	41.1883
0.3	45	125.474
0.3	45	-19.5843
0.3	45	138.745
0.3	45	20.7678
0.3	45	170.967
0.3	45	122.093
0.3	45	171.283
0.3	45	-164.214
0.3	45	-129.558
0.3	45	159.871
0.3	45	-42.8284
0.3	45	-46.2377
0.3	45	135.761
0.3	45	-117.77
0.3	45	172.397
0.3	45	14.0139
0.3	45	-92.2639
0.3	45	-124.615
0.3	45	-77.9377
0.3	45	-170.568
0.3	45	93.5259
0.3	45	123.912
0.3	45	46.3905
0.3	45	-172.441
0.3	45	-145.49
0.3	45	-99.1092
0.3	45	109.683
0.3	45	74.7963
0.3	45	96.414
0.3	45	-176.96
0.3	45	75.5094
0.3	45	-177.637
0.3	45	-70.8042
0.3	45	-133.419
0.3	45	7.37137
0.3	45	-98.5067
0.3	45	38.4265
0.3	45	131.941
0.3	45	29.8316
0.3	45	-134.185
0.3	45	60.8868
0.3	45	119.742
0.3	45	82.9762
0.3	45	92.9782
0.3	45	34.3109
0.3	45	111.649
0.3	45	108.436
0.3	45	-172.141
0.3	45	23.3288
0.3	45	-86.2684
0.3	45	15.8623
0.3	45	-74.1756
0.3	45	-36.3715
0.3	45	-21.3191
0.3	45	137.789
0.3	45	-9.53532
0.3	45	-71.3853
0.3	45	-83.3499
0.3	45	110.629
0.3	45	106.469
0.3	45	108.522
0.3	45	100.377
0.3	45	104.553
0.3	45	52.6667
0.3	45	7.47318
0.3	45	-55.9942
0.3	45	-105.335
0.3	45	179.492
0.3	45	-135.715
0.3	45	-92.7167
0.3	45	118.237
0.3	45	-11.8169
0.3	45	76.3031
0.3	45	-154.767
0.3	45	109.917
0.3	45	-35.9487
0.3	45	-41.0855
0.3	45	-5.73354
0.3	45	153.12
0.3	45	79.0029
0.3	45	-35.8386
0.3	45	-96.4817
0.3	45	-117.123
0.3	45	-12.1654
0.3	45	-32.6821
0.3	45	-138.929
0.3	45	36.8723
0.3	45	-117.135
0.3	45	-134.428
0.3	45	-133.705
0.3	45	-0.987546
0.3	45	-62.8883
0.3	45	111.88
0.3	45	104.398
0.3	45	159.499
0.3	45	-126.283
0.3	45	-22.6165
0.3	45	158.024
0.3	45	-63.1775
0.3	45	35.1141
0.3	45	49.3596
0.3	45	-14.2149
0.3	45	-58.7534
0.3	45	154.491
0.3	45	85.7963
0.3	45	-90.79
0.3	45	11.8601
0.3	45	-34.786
0.3	45	-81.3972
0.3	45	-32.236
0.3	45	66.7838
0.3	45	84.1118
0.3	45	160.376
0.3	45	110.307
0.3	45	8.15502
0.3	45	-0.736463
0.3	45	108.228
0.3	45	137.542
0.3	45	-179.73
0.3	45	176.824
0.3	45	-144.672
0.3	45	-93.3282
0.3	45	7.19412
0.3	45	-26.7822
0.3	45	154.782
0.3	45	70.1547
0.3	45	-38.8792
0.3	45	2.51448
0.3	45	77.8624
0.3	45	79.0854
0.3	45	62.1691
0.3	45	46.1985
0.3	45	-124.621
0.3	45	96.0469
0.3	45	50.5238
0.3	45	88.9907
0.3	45	9.24106
0.3	45	131.046
0.3	45	13.6401
0.3	45	-3.67998
0.3	45	-84.2898
0.3	45	-90.8011
0.3	45	-152.025
0.3	45	-17.1815
0.3	45	-59.146
0.3	45	-102.275
0.3	45	72.1458
0.3	45	42.6048
0.3	45	-156.272
0.3	45	-92.9396
0.3	45	-101.865
0.3	45	24.1518
0.3	45	115.898
0.3	45	-74.0316
0.3	45	-165.774
0.3	45	166.859
0.3	45	-4.40725
0.3	45	27.968
0.3	45	-59.4658
0.3	45	-176.596
0.3	45	148.906
0.3	45	14.9356
0.3	45	175.383
0.3	45	-14.459
0.3	45	-70.2182
0.3	45	171.335
0.3	45	145.938
0.3	45	-130.669
0.3	45	58.4645
0.3	45	-97.3115
0.3	45	-61.1743
0.3	45	-174.42
0.3	45	152.628
0.3	45	103.347
0.3	45	4.27048
0.3	45	-85.862
0.3	45	161.147
0.3	45	99.4445
0.3	45	163.87
0.3	45	99.2852
0.3	45	-27.8965
0.3	45	-163.448
0.3	45	122.072
0.3	45	123.054
0.3	45	151.454
0.3	45	-36.8765
0.3	45	-59.2824
0.3	45	157.918
0.3	45	-165.248
0.3	45	113.011
0.3	45	139.687
0.3	45	166.934
0.3	45	128.597
0.3	45	97.3138
0.3	45	11.0797
0.3	45	-7.93711
0.3	45	-140.078
0.3	45	41.8049
0.3	45	-88.1514
0.3	45	31.8692
0.3	45	148.909
0.3	45	85.4006
0.3	45	-172.18
0.3	45	-22.6665
0.3	45	-112.345
0.3	45	-14.3014
0.3	45	-166.285
0.3	45	-70.547
0.3	45	-71.8951
0.3	45	-76.4476
0.3	45	-34.5137
0.3	45	-154.996
0.3	45	-35.7424
0.3	45	144.44
0.3	45	-38.8605
0.3	45	143.18
0.3	45	-123.447
0.3	45	-10.9978
0.3	45	-126.398
0.3	45	-2.42456
0.3	45	-116.88
0.3	45	-48.6476
0.3	45	78.8356
0.3	45	115.819
0.3	45	109.35
0.3	45	-14.805
0.3	45	27.1356
0.3	45	-9.00183
0.3	45	6.70624
0.3	45	163.484
0.3	45	-151.977
0.3	45	163.021
0.3	45	-95.4166
0.3	45	-58.0724
0.3	45	147.109
0.3	45	-100.448
0.3	45	105.203
0.3	45	84.2945
0.3	45	149.993
0.3	45	-165.203
0.3	45	68.0142
0.3	45	50.1416
0.3	45	-103.754
0.3	45	134.324
0.3	45	-42.5724
0.3	45	-65.9061
0.3	45	-9.77038
0.3	45	144.022
0.3	45	34.0458
0.3	45	-48.2708
0.3	45	-134.172
0.3	45	97.4579
0.3	45	86.3957
0.3	45	86.3649
0.3	45	43.2313
0.3	45	-50.675
0.3	45	-5.35606
0.3	45	-62.6729
0.3	45	-70.5316
0.3	45	-75.2478
0.3	45	-35.4467
0.3	45	151.218
0.3	45	-12.6655
0.3	45	-48.5862
0.3	45	-129.907
0.3	45	-128.3
0.3	45	-21.0309
0.3	45	-131.997
0.3	45	104.206
0.3	45	-123.727
0.3	45	78.0707
0.3	45	134.038
0.3	45	-157.612
0.3	45	-114.673
0.3	45	152.142
0.3	45	-150.395
0.3	45	-1.54234
0.3	45	24.6471
0.3	45	-26.7979
0.3	45	-132.516
0.3	45	24.013
0.3	45	37.1803
0.3	45	122.961
0.3	45	-89.8373
0.3	45	118.476
0.3	45	-28.1663
0.3	45	-125.076
0.3	45	-49.3915
0.3	45	15.9271
0.3	45	-82.8215
0.3	45	146.099
0.3	45	-29.3476
0.3	45	9.84027
0.3	45	173.189
0.3	45	-101.619
0.3	45	-12.8438
0.3	45	133.106
0.3	45	154.942
0.3	45	-45.3605
0.3	45	-79.7732
0.3	45	45.2797
0.3	45	100.478
0.3	45	-107.722
0.3	45	-168.042
0.3	45	-83.4239
0.3	45	-109.016
0.3	45	7.6728
0.3	45	75.7465
0.3	45	-84.2766
0.3	45	149.304
0.3	45	9.68578
0.3	45	61.8024
0.3	45	-174.747
0.3	45	118.056
0.3	45	31.316
0.3	45	148.625
0.3	45	-153.775
0.3	45	-131.793
0.3	45	139.268
0.3	45	-70.4765
0.3	45	-96.8227
0.3	45	-13.4106
0.3	45	-68.6292
0.3	45	70.2522
0.3	45	169.206
0.3	45	-9.81491
0.3	45	135.403
0.3	45	-157.725
0.3	45	-54.3616
0.3	45	-73.3177
0.3	45	159.929
0.3	45	99.6096
0.3	45	108.686
0.3	45	-160.947
0.3	45	156.738
0.3	45	-152.584
0.3	45	-61.201
0.3	45	67.6873
0.3	45	27.4639
0.3	45	-76.8481
0.3	45	16.5806
0.3	45	47.4357
0.3	45	-53.9152
0.3	45	160.471
0.3	45	156.243
0.3	45	-35.6991
0.3	45	-44.5086
0.3	45	-136.202
0.3	45	31.3426
0.3	45	-89.3228
0.3	45	-144.837
0.3	45	-58.364
0.3	45	-8.59926
0.3	45	7.57679
0.3	45	-75.2571
0.3	45	-62.2934
0.3	45	-70.3408
0.3	45	121.693
0.3	45	-130.054
0.3	45	40.7887
0.3	45	102.118
0.3	45	-83.8932
0.3	45	162.79
0.3	45	-81.6875
0.3	45	173.863
0.3	45	89.7529
0.3	45	-132.61
0.3	45	-111.165
0.3	45	125.316
0.3	45	-101.858
0.3	45	-152.023
0.3	45	10.3875
0.3	45	-58.0411
0.3	45	55.9216
0.3	45	140.848
0.3	45	-154.037
0.3	45	167.593
0.3	45	129.483
0.3	45	138.785
0.3	45	168.801
0.3	45	-51.324
0.3	45	19.6024
0.3	45	-96.3877
0.3	45	-151.606
0.3	45	-110.245
0.3	45	57.5078
0.3	45	160.908
0.3	45	-9.66254
0.3	45	-68.4816
0.3	45	-166.699
0.3	45	117.078
0.3	45	34.1316
0.3	45	104.168
0.3	45	-30.8925
0.3	45	-105.882
0.3	45	5.52093
0.3	45	-172.985
0.3	45	-65.1617
0.3	45	-38.7073
0.3	45	-40.7709
0.3	45	28.3389
0.3	45	-166.639
0.3	45	139.316
0.3	45	-135.487
0.3	45	-82.3158
0.3	45	113.45
0.3	45	-75.7224
0.3	45	62.9471
0.3	45	79.4541
0.3	45	-152.344
0.3	45	173.462
0.3	45	139.008
0.3	45	36.1655
0.3	45	-58.9007
0.3	45	-128.403
0.3	45	-56.0636
0.3	45	-132.356
0.3	45	111.829
0.3	45	98.0841
0.3	45	61.5168
0.3	45	-153.631
0.3	45	-94.7811
0.3	45	83.8445
0.3	45	8.47324
0.3	45	124.171
0.3	45	-88.412
0.3	45	129.841
0.3	45	42.2568
0.3	45	-142.704
0.3	45	-166.703
0.3	45	-32.5006
0.3	45	-163.239
0.3	45	165.343
0.3	45	62.0134
0.3	45	-131.235
0.3	45	-56.4868
0.3	45	40.067
0.3	45	33.7498
0.3	45	-75.4451
0.3	45	125.815
0.3	45	-176.576
0.3	45	-177.576
0.3	45	148.869
0.3	45	-65.8477
0.3	45	8.88609
0.3	45	-28.5477
0.3	45	118.928
0.3	45	-131.846
0.3	45	-151.319
0.3	45	54.8429
0.3	45	-17.1219
0.3	45	-176.906
0.3	45	-17.4219
0.3	45	-117.913
0.3	45	-31.8413
0.3	45	149.77
0.3	45	-24.3268
0.3	45	126.647
0.3	45	48.7024
0.3	45	-78.8569
0.3	45	169.974
0.3	45	139.789
0.3	45	172.233
0.3	45	-102.993
0.3	45	-91.2126
0.3	45	21.1161
0.3	45	120.753
0.3	45	-17.3476
0.3	45	171.925
0.3	45	82.5506
0.3	45	-85.8264
0.3	45	-125.002
0.3	45	8.2181
0.3	45	-163.607
0.3	45	-48.6575
0.3	45	-5.91312
0.3	45	-62.126
0.3	45	-142.689
0.3	45	145.062
0.3	45	107.476
0.3	45	8.91295
0.3	45	142.19
0.3	45	-53.9406
0.3	45	177.945
0.3	45	134.388
0.3	45	157.397
0.3	45	92.3231
0.3	45	-17.3481
0.3	45	-58.8383
0.3	45	-8.54742
0.3	45	22.15
0.3	45	-138.761
0.3	45	-74.6874
0.3	45	-53.1478
0.3	45	41.1793
0.3	45	112.207
0.3	45	-135.943
0.3	45	-160.463
0.3	45	-81.3689
0.3	45	49.7105
0.3	45	43.9197
0.3	45	-89.7413
0.3	45	-18.7984
0.3	45	-169.38
0.3	45	2.9808
0.3	45	-76.9208
0.3	45	127.564
0.3	45	102.544
0.3	45	-19.5818
0.3	45	108.583
0.3	45	90.9005
0.3	45	-34.2971
0.3	45	-93.9243
0.3	45	-153.912
0.3	45	-131.993
0.3	45	-91.4962
0.3	45	-59.8001
0.3	45	91.6344
0.3	45	-35.9527
0.3	45	93.0928
0.3	45	134.671
0.3	45	112.152
0.3	45	-49.4149
0.3	45	137.678
0.3	45	158.111
0.3	45	161.523
0.3	45	-79.0349
0.3	45	142.046
0.3	45	-151.657
0.3	45	-77.9902
0.3	45	-178.669
0.3	45	-92.203
0.3	45	177.79
0.3	45	-129.911
0.3	45	-163.437
0.3	45	112.103
0.3	45	-99.9782
0.3	45	-36.6362
0.3	45	-179.724
0.3	45	178.85
0.3	45	-63.9349
0.3	45	102.199
0.3	45	163.844
0.3	45	-78.505
0.3	45	154.638
0.3	45	-66.7992
0.3	45	-170.603
0.3	45	80.1895
0.3	45	34.595
0.3	45	-144.737
0.3	45	-163.965
0.3	45	13.4933
0.3	45	3.31366
0.3	45	-151.807
0.3	45	-43.294
0.3	45	134.402
0.3	45	-57.9039
0.3	45	-150.039
0.3	45	29.6513
0.3	45	-126.635
0.3	45	-33.0046
0.3	45	-21.3036
0.3	45	93.1103
0.3	45	19.0971
0.3	45	22.5428
0.3	45	99.2313
0.3	45	129.004
0.3	45	0.649198
0.3	45	85.375
0.3	45	18.1009
0.3	45	81.0475
0.3	45	82.6928
0.3	45	110.354
0.3	45	-89.6855
0.3	45	143.099
0.3	45	-8.34608
0.3	45	-18.7683
0.3	45	-87.0463
0.3	45	55.853
0.3	45	92.8047
0.3	45	-87.5799
0.3	45	-0.347316
0.3	45	35.6742
0.3	45	-12.3624
0.3	45	60.7356
0.3	45	-119.984
0.3	45	146.266
0.3	45	-179.704
0.3	45	100.354
0.3	45	-95.4862
0.3	45	-144.77
0.3	45	24.416
0.3	45	-120.355
0.3	45	-172.625
0.3	45	-92.9793
0.3	45	-6.34341
0.3	45	179.894
0.3	45	64.6176
0.3	45	-86.8501
0.3	45	-59.3744
0.3	45	27.4153
0.3	45	136.502
0.3	45	54.5433
0.3	45	-108.832
0.3	45	-67.393
0.3	45	170
0.3	45	-70.5246
0.3	45	70.1094
0.3	45	-16.4632
0.3	45	-20.2021
0.3	45	82.1671
0.3	45	-106.228
0.3	45	130.486
0.3	45	108.651
0.3	45	53.5815
0.3	45	86.8844
0.3	45	-39.3335
0.3	45	0.752038
0.3	45	9.30711
0.3	45	166.664
0.3	45	-68.5133
0.3	45	-39.3475
0.3	45	126.32
0.3	45	-67.7598
0.3	45	118.835
0.3	45	174.938
0.3	45	12.2656
0.3	45	-127.647
0.3	45	99.5757
0.3	45	123.212
0.3	45	-136.366
0.3	45	-135.516
0.3	45	-153.065
0.3	45	100.494
0.3	45	-14.517
0.3	45	125.529
0.3	45	20.2043
0.3	45	-58.8881
0.3	45	-45.6647
0.3	45	11.7163
0.3	45	-138.683
0.3	45	123.559
0.3	45	-114.428
0.3	45	-127.114
0.3	45	103.368
0.3	45	60.1573
0.3	45	-86.5035
0.3	45	88.6577
0.3	45	48.4943
0.3	45	45.6823
0.3	45	-109.928
0.3	45	109.274
0.3	45	-45.1014
0.3	45	-127.434
0.3	45	-74.8998
0.3	45	34.3308
0.3	45	-151.257
0.3	45	112.332
0.3	45	89.2774
0.3	45	142.26
0.3	45	126.786
0.3	45	83.361
0.3	45	-129.014
0.3	45	-74.0946
0.3	45	9.47561
0.3	45	-32.4747
0.3	45	69.0164
0.3	45	-25.0317
0.3	45	-111.419
0.3	45	-59.0854
0.3	45	-79.1584
0.3	45	-156.603
0.3	45	145.573
0.25	-45	156.324
0.25	-45	37.6009
0.25	-45	-3.45043
0.25	-45	101.644
0.25	-45	-146.071
0.25	-45	-149.689
0.25	-45	129.782
0.25	-45	15.6451
0.25	-45	-40.0328
0.25	-45	-19.8659
0.25	-45	-128.256
0.25	-45	40.0853
0.25	-45	55.0293
0.25	-45	-117.729
0.25	-45	-80.5485
0.25	-45	124.35
0.25	-45	93.2318
0.25	-45	-157.707
0.25	-45	-146.522
0.25	-45	-113.93
0.25	-45	-35.6462
0.25	-45	-78.7809
0.25	-45	-147.689
0.25	-45	64.4296
0.25	-45	-167.582
0.25	-45	-104.661
0.25	-45	96.6155
0.25	-45	71.5611
0.25	-45	-98.2089
0.25	-45	102.845
0.25	-45	72.9943
0.25	-45	65.4399
0.25	-45	60.7911
0.25	-45	-161.736
0.25	-45	3.86501
0.25	-45	-83.715
0.25	-45	-166.545
0.25	-45	144.66
0.25	-45	-78.5651
0.25	-45	-45.2403
0.25	-45	-90.2189
0.25	-45	-61.7188
0.25	-45	-162.977
0.25	-45	51.4392
0.25	-45	-146.886
0.25	-45	20.3629
0.25	-45	164.974
0.25	-45	-91.6832
0.25	-45	-90.4088
0.25	-45	167.394
0.25	-45	-59.8895
0.25	-45	116.082
0.25	-45	-161.917
0.25	-45	-118.463
0.25	-45	69.0964
0.25	-45	-125.433
0.25	-45	56.8724
0.25	-45	-36.1429
0.25	-45	18.6592
0.25	-45	-173.783
0.25	-45	169.021
0.25	-45	99.3217
0.25	-45	-149.11
0.25	-45	99.9697
0.25	-45	-8.399
0.25	-45	69.3241
0.25	-45	46.1904
0.25	-45	22.1809
0.25	-45	-44.2509
0.25	-45	142.21
0.25	-45	81.6595
0.25	-45	110.462
0.25	-45	-5.65456
0.25	-45	-144.016
0.25	-45	-91.094
0.25	-45	-30.313
0.25	-45	20.2629
0.25	-45	-16.7823
0.25	-45	7.01129
0.25	-45	27.4795
0.25	-45	-167.904
0.25	-45	-58.0389
0.25	-45	170.154
0.25	-45	117.11
0.25	-45	22.5785
0.25	-45	120.911
0.25	-45	77.3691
0.25	-45	-33.538
0.25	-45	6.35338
0.25	-45	117.359
0.25	-45	-118.188
0.25	-45	119.38
0.25	-45	-77.928
0.25	-45	-43.7764
0.25	-45	-125.349
0.25	-45	171.876
0.25	-45	34.0805
0.25	-45	0.375692
0.25	-45	82.1613
0.25	-45	-90.6258
0.25	-45	-29.2767
0.25	-45	113.69
0.25	-45	119.301
0.25	-45	-105.757
0.25	-45	74.2771
0.25	-45	-154.801
0.25	-45	-20.0945
0.25	-45	-137.481
0.25	-45	138.491
0.25	-45	91.4268
0.25	-45	-129.315
0.25	-45	-103.85
0.25	-45	-161.143
0.25	-45	-176.773
0.25	-45	41.3574
0.25	-45	57.1515
0.25	-45	-3.76107
0.25	-45	156.259
0.25	-45	-163.434
0.25	-45	-70.431
0.25	-45	159.501
0.25	-45	178.501
0.25	-45	-79.3655
0.25	-45	21.6175
0.25	-45	-134.016
0.25	-45	85.8018
0.25	-45	156.268
0.25	-45	162.874
0.25	-45	44.1267
0.25	-45	-63.2543
0.25	-45	-18.7859
0.25	-45	-43.4971
0.25	-45	-79.6909
0.25	-45	-58.4046
0.25	-45	-29.2794
0.25	-45	-30.0412
0.25	-45	32.9225
0.25	-45	-8.62127
0.25	-45	97.1404
0.25	-45	-6.11126
0.25	-45	-140.847
0.25	-45	-162.881
0.25	-45	17.921
0.25	-45	72.3361
0.25	-45	54.5962
0.25	-45	3.81919
0.25	-45	51.7213
0.25	-45	109.668
0.25	-45	-9.89807
0.25	-45	71.7781
0.25	-45	-63.873
0.25	-45	-152.933
0.25	-45	-8.33447
0.25	-45	-115.129
0.25	-45	-33.5424
0.25	-45	34.0732
0.25	-45	173.294
0.25	-45	56.2108
0.25	-45	-135.654
0.25	-45	88.7796
0.25	-45	-16.6281
0.25	-45	71.3748
0.25	-45	15.4811
0.25	-45	92.6986
0.25	-45	47.1258
0.25	-45	24.9709
0.25	-45	74.9223
0.25	-45	129.608
0.25	-45	-38.947
0.25	-45	-148.656
0.25	-45	15.0939
0.25	-45	91.1225
0.25	-45	101.161
0.25	-45	49.6086
0.25	-45	5.89488
0.25	-45	-48.6713
0.25	-45	-77.8491
0.25	-45	166.032
0.25	-45	-120.442
0.25	-45	-49.748
0.25	-45	-94.4805
0.25	-45	33.032
0.25	-45	-101.846
0.25	-45	-108.835
0.25	-45	-133.838
0.25	-45	82.5578
0.25	-45	96.9511
0.25	-45	-101.855
0.25	-45	-54.5878
0.25	-45	30.7955
0.25	-45	39.8215
0.25	-45	165.769
0.25	-45	-60.1742
0.25	-45	145.735
0.25	-45	7.1013
0.25	-45	138.351
0.25	-45	-169.297
0.25	-45	73.729
0.25	-45	-117.043
0.25	-45	-106.095
0.25	-45	-137.904
0.25	-45	97.0232
0.25	-45	83.4593
0.25	-45	141.405
0.25	-45	-73.1245
0.25	-45	175.524
0.25	-45	143.771
0.25	-45	-73.3573
0.25	-45	-8.50921
0.25	-45	-144.73
0.25	-45	56.5403
0.25	-45	59.1747
0.25	-45	-50.3386
0.25	-45	60.3468
0.25	-45	115.872
0.25	-45	-157.663
0.25	-45	-78.4075
0.25	-45	58.0975
0.25	-45	18.822
0.25	-45	-72.3462
0.25	-45	-131.639
0.25	-45	93.6245
0.25	-45	107.05
0.25	-45	124.098
0.25	-45	-132.865
0.25	-45	104.364
0.25	-45	55.3848
0.25	-45	-10.7181
0.25	-45	93.9515
0.25	-45	49.8714
0.25	-45	-6.40311
0.25	-45	138.167
0.25	-45	176.673
0.25	-45	-30.8418
0.25	-45	-107.871
0.25	-45	-114.552
0.25	-45	43.3187
0.25	-45	-149.028
0.25	-45	146.888
0.25	-45	-14.5957
0.25	-45	-171.247
0.25	-45	-6.43056
0.25	-45	125.655
0.25	-45	-174.699
0.25	-45	14.2998
0.25	-45	84.5779
0.25	-45	-156.699
0.25	-45	150.8
0.25	-45	56.09
0.25	-45	109.806
0.25	-45	114.994
0.25	-45	38.0643
0.25	-45	-179.698
0.25	-45	-126.307
0.25	-45	-22.5623
0.25	-45	-111.525
0.25	-45	88.3266
0.25	-45	-49.5494
0.25	-45	-145.866
0.25	-45	153.481
0.25	-45	-155.923
0.25	-45	16.1655
0.25	-45	-98.0585
0.25	-45	36.1451
0.25	-45	21.3626
0.25	-45	-38.4051
0.25	-45	-16.3341
0.25	-45	-163.102
0.25	-45	10.8286
0.25	-45	-161.532
0.25	-45	-50.6522
0.25	-45	-153.209
0.25	-45	-98.111
0.25	-45	134.112
0.25	-45	29.6994
0.25	-45	55.2678
0.25	-45	-156.013
0.25	-45	-167.113
0.25	-45	127.657
0.25	-45	-17.3243
0.25	-45	84.9492
0.25	-45	-77.4463
0.25	-45	115.951
0.25	-45	-40.4094
0.25	-45	-73.3057
0.25	-45	64.293
0.25	-45	-152.112
0.25	-45	37.1209
0.25	-45	70.4176
0.25	-45	-114.64
0.25	-45	-128.008
0.25	-45	27.3908
0.25	-45	96.2774
0.25	-45	134.368
0.25	-45	-153.415
0.25	-45	-135.126
0.25	-45	6.96994
0.25	-45	164.456
0.25	-45	-163.376
0.25	-45	29.4873
0.25	-45	144.938
0.25	-45	-31.3701
0.25	-45	-81.9682
0.25	-45	146.684
0.25	-45	53.1452
0.25	-45	-113.025
0.25	-45	-125.647
0.25	-45	128.311
0.25	-45	79.3384
0.25	-45	-148.427
0.25	-45	-94.4466
0.25	-45	69.1576
0.25	-45	144.785
0.25	-45	110.813
0.25	-45	19.0716
0.25	-45	-106.551
0.25	-45	23.359
0.25	-45	-111.692
0.25	-45	-174.35
0.25	-45	-146.989
0.25	-45	108.09
0.25	-45	-52.6032
0.25	-45	-175.408
0.25	-45	-130.806
0.25	-45	38.1665
0.25	-45	0.554135
0.25	-45	146.076
0.25	-45	-90.1085
0.25	-45	113.522
0.25	-45	-94.9202
0.25	-45	-18.8644
0.25	-45	109.081
0.25	-45	136.666
0.25	-45	98.6913
0.25	-45	-4.02864
0.25	-45	88.6193
0.25	-45	177.862
0.25	-45	-19.184
0.25	-45	94.9685
0.25	-45	-20.1915
0.25	-45	20.653
0.25	-45	-77.3015
0.25	-45	-89.1134
0.25	-45	-151.947
0.25	-45	146.818
0.25	-45	-125.299
0.25	-45	-122.494
0.25	-45	-152.681
0.25	-45	122.465
0.25	-45	-162.6
0.25	-45	-115.361
0.25	-45	0.575332
0.25	-45	-16.5074
0.25	-45	-156.544
0.25	-45	-80.6066
0.25	-45	82.546
0.25	-45	88.7121
0.25	-45	7.22666
0.25	-45	-157.367
0.25	-45	-1.51833
0.25	-45	-70.0941
0.25	-45	-1.60751
0.25	-45	-119.313
0.25	-45	133.639
0.25	-45	65.0193
0.25	-45	-117.28
0.25	-45	-157.991
0.25	-45	-80.6883
0.25	-45	46.6681
0.25	-45	-142.82
0.25	-45	-27.3471
0.25	-45	144.145
0.25	-45	-26.6361
0.25	-45	35.428
0.25	-45	-60.7005
0.25	-45	-120.808
0.25	-45	-135.628
0.25	-45	-25.3353
0.25	-45	-74.157
0.25	-45	-158.977
0.25	-45	-167.54
0.25	-45	158.381
0.25	-45	26.9637
0.25	-45	5.35807
0.25	-45	-43.1274
0.25	-45	-166.676
0.25	-45	-102.473
0.25	-45	-47.7119
0.25	-45	-50.8124
0.25	-45	20.1879
0.25	-45	-107.185
0.25	-45	68.2521
0.25	-45	-137.187
0.25	-45	-165.445
0.25	-45	42.1584
0.25	-45	-128.555
0.25	-45	-133.275
0.25	-45	40.5051
0.25	-45	5.15477
0.25	-45	-131.289
0.25	-45	89.3407
0.25	-45	43.3648
0.25	-45	-33.5552
0.25	-45	52.518
0.25	-45	27.5177
0.25	-45	-31.6003
0.25	-45	21.223
0.25	-45	-22.3167
0.25	-45	-178.248
0.25	-45	-103.204
0.25	-45	122.302
0.25	-45	88.5263
0.25	-45	95.6133
0.25	-45	-33.6888
0.25	-45	153.458
0.25	-45	26.7348
0.25	-45	-131.359
0.25	-45	-112.481
0.25	-45	-139.917
0.25	-45	-13.6742
0.25	-45	-36.154
0.25	-45	-134.833
0.25	-45	131.309
0.25	-45	17.74
0.25	-45	-57.7541
0.25	-45	118.447
0.25	-45	23.8379
0.25	-45	-172.959
0.25	-45	-47.3815
0.25	-45	171.668
0.25	-45	115.772
0.25	-45	4.76718
0.25	-45	64.7576
0.25	-45	-81.1181
0.25	-45	153.175
0.25	-45	32.1274
0.25	-45	-162.58
0.25	-45	63.1721
0.25	-45	-104.426
0.25	-45	-54.9756
0.25	-45	13.2335
0.25	-45	15.8813
0.25	-45	70.4881
0.25	-45	61.4173
0.25	-45	-59.8875
0.25	-45	-94.8855
0.25	-45	155.634
0.25	-45	-63.7937
0.25	-45	110.48
0.25	-45	-63.0338
0.25	-45	107.229
0.25	-45	163.296
0.25	-45	-179.57
0.25	-45	74.2572
0.25	-45	-122.744
0.25	-45	-87.0838
0.25	-45	-62.9025
0.25	-45	-31.2422
0.25	-45	113.201
0.25	-45	-24.5618
0.25	-45	-65.048
0.25	-45	-146.676
0.25	-45	158.248
0.25	-45	-138.044
0.25	-45	-154.178
0.25	-45	15.4638
0.25	-45	52.3329
0.25	-45	60.3859
0.25	-45	-66.0275
0.25	-45	9.44767
0.25	-45	69.703
0.25	-45	-23.6388
0.25	-45	158.353
0.25	-45	-140.615
0.25	-45	125.359
0.25	-45	-16.0079
0.25	-45	40.6229
0.25	-45	29.8228
0.25	-45	-28.4578
0.25	-45	106.088
0.25	-45	15.6462
0.25	-45	28.343
0.25	-45	126.661
0.25	-45	67.6927
0.25	-45	38.3022
0.25	-45	-81.1101
0.25	-45	80.0936
0.25	-45	76.136
0.25	-45	-23.9954
0.25	-45	141.517
0.25	-45	117.601
0.25	-45	-99.385
0.25	-45	-128.115
0.25	-45	-45.6861
0.25	-45	-3.20712
0.25	-45	66.1605
0.25	-45	-141.106
0.25	-45	176.994
0.25	-45	30.2897
0.25	-45	59.4978
0.25	-45	54.0168
0.25	-45	-94.6047
0.25	-45	89.5067
0.25	-45	69.5742
0.25	-45	73.2522
0.25	-45	44.1467
0.25	-45	-25.552
0.25	-45	-12.1083
0.25	-45	-36.893
0.25	-45	59.5174
0.25	-45	8.03688
0.25	-45	-133.584
0.25	-45	-48.4708
0.25	-45	-153.647
0.25	-45	-177.82
0.25	-45	-162.269
0.25	-45	54.2398
0.25	-45	-169.919
0.25	-45	-8.30417
0.25	-45	-145.47
0.25	-45	-109.849
0.25	-45	160.196
0.25	-45	-13.5901
0.25	-45	64.426
0.25	-45	-19.6134
0.25	-45	39.6054
0.25	-45	153.282
0.25	-45	-168.773
0.25	-45	-30.8899
0.25	-45	-166.124
0.25	-45	-125.342
0.25	-45	-137.156
0.25	-45	-76.983
0.25	-45	-177.699
0.25	-45	22.0451
0.25	-45	75.2728
0.25	-45	129.552
0.25	-45	102.057
0.25	-45	42.2698
0.25	-45	22.5052
0.25	-45	39.1329
0.25	-45	-14.1792
0.25	-45	169.713
0.25	-45	56.7322
0.25	-45	152.788
0.25	-45	101.774
0.25	-45	93.3982
0.25	-45	-33.5487
0.25	-45	-59.6686
0.25	-45	-104.834
0.25	-45	-62.3508
0.25	-45	91.551
0.25	-45	139.84
0.25	-45	-6.17301
0.25	-45	175.578
0.25	-45	-4.08896
0.25	-45	77.8404
0.25	-45	172.009
0.25	-45	81.7371
0.25	-45	-101.538
0.25	-45	-51.5537
0.25	-45	-68.37
0.25	-45	-104.861
0.25	-45	59.077
0.25	-45	-111.03
0.25	-45	-111.219
0.25	-45	159.565
0.25	-45	97.5902
0.25	-45	-109.102
0.25	-45	-134.991
0.25	-45	28.5648
0.25	-45	103.047
0.25	-45	-66.3791
0.25	-45	-165.007
0.25	-45	-35.5922
0.25	-45	-57.2607
0.25	-45	-26.2568
0.25	-45	-145.089
0.25	-45	71.2703
0.25	-45	84.7238
0.25	-45	102.76
0.25	-45	142.028
0.25	-45	-133.56
0.25	-45	53.839
0.25	-45	37.2882
0.25	-45	116.072
0.25	-45	-27.3421
0.25	-45	14.1115
0.25	-45	87.7535
0.25	-45	-47.542
0.25	-45	69.6275
0.25	-45	-128.625
0.25	-45	10.2722
0.25	-45	175.273
0.25	-45	-155.804
0.25	-45	-6.78531
0.25	-45	-170.345
0.25	-45	76.6471
0.25	-45	-172.697
0.25	-45	-38.0187
0.25	-45	137.943
0.25	-45	8.99595
0.25	-45	68.6775
0.25	-45	21.0782
0.25	-45	93.6763
0.25	-45	65.5585
0.25	-45	89.2108
0.25	-45	54.6016
0.25	-45	-68.2656
0.25	-45	74.4648
0.25	-45	38.7634
0.25	-45	-149.749
0.25	-45	-59.1346
0.25	-45	95.6972
0.25	-45	21.3697
0.25	-45	59.1893
0.25	-45	104.852
0.25	-45	-161.61
0.25	-45	66.2088
0.25	-45	-60.5398
0.25	-45	-150.472
0.25	-45	38.8361
0.25	-45	-147.694
0.25	-45	-95.613
0.25	-45	-129.919
0.25	-45	-156.231
0.25	-45	-95.0534
0.25	-45	-79.6839
0.25	-45	178.007
0.25	-45	-124.785
0.25	-45	-61.9286
0.25	-45	-60.5671
0.25	-45	-57.9737
0.25	-45	-109.202
0.25	-45	150.995
0.25	-45	119.915
0.25	-45	97.2944
0.25	-45	172.784
0.25	-45	0.951852
0.25	-45	174.696
0.25	-45	-11.5141
0.25	-45	138.98
0.25	-45	38.1564
0.25	-45	-74.9652
0.25	-45	-164.652
0.25	-45	-98.9923
0.25	-45	27.9618
0.25	-45	49.5834
0.25	-45	-147.956
0.25	-45	92.5771
0.25	-45	118.771
0.25	-45	-149.901
0.25	-45	166.504
0.25	-45	53.3002
0.25	-45	158.92
0.25	-45	-37.9367
0.25	-45	-116.603
0.25	-45	2.98503
0.25	-45	48.2174
0.25	-45	-23.5882
0.25	-45	176.72
0.25	-45	6.62209
0.25	-45	-7.21109
0.25	-45	37.9532
0.25	-45	-134.186
0.25	-45	149.266
0.25	-45	-17.4709
0.25	-45	-122.011
0.25	-45	64.2634
0.25	-45	-123.92
0.25	-45	-62.7916
0.25	-45	-148.026
0.25	-45	-79.9466
0.25	-45	-3.8296
0.25	-45	-67.0966
0.25	-45	-76.0644
0.25	-45	-13.5275
0.25	-45	150.138
0.25	-45	58.3019
0.25	-45	100.578
0.25	-45	80.9127
0.25	-45	-56.462
0.25	-45	16.4523
0.25	-45	-68.8339
0.25	-45	-97.7092
0.25	-45	65.0311
0.25	-45	6.92324
0.25	-45	-119.784
0.25	-45	-176.756
0.25	-45	171.71
0.25	-45	85.9615
0.25	-45	-123.671
0.25	-45	-156.146
0.25	-45	-90.7815
0.25	-45	103.518
0.25	-45	-63.3564
0.25	-45	-153.181
0.25	-45	153.685
0.25	-45	125.899
0.25	-45	154.212
0.25	-45	109.428
0.25	-45	-75.0201
0.25	-45	24.0267
0.25	-45	-39.0379
0.25	-45	39.6918
0.25	-45	-124.522
0.25	-45	-12.5265
0.25	-45	50.5933
0.25	-45	-82.2627
0.25	-45	-14.903
0.25	-45	-125.985
0.25	-45	-135.908
0.25	-45	-16.0435
0.25	-45	5.55073
0.25	-45	-65.6501
0.25	-45	149.653
0.25	-45	-95.0361
0.25	-45	117.704
0.25	-45	87.4071
0.25	-45	-26.165
0.25	-45	6.14591
0.25	-45	-153.455
0.25	-45	153.489
0.25	-45	-4.33208
0.25	-45	-121.355
0.25	-45	28.2851
0.25	-45	73.2567
0.25	-45	115.123
0.25	-45	-116.866
0.25	-45	94.0942
0.25	-45	107.18
0.25	-45	-3.56456
0.25	-45	-7.12123
0.25	-45	-129.291
0.25	-45	45.96
0.25	-45	-90.0969
0.25	-45	155.039
0.25	-45	-166.364
0.25	-45	115.331
0.25	-45	-172.116
0.25	-45	-146.178
0.25	-45	65.3824
0.25	-45	-24.81
0.25	-45	154.739
0.25	-45	-29.5148
0.25	-45	-162.19
0.25	-45	49.6497
0.25	-45	-23.84
0.25	-45	-173.588
0.25	-45	-149.045
0.25	-45	-132.079
0.25	-45	-105.312
0.25	-45	-145.747
0.25	-45	-123.138
0.25	-45	-142.099
0.25	-45	26.3791
0.25	-45	-61.7878
0.25	-45	-105.496
0.25	-45	168.309
0.25	-45	-81.518
0.25	-45	-122.092
0.25	-45	-143.288
0.25	-45	-15.3452
0.25	-45	55.623
0.25	-45	90.6678
0.25	-45	-69.5974
0.25	-45	-66.3806
0.25	-45	-62.133
0.25	-45	123.531
0.25	-45	46.7972
0.25	-45	-39.7833
0.25	-45	10.0908
0.25	-45	62.1316
0.25	-45	11.7168
0.25	-45	-112.715
0.25	-45	-89.5587
0.25	-45	141.915
0.25	-45	154.371
0.25	-45	71.5722
0.25	-45	88.8821
0.25	-45	-117.142
0.25	-45	-174.118
0.25	-45	105.667
0.25	-45	12.4286
0.25	-45	78.7905
0.25	-45	11.1433
0.25	-45	90.8444
0.25	-45	-120.651
0.25	-45	28.8867
0.25	-45	16.7876
0.25	-45	-175.125
0.25	-45	31.383
0.25	-45	97.5453
0.25	-45	-150.797
0.25	-45	117.212
0.25	-45	138.883
0.25	-45	-175.279
0.25	-45	63.8649
0.25	-45	124.189
0.25	-45	38.4373
