pol	setting	phi
0.3	45	10.2194
0.3	45	-84.7944
0.3	45	-150.235
0.3	45	40.4005
0.3	45	-76.8892
0.3	45	99.841
0.3	45	86.2591
0.3	45	-94.7173
0.3	45	15.9981
0.3	45	5.32645
0.3	45	-60.7645
0.3	45	-26.6438
0.3	45	75.7282
0.3	45	-54.5477
0.3	45	99.0182
0.3	45	-171.035
0.3	45	-63.4961
0.3	45	-75.6819
0.3	45	-74.8626
0.3	45	55.1191
0.3	45	6.06562
0.3	45	111.16
0.3	45	-133.584
0.3	45	47.5224
0.3	45	-178.278
0.3	45	3.54148
0.3	45	-68.9181
0.3	45	-121.576
0.3	45	-104.586
0.3	45	-129.863
0.3	45	-100.67
0.3	45	-148.044
0.3	45	80.0324
0.3	45	138.461
0.3	45	-32.177
0.3	45	127.503
0.3	45	-33.4027
0.3	45	-79.5718
0.3	45	-63.6805
0.3	45	-79.644
0.3	45	-171.069
0.3	45	143.258
0.3	45	-166.245
0.3	45	-104.344
0.3	45	104.762
0.3	45	-169.68
0.3	45	66.5599
0.3	45	-153.067
0.3	45	-128.698
0.3	45	47.4005
0.3	45	-140.189
0.3	45	-30.7724
0.3	45	151.457
0.3	45	-25.9835
0.3	45	-105.435
0.3	45	-178.96
0.3	45	159.361
0.3	45	173.622
0.3	45	-66.6992
0.3	45	158.523
0.3	45	-73.2868
0.3	45	-163.387
0.3	45	23.3169
0.3	45	-170.358
0.3	45	-119.327
0.3	45	-121.58
0.3	45	60.0975
0.3	45	164.704
0.3	45	30.5
0.3	45	-112.201
0.3	45	56.6433
0.3	45	-103.049
0.3	45	-42.6727
0.3	45	-24.3182
0.3	45	-148.919
0.3	45	168.172
0.3	45	-10.9836
0.3	45	128.288
0.3	45	8.4279
0.3	45	-121.583
0.3	45	-160.272
0.3	45	87.6833
0.3	45	148.513
0.3	45	-146.503
0.3	45	29.8819
0.3	45	120.158
0.3	45	154.254
0.3	45	173.998
0.3	45	-158.833
0.3	45	110.436
0.3	45	99.9093
0.3	45	-121.5
0.3	45	-153.642
0.3	45	91.1829
0.3	45	-123.827
0.3	45	-11.7973
0.3	45	-45.7271
0.3	45	133.827
0.3	45	-2.94456
0.3	45	-54.2153
0.3	45	-27.2011
0.3	45	28.3289
0.3	45	135.07
0.3	45	41.9698
0.3	45	64.7702
0.3	45	172.474
0.3	45	79.7538
0.3	45	63.1421
0.3	45	160.87
0.3	45	107.274
0.3	45	-1.36649
0.3	45	-89.6585
0.3	45	-38.4571
0.3	45	41.1995
0.3	45	102.693
0.3	45	-50.5734
0.3	45	166.126
0.3	45	58.8999
0.3	45	-45.9979
0.3	45	78.6013
0.3	45	-125.785
0.3	45	97.919
0.3	45	174.326
0.3	45	41.8522
0.3	45	131.952
0.3	45	-124.678
0.3	45	56.0325
0.3	45	-61.9591
0.3	45	-48.447
0.3	45	-27.1461
0.3	45	-14.4509
0.3	45	139.508
0.3	45	99.4215
0.3	45	24.6085
0.3	45	72.5626
0.3	45	-161.796
0.3	45	-58.8369
0.3	45	-179.38
0.3	45	124.485
0.3	45	-49.2287
0.3	45	51.8919
0.3	45	-104.931
0.3	45	-107.533
0.3	45	-46.4749
0.3	45	-132.133
0.3	45	142.284
0.3	45	-55.3343
0.3	45	76.8503
0.3	45	-54.8638
0.3	45	178.825
0.3	45	-59.0547
0.3	45	21.6574
0.3	45	-95.2714
0.3	45	-87.8792
0.3	45	-79.354
0.3	45	-74.6703
0.3	45	81.4354
0.3	45	38.191
0.3	45	-53.693
0.3	45	157.657
0.3	45	-26.3638
0.3	45	171.075
0.3	45	-20.8383
0.3	45	-82.8011
0.3	45	102.991
0.3	45	78.6872
0.3	45	-72.7279
0.3	45	-123.163
0.3	45	156.241
0.3	45	139.623
0.3	45	-73.7055
0.3	45	39.8264
0.3	45	7.77266
0.3	45	160.683
0.3	45	82.1306
0.3	45	-153.581
0.3	45	-113.59
0.3	45	91.4164
0.3	45	113.057
0.3	45	-111.433
0.3	45	78.5281
0.3	45	-113.942
0.3	45	-168.486
0.3	45	-149.632
0.3	45	36.5745
0.3	45	-83.4862
0.3	45	-66.7455
0.3	45	56.3465
0.3	45	149.555
0.3	45	-87.5662
0.3	45	-153.715
0.3	45	19.916
0.3	45	1.5453
0.3	45	109.568
0.3	45	-21.637
0.3	45	-62.942
0.3	45	177.125
0.3	45	-110.209
0.3	45	67.6008
0.3	45	-100.771
0.3	45	-8.18222
0.3	45	83.5353
0.3	45	161.837
0.3	45	-35.0769
0.3	45	-151.595
0.3	45	-92.9088
0.3	45	-32.3343
0.3	45	64.3492
0.3	45	1.46038
0.3	45	127.436
0.3	45	127.896
0.3	45	57.4455
0.3	45	-5.17924
0.3	45	88.0609
0.3	45	-93.1129
0.3	45	179.303
0.3	45	166.756
0.3	45	-57.1346
0.3	45	93.78
0.3	45	-177.231
0.3	45	152.325
0.3	45	-175.707
0.3	45	104.704
0.3	45	97.0673
0.3	45	165.566
0.3	45	-105.966
0.3	45	65.225
0.3	45	-137.997
0.3	45	-39.6831
0.3	45	-20.2212
0.3	45	86.2803
0.3	45	127.162
0.3	45	-50.3303
0.3	45	-154.745
0.3	45	-168.551
0.3	45	20.8063
0.3	45	53.3736
0.3	45	162.821
0.3	45	-133.973
0.3	45	-165.921
0.3	45	19.2381
0.3	45	-107.546
0.3	45	-19.7881
0.3	45	177.652
0.3	45	167.689
0.3	45	85.8014
0.3	45	-123.965
0.3	45	54.2038
0.3	45	123.604
0.3	45	97.1971
0.3	45	19.6862
0.3	45	27.9753
0.3	45	-127.569
0.3	45	106.764
0.3	45	46.9836
0.3	45	-140.441
0.3	45	157.448
0.3	45	37.0364
0.3	45	-96.4525
0.3	45	74.2244
0.3	45	16.2345
0.3	45	-63.1728
0.3	45	179.162
0.3	45	156.913
0.3	45	-174.747
0.3	45	-23.8489
0.3	45	-175.504
0.3	45	115.349
0.3	45	-25.1018
0.3	45	39.0057
0.3	45	76.2789
0.3	45	-56.8416
0.3	45	105.733
0.3	45	-74.0933
0.3	45	102.294
0.3	45	-6.20178
0.3	45	7.64968
0.3	45	-70.4881
0.3	45	39.7909
0.3	45	-132.211
0.3	45	116.513
0.3	45	92.1495
0.3	45	61.0943
0.3	45	10.9163
0.3	45	140.738
0.3	45	58.5114
0.3	45	-138.067
0.3	45	1.39339
0.3	45	-3.24857
0.3	45	-104.559
0.3	45	10.9964
0.3	45	-1.57733
0.3	45	-140.583
0.3	45	-118.494
0.3	45	-124.137
0.3	45	68.4768
0.3	45	-46.818
0.3	45	158.685
0.3	45	-22.1904
0.3	45	62.6353
0.3	45	-23.3722
0.3	45	113.502
0.3	45	175.134
0.3	45	-69.5088
0.3	45	-178.477
0.3	45	-178.07
0.3	45	96.3897
0.3	45	27.2951
0.3	45	-1.56837
0.3	45	68.7142
0.3	45	-50.0064
0.3	45	54.2502
0.3	45	-117.863
0.3	45	7.89126
0.3	45	137.148
0.3	45	146.083
0.3	45	149.701
0.3	45	-150.055
0.3	45	-97.156
0.3	45	-141.186
0.3	45	-154.264
0.3	45	70.641
0.3	45	-95.0883
0.3	45	123.622
0.3	45	147.767
0.3	45	-26.0729
0.3	45	-121.003
0.3	45	-167.131
0.3	45	38.1084
0.3	45	104.702
0.3	45	-63.1585
0.3	45	-146.531
0.3	45	33.2571
0.3	45	-20.1003
0.3	45	164.433
0.3	45	-120.256
0.3	45	144.155
0.3	45	-79.9028
0.3	45	-164.051
0.3	45	36.9785
0.3	45	37.8095
0.3	45	152.58
0.3	45	25.8733
0.3	45	120.266
0.3	45	-89.5522
0.3	45	4.12014
0.3	45	-94.0735
0.3	45	-112.076
0.3	45	-110.645
0.3	45	103.635
0.3	45	-169.324
0.3	45	-42.25
0.3	45	-87.3987
0.3	45	172.597
0.3	45	-18.2056
0.3	45	51.2697
0.3	45	27.2493
0.3	45	51.2483
0.3	45	53.5606
0.3	45	-138.542
0.3	45	-45.1263
0.3	45	-153.864
0.3	45	-17.5171
0.3	45	141.069
0.3	45	158.239
0.3	45	-138.695
0.3	45	117.796
0.3	45	68.8607
0.3	45	-18.9199
0.3	45	83.4294
0.3	45	-126.609
0.3	45	150.073
0.3	45	31.4412
0.3	45	88.4257
0.3	45	160.23
0.3	45	43.4624
0.3	45	-135.881
0.3	45	143.85
0.3	45	-30.2286
0.3	45	132.187
0.3	45	-0.488082
0.3	45	-126.733
0.3	45	54.2062
0.3	45	120.231
0.3	45	-23.5036
0.3	45	141.543
0.3	45	47.8895
0.3	45	-119.757
0.3	45	-126.618
0.3	45	12.8266
0.3	45	63.2239
0.3	45	-101.181
0.3	45	-73.4049
0.3	45	136.699
0.3	45	57.5651
0.3	45	-54.1995
0.3	45	-72.464
0.3	45	-162.871
0.3	45	-39.7606
0.3	45	5.43197
0.3	45	111.581
0.3	45	55.7655
0.3	45	63.0046
0.3	45	141.963
0.3	45	145.249
0.3	45	90.7401
0.3	45	16.4677
0.3	45	-178.748
0.3	45	179.067
0.3	45	34.6919
0.3	45	144.892
0.3	45	-1.16111
0.3	45	-63.6258
0.3	45	162.111
0.3	45	-50.4922
0.3	45	-149.719
0.3	45	165.696
0.3	45	174.47
0.3	45	-14.0148
0.3	45	-54.5178
0.3	45	-25.2981
0.3	45	148.294
0.3	45	-117.788
0.3	45	-20.9944
0.3	45	59.1507
0.3	45	-176.747
0.3	45	50.6617
0.3	45	66.5066
0.3	45	154.964
0.3	45	41.7618
0.3	45	-156.042
0.3	45	70.4975
0.3	45	89.4104
0.3	45	4.58712
0.3	45	-116.51
0.3	45	109.209
0.3	45	176.577
0.3	45	143.147
0.3	45	-130.446
0.3	45	75.7736
0.3	45	101.614
0.3	45	178.786
0.3	45	-17.7042
0.3	45	122.643
0.3	45	-71.4891
0.3	45	-48.791
0.3	45	53.7475
0.3	45	75.7122
0.3	45	-166.397
0.3	45	11.8934
0.3	45	-118.084
0.3	45	73.8075
0.3	45	-176.812
0.3	45	57.6606
0.3	45	-94.0695
0.3	45	-59.2694
0.3	45	134.822
0.3	45	17.8834
0.3	45	-175.77
0.3	45	-170.182
0.3	45	93.6623
0.3	45	137.54
0.3	45	67.5322
0.3	45	-57.5564
0.3	45	137.717
0.3	45	-15.6014
0.3	45	-96.491
0.3	45	129.369
0.3	45	174.371
0.3	45	135.759
0.3	45	117.656
0.3	45	-73.7283
0.3	45	-146.826
0.3	45	178.89
0.3	45	75.7217
0.3	45	-99.5134
0.3	45	148.151
0.3	45	0.926135
0.3	45	-145.81
0.3	45	56.3528
0.3	45	-140.248
0.3	45	-49.7111
0.3	45	-160.894
0.3	45	-132.443
0.3	45	-118.881
0.3	45	77.0971
0.3	45	64.351
0.3	45	164.788
0.3	45	-169.648
0.3	45	-101.35
0.3	45	-135.745
0.3	45	-70.658
0.3	45	104.589
0.3	45	120.169
0.3	45	147.288
0.3	45	-170.956
0.3	45	20.0962
0.3	45	156.056
0.3	45	-130.293
0.3	45	-86.8536
0.3	45	43.946
0.3	45	140.777
0.3	45	-14.5249
0.3	45	-99.5477
0.3	45	92.7659
0.3	45	37.2357
0.3	45	-163.818
0.3	45	-116.69
0.3	45	128.466
0.3	45	-22.7632
0.3	45	-22.7652
0.3	45	-82.4249
0.3	45	-174.18
0.3	45	-79.1487
0.3	45	37.1874
0.3	45	66.0924
0.3	45	43.8097
0.3	45	-114.109
0.3	45	-124.94
0.3	45	30.9665
0.3	45	-163.686
0.3	45	-121.926
0.3	45	-129.89
0.3	45	16.5422
0.3	45	-119.226
0.3	45	3.72269
0.3	45	-68.6725
0.3	45	94.9951
0.3	45	-154.901
0.3	45	106.671
0.3	45	108.094
0.3	45	-102.041
0.3	45	-16.3341
0.3	45	-21.4034
0.3	45	-165.581
0.3	45	48.0125
0.3	45	-100.203
0.3	45	-160.74
0.3	45	-6.82579
0.3	45	155.778
0.3	45	174.357
0.3	45	-90.1622
0.3	45	41.3692
0.3	45	153.159
0.3	45	-19.108
0.3	45	36.049
0.3	45	70.1273
0.3	45	119.267
0.3	45	128.499
0.3	45	172.813
0.3	45	-57.0381
0.3	45	-2.04455
0.3	45	39.1401
0.3	45	-22.4056
0.3	45	-59.7188
0.3	45	-27.1179
0.3	45	177.328
0.3	45	41.4783
0.3	45	-92.4923
0.3	45	94.1745
0.3	45	16.6889
0.3	45	-157.404
0.3	45	117.127
0.3	45	89.0277
0.3	45	-7.66933
0.3	45	107.213
0.3	45	-161.641
0.3	45	93.9572
0.3	45	-84.9238
0.3	45	88.6265
0.3	45	0.0124181
0.3	45	-94.8929
0.3	45	148.442
0.3	45	-88.2083
0.3	45	142.201
0.3	45	8.27263
0.3	45	-75.722
0.3	45	-37.3249
0.3	45	-59.2547
0.3	45	161.525
0.3	45	-54.136
0.3	45	-148
0.3	45	-103.671
0.3	45	154.445
0.3	45	172.162
0.3	45	16.5176
0.3	45	-6.1523
0.3	45	-179.145
0.3	45	-143.92
0.3	45	70.1276
0.3	45	45.5721
0.3	45	-140.565
0.3	45	-174.155
0.3	45	92.6083
0.3	45	-155.313
0.3	45	-119.592
0.3	45	-17.8697
0.3	45	83.1029
0.3	45	7.3647
0.3	45	14.5251
0.3	45	-93.7873
0.3	45	51.4493
0.3	45	-86.886
0.3	45	-31.6903
0.3	45	57.8906
0.3	45	51.7777
0.3	45	179.171
0.3	45	-93.4934
0.3	45	128.795
0.3	45	148.841
0.3	45	81.8407
0.3	45	3.63175
0.3	45	63.2945
0.3	45	150.051
0.3	45	-93.1746
0.3	45	30.6197
0.3	45	5.27871
0.3	45	-49.7838
0.3	45	68.1693
0.3	45	98.9387
0.3	45	120.902
0.3	45	124.761
0.3	45	26.0322
0.3	45	-148.652
0.3	45	-173.863
0.3	45	61.237
0.3	45	-85.3513
0.3	45	91.0008
0.3	45	-18.022
0.3	45	100.36
0.3	45	171.839
0.3	45	84.8608
0.3	45	-178.129
0.3	45	0.063258
0.3	45	2.15163
0.3	45	-96.961
0.3	45	34.9562
0.3	45	-151.218
0.3	45	93.0337
0.3	45	110.152
0.3	45	112.467
0.3	45	138.604
0.3	45	-58.5759
0.3	45	166.199
0.3	45	-105.161
0.3	45	-48.048
0.3	45	175.012
0.3	45	93.464
0.3	45	106.257
0.3	45	168.705
0.3	45	130.918
0.3	45	134.077
0.3	45	81.3481
0.3	45	10.5728
0.3	45	85.4705
0.3	45	-159.664
0.3	45	98.9341
0.3	45	135.208
0.3	45	-83.363
0.3	45	-78.3241
0.3	45	-96.9769
0.3	45	-29.8279
0.3	45	-6.61577
0.3	45	151.857
0.3	45	6.61196
0.3	45	-29.5759
0.3	45	-61.1146
0.3	45	155.688
0.3	45	-158.677
0.3	45	134.053
0.3	45	54.0938
0.3	45	160.668
0.3	45	-83.5476
0.3	45	167.947
0.3	45	30.8092
0.3	45	-18.782
0.3	45	26.6198
0.3	45	-34.2207
0.3	45	-159.896
0.3	45	137.073
0.3	45	-134.87
0.3	45	-147.458
0.3	45	-75.1995
0.3	45	130.386
0.3	45	-167.921
0.3	45	-24.1075
0.3	45	16.5008
0.3	45	-71.4097
0.3	45	23.3203
0.3	45	26.4897
0.3	45	64.579
0.3	45	36.2602
0.3	45	113.019
0.3	45	98.1922
0.3	45	-93.7322
0.3	45	-117.653
0.3	45	-53.401
0.3	45	171.443
0.3	45	112.039
0.3	45	-162.414
0.3	45	-3.81368
0.3	45	176.876
0.3	45	159.948
0.3	45	-14.8549
0.3	45	12.2846
0.3	45	152.458
0.3	45	146.255
0.3	45	-109.105
0.3	45	90.1167
0.3	45	-55.1327
0.3	45	-91.6041
0.3	45	-170.646
0.3	45	65.9977
0.3	45	-52.2372
0.3	45	-32.8425
0.3	45	14.3182
0.3	45	-9.99047
0.3	45	-174.486
0.3	45	58.3606
0.3	45	100.095
0.3	45	-16.7379
0.3	45	-108.436
0.3	45	-105.644
0.3	45	170.738
0.3	45	84.7273
0.3	45	-159.83
0.3	45	-84.6126
0.3	45	-58.1601
0.3	45	-153.675
0.3	45	-31.1856
0.3	45	-147.77
0.3	45	-123.155
0.3	45	-137.355
0.3	45	7.65507
0.3	45	-126.932
0.3	45	4.35691
0.3	45	87.7211
0.3	45	-115.103
0.3	45	-14.9752
0.3	45	117.089
0.3	45	-172.874
0.3	45	164.454
0.3	45	-145.264
0.3	45	169.903
0.3	45	66.2293
0.3	45	140.29
0.3	45	-170.551
0.3	45	103.6
0.3	45	115.566
0.3	45	84.3836
0.3	45	-167.294
0.3	45	88.5479
0.3	45	22.4566
0.3	45	72.6603
0.3	45	104.072
0.3	45	-123.344
0.3	45	99.8336
0.3	45	99.5256
0.3	45	-96.0176
0.3	45	164.032
0.3	45	15.7395
0.3	45	101.465
0.3	45	157.166
0.3	45	-132.528
0.3	45	-14.2197
0.3	45	-146.58
0.3	45	101.822
0.3	45	-38.9355
0.3	45	165.396
0.3	45	-144.132
0.3	45	149.255
0.3	45	-9.42641
0.3	45	28.2023
0.3	45	-115.358
0.3	45	173.832
0.3	45	110.168
0.3	45	-58.5643
0.3	45	-143.637
0.3	45	68.1406
0.3	45	12.0454
0.3	45	2.51964
0.3	45	-112.812
0.3	45	-114.316
0.3	45	-0.834412
0.3	45	14.2065
0.3	45	177.313
0.3	45	-160.802
0.3	45	52.1175
0.3	45	45.3317
0.3	45	158.308
0.3	45	90.8402
0.3	45	72.6765
0.3	45	15.9118
0.3	45	-164.85
0.3	45	104.245
0.3	45	-140.728
0.3	45	69.0181
0.3	45	-55.496
0.3	45	-141.877
0.3	45	-2.30496
0.3	45	-41.8143
0.3	45	172.606
0.3	45	-121.032
0.3	45	-161.051
0.3	45	25.2057
0.3	45	-57.5729
0.3	45	60.8077
0.3	45	86.71
0.3	45	-54.2737
0.3	45	-29.5102
0.3	45	82.0525
0.3	45	11.4668
0.3	45	-145.978
0.3	45	1.75263
0.3	45	-166.794
0.3	45	94.4646
0.3	45	39.2162
0.3	45	-146.673
0.3	45	171.284
0.3	45	101.054
0.3	45	44.2432
0.3	45	-93.3015
0.3	45	76.0438
0.3	45	-113.809
0.3	45	12.6766
0.3	45	170.894
0.3	45	127.151
0.3	45	135.792
0.3	45	80.3729
0.3	45	-65.1289
0.3	45	9.00823
0.3	45	11.4103
0.3	45	-119.908
0.3	45	27.8701
0.3	45	-134.181
0.3	45	-35.5362
0.3	45	-102.345
0.3	45	164.643
0.3	45	106.32
0.3	45	-122.622
0.3	45	155.117
0.3	45	155.223
0.3	45	60.342
0.3	45	6.61014
0.3	45	-83.7573
0.3	45	-175.974
0.3	45	-24.1282
0.3	45	99.0964
0.3	45	-83.4492
0.3	45	57.4424
0.3	45	91.413
0.3	45	146.694
0.3	45	-36.221
0.3	45	-75.1157
0.3	45	32.5875
0.3	45	-45.3512
0.3	45	-130.502
0.3	45	129.178
0.3	45	-59.7985
0.3	45	-72.3829
0.3	45	-170.846
0.3	45	-13.5708
0.3	45	-143.434
0.3	45	135.938
0.3	45	-140.853
0.3	45	46.1747
0.3	45	-130.645
0.3	45	122.172
0.3	45	173.889
0.3	45	80.6447
0.3	45	36.7778
0.3	45	-11.162
0.3	45	136.248
0.3	45	131.032
0.3	45	177.531
0.3	45	-12.266
0.3	45	-122.045
0.3	45	-6.69148
0.3	45	11.7721
0.3	45	-143.621
0.3	45	-173.238
0.3	45	-112.815
0.3	45	-58.0427
0.3	45	96.2241
0.3	45	-128.253
0.3	45	-2.99602
0.3	45	-107.432
0.3	45	-107.504
0.3	45	87.2297
0.3	45	112.803
0.3	45	-95.8279
0.3	45	-168.246
0.3	45	-130.439
0.3	45	104.178
0.3	45	-50.4208
0.3	45	136.48
0.3	45	152.338
0.3	45	-77.328
0.3	45	157.34
0.3	45	39.259
0.3	45	-70.4367
0.3	45	150.317
0.3	45	-34.8976
0.3	45	-53.2771
0.3	45	82.5267
0.3	45	-66.8496
0.3	45	172.3
0.3	45	-97.2101
0.3	45	108.82
0.3	45	-85.4278
0.3	45	-159.862
0.3	45	138.269
0.3	45	119.642
0.3	45	-136.453
0.3	45	-0.417795
0.3	45	-100.969
0.3	45	147.284
0.3	45	81.1823
0.3	45	130.914
0.3	45	-128.974
0.3	45	61.6796
0.3	45	-76.9814
0.3	45	100.757
0.3	45	3.42856
0.3	45	-169.228
0.3	45	36.2815
0.3	45	-120.402
0.3	45	-57.6761
0.3	45	50.8882
0.3	45	-72.0035
0.3	45	3.24661
0.3	45	-29.2933
0.3	45	-0.459064
0.3	45	-105.195
0.3	45	131.238
0.3	45	14.7246
0.3	45	2.05579
0.3	45	-21.3326
0.3	45	-51.0469
0.3	45	106.421
0.3	45	-87.2307
0.3	45	-24.6608
0.3	45	-25.3791
0.3	45	-81.8469
0.3	45	-5.42539
0.3	45	-24.824
0.3	45	62.6278
0.3	45	84.7643
0.3	45	-123.052
0.3	45	-82.5707
0.3	45	-98.6346
0.3	45	9.6195
0.3	45	106.061
0.3	45	45.5798
0.3	45	-14.9697
0.3	45	-30.6361
0.3	45	127.121
0.3	45	-179.959
0.3	45	-24.1874
0.3	45	3.82309
0.3	45	107.2
0.3	45	59.8572
0.3	45	-151.003
0.3	45	81.3645
0.3	45	-13.5218
0.3	45	-97.2828
0.3	45	-167.535
0.3	45	136.665
0.3	45	-141.998
0.3	45	86.2152
0.3	45	-135.902
0.3	45	-109.956
0.3	45	-152.375
0.3	45	43.7999
0.3	45	-56.6575
0.3	45	117.619
0.3	45	160.536
0.3	45	-37.6932
0.3	45	-27.3312
0.3	45	-55.3403
0.3	45	-82.5295
0.3	45	-95.406
0.3	45	62.313
0.3	45	147.257
0.3	45	160.264
0.3	45	156.942
0.3	45	-162.391
0.3	45	-64.2892
0.3	45	-37.1863
0.3	45	-72.5916
0.3	45	22.5089
0.3	45	-47.1876
0.3	45	58.4948
0.3	45	131.589
0.3	45	-38.222
0.3	45	-178.602
0.3	45	-89.7595
0.3	45	79.2125
0.3	45	137.461
0.3	45	-45.7738
0.25	-45	50.0665
0.25	-45	-14.6986
0.25	-45	178.826
0.25	-45	-125.149
0.25	-45	-52.0384
0.25	-45	-129.876
0.25	-45	90.8003
0.25	-45	-100.271
0.25	-45	-123.24
0.25	-45	-150.402
0.25	-45	13.0082
0.25	-45	59.6519
0.25	-45	151.446
0.25	-45	118.227
0.25	-45	-7.97093
0.25	-45	-107.803
0.25	-45	100.496
0.25	-45	34.0529
0.25	-45	165.177
0.25	-45	-78.7888
0.25	-45	170.772
0.25	-45	-120.77
0.25	-45	118.868
0.25	-45	-141.16
0.25	-45	143.864
0.25	-45	-120.8
0.25	-45	-145.926
0.25	-45	-16.481
0.25	-45	-125.359
0.25	-45	137.354
0.25	-45	-160.324
0.25	-45	48.9328
0.25	-45	41.6233
0.25	-45	-170.536
0.25	-45	-87.481
0.25	-45	114.613
0.25	-45	170.149
0.25	-45	-15.144
0.25	-45	-122.285
0.25	-45	-111.783
0.25	-45	-116.15
0.25	-45	154.961
0.25	-45	15.1917
0.25	-45	-63.8765
0.25	-45	-148.898
0.25	-45	-175.057
0.25	-45	-13.7114
0.25	-45	-126.762
0.25	-45	104.951
0.25	-45	35.8791
0.25	-45	-70.1743
0.25	-45	-75.2676
0.25	-45	17.0612
0.25	-45	41.6605
0.25	-45	18.5534
0.25	-45	-47.7758
0.25	-45	-47.4355
0.25	-45	-96.1777
0.25	-45	-136.413
0.25	-45	28.5528
0.25	-45	149.674
0.25	-45	98.8837
0.25	-45	135.308
0.25	-45	-111.254
0.25	-45	167.748
0.25	-45	145.94
0.25	-45	117.959
0.25	-45	56.0398
0.25	-45	-174.687
0.25	-45	132.634
0.25	-45	-67.5373
0.25	-45	77.3723
0.25	-45	9.46704
0.25	-45	-131.692
0.25	-45	38.8891
0.25	-45	-131.533
0.25	-45	-98.5989
0.25	-45	-115.541
0.25	-45	-112.82
0.25	-45	-133.859
0.25	-45	116.314
0.25	-45	-75.9893
0.25	-45	21.7591
0.25	-45	-109.559
0.25	-45	-116.129
0.25	-45	-115.345
0.25	-45	-7.74022
0.25	-45	-150.13
0.25	-45	110.773
0.25	-45	94.7517
0.25	-45	82.1091
0.25	-45	50.5304
0.25	-45	57.7014
0.25	-45	22.887
0.25	-45	40.0321
0.25	-45	10.824
0.25	-45	-66.9719
0.25	-45	49.9499
0.25	-45	171.223
0.25	-45	175.031
0.25	-45	-9.21638
0.25	-45	-106.137
0.25	-45	101.646
0.25	-45	-47.0256
0.25	-45	30.5916
0.25	-45	-56.9449
0.25	-45	-164.487
0.25	-45	176.04
0.25	-45	-151.319
0.25	-45	-80.8001
0.25	-45	55.2979
0.25	-45	-31.0169
0.25	-45	-32.501
0.25	-45	82.9337
0.25	-45	106.41
0.25	-45	15.6729
0.25	-45	59.6816
0.25	-45	49.4441
0.25	-45	-135.905
0.25	-45	-68.3863
0.25	-45	-53.4056
0.25	-45	27.4598
0.25	-45	-77.1536
0.25	-45	-159.913
0.25	-45	-119.2
0.25	-45	33.6496
0.25	-45	143.291
0.25	-45	86.755
0.25	-45	19.6399
0.25	-45	-76.369
0.25	-45	75.0285
0.25	-45	179.04
0.25	-45	75.259
0.25	-45	-9.60217
0.25	-45	49.0292
0.25	-45	145.252
0.25	-45	-14.5294
0.25	-45	-72.8539
0.25	-45	-55.9631
0.25	-45	75.0961
0.25	-45	-143.719
0.25	-45	-134.705
0.25	-45	128.836
0.25	-45	-9.77374
0.25	-45	46.4403
0.25	-45	-100.525
0.25	-45	143.944
0.25	-45	136.184
0.25	-45	10.9684
0.25	-45	-42.5964
0.25	-45	55.9397
0.25	-45	-103.664
0.25	-45	106.545
0.25	-45	142.831
0.25	-45	-126.971
0.25	-45	-175.477
0.25	-45	114.784
0.25	-45	-171.738
0.25	-45	132.515
0.25	-45	-73.794
0.25	-45	66.1945
0.25	-45	59.4949
0.25	-45	-12.7566
0.25	-45	43.8102
0.25	-45	63.6106
0.25	-45	-29.8706
0.25	-45	-59.589
0.25	-45	-131.405
0.25	-45	-146.772
0.25	-45	152.92
0.25	-45	96.1094
0.25	-45	178.618
0.25	-45	32.9599
0.25	-45	160.934
0.25	-45	61.2179
0.25	-45	91.0043
0.25	-45	8.82775
0.25	-45	138.922
0.25	-45	-169.592
0.25	-45	-62.5665
0.25	-45	0.960522
0.25	-45	159.732
0.25	-45	179.093
0.25	-45	-132.444
0.25	-45	22.4875
0.25	-45	-3.68898
0.25	-45	-121.871
0.25	-45	-138.609
0.25	-45	14.1289
0.25	-45	115.397
0.25	-45	-136.885
0.25	-45	-113.706
0.25	-45	85.9007
0.25	-45	172.604
0.25	-45	-127.484
0.25	-45	117.331
0.25	-45	-154.637
0.25	-45	170.229
0.25	-45	-174.477
0.25	-45	94.3753
0.25	-45	73.3103
0.25	-45	70.5449
0.25	-45	-90.7526
0.25	-45	-3.92509
0.25	-45	162.416
0.25	-45	75.0021
0.25	-45	170.193
0.25	-45	-121.521
0.25	-45	146.456
0.25	-45	3.5059
0.25	-45	-86.2922
0.25	-45	-130.009
0.25	-45	-5.66443
0.25	-45	-125.685
0.25	-45	31.7385
0.25	-45	-78.895
0.25	-45	-15.5373
0.25	-45	77.8296
0.25	-45	-129.101
0.25	-45	-162.637
0.25	-45	149.609
0.25	-45	98.6933
0.25	-45	-127.928
0.25	-45	-84.9836
0.25	-45	-12.2758
0.25	-45	-150.454
0.25	-45	177.981
0.25	-45	-60.2257
0.25	-45	-113.028
0.25	-45	67.2616
0.25	-45	10.5911
0.25	-45	-110.866
0.25	-45	-17.3196
0.25	-45	-165.387
0.25	-45	8.24135
0.25	-45	36.4693
0.25	-45	-106.89
0.25	-45	-17.1934
0.25	-45	-52.7149
0.25	-45	62.8436
0.25	-45	73.5986
0.25	-45	-44.2108
0.25	-45	-58.6868
0.25	-45	-9.16959
0.25	-45	-31.7671
0.25	-45	-32.3912
0.25	-45	-172.52
0.25	-45	125.281
0.25	-45	90.2947
0.25	-45	19.0454
0.25	-45	160.699
0.25	-45	9.28505
0.25	-45	72.3549
0.25	-45	17.2427
0.25	-45	-162.706
0.25	-45	52.9755
0.25	-45	50.9649
0.25	-45	-14.3858
0.25	-45	-151.641
0.25	-45	174.896
0.25	-45	44.3468
0.25	-45	138.343
0.25	-45	-135.537
0.25	-45	36.6706
0.25	-45	54.9061
0.25	-45	-156.586
0.25	-45	135.918
0.25	-45	-127.713
0.25	-45	-32.9367
0.25	-45	-106.132
0.25	-45	131.367
0.25	-45	-74.8123
0.25	-45	104.538
0.25	-45	119.149
0.25	-45	-120.001
0.25	-45	-132.955
0.25	-45	165.746
0.25	-45	171.2
0.25	-45	-142.716
0.25	-45	-153.739
0.25	-45	11.0674
0.25	-45	139.627
0.25	-45	38.5331
0.25	-45	-106.137
0.25	-45	-117.426
0.25	-45	-121.216
0.25	-45	24.3446
0.25	-45	-88.5719
0.25	-45	-110.945
0.25	-45	-146.215
0.25	-45	53.8733
0.25	-45	134.928
0.25	-45	-116.611
0.25	-45	-76.8399
0.25	-45	90.8658
0.25	-45	-59.2924
0.25	-45	-6.72825
0.25	-45	177.421
0.25	-45	137.247
0.25	-45	109.264
0.25	-45	1.0173
0.25	-45	-159.614
0.25	-45	-137.615
0.25	-45	-108.25
0.25	-45	73.9683
0.25	-45	-173.002
0.25	-45	-99.4499
0.25	-45	-177.363
0.25	-45	-123.173
0.25	-45	-74.9626
0.25	-45	-71.5589
0.25	-45	-136.267
0.25	-45	-83.477
0.25	-45	-88.8761
0.25	-45	128.408
0.25	-45	-129.857
0.25	-45	175.664
0.25	-45	-139.314
0.25	-45	109.299
0.25	-45	171.426
0.25	-45	-108.665
0.25	-45	-100.431
0.25	-45	141.718
0.25	-45	-137.724
0.25	-45	23.0818
0.25	-45	104.845
0.25	-45	98.1599
0.25	-45	-72.4478
0.25	-45	64.3564
0.25	-45	-177.983
0.25	-45	-39.7935
0.25	-45	-102.402
0.25	-45	-6.6742
0.25	-45	136.587
0.25	-45	179.045
0.25	-45	-140.4
0.25	-45	-105.991
0.25	-45	-44.8723
0.25	-45	-154.912
0.25	-45	-171.491
0.25	-45	81.642
0.25	-45	-9.45905
0.25	-45	143.739
0.25	-45	-87.0091
0.25	-45	44.12
0.25	-45	5.48696
0.25	-45	156.829
0.25	-45	-105.157
0.25	-45	84.3281
0.25	-45	58.6789
0.25	-45	160.909
0.25	-45	111.388
0.25	-45	67.316
0.25	-45	-70.4754
0.25	-45	23.9413
0.25	-45	-109.389
0.25	-45	67.3909
0.25	-45	-107.189
0.25	-45	-88.2732
0.25	-45	-76.1843
0.25	-45	-110.939
0.25	-45	97.5111
0.25	-45	38.0934
0.25	-45	-145.451
0.25	-45	57.6325
0.25	-45	-142.479
0.25	-45	60.1137
0.25	-45	-31.2283
0.25	-45	-165.463
0.25	-45	52.8516
0.25	-45	-64.6391
0.25	-45	-66.1776
0.25	-45	-172.606
0.25	-45	119.56
0.25	-45	-52.3626
0.25	-45	12.5207
0.25	-45	-134.978
0.25	-45	56.4932
0.25	-45	-72.1331
0.25	-45	28.9645
0.25	-45	-4.22589
0.25	-45	145.459
0.25	-45	-14.7749
0.25	-45	-40.7924
0.25	-45	-137.404
0.25	-45	76.0101
0.25	-45	101.127
0.25	-45	-151.841
0.25	-45	-110.42
0.25	-45	-136.611
0.25	-45	-43.0974
0.25	-45	62.2014
0.25	-45	118.498
0.25	-45	-73.0594
0.25	-45	-1.01383
0.25	-45	-132.611
0.25	-45	157.572
0.25	-45	-90.1152
0.25	-45	-115.511
0.25	-45	-1.221
0.25	-45	-176.195
0.25	-45	34.3179
0.25	-45	-122.685
0.25	-45	-69.5041
0.25	-45	73.9206
0.25	-45	-61.4415
0.25	-45	-15.5979
0.25	-45	154.353
0.25	-45	-67.795
0.25	-45	107.758
0.25	-45	62.4579
0.25	-45	-59.4933
0.25	-45	175.094
0.25	-45	-31.6583
0.25	-45	-25.0596
0.25	-45	35.0574
0.25	-45	-131.399
0.25	-45	-83.4763
0.25	-45	-134.14
0.25	-45	-103.953
0.25	-45	-93.109
0.25	-45	-145.194
0.25	-45	-169.894
0.25	-45	88.2073
0.25	-45	-127.333
0.25	-45	167.228
0.25	-45	110.919
0.25	-45	129.052
0.25	-45	7.57157
0.25	-45	173.537
0.25	-45	-60.1034
0.25	-45	94.2759
0.25	-45	133.365
0.25	-45	-154.46
0.25	-45	-13.3757
0.25	-45	99.3479
0.25	-45	-95.7619
0.25	-45	34.9354
0.25	-45	26.1474
0.25	-45	177.736
0.25	-45	-43.2867
0.25	-45	64.3259
0.25	-45	-175.207
0.25	-45	-106.082
0.25	-45	-113.2
0.25	-45	75.2689
0.25	-45	77.6782
0.25	-45	-50.1867
0.25	-45	-85.7157
0.25	-45	-164.231
0.25	-45	-134.398
0.25	-45	177.248
0.25	-45	-61.9876
0.25	-45	-12.1678
0.25	-45	54.7613
0.25	-45	111.166
0.25	-45	7.13972
0.25	-45	-167.89
0.25	-45	-152.704
0.25	-45	-31.4476
0.25	-45	153.389
0.25	-45	-122.964
0.25	-45	-58.5076
0.25	-45	109.017
0.25	-45	-117.176
0.25	-45	141.474
0.25	-45	-80.3686
0.25	-45	35.6647
0.25	-45	-83.3925
0.25	-45	-139.566
0.25	-45	20.8216
0.25	-45	-22.015
0.25	-45	-61.0098
0.25	-45	-37.8327
0.25	-45	-18.1406
0.25	-45	-90.6949
0.25	-45	133.082
0.25	-45	151.922
0.25	-45	-43.9214
0.25	-45	157.471
0.25	-45	2.83366
0.25	-45	-95.1812
0.25	-45	75.3715
0.25	-45	144.326
0.25	-45	-113.953
0.25	-45	166.235
0.25	-45	-119.963
0.25	-45	-114.501
0.25	-45	141.697
0.25	-45	75.8075
0.25	-45	166.327
0.25	-45	-104.115
0.25	-45	-98.9328
0.25	-45	93.0768
0.25	-45	79.5092
0.25	-45	-56.8227
0.25	-45	30.1801
0.25	-45	-114.616
0.25	-45	177.076
0.25	-45	91.5169
0.25	-45	102.042
0.25	-45	-162.895
0.25	-45	67.9491
0.25	-45	-161.498
0.25	-45	142.536
0.25	-45	-126.747
0.25	-45	27.8111
0.25	-45	-44.4527
0.25	-45	-97.1029
0.25	-45	129.144
0.25	-45	122.87
0.25	-45	118.32
0.25	-45	19.2382
0.25	-45	-57.5839
0.25	-45	-89.0885
0.25	-45	-148.015
0.25	-45	-176.441
0.25	-45	139.954
0.25	-45	131.105
0.25	-45	-27.2904
0.25	-45	-37.2297
0.25	-45	-80.6088
0.25	-45	72.6171
0.25	-45	58.8382
0.25	-45	-40.9557
0.25	-45	122.132
0.25	-45	-165.798
0.25	-45	-172.225
0.25	-45	9.676
0.25	-45	-155.723
0.25	-45	102.333
0.25	-45	-118.147
0.25	-45	133.749
0.25	-45	-134.144
0.25	-45	-99.2668
0.25	-45	-117.721
0.25	-45	-3.67247
0.25	-45	-2.64368
0.25	-45	-79.7119
0.25	-45	114.636
0.25	-45	93.8413
0.25	-45	100.178
0.25	-45	28.4838
0.25	-45	-147.433
0.25	-45	90.3123
0.25	-45	90.4348
0.25	-45	-87.4963
0.25	-45	83.6955
0.25	-45	30.9674
0.25	-45	-54.8061
0.25	-45	-154.964
0.25	-45	-114.62
0.25	-45	15.8497
0.25	-45	-3.78657
0.25	-45	-130.778
0.25	-45	17.1969
0.25	-45	109.565
0.25	-45	166.284
0.25	-45	22.2086
0.25	-45	-133.965
0.25	-45	-7.46627
0.25	-45	-173.978
0.25	-45	2.48562
0.25	-45	145.629
0.25	-45	15.326
0.25	-45	-5.98757
0.25	-45	-88.8686
0.25	-45	18.4089
0.25	-45	157.363
0.25	-45	82.8898
0.25	-45	66.3302
0.25	-45	-163.241
0.25	-45	-162.522
0.25	-45	89.0501
0.25	-45	21.6557
0.25	-45	113.511
0.25	-45	-172.88
0.25	-45	8.5001
0.25	-45	-37.9872
0.25	-45	-57.3099
0.25	-45	21.5219
0.25	-45	41.9429
0.25	-45	-164.876
0.25	-45	-43.8795
0.25	-45	119.662
0.25	-45	133.718
0.25	-45	-27.9577
0.25	-45	62.6376
0.25	-45	79.5701
0.25	-45	-38.2288
0.25	-45	-72.474
0.25	-45	-165.675
0.25	-45	124.631
0.25	-45	16.3088
0.25	-45	-108.327
0.25	-45	116.672
0.25	-45	-169.242
0.25	-45	21.9659
0.25	-45	159.419
0.25	-45	-161.882
0.25	-45	96.0998
0.25	-45	-150.001
0.25	-45	128.483
0.25	-45	147.817
0.25	-45	179.294
0.25	-45	-45.4253
0.25	-45	31.4018
0.25	-45	-92.1763
0.25	-45	105.402
0.25	-45	-159.629
0.25	-45	124.592
0.25	-45	-62.1113
0.25	-45	117.854
0.25	-45	-35.1712
0.25	-45	-171.547
0.25	-45	-81.3344
0.25	-45	-58.3473
0.25	-45	-90.6991
0.25	-45	-128.045
0.25	-45	-73.7684
0.25	-45	6.08192
0.25	-45	59.3888
0.25	-45	-127.525
0.25	-45	-172.657
0.25	-45	-125.56
0.25	-45	2.10015
0.25	-45	16.2284
0.25	-45	-35.215
0.25	-45	-8.92127
0.25	-45	129.409
0.25	-45	100.715
0.25	-45	-54.7644
0.25	-45	-82.2554
0.25	-45	129.504
0.25	-45	-6.70257
0.25	-45	-155.668
0.25	-45	-170.971
0.25	-45	-36.4263
0.25	-45	-134.108
0.25	-45	-169.157
0.25	-45	-14.0528
0.25	-45	79.5591
0.25	-45	16.665
0.25	-45	-57.822
0.25	-45	-82.3366
0.25	-45	155.796
0.25	-45	-46.11
0.25	-45	89.4048
0.25	-45	-50.2766
0.25	-45	157.639
0.25	-45	-12.6176
0.25	-45	5.94762
0.25	-45	168.186
0.25	-45	89.4619
0.25	-45	167.954
0.25	-45	-170.891
0.25	-45	14.0685
0.25	-45	-133.092
0.25	-45	-92.6721
0.25	-45	-7.83699
0.25	-45	-127.927
0.25	-45	52.4508
0.25	-45	-112.379
0.25	-45	51.9537
0.25	-45	152.96
0.25	-45	-162.959
0.25	-45	176.611
0.25	-45	-16.0644
0.25	-45	134.387
0.25	-45	-152.691
0.25	-45	-167.82
0.25	-45	-39.5785
0.25	-45	76.9638
0.25	-45	36.5138
0.25	-45	-178.348
0.25	-45	151.256
0.25	-45	-28.0452
0.25	-45	26.9369
0.25	-45	21.8003
0.25	-45	-174.87
0.25	-45	56.9265
0.25	-45	53.2293
0.25	-45	148.537
0.25	-45	-43.7861
0.25	-45	-1.04212
0.25	-45	11.5839
0.25	-45	23.6876
0.25	-45	44.2843
0.25	-45	70.3248
0.25	-45	-67.6712
0.25	-45	-17.0029
0.25	-45	116.145
0.25	-45	107.911
0.25	-45	-108.69
0.25	-45	79.3358
0.25	-45	-130.271
0.25	-45	-62.1568
0.25	-45	-36.6875
0.25	-45	-122.554
0.25	-45	105.76
0.25	-45	-91.2777
0.25	-45	178.624
0.25	-45	178.399
0.25	-45	34.4794
0.25	-45	-167.3
0.25	-45	175.328
0.25	-45	27.104
0.25	-45	-58.1641
0.25	-45	-76.8061
0.25	-45	101.937
0.25	-45	-3.72609
0.25	-45	65.8631
0.25	-45	-142.786
0.25	-45	89.2136
0.25	-45	-78.051
0.25	-45	-115.033
0.25	-45	-159.915
0.25	-45	47.5504
0.25	-45	-151.249
0.25	-45	-76.0946
0.25	-45	0.651699
0.25	-45	-153.748
0.25	-45	-67.3177
0.25	-45	-44.1696
0.25	-45	-63.4537
0.25	-45	-3.58471
0.25	-45	45.3462
0.25	-45	12.744
0.25	-45	-158.673
0.25	-45	-25.9454
0.25	-45	-28.6907
0.25	-45	2.22664
0.25	-45	128.467
0.25	-45	25.2063
0.25	-45	-134.787
0.25	-45	137.87
0.25	-45	59.8258
0.25	-45	-139.734
0.25	-45	15.9295
0.25	-45	-50.9126
0.25	-45	43.0756
0.25	-45	-39.5738
0.25	-45	-118.374
0.25	-45	82.0029
0.25	-45	22.645
0.25	-45	130.902
0.25	-45	169.923
0.25	-45	-137.371
0.25	-45	-39.803
0.25	-45	-149.687
0.25	-45	129.366
0.25	-45	145.666
0.25	-45	18.842
0.25	-45	76.6251
0.25	-45	-139.4
0.25	-45	48.5429
0.25	-45	-103.429
0.25	-45	-90.7608
0.25	-45	39.6885
0.25	-45	-171.231
0.25	-45	-143.216
0.25	-45	-153.958
0.25	-45	-82.5571
0.25	-45	-103.626
0.25	-45	142.873
0.25	-45	166.31
0.25	-45	111.636
0.25	-45	-127.438
0.25	-45	-90.7967
0.25	-45	26.6602
0.25	-45	-71.4501
0.25	-45	-47.4137
0.25	-45	17.0798
0.25	-45	-74.2689
0.25	-45	-71.6866
0.25	-45	-86.4581
0.25	-45	43.7616
0.25	-45	149.548
0.25	-45	131.819
0.25	-45	-111.274
0.25	-45	-100.795
0.25	-45	110.501
0.25	-45	-3.18256
0.25	-45	91.6213
0.25	-45	123.573
0.25	-45	-62.3162
0.25	-45	-32.4273
0.25	-45	-48.9153
0.25	-45	57.1799
0.25	-45	-39.272
0.25	-45	143.336
0.25	-45	114.721
0.25	-45	92.1693
0.25	-45	101.037
0.25	-45	-168.197
0.25	-45	-114.716
0.25	-45	-155.573
0.25	-45	99.3758
0.25	-45	-61.5508
0.25	-45	25.4935
