pol	setting	phi
0.3	45	-143.762
0.3	45	166.618
0.3	45	112.194
0.3	45	156.266
0.3	45	-56.7283
0.3	45	86.2859
0.3	45	43.5274
0.3	45	175.017
0.3	45	-44.7582
0.3	45	-161.933
0.3	45	-58.0646
0.3	45	164.947
0.3	45	-20.2081
0.3	45	98.6466
0.3	45	163.626
0.3	45	-61.9833
0.3	45	-11.7443
0.3	45	165.146
0.3	45	-157.12
0.3	45	70.0796
0.3	45	170.795
0.3	45	-178.235
0.3	45	-109.059
0.3	45	-85.8707
0.3	45	-99.7174
0.3	45	14.8163
0.3	45	-148.903
0.3	45	-14.9221
0.3	45	-22.3799
0.3	45	119.796
0.3	45	159.303
0.3	45	-137.809
0.3	45	-147.276
0.3	45	166.548
0.3	45	-73.0244
0.3	45	-119.078
0.3	45	56.6521
0.3	45	-26.6238
0.3	45	-165.3
0.3	45	-142.718
0.3	45	101.783
0.3	45	-81.8791
0.3	45	52.2957
0.3	45	136.932
0.3	45	151.896
0.3	45	-110.582
0.3	45	-78.1689
0.3	45	22.7195
0.3	45	-90.0098
0.3	45	-137.163
0.3	45	130.084
0.3	45	-20.2126
0.3	45	-115.863
0.3	45	34.5903
0.3	45	145.906
0.3	45	-15.0844
0.3	45	-61.6529
0.3	45	114.619
0.3	45	164.244
0.3	45	-25.215
0.3	45	129.036
0.3	45	122.797
0.3	45	122.917
0.3	45	50.5146
0.3	45	72.033
0.3	45	176.326
0.3	45	-157.783
0.3	45	-132.595
0.3	45	46.2757
0.3	45	140.704
0.3	45	-177.885
0.3	45	-67.339
0.3	45	-144.628
0.3	45	6.43197
0.3	45	-144.59
0.3	45	9.49642
0.3	45	110.793
0.3	45	-167.027
0.3	45	-30.0763
0.3	45	145.449
0.3	45	98.7154
0.3	45	-38.656
0.3	45	-42.139
0.3	45	52.901
0.3	45	-38.608
0.3	45	101.835
0.3	45	-43.8236
0.3	45	-87.8829
0.3	45	54.2178
0.3	45	-30.4053
0.3	45	-160.989
0.3	45	16.5995
0.3	45	76.2637
0.3	45	35.4197
0.3	45	-150.993
0.3	45	-97.6431
0.3	45	-58.9097
0.3	45	-159.123
0.3	45	-69.5248
0.3	45	-31.8689
0.3	45	72.9523
0.3	45	-40.2589
0.3	45	32.5941
0.3	45	89.8694
0.3	45	-34.9058
0.3	45	-114.385
0.3	45	5.11699
0.3	45	-163.619
0.3	45	65.3764
0.3	45	-7.06314
0.3	45	146.59
0.3	45	-97.4461
0.3	45	-40.2088
0.3	45	-175.885
0.3	45	-22.0088
0.3	45	157.738
0.3	45	5.49069
0.3	45	159.533
0.3	45	-16.3863
0.3	45	126.484
0.3	45	-88.975
0.3	45	-119.51
0.3	45	-13.2511
0.3	45	74.6558
0.3	45	153.033
0.3	45	-70.947
0.3	45	-158.5
0.3	45	74.6775
0.3	45	152.638
0.3	45	-112.92
0.3	45	-55.1739
0.3	45	70.332
0.3	45	-117.867
0.3	45	-37.3598
0.3	45	131.304
0.3	45	179.093
0.3	45	95.0348
0.3	45	-15.1439
0.3	45	-113.133
0.3	45	176.932
0.3	45	-75.9702
0.3	45	-106.461
0.3	45	100.4
0.3	45	-164.658
0.3	45	-176.052
0.3	45	172.804
0.3	45	137.069
0.3	45	-20.8472
0.3	45	-88.9592
0.3	45	86.7108
0.3	45	-176.78
0.3	45	133.726
0.3	45	122.407
0.3	45	1.56537
0.3	45	-136.107
0.3	45	-146.619
0.3	45	-61.4563
0.3	45	136.899
0.3	45	-97.6696
0.3	45	-129.961
0.3	45	151.605
0.3	45	38.4864
0.3	45	65.0559
0.3	45	59.0212
0.3	45	-99.6972
0.3	45	-23.4023
0.3	45	-157.171
0.3	45	92.027
0.3	45	168.503
0.3	45	148.577
0.3	45	26.6984
0.3	45	124.939
0.3	45	-137.98
0.3	45	65.5779
0.3	45	101.874
0.3	45	37.7102
0.3	45	-1.54429
0.3	45	-26.5941
0.3	45	-54.617
0.3	45	142.825
0.3	45	-82.14
0.3	45	-134.788
0.3	45	-127.14
0.3	45	94.1424
0.3	45	-40.5968
0.3	45	-151.309
0.3	45	2.89795
0.3	45	165.466
0.3	45	-161.866
0.3	45	-29.8896
0.3	45	-125.064
0.3	45	109.578
0.3	45	62.4576
0.3	45	178.7
0.3	45	-164.603
0.3	45	19.102
0.3	45	-20.5878
0.3	45	79.5974
0.3	45	-121.861
0.3	45	-4.08097
0.3	45	104.728
0.3	45	-67.9589
0.3	45	179.053
0.3	45	-18.6187
0.3	45	-125.004
0.3	45	-36.2654
0.3	45	115.083
0.3	45	14.2622
0.3	45	144.579
0.3	45	12.1375
0.3	45	5.9548
0.3	45	-19.9975
0.3	45	-120.722
0.3	45	30.4691
0.3	45	-14.2162
0.3	45	129.975
0.3	45	-76.9145
0.3	45	-104.62
0.3	45	3.4179
0.3	45	-91.4602
0.3	45	72.3832
0.3	45	135.079
0.3	45	-81.1289
0.3	45	91.8281
0.3	45	142.318
0.3	45	-19.1456
0.3	45	-44.8289
0.3	45	102.716
0.3	45	16.7033
0.3	45	119.257
0.3	45	-40.2993
0.3	45	50.6381
0.3	45	158.158
0.3	45	-45.7222
0.3	45	-109.656
0.3	45	-68.9469
0.3	45	25.0585
0.3	45	-109.848
0.3	45	155.639
0.3	45	-158.856
0.3	45	109.622
0.3	45	-30.134
0.3	45	18.2784
0.3	45	45.5692
0.3	45	102.282
0.3	45	99.9496
0.3	45	159.932
0.3	45	169.419
0.3	45	54.5637
0.3	45	-95.9666
0.3	45	95.3213
0.3	45	171.63
0.3	45	-77.9131
0.3	45	19.2777
0.3	45	-46.3314
0.3	45	-73.5227
0.3	45	-131.266
0.3	45	-6.416
0.3	45	-140.721
0.3	45	-143.605
0.3	45	-34.7522
0.3	45	-79.6118
0.3	45	-97.8891
0.3	45	61.1425
0.3	45	118.151
0.3	45	167.611
0.3	45	36.5613
0.3	45	-77.9092
0.3	45	173.434
0.3	45	56.6205
0.3	45	-111.911
0.3	45	-32.6407
0.3	45	-115.635
0.3	45	-19.3459
0.3	45	-99.7216
0.3	45	121.297
0.3	45	46.5726
0.3	45	42.7779
0.3	45	-45.9202
0.3	45	96.6835
0.3	45	37.6687
0.3	45	-131.946
0.3	45	31.1372
0.3	45	44.204
0.3	45	-146.827
0.3	45	-170.943
0.3	45	-1.59896
0.3	45	-77.8999
0.3	45	-120.298
0.3	45	138.755
0.3	45	158.24
0.3	45	132.145
0.3	45	113.632
0.3	45	-154.719
0.3	45	-132.995
0.3	45	-42.4861
0.3	45	1.76276
0.3	45	73.1204
0.3	45	-170.134
0.3	45	-45.0206
0.3	45	-161.276
0.3	45	-54.8204
0.3	45	24.7397
0.3	45	141.394
0.3	45	152.571
0.3	45	171.895
0.3	45	-29.0043
0.3	45	-160.629
0.3	45	-23.6145
0.3	45	-120.294
0.3	45	117.099
0.3	45	105.964
0.3	45	-75.8018
0.3	45	-20.0249
0.3	45	-36.9921
0.3	45	-20.5086
0.3	45	-83.8462
0.3	45	-141.845
0.3	45	-56.7694
0.3	45	72.446
0.3	45	-172.535
0.3	45	-25.3585
0.3	45	-57.7023
0.3	45	34.0961
0.3	45	-13.2245
0.3	45	34.9383
0.3	45	-56.1234
0.3	45	-164.747
0.3	45	33.9335
0.3	45	2.9806
0.3	45	-101.323
0.3	45	118.186
0.3	45	117.101
0.3	45	-70.4621
0.3	45	32.4329
0.3	45	105.477
0.3	45	8.93268
0.3	45	-1.11932
0.3	45	78.5438
0.3	45	-18.1442
0.3	45	-152.796
0.3	45	9.75019
0.3	45	-28.0055
0.3	45	91.3968
0.3	45	-80.5494
0.3	45	151.209
0.3	45	-71.5628
0.3	45	-68.3853
0.3	45	135.354
0.3	45	-106.403
0.3	45	-114.735
0.3	45	112.723
0.3	45	-36.7846
0.3	45	-8.21503
0.3	45	-51.1343
0.3	45	37.9361
0.3	45	7.37977
0.3	45	179.643
0.3	45	-178.928
0.3	45	35.9696
0.3	45	-92.8691
0.3	45	126.253
0.3	45	158.918
0.3	45	-89.7648
0.3	45	-81.3013
0.3	45	-139.429
0.3	45	22.0688
0.3	45	102.127
0.3	45	167.104
0.3	45	-122.34
0.3	45	3.54895
0.3	45	-40.8357
0.3	45	148.353
0.3	45	121.91
0.3	45	21.2371
0.3	45	159.099
0.3	45	102.213
0.3	45	44.8403
0.3	45	-65.7505
0.3	45	151.384
0.3	45	159.889
0.3	45	-111.401
0.3	45	98.3351
0.3	45	-6.6066
0.3	45	151.975
0.3	45	177.473
0.3	45	156.678
0.3	45	113.892
0.3	45	-40.316
0.3	45	-19.5078
0.3	45	167.534
0.3	45	-150.87
0.3	45	-104.93
0.3	45	130.462
0.3	45	6.54926
0.3	45	114.373
0.3	45	82.4535
0.3	45	-43.3472
0.3	45	76.973
0.3	45	149.542
0.3	45	-48.9912
0.3	45	113.609
0.3	45	-170.875
0.3	45	158.651
0.3	45	-22.9569
0.3	45	-72.1885
0.3	45	-154.749
0.3	45	117.685
0.3	45	13.0651
0.3	45	117.869
0.3	45	164.906
0.3	45	-28.1407
0.3	45	-24.4236
0.3	45	80.0848
0.3	45	126.393
0.3	45	25.6891
0.3	45	48.1939
0.3	45	-93.39
0.3	45	90.9182
0.3	45	152.51
0.3	45	100.228
0.3	45	-35.1196
0.3	45	98.4851
0.3	45	-111.655
0.3	45	116.956
0.3	45	-165.237
0.3	45	-23.9509
0.3	45	-136.481
0.3	45	-145.285
0.3	45	97.1551
0.3	45	144
0.3	45	110.034
0.3	45	-89.8097
0.3	45	30.9956
0.3	45	-3.3834
0.3	45	8.71897
0.3	45	-80.1059
0.3	45	70.5884
0.3	45	-144.825
0.3	45	156.492
0.3	45	102.381
0.3	45	52.5884
0.3	45	-48.1739
0.3	45	119.355
0.3	45	-142.785
0.3	45	-162.305
0.3	45	52.5214
0.3	45	0.700647
0.3	45	-123.534
0.3	45	-17.9889
0.3	45	114.918
0.3	45	156.276
0.3	45	122.695
0.3	45	-96.3575
0.3	45	-128.51
0.3	45	15.2434
0.3	45	77.658
0.3	45	166.468
0.3	45	164.416
0.3	45	66.4851
0.3	45	42.51
0.3	45	118.701
0.3	45	-52.0566
0.3	45	-87.1898
0.3	45	49.7024
0.3	45	141.165
0.3	45	-77.3163
0.3	45	-121.048
0.3	45	117.163
0.3	45	-20.4622
0.3	45	-104.132
0.3	45	-73.1977
0.3	45	57.314
0.3	45	83.3304
0.3	45	125.064
0.3	45	130.875
0.3	45	150.58
0.3	45	90.1253
0.3	45	102.404
0.3	45	-158.58
0.3	45	-48.404
0.3	45	34.9857
0.3	45	163.526
0.3	45	-38.7348
0.3	45	62.3669
0.3	45	79.7662
0.3	45	-3.21151
0.3	45	-149.239
0.3	45	-37.8722
0.3	45	3.58246
0.3	45	-57.1939
0.3	45	20.0989
0.3	45	-172.295
0.3	45	143.335
0.3	45	-148.055
0.3	45	74.9217
0.3	45	-178.316
0.3	45	167.503
0.3	45	14.9819
0.3	45	-159.599
0.3	45	-49.1128
0.3	45	-3.69873
0.3	45	-104.962
0.3	45	-47.1485
0.3	45	-72.0811
0.3	45	-139.071
0.3	45	80.0998
0.3	45	82.3165
0.3	45	-36.6272
0.3	45	-163.982
0.3	45	-48.3555
0.3	45	6.49337
0.3	45	-80.8265
0.3	45	-159.065
0.3	45	23.4602
0.3	45	-85.0301
0.3	45	163.156
0.3	45	17.0792
0.3	45	173.768
0.3	45	85.0859
0.3	45	-66.5174
0.3	45	167.273
0.3	45	-68.6809
0.3	45	70.7253
0.3	45	-93.6157
0.3	45	17.0829
0.3	45	-159.549
0.3	45	-151.844
0.3	45	-94.5651
0.3	45	-128.98
0.3	45	-19.9644
0.3	45	39.4005
0.3	45	139.742
0.3	45	132.845
0.3	45	-64.2081
0.3	45	-94.3879
0.3	45	97.7562
0.3	45	-86.5205
0.3	45	-20.303
0.3	45	4.42267
0.3	45	36.0383
0.3	45	-42.8037
0.3	45	-175.627
0.3	45	-94.2785
0.3	45	140.473
0.3	45	175.132
0.3	45	-101.263
0.3	45	66.8788
0.3	45	68.875
0.3	45	-29.0345
0.3	45	-12.8418
0.3	45	44.0034
0.3	45	166.373
0.3	45	2.41129
0.3	45	-24.0557
0.3	45	-162.596
0.3	45	-64.0519
0.3	45	-100.619
0.3	45	-175.091
0.3	45	-36.355
0.3	45	74.1597
0.3	45	31.4578
0.3	45	-7.7009
0.3	45	-170.364
0.3	45	-142.614
0.3	45	103.954
0.3	45	146.729
0.3	45	-122.204
0.3	45	-99.8583
0.3	45	-84.4654
0.3	45	131.997
0.3	45	-42.1492
0.3	45	-34.0146
0.3	45	96.7156
0.3	45	-121.102
0.3	45	175.352
0.3	45	-127.386
0.3	45	-17.3018
0.3	45	-18.824
0.3	45	-8.79952
0.3	45	53.6097
0.3	45	-167.602
0.3	45	18.6669
0.3	45	95.4518
0.3	45	-62.3109
0.3	45	-50.6694
0.3	45	-121.665
0.3	45	-109.877
0.3	45	-97.3548
0.3	45	165.717
0.3	45	-83.9314
0.3	45	7.83475
0.3	45	163.085
0.3	45	-44.7688
0.3	45	-51.5024
0.3	45	-116.776
0.3	45	-117.202
0.3	45	39.3693
0.3	45	-81.9111
0.3	45	-58.1669
0.3	45	-141.392
0.3	45	19.5667
0.3	45	-71.9029
0.3	45	8.64145
0.3	45	-96.4563
0.3	45	-19.7413
0.3	45	99.4806
0.3	45	-115.701
0.3	45	-90.3526
0.3	45	31.3802
0.3	45	42.8006
0.3	45	42.7973
0.3	45	138.854
0.3	45	-77.1912
0.3	45	-65.1302
0.3	45	21.7707
0.3	45	-115.249
0.3	45	93.9208
0.3	45	103.752
0.3	45	22.878
0.3	45	145.61
0.3	45	31.1769
0.3	45	-119.846
0.3	45	98.5189
0.3	45	52.5531
0.3	45	-42.6807
0.3	45	47.3968
0.3	45	122.709
0.3	45	60.0731
0.3	45	89.2002
0.3	45	102.841
0.3	45	-64.5945
0.3	45	-121.843
0.3	45	-54.8322
0.3	45	-153.684
0.3	45	42.5973
0.3	45	84.9533
0.3	45	-84.034
0.3	45	170.42
0.3	45	-123.848
0.3	45	-176.433
0.3	45	-99.6827
0.3	45	37.3207
0.3	45	164.781
0.3	45	-45.2617
0.3	45	-2.5716
0.3	45	-25.4049
0.3	45	-155.348
0.3	45	167.91
0.3	45	-94.1685
0.3	45	38.9153
0.3	45	165.277
0.3	45	-92.9086
0.3	45	155.649
0.3	45	79.4838
0.3	45	-99.0359
0.3	45	-43.7781
0.3	45	44.6397
0.3	45	174.156
0.3	45	5.42445
0.3	45	82.6455
0.3	45	50.9568
0.3	45	-90.1085
0.3	45	3.78157
0.3	45	166.049
0.3	45	171.93
0.3	45	-72.9468
0.3	45	179.787
0.3	45	103.584
0.3	45	36.986
0.3	45	-159.902
0.3	45	-31.8116
0.3	45	-126.113
0.3	45	165.54
0.3	45	68.1157
0.3	45	174.145
0.3	45	116.405
0.3	45	3.38746
0.3	45	79.8964
0.3	45	-100.4
0.3	45	-87.1342
0.3	45	-158.4
0.3	45	161.279
0.3	45	-42.7274
0.3	45	-81.6935
0.3	45	-165.188
0.3	45	114.055
0.3	45	-41.8441
0.3	45	-17.0563
0.3	45	41.2349
0.3	45	-38.649
0.3	45	141.872
0.3	45	27.7591
0.3	45	-146.064
0.3	45	-166.207
0.3	45	-108.893
0.3	45	-116.807
0.3	45	109.598
0.3	45	-68.7061
0.3	45	9.60733
0.3	45	-118.534
0.3	45	-159.556
0.3	45	33.3964
0.3	45	-92.0815
0.3	45	-145.911
0.3	45	55.8446
0.3	45	149.439
0.3	45	21.1042
0.3	45	16.174
0.3	45	149.849
0.3	45	33.5637
0.3	45	-98.4315
0.3	45	128.432
0.3	45	86.154
0.3	45	116.577
0.3	45	-179.063
0.3	45	62.8191
0.3	45	75.8244
0.3	45	59.0261
0.3	45	28.5634
0.3	45	3.87609
0.3	45	46.5395
0.3	45	62.4208
0.3	45	-30.9045
0.3	45	-155.854
0.3	45	-111.369
0.3	45	-119.477
0.3	45	60.5224
0.3	45	104.66
0.3	45	177.939
0.3	45	-79.0887
0.3	45	139.931
0.3	45	134.905
0.3	45	-130.91
0.3	45	161.495
0.3	45	64.6828
0.3	45	-161.928
0.3	45	23.4794
0.3	45	21.8348
0.3	45	-166.048
0.3	45	-125.865
0.3	45	-12.0973
0.3	45	-31.7677
0.3	45	123.265
0.3	45	-135.587
0.3	45	113.703
0.3	45	61.3229
0.3	45	-115.449
0.3	45	145.603
0.3	45	152.226
0.3	45	118.421
0.3	45	-141.619
0.3	45	-40.6237
0.3	45	-21.8674
0.3	45	81.7993
0.3	45	-73.8215
0.3	45	-20.0673
0.3	45	179.318
0.3	45	50.9651
0.3	45	28.9156
0.3	45	-93.0591
0.3	45	9.01812
0.3	45	160.174
0.3	45	-25.8596
0.3	45	-164.595
0.3	45	28.0857
0.3	45	-172.521
0.3	45	60.7905
0.3	45	-90.902
0.3	45	-158.061
0.3	45	-91.675
0.3	45	-35.0029
0.3	45	-153.949
0.3	45	73.6281
0.3	45	78.8603
0.3	45	-128.491
0.3	45	-69.7895
0.3	45	-73.3587
0.3	45	75.303
0.3	45	77.0148
0.3	45	-66.8068
0.3	45	-10.6134
0.3	45	-89.5962
0.3	45	-52.67
0.3	45	-165.072
0.3	45	144.59
0.3	45	-111.51
0.3	45	87.1344
0.3	45	-0.858731
0.3	45	-178.043
0.3	45	101.997
0.3	45	87.0504
0.3	45	-28.9562
0.3	45	74.7728
0.3	45	-48.7803
0.3	45	142.087
0.3	45	113.216
0.3	45	91.5259
0.3	45	135.963
0.3	45	-74.3601
0.3	45	-138.075
0.3	45	-169.499
0.3	45	49.6999
0.3	45	-14.5205
0.3	45	-160.625
0.3	45	1.76897
0.3	45	-83.4101
0.3	45	-53.1281
0.3	45	37.7019
0.3	45	153.092
0.3	45	-97.3445
0.3	45	-151.809
0.3	45	-69.2662
0.3	45	-0.0709812
0.3	45	-169.439
0.3	45	-118.329
0.3	45	-48.7625
0.3	45	-82.5092
0.3	45	-119.379
0.3	45	110.951
0.3	45	-115.259
0.3	45	-118.668
0.3	45	-37.2513
0.3	45	121.02
0.3	45	-53.4961
0.3	45	-11.0075
0.3	45	-54.5937
0.3	45	94.7908
0.3	45	106.701
0.3	45	91.2913
0.3	45	155.022
0.3	45	16.1931
0.3	45	153.37
0.3	45	163.171
0.3	45	-162.118
0.3	45	55.5787
0.3	45	5.55887
0.3	45	47.7591
0.3	45	124.782
0.3	45	170.574
0.3	45	120.331
0.3	45	59.2077
0.3	45	-96.4496
0.3	45	-86.7925
0.3	45	144.352
0.3	45	119.485
0.3	45	60.453
0.3	45	-7.60622
0.3	45	-60.2863
0.3	45	63.5392
0.3	45	99.019
0.3	45	-86.59
0.3	45	45.2406
0.3	45	53.0175
0.3	45	-60.3308
0.3	45	-43.261
0.3	45	-37.1552
0.3	45	1.55444
0.3	45	-107.263
0.3	45	-127.68
0.3	45	91.5549
0.3	45	62.42
0.3	45	16.4937
0.3	45	-78.1617
0.3	45	-124.991
0.3	45	89.2533
0.3	45	18.0869
0.3	45	80.6973
0.3	45	-93.6056
0.3	45	73.6543
0.3	45	139.175
0.3	45	140.047
0.3	45	-75.5483
0.3	45	169.845
0.3	45	-62.5866
0.3	45	-148.897
0.3	45	121.673
0.3	45	-34.588
0.3	45	93.4076
0.3	45	32.8669
0.3	45	168.845
0.3	45	69.457
0.3	45	-85.1407
0.3	45	35.1013
0.3	45	102.67
0.3	45	-14.5752
0.3	45	69.1849
0.3	45	24.2263
0.3	45	-171.687
0.3	45	-21.4567
0.3	45	-138.475
0.3	45	-146.1
0.3	45	-86.9173
0.3	45	-148.445
0.3	45	141.193
0.3	45	-146.463
0.3	45	-89.7227
0.3	45	-19.9805
0.3	45	32.8906
0.3	45	16.2581
0.3	45	-166.133
0.3	45	37.1553
0.3	45	-29.9267
0.3	45	167.481
0.3	45	123.043
0.3	45	-25.4184
0.3	45	119.283
0.3	45	45.6135
0.3	45	121.299
0.3	45	39.2896
0.3	45	-39.4861
0.3	45	-155.702
0.3	45	-156.459
0.3	45	108.197
0.3	45	14.4583
0.3	45	-175.909
0.3	45	117.991
0.3	45	-14.3869
0.3	45	56.3116
0.3	45	-52.2848
0.3	45	137.15
0.3	45	-171.418
0.3	45	179.187
0.3	45	-51.6931
0.3	45	47.1896
0.3	45	11.5037
0.3	45	121.672
0.3	45	-122.933
0.3	45	-120.592
0.3	45	128.668
0.3	45	83.1971
0.3	45	35.1555
0.3	45	-10.6219
0.3	45	-93.4834
0.3	45	160.56
0.3	45	-41.6328
0.3	45	-18.7463
0.3	45	116.276
0.3	45	-13.7845
0.3	45	152.588
0.3	45	-162.463
0.3	45	51.0296
0.3	45	100.257
0.3	45	120.171
0.3	45	-11.7314
0.3	45	98.2263
0.3	45	-177.891
0.3	45	-91.8362
0.3	45	20.6893
0.3	45	155.283
0.3	45	-26.7964
0.3	45	-15.8626
0.3	45	-90.5082
0.3	45	-175.189
0.3	45	-50.5011
0.3	45	-18.648
0.3	45	80.9092
0.3	45	15.4243
0.3	45	-12.7102
0.3	45	123.494
0.3	45	-19.8648
0.3	45	80.8507
0.3	45	119.621
0.3	45	-34.6031
0.3	45	-87.6883
0.3	45	-58.077
0.3	45	132.915
0.3	45	12.9644
0.3	45	-62.8928
0.3	45	-88.8817
0.3	45	45.7162
0.3	45	80.7648
0.3	45	42.1221
0.3	45	-26.0703
0.3	45	-131.844
0.3	45	-172.798
0.3	45	20.6266
0.3	45	-36.7675
0.3	45	-163.661
0.3	45	-73.4426
0.3	45	-155.612
0.3	45	142.334
0.3	45	153.882
0.3	45	152.256
0.3	45	-55.1178
0.3	45	-7.80017
0.3	45	-7.14904
0.3	45	61.1593
0.3	45	-53.4507
0.3	45	96.6929
0.3	45	25.3655
0.3	45	46.9589
0.3	45	145.394
0.3	45	162.709
0.3	45	87.5858
0.3	45	106.703
0.3	45	9.77824
0.3	45	-118.698
0.3	45	118.283
0.3	45	-179.693
0.25	-45	19.7811
0.25	-45	77.5054
0.25	-45	-35.5541
0.25	-45	-26.2697
0.25	-45	56.3936
0.25	-45	89.5873
0.25	-45	119.225
0.25	-45	102.384
0.25	-45	-156.353
0.25	-45	-25.1461
0.25	-45	-157.457
0.25	-45	-24.26
0.25	-45	110.509
0.25	-45	-40.5673
0.25	-45	-23.5217
0.25	-45	-112.899
0.25	-45	-177.781
0.25	-45	30.1704
0.25	-45	-156.909
0.25	-45	164.072
0.25	-45	95.8507
0.25	-45	-166.777
0.25	-45	66.6445
0.25	-45	-12.3461
0.25	-45	-175.332
0.25	-45	-166.533
0.25	-45	87.8757
0.25	-45	27.3782
0.25	-45	1.62212
0.25	-45	-15.5241
0.25	-45	-23.7745
0.25	-45	51.4188
0.25	-45	46.9052
0.25	-45	-48.6645
0.25	-45	-172.839
0.25	-45	109.371
0.25	-45	-2.60851
0.25	-45	170.025
0.25	-45	-178.256
0.25	-45	27.6581
0.25	-45	126.073
0.25	-45	19.7741
0.25	-45	-80.0597
0.25	-45	89.3955
0.25	-45	-31.6187
0.25	-45	-168.789
0.25	-45	-25.4899
0.25	-45	-138.65
0.25	-45	141.133
0.25	-45	-36.5468
0.25	-45	6.2425
0.25	-45	9.40163
0.25	-45	-174.401
0.25	-45	48.3229
0.25	-45	12.2583
0.25	-45	-53.2641
0.25	-45	168.67
0.25	-45	1.95038
0.25	-45	49.4503
0.25	-45	-47.9571
0.25	-45	24.1842
0.25	-45	87.1692
0.25	-45	151.974
0.25	-45	-22.7081
0.25	-45	77.9632
0.25	-45	-46.7975
0.25	-45	7.01213
0.25	-45	163.253
0.25	-45	-46.1
0.25	-45	103.917
0.25	-45	67.0922
0.25	-45	34.9079
0.25	-45	125.49
0.25	-45	-92.0664
0.25	-45	-79.4145
0.25	-45	47.3201
0.25	-45	-122.283
0.25	-45	-90.112
0.25	-45	-131.524
0.25	-45	-13.9835
0.25	-45	31.097
0.25	-45	-56.7877
0.25	-45	-97.0871
0.25	-45	164.954
0.25	-45	-28.2551
0.25	-45	36.6373
0.25	-45	-36.7345
0.25	-45	46.0486
0.25	-45	24.2994
0.25	-45	45.5337
0.25	-45	-21.8435
0.25	-45	-36.6844
0.25	-45	103.206
0.25	-45	-72.1239
0.25	-45	-16.558
0.25	-45	140.409
0.25	-45	-134.868
0.25	-45	111.658
0.25	-45	38.681
0.25	-45	135.764
0.25	-45	-20.4132
0.25	-45	-153.341
0.25	-45	-149.244
0.25	-45	-132.461
0.25	-45	153.084
0.25	-45	170.126
0.25	-45	-119.295
0.25	-45	101.717
0.25	-45	-173.069
0.25	-45	55.0894
0.25	-45	6.7469
0.25	-45	-82.9117
0.25	-45	78.9147
0.25	-45	-0.683503
0.25	-45	64.1797
0.25	-45	-141.454
0.25	-45	-109.558
0.25	-45	-130.987
0.25	-45	-29.6552
0.25	-45	89.1946
0.25	-45	19.744
0.25	-45	-26.7141
0.25	-45	-92.9581
0.25	-45	-29.4
0.25	-45	-74.8388
0.25	-45	-4.39843
0.25	-45	-141.265
0.25	-45	-152.328
0.25	-45	-31.1761
0.25	-45	-41.0373
0.25	-45	-86.2771
0.25	-45	171.842
0.25	-45	-134.997
0.25	-45	-153.382
0.25	-45	107.885
0.25	-45	46.1225
0.25	-45	-142.863
0.25	-45	176.912
0.25	-45	-100.263
0.25	-45	-1.9196
0.25	-45	117.72
0.25	-45	-29.3201
0.25	-45	152.439
0.25	-45	67.3618
0.25	-45	176.864
0.25	-45	-78.8303
0.25	-45	174.129
0.25	-45	-9.93532
0.25	-45	166.621
0.25	-45	-79.3462
0.25	-45	-82.7489
0.25	-45	154.233
0.25	-45	-135.843
0.25	-45	118.167
0.25	-45	-142.932
0.25	-45	137.194
0.25	-45	155.816
0.25	-45	42.5265
0.25	-45	-109.241
0.25	-45	-78.5019
0.25	-45	140.264
0.25	-45	-67.026
0.25	-45	168.369
0.25	-45	-171.853
0.25	-45	128.563
0.25	-45	62.2453
0.25	-45	-172.947
0.25	-45	-5.34715
0.25	-45	159.547
0.25	-45	-39.7598
0.25	-45	-11.7528
0.25	-45	90.527
0.25	-45	146.434
0.25	-45	7.61277
0.25	-45	-109.794
0.25	-45	-123.666
0.25	-45	131.642
0.25	-45	-173.513
0.25	-45	148.188
0.25	-45	164.35
0.25	-45	-56.5739
0.25	-45	116.118
0.25	-45	68.3863
0.25	-45	115.972
0.25	-45	-25.1217
0.25	-45	106.45
0.25	-45	-42.5984
0.25	-45	-45.4362
0.25	-45	71.912
0.25	-45	-151.122
0.25	-45	-83.7037
0.25	-45	-179.624
0.25	-45	-106.912
0.25	-45	98.3559
0.25	-45	54.5123
0.25	-45	-20.6053
0.25	-45	47.8666
0.25	-45	12.6566
0.25	-45	-98.8264
0.25	-45	-85.3386
0.25	-45	90.2436
0.25	-45	30.0386
0.25	-45	-61.7279
0.25	-45	177.761
0.25	-45	-172.685
0.25	-45	152.059
0.25	-45	116.738
0.25	-45	-108.179
0.25	-45	101.497
0.25	-45	60.8689
0.25	-45	124.257
0.25	-45	-144.016
0.25	-45	20.2729
0.25	-45	174.375
0.25	-45	143.623
0.25	-45	-34.7786
0.25	-45	23.0025
0.25	-45	-145.207
0.25	-45	160.552
0.25	-45	125.454
0.25	-45	-28.846
0.25	-45	-136.211
0.25	-45	37.4259
0.25	-45	-10.59
0.25	-45	-72.2753
0.25	-45	10.1638
0.25	-45	21.5579
0.25	-45	-176.67
0.25	-45	7.34869
0.25	-45	-117.091
0.25	-45	-145.397
0.25	-45	119.94
0.25	-45	119.604
0.25	-45	0.474893
0.25	-45	146.935
0.25	-45	-27.3208
0.25	-45	82.4284
0.25	-45	174.937
0.25	-45	-92.2828
0.25	-45	34.1916
0.25	-45	80.6969
0.25	-45	-122.368
0.25	-45	-99.6507
0.25	-45	-50.9521
0.25	-45	102.476
0.25	-45	1.6558
0.25	-45	-115.335
0.25	-45	51.1281
0.25	-45	-155.565
0.25	-45	118.226
0.25	-45	-44.5011
0.25	-45	36.9014
0.25	-45	-23.0011
0.25	-45	33.9619
0.25	-45	140.579
0.25	-45	144.028
0.25	-45	-113.359
0.25	-45	88.2307
0.25	-45	135.878
0.25	-45	97.6877
0.25	-45	-82.5342
0.25	-45	111.506
0.25	-45	92.6738
0.25	-45	-63.8052
0.25	-45	-148.735
0.25	-45	42.0088
0.25	-45	123.167
0.25	-45	87.4985
0.25	-45	-179.539
0.25	-45	-74.6762
0.25	-45	-35.9243
0.25	-45	146.789
0.25	-45	84.9925
0.25	-45	-127.039
0.25	-45	-153.1
0.25	-45	3.46056
0.25	-45	154.691
0.25	-45	111.708
0.25	-45	94.4311
0.25	-45	140.868
0.25	-45	-23.6906
0.25	-45	-43.68
0.25	-45	42.1388
0.25	-45	157.258
0.25	-45	62.9911
0.25	-45	-130.106
0.25	-45	-23.9909
0.25	-45	19.9712
0.25	-45	-131.627
0.25	-45	50.8718
0.25	-45	67.1565
0.25	-45	-169.147
0.25	-45	-110.628
0.25	-45	-87.7237
0.25	-45	-178.535
0.25	-45	69.5789
0.25	-45	68.0451
0.25	-45	127.294
0.25	-45	-168.724
0.25	-45	176.832
0.25	-45	-120.096
0.25	-45	-132.223
0.25	-45	146.152
0.25	-45	14.0826
0.25	-45	-80.1321
0.25	-45	117.46
0.25	-45	138.817
0.25	-45	-36.9736
0.25	-45	-131.151
0.25	-45	149.54
0.25	-45	74.468
0.25	-45	-97.7648
0.25	-45	-11.5909
0.25	-45	142.383
0.25	-45	-121.308
0.25	-45	42.4327
0.25	-45	-147.481
0.25	-45	-179.768
0.25	-45	-49.2547
0.25	-45	-177.422
0.25	-45	6.74556
0.25	-45	2.94428
0.25	-45	134.516
0.25	-45	120.518
0.25	-45	178.308
0.25	-45	-108.709
0.25	-45	-27.0437
0.25	-45	-133.21
0.25	-45	14.2875
0.25	-45	-135.376
0.25	-45	35.1329
0.25	-45	-110.878
0.25	-45	70.6594
0.25	-45	-6.89061
0.25	-45	36.3461
0.25	-45	-151.247
0.25	-45	172.124
0.25	-45	64.297
0.25	-45	62.6052
0.25	-45	-86.6742
0.25	-45	-93.5744
0.25	-45	-44.6013
0.25	-45	49.0451
0.25	-45	-63.8539
0.25	-45	114.55
0.25	-45	88.9523
0.25	-45	167.543
0.25	-45	151.432
0.25	-45	113.39
0.25	-45	153.092
0.25	-45	-164.854
0.25	-45	173.026
0.25	-45	137.065
0.25	-45	67.3498
0.25	-45	26.4001
0.25	-45	167.634
0.25	-45	167.197
0.25	-45	44.7967
0.25	-45	-127.554
0.25	-45	69.704
0.25	-45	-112.351
0.25	-45	169.354
0.25	-45	52.7673
0.25	-45	-112.371
0.25	-45	177.175
0.25	-45	-68.9208
0.25	-45	-54.0997
0.25	-45	82.9313
0.25	-45	-97.2677
0.25	-45	-28.5431
0.25	-45	-103.028
0.25	-45	-44.5807
0.25	-45	42.9756
0.25	-45	-11.0652
0.25	-45	-117.412
0.25	-45	132.179
0.25	-45	-126.761
0.25	-45	138.94
0.25	-45	-125.18
0.25	-45	-142.122
0.25	-45	137.011
0.25	-45	109.99
0.25	-45	66.9787
0.25	-45	-176.808
0.25	-45	167.302
0.25	-45	-78.2895
0.25	-45	114.025
0.25	-45	164.188
0.25	-45	-159.273
0.25	-45	-56.6593
0.25	-45	19.6747
0.25	-45	-7.99313
0.25	-45	-154.646
0.25	-45	173.703
0.25	-45	62.1424
0.25	-45	-131.363
0.25	-45	120.988
0.25	-45	-144.291
0.25	-45	50.4193
0.25	-45	-129.276
0.25	-45	139.112
0.25	-45	151.991
0.25	-45	-110.215
0.25	-45	69.6212
0.25	-45	-70.3111
0.25	-45	-122.264
0.25	-45	-116.099
0.25	-45	137.464
0.25	-45	94.3764
0.25	-45	85.7317
0.25	-45	23.9282
0.25	-45	-56.1919
0.25	-45	55.5931
0.25	-45	111.718
0.25	-45	56.7047
0.25	-45	91.1454
0.25	-45	35.9318
0.25	-45	-16.7212
0.25	-45	-122.327
0.25	-45	90.3663
0.25	-45	-12.2119
0.25	-45	-87.134
0.25	-45	71.9136
0.25	-45	-85.4132
0.25	-45	28.5013
0.25	-45	-34.6686
0.25	-45	66.3205
0.25	-45	174.746
0.25	-45	155.07
0.25	-45	119.271
0.25	-45	136.981
0.25	-45	174.643
0.25	-45	-170.917
0.25	-45	-122.161
0.25	-45	162.868
0.25	-45	72.6128
0.25	-45	-76.2449
0.25	-45	40.2081
0.25	-45	-117.036
0.25	-45	-117.637
0.25	-45	-107.382
0.25	-45	-54.5197
0.25	-45	-8.22035
0.25	-45	90.0327
0.25	-45	64.693
0.25	-45	69.7465
0.25	-45	-50.6525
0.25	-45	-59.2565
0.25	-45	102.306
0.25	-45	97.3645
0.25	-45	-176.96
0.25	-45	-120.344
0.25	-45	-100.541
0.25	-45	-60.4365
0.25	-45	55.8578
0.25	-45	-69.7171
0.25	-45	-170.255
0.25	-45	-37.0689
0.25	-45	150.482
0.25	-45	103.621
0.25	-45	-110.396
0.25	-45	-125.878
0.25	-45	-91.6138
0.25	-45	-122.17
0.25	-45	-37.2969
0.25	-45	72.2452
0.25	-45	-92.775
0.25	-45	150.495
0.25	-45	-10.6588
0.25	-45	26.1934
0.25	-45	60.0523
0.25	-45	-76.3752
0.25	-45	-141.124
0.25	-45	-121.828
0.25	-45	35.1063
0.25	-45	120.707
0.25	-45	84.2603
0.25	-45	41.4528
0.25	-45	-113.583
0.25	-45	-96.6046
0.25	-45	143.813
0.25	-45	-144.821
0.25	-45	110.178
0.25	-45	82.8463
0.25	-45	-170.284
0.25	-45	-49.0477
0.25	-45	83.5148
0.25	-45	56.8211
0.25	-45	-162.543
0.25	-45	168.569
0.25	-45	-63.0752
0.25	-45	173.602
0.25	-45	39.3376
0.25	-45	144.642
0.25	-45	125.014
0.25	-45	-12.6242
0.25	-45	-176.187
0.25	-45	38.9852
0.25	-45	123.683
0.25	-45	-36.6672
0.25	-45	53.3209
0.25	-45	-152.392
0.25	-45	20.2105
0.25	-45	2.3039
0.25	-45	84.5435
0.25	-45	119.293
0.25	-45	148.838
0.25	-45	-84.6339
0.25	-45	-87.6138
0.25	-45	-27.961
0.25	-45	97.807
0.25	-45	89.7276
0.25	-45	121.435
0.25	-45	-134.658
0.25	-45	97.652
0.25	-45	65.0039
0.25	-45	93.6067
0.25	-45	-113.484
0.25	-45	-177.609
0.25	-45	90.6931
0.25	-45	143.859
0.25	-45	-53.1707
0.25	-45	-31.5922
0.25	-45	-112.521
0.25	-45	74.1096
0.25	-45	140.469
0.25	-45	-85.1401
0.25	-45	-47.2373
0.25	-45	55.9312
0.25	-45	-4.10667
0.25	-45	-169.062
0.25	-45	43.4485
0.25	-45	141.561
0.25	-45	7.82848
0.25	-45	3.28058
0.25	-45	-85.1046
0.25	-45	20.1313
0.25	-45	20.8238
0.25	-45	92.6372
0.25	-45	75.4503
0.25	-45	109.005
0.25	-45	109.099
0.25	-45	118.685
0.25	-45	-3.62159
0.25	-45	-17.5909
0.25	-45	92.5882
0.25	-45	1.74447
0.25	-45	21.9464
0.25	-45	-21.3721
0.25	-45	-38.7456
0.25	-45	139.67
0.25	-45	-38.6612
0.25	-45	158.102
0.25	-45	176.776
0.25	-45	151.397
0.25	-45	164.265
0.25	-45	-131.265
0.25	-45	8.13581
0.25	-45	-50.2214
0.25	-45	76.6262
0.25	-45	-6.83762
0.25	-45	148.948
0.25	-45	81.9971
0.25	-45	104.784
0.25	-45	-52.1669
0.25	-45	157.804
0.25	-45	-172.888
0.25	-45	119.85
0.25	-45	-94.6063
0.25	-45	-113.916
0.25	-45	84.9433
0.25	-45	13.0067
0.25	-45	33.8537
0.25	-45	-75.4958
0.25	-45	152.953
0.25	-45	77.2487
0.25	-45	-150.747
0.25	-45	118.932
0.25	-45	35.4946
0.25	-45	151.272
0.25	-45	-176.985
0.25	-45	5.19012
0.25	-45	81.9643
0.25	-45	104.456
0.25	-45	-42.9027
0.25	-45	162.409
0.25	-45	122.961
0.25	-45	60.8471
0.25	-45	-103.881
0.25	-45	-119.43
0.25	-45	-157.48
0.25	-45	95.556
0.25	-45	21.313
0.25	-45	-67.2996
0.25	-45	35.4719
0.25	-45	117.274
0.25	-45	-6.63076
0.25	-45	167.51
0.25	-45	-56.4726
0.25	-45	-18.6402
0.25	-45	-145.745
0.25	-45	114.742
0.25	-45	38.7015
0.25	-45	126.155
0.25	-45	155.058
0.25	-45	-10.0632
0.25	-45	46.4235
0.25	-45	-5.16181
0.25	-45	13.3898
0.25	-45	80.1612
0.25	-45	4.54392
0.25	-45	-39.4181
0.25	-45	20.4829
0.25	-45	-135.987
0.25	-45	108.699
0.25	-45	-141.513
0.25	-45	58.4082
0.25	-45	47.146
0.25	-45	30.8752
0.25	-45	-5.94041
0.25	-45	-138.06
0.25	-45	-134.435
0.25	-45	-70.2855
0.25	-45	36.4864
0.25	-45	-120.322
0.25	-45	-26.0925
0.25	-45	3.43686
0.25	-45	-13.7295
0.25	-45	91.1571
0.25	-45	-103.229
0.25	-45	-58.7813
0.25	-45	-148.549
0.25	-45	106.109
0.25	-45	-62.7025
0.25	-45	-11.899
0.25	-45	36.6258
0.25	-45	-103.473
0.25	-45	91.8111
0.25	-45	-163.557
0.25	-45	-60.0667
0.25	-45	-176.865
0.25	-45	-154.805
0.25	-45	-149.035
0.25	-45	-177.245
0.25	-45	50.8759
0.25	-45	157.913
0.25	-45	168.236
0.25	-45	166.315
0.25	-45	12.0009
0.25	-45	167.378
0.25	-45	-174.701
0.25	-45	121.525
0.25	-45	29.5418
0.25	-45	46.8832
0.25	-45	-144.157
0.25	-45	178.198
0.25	-45	117.635
0.25	-45	-105.087
0.25	-45	111.331
0.25	-45	-97.9682
0.25	-45	-42.4239
0.25	-45	25.5251
0.25	-45	74.9793
0.25	-45	-8.67664
0.25	-45	-178.781
0.25	-45	-153.886
0.25	-45	-167.542
0.25	-45	2.65637
0.25	-45	133.017
0.25	-45	49.4105
0.25	-45	-83.3535
0.25	-45	-124.934
0.25	-45	-77.155
0.25	-45	-103.453
0.25	-45	19.6663
0.25	-45	-12.7391
0.25	-45	-92.2654
0.25	-45	-157.347
0.25	-45	179.793
0.25	-45	74.6841
0.25	-45	55.8128
0.25	-45	-127.004
0.25	-45	-103.095
0.25	-45	108.688
0.25	-45	-25.9663
0.25	-45	8.94428
0.25	-45	139.302
0.25	-45	-60.8518
0.25	-45	-138.246
0.25	-45	85.3533
0.25	-45	53.1817
0.25	-45	12.3353
0.25	-45	-175.648
0.25	-45	-66.5487
0.25	-45	-113.332
0.25	-45	-152.421
0.25	-45	174.329
0.25	-45	-17.1524
0.25	-45	-39.9535
0.25	-45	130.994
0.25	-45	-179.77
0.25	-45	130.461
0.25	-45	128.962
0.25	-45	-121.173
0.25	-45	-51.5068
0.25	-45	160.719
0.25	-45	-29.6185
0.25	-45	11.3986
0.25	-45	25.1636
0.25	-45	-93.2024
0.25	-45	-139.206
0.25	-45	100.675
0.25	-45	57.4963
0.25	-45	110.969
0.25	-45	55.5818
0.25	-45	-163.16
0.25	-45	-10.9433
0.25	-45	68.5053
0.25	-45	144.845
0.25	-45	-171.674
0.25	-45	-19.9733
0.25	-45	89.7731
0.25	-45	-73.2829
0.25	-45	101.966
0.25	-45	9.5921
0.25	-45	-2.99555
0.25	-45	-49.9865
0.25	-45	-90.8089
0.25	-45	-150.832
0.25	-45	137.707
0.25	-45	136.734
0.25	-45	34.9415
0.25	-45	-152.938
0.25	-45	31.5633
0.25	-45	139.915
0.25	-45	4.62204
0.25	-45	-176.457
0.25	-45	69.7724
0.25	-45	32.5979
0.25	-45	38.1375
0.25	-45	145.189
0.25	-45	-91.3015
0.25	-45	51.9341
0.25	-45	81.1243
0.25	-45	45.3927
0.25	-45	-111.055
0.25	-45	-65.7694
0.25	-45	47.2092
0.25	-45	127.425
0.25	-45	-54.1644
0.25	-45	-10.0567
0.25	-45	-111.462
0.25	-45	-7.81883
0.25	-45	-48.8932
0.25	-45	-124.441
0.25	-45	25.751
0.25	-45	83.1445
0.25	-45	-79.9891
0.25	-45	-90.2118
0.25	-45	-46.5165
0.25	-45	23.2938
0.25	-45	144.718
0.25	-45	-90.0222
0.25	-45	99.8369
0.25	-45	-45.8316
0.25	-45	-159.751
0.25	-45	74.3098
0.25	-45	-171.54
0.25	-45	89.6205
0.25	-45	47.8445
0.25	-45	-136.99
0.25	-45	-25.8644
0.25	-45	-18.6464
0.25	-45	-129.699
0.25	-45	-90.5825
0.25	-45	81.2227
0.25	-45	-5.9169
0.25	-45	156.35
0.25	-45	-18.111
0.25	-45	-108.273
0.25	-45	158.303
0.25	-45	-74.7887
0.25	-45	28.0952
0.25	-45	177.342
0.25	-45	-168.043
0.25	-45	-119.758
0.25	-45	-145.678
0.25	-45	17.0518
0.25	-45	179.859
0.25	-45	71.6666
0.25	-45	-174.492
0.25	-45	-81.9602
0.25	-45	8.38258
0.25	-45	-13.0853
0.25	-45	41.8886
0.25	-45	-58.1158
0.25	-45	-21.842
0.25	-45	-74.5412
0.25	-45	19.6935
0.25	-45	133.33
