pol	setting	phi
0.3	45	178.304
0.3	45	82.6911
0.3	45	69.8118
0.3	45	50.71
0.3	45	103.558
0.3	45	-66.4603
0.3	45	-14.2353
0.3	45	-76.2134
0.3	45	110.814
0.3	45	120.548
0.3	45	-58.9566
0.3	45	119.449
0.3	45	-36.0941
0.3	45	77.9592
0.3	45	-133.366
0.3	45	-88.9926
0.3	45	-157.463
0.3	45	-116.48
0.3	45	144.779
0.3	45	-123.957
0.3	45	3.47983
0.3	45	121.256
0.3	45	99.6623
0.3	45	29.0787
0.3	45	-55.3864
0.3	45	29.4787
0.3	45	12.0523
0.3	45	34.2745
0.3	45	-24.0173
0.3	45	176.184
0.3	45	-32.7294
0.3	45	-135.196
0.3	45	-50.3632
0.3	45	106.275
0.3	45	26.8399
0.3	45	146.539
0.3	45	-64.0675
0.3	45	-152.075
0.3	45	-140.929
0.3	45	3.17004
0.3	45	-112.335
0.3	45	-166.53
0.3	45	41.3655
0.3	45	61.3021
0.3	45	-48.6698
0.3	45	2.86043
0.3	45	-138.529
0.3	45	-47.2429
0.3	45	59.8952
0.3	45	175.365
0.3	45	91.8839
0.3	45	-175.558
0.3	45	31.9043
0.3	45	-113.593
0.3	45	-176.634
0.3	45	178.595
0.3	45	12.8804
0.3	45	-147.452
0.3	45	-134.119
0.3	45	-64.2961
0.3	45	73.5047
0.3	45	-43.6817
0.3	45	127.993
0.3	45	152.715
0.3	45	41.4427
0.3	45	-25.5164
0.3	45	125.458
0.3	45	-148.522
0.3	45	-58.6883
0.3	45	-152.335
0.3	45	173.571
0.3	45	68.8963
0.3	45	-167.48
0.3	45	82.5572
0.3	45	-10.7964
0.3	45	-57.2524
0.3	45	-79.8499
0.3	45	-172.326
0.3	45	-147.658
0.3	45	115.344
0.3	45	17.6156
0.3	45	-25.8305
0.3	45	-57.6095
0.3	45	-40.7868
0.3	45	-39.0261
0.3	45	-107.657
0.3	45	-94.8552
0.3	45	108.55
0.3	45	-92.7546
0.3	45	66.4961
0.3	45	-66.2787
0.3	45	-161.481
0.3	45	-0.196678
0.3	45	75.5219
0.3	45	-5.75482
0.3	45	-165.951
0.3	45	177.752
0.3	45	19.0017
0.3	45	56.716
0.3	45	-6.5993
0.3	45	3.73134
0.3	45	53.4108
0.3	45	40.2786
0.3	45	-58.6252
0.3	45	-153.568
0.3	45	9.71334
0.3	45	32.3663
0.3	45	88.6331
0.3	45	-73.9958
0.3	45	154.273
0.3	45	38.6088
0.3	45	140.299
0.3	45	-128.642
0.3	45	-6.11346
0.3	45	139.253
0.3	45	-148.356
0.3	45	28.5688
0.3	45	174.586
0.3	45	147.528
0.3	45	-80.8523
0.3	45	34.6892
0.3	45	150.969
0.3	45	151.994
0.3	45	-168.03
0.3	45	-157.126
0.3	45	-2.32256
0.3	45	171.293
0.3	45	77.7597
0.3	45	35.657
0.3	45	51.3914
0.3	45	-13.0822
0.3	45	-78.0539
0.3	45	-95.257
0.3	45	-58.2065
0.3	45	109.413
0.3	45	77.3199
0.3	45	-81.9978
0.3	45	-117.199
0.3	45	117.422
0.3	45	145.928
0.3	45	-110.316
0.3	45	-97.9095
0.3	45	-119.856
0.3	45	108.818
0.3	45	-40.2786
0.3	45	-49.4387
0.3	45	-108.076
0.3	45	55.1538
0.3	45	-169.946
0.3	45	-44.6506
0.3	45	-142.607
0.3	45	173.898
0.3	45	46.5609
0.3	45	3.20785
0.3	45	12.4351
0.3	45	18.7026
0.3	45	139.828
0.3	45	80.0373
0.3	45	146.487
0.3	45	5.25639
0.3	45	-131.795
0.3	45	-169.055
0.3	45	14.3609
0.3	45	-49.6216
0.3	45	-31.2736
0.3	45	-164.207
0.3	45	-122.113
0.3	45	48.3674
0.3	45	-126.473
0.3	45	56.8715
0.3	45	-65.1876
0.3	45	-6.91483
0.3	45	-26.8218
0.3	45	-50.6433
0.3	45	-82.0333
0.3	45	-131.846
0.3	45	21.2222
0.3	45	168.642
0.3	45	-154.812
0.3	45	71.7342
0.3	45	124.057
0.3	45	-161.425
0.3	45	-15.9299
0.3	45	58.2566
0.3	45	-4.88602
0.3	45	-128.891
0.3	45	135.975
0.3	45	52.9977
0.3	45	-135.942
0.3	45	34.4911
0.3	45	66.5458
0.3	45	11.7124
0.3	45	-8.94873
0.3	45	-131.828
0.3	45	-83.1868
0.3	45	67.5345
0.3	45	103.405
0.3	45	55.079
0.3	45	-126.731
0.3	45	-104.046
0.3	45	11.205
0.3	45	-54.3067
0.3	45	-19.7919
0.3	45	-41.5253
0.3	45	-43.7196
0.3	45	-125.102
0.3	45	-24.7534
0.3	45	90.5546
0.3	45	114.674
0.3	45	21.0403
0.3	45	-41.3349
0.3	45	-99.2209
0.3	45	44.2274
0.3	45	113.21
0.3	45	-1.25154
0.3	45	98.813
0.3	45	157.941
0.3	45	144.731
0.3	45	-179.213
0.3	45	179.294
0.3	45	30.5008
0.3	45	157.249
0.3	45	153.261
0.3	45	105.444
0.3	45	-84.3222
0.3	45	125.673
0.3	45	4.36896
0.3	45	172.525
0.3	45	115.125
0.3	45	-91.2514
0.3	45	18.2328
0.3	45	-86.145
0.3	45	164.809
0.3	45	124.174
0.3	45	132.899
0.3	45	-87.5654
0.3	45	-34.4475
0.3	45	-96.4493
0.3	45	101.764
0.3	45	18.6223
0.3	45	-50.1323
0.3	45	-145.685
0.3	45	-47.4099
0.3	45	149.745
0.3	45	153.544
0.3	45	-159.143
0.3	45	86.0374
0.3	45	148.159
0.3	45	85.2903
0.3	45	-70.7646
0.3	45	-137.522
0.3	45	-140.308
0.3	45	-44.7197
0.3	45	-95.3704
0.3	45	-135.454
0.3	45	168.635
0.3	45	-52.0804
0.3	45	-164.202
0.3	45	145.568
0.3	45	9.32215
0.3	45	-176.956
0.3	45	-150.155
0.3	45	-123.174
0.3	45	153.785
0.3	45	167.468
0.3	45	-86.7933
0.3	45	123.119
0.3	45	-119.52
0.3	45	-55.9629
0.3	45	-50.7066
0.3	45	-22.4183
0.3	45	-148.37
0.3	45	-89.2727
0.3	45	-125.926
0.3	45	10.3784
0.3	45	-102.962
0.3	45	111.11
0.3	45	159.834
0.3	45	-17.652
0.3	45	76.6722
0.3	45	142.683
0.3	45	54.5196
0.3	45	-74.557
0.3	45	-63.334
0.3	45	126.443
0.3	45	-161.938
0.3	45	47.9707
0.3	45	56.3168
0.3	45	27.3253
0.3	45	116.438
0.3	45	34.8625
0.3	45	26.4825
0.3	45	16.2534
0.3	45	9.11203
0.3	45	-32.0378
0.3	45	107.685
0.3	45	96.2805
0.3	45	112.749
0.3	45	21.097
0.3	45	-175.728
0.3	45	137.481
0.3	45	-45.0943
0.3	45	-171.794
0.3	45	110.576
0.3	45	69.5156
0.3	45	-39.4435
0.3	45	55.4142
0.3	45	125.463
0.3	45	72.4138
0.3	45	-147.734
0.3	45	-117.763
0.3	45	148.853
0.3	45	34.1244
0.3	45	129.441
0.3	45	53.8248
0.3	45	125.124
0.3	45	-2.50733
0.3	45	-112.057
0.3	45	-75.8325
0.3	45	-1.88806
0.3	45	59.8021
0.3	45	81.7045
0.3	45	47.8115
0.3	45	-60.6826
0.3	45	154.467
0.3	45	-45.9616
0.3	45	-74.8909
0.3	45	-173.025
0.3	45	146.739
0.3	45	122.965
0.3	45	-107.768
0.3	45	24.8593
0.3	45	71.1428
0.3	45	66.722
0.3	45	-92.0308
0.3	45	-123.888
0.3	45	27.1491
0.3	45	165.107
0.3	45	49.3482
0.3	45	46.7354
0.3	45	-98.6072
0.3	45	-158.226
0.3	45	116.043
0.3	45	-26.9855
0.3	45	27.558
0.3	45	-119.224
0.3	45	-147.166
0.3	45	-64.782
0.3	45	-44.531
0.3	45	-95.8656
0.3	45	-42.9666
0.3	45	57.3606
0.3	45	-30.9974
0.3	45	128.996
0.3	45	67.0069
0.3	45	-61.5823
0.3	45	177.875
0.3	45	62.3024
0.3	45	-8.85458
0.3	45	96.4145
0.3	45	91.3909
0.3	45	98.3234
0.3	45	-23.2836
0.3	45	90.5442
0.3	45	21.5018
0.3	45	-65.6454
0.3	45	47.6582
0.3	45	-173.007
0.3	45	154.757
0.3	45	21.9893
0.3	45	124.476
0.3	45	152.288
0.3	45	-176.621
0.3	45	-26.0253
0.3	45	49.3859
0.3	45	-44.1369
0.3	45	145.622
0.3	45	-75.5581
0.3	45	-106.154
0.3	45	-171.122
0.3	45	-58.7608
0.3	45	135.415
0.3	45	-152.24
0.3	45	-21.7056
0.3	45	112.759
0.3	45	44.8686
0.3	45	72.9845
0.3	45	-81.6329
0.3	45	24.0108
0.3	45	-61.2931
0.3	45	-136.749
0.3	45	49.106
0.3	45	168.66
0.3	45	33.7213
0.3	45	-170.074
0.3	45	160.408
0.3	45	-62.4646
0.3	45	-21.2575
0.3	45	-73.8461
0.3	45	98.6108
0.3	45	-61.9273
0.3	45	19.7665
0.3	45	57.9853
0.3	45	145.71
0.3	45	79.369
0.3	45	21.6697
0.3	45	104.574
0.3	45	66.7064
0.3	45	176.375
0.3	45	-123.158
0.3	45	179.192
0.3	45	-29.9568
0.3	45	98.0678
0.3	45	-34.0627
0.3	45	158.1
0.3	45	-5.75653
0.3	45	151.413
0.3	45	12.9192
0.3	45	-81.0779
0.3	45	165.375
0.3	45	-157.521
0.3	45	10.5917
0.3	45	150.351
0.3	45	46.1245
0.3	45	-142.161
0.3	45	-93.9702
0.3	45	118.435
0.3	45	-169.497
0.3	45	-62.5831
0.3	45	-90.9964
0.3	45	-56.7411
0.3	45	-84.9044
0.3	45	-96.16
0.3	45	-120.711
0.3	45	-64.9478
0.3	45	54.5388
0.3	45	-175.666
0.3	45	48.6463
0.3	45	-151.876
0.3	45	117.226
0.3	45	-26.1742
0.3	45	98.4374
0.3	45	-41.5497
0.3	45	82.9603
0.3	45	87.5298
0.3	45	-108.773
0.3	45	-96.3734
0.3	45	-171.316
0.3	45	152.74
0.3	45	110.882
0.3	45	-171.495
0.3	45	-29.3777
0.3	45	-5.2124
0.3	45	-127.093
0.3	45	4.21948
0.3	45	-125.335
0.3	45	149.314
0.3	45	149.4
0.3	45	47.7028
0.3	45	150.771
0.3	45	-126.256
0.3	45	75.8025
0.3	45	122.532
0.3	45	166.743
0.3	45	-174.791
0.3	45	169.566
0.3	45	37.0386
0.3	45	41.918
0.3	45	93.4307
0.3	45	-162.702
0.3	45	0.0734128
0.3	45	-100.376
0.3	45	166.683
0.3	45	19.3995
0.3	45	-59.1948
0.3	45	122.951
0.3	45	75.1883
0.3	45	-165.849
0.3	45	-20.995
0.3	45	-127.871
0.3	45	7.31407
0.3	45	137.379
0.3	45	-85.7401
0.3	45	-142.461
0.3	45	6.90044
0.3	45	84.1066
0.3	45	145.154
0.3	45	-67.1648
0.3	45	-49.235
0.3	45	-48.2524
0.3	45	130.664
0.3	45	-118.042
0.3	45	58.3266
0.3	45	-72.8966
0.3	45	-21.2283
0.3	45	-172.107
0.3	45	-160.165
0.3	45	72.0348
0.3	45	126.81
0.3	45	140.89
0.3	45	72.2494
0.3	45	128.302
0.3	45	141.54
0.3	45	174.501
0.3	45	-147.426
0.3	45	11.1757
0.3	45	-160.985
0.3	45	-122.874
0.3	45	1.69949
0.3	45	142.129
0.3	45	125.193
0.3	45	9.35285
0.3	45	-176.9
0.3	45	-79.5571
0.3	45	118.648
0.3	45	-175.199
0.3	45	-19.808
0.3	45	-39.3462
0.3	45	72.1826
0.3	45	170.796
0.3	45	140.593
0.3	45	-162.592
0.3	45	94.6593
0.3	45	-5.95261
0.3	45	-122.102
0.3	45	-17.9362
0.3	45	74.6624
0.3	45	-105.84
0.3	45	41.0684
0.3	45	-84.4097
0.3	45	14.178
0.3	45	7.50999
0.3	45	-148.024
0.3	45	151.105
0.3	45	-90.7656
0.3	45	-93.4181
0.3	45	160.672
0.3	45	-129.22
0.3	45	-171.73
0.3	45	12.5538
0.3	45	-59.8728
0.3	45	-36.2173
0.3	45	125.466
0.3	45	0.415525
0.3	45	24.6662
0.3	45	51.3968
0.3	45	-150.527
0.3	45	-12.3975
0.3	45	-50.6746
0.3	45	35.5431
0.3	45	102.066
0.3	45	-61.3201
0.3	45	27.6033
0.3	45	31.5311
0.3	45	64.8206
0.3	45	-75.2755
0.3	45	-174.779
0.3	45	-153.175
0.3	45	71.1103
0.3	45	-103.628
0.3	45	-96.7076
0.3	45	-24.9766
0.3	45	148.177
0.3	45	-75.726
0.3	45	105.063
0.3	45	-114.903
0.3	45	-62.7772
0.3	45	-53.0391
0.3	45	-75.2071
0.3	45	45.0463
0.3	45	104.054
0.3	45	-172.222
0.3	45	62.2111
0.3	45	125.352
0.3	45	-103.848
0.3	45	-97.7561
0.3	45	-152.494
0.3	45	18.9127
0.3	45	-53.963
0.3	45	-151.41
0.3	45	54.1771
0.3	45	157.083
0.3	45	75.1415
0.3	45	120.001
0.3	45	-141.898
0.3	45	23.8695
0.3	45	-160.358
0.3	45	26.2991
0.3	45	-174.343
0.3	45	117.045
0.3	45	79.7228
0.3	45	83.2895
0.3	45	-104.707
0.3	45	-44.1172
0.3	45	-127.891
0.3	45	-88.6226
0.3	45	-46.4616
0.3	45	90.3906
0.3	45	135.96
0.3	45	-8.49257
0.3	45	80.4959
0.3	45	73.486
0.3	45	143.378
0.3	45	29.9834
0.3	45	-54.9461
0.3	45	160.791
0.3	45	150.319
0.3	45	-149.74
0.3	45	155.81
0.3	45	81.319
0.3	45	109.6
0.3	45	-104.916
0.3	45	169.258
0.3	45	-84.9817
0.3	45	138.489
0.3	45	-8.02869
0.3	45	-47.4967
0.3	45	101.713
0.3	45	54.1309
0.3	45	-54.7895
0.3	45	-166.807
0.3	45	88.2033
0.3	45	179.344
0.3	45	2.74343
0.3	45	160.238
0.3	45	-94.3252
0.3	45	-136.869
0.3	45	111.96
0.3	45	-130.781
0.3	45	154.31
0.3	45	-32.6429
0.3	45	61.641
0.3	45	-42.0066
0.3	45	35.2936
0.3	45	176.419
0.3	45	-3.33878
0.3	45	-151.414
0.3	45	119.011
0.3	45	98.9591
0.3	45	106.005
0.3	45	23.4449
0.3	45	3.36788
0.3	45	20.8853
0.3	45	-158.634
0.3	45	44.5186
0.3	45	152.02
0.3	45	-41.9103
0.3	45	-32.3558
0.3	45	26.6665
0.3	45	126.862
0.3	45	177.386
0.3	45	67.2263
0.3	45	-32.7237
0.3	45	-143.777
0.3	45	-109.887
0.3	45	141.077
0.3	45	57.4777
0.3	45	-106.83
0.3	45	-129.654
0.3	45	-104.427
0.3	45	-165.884
0.3	45	100.422
0.3	45	9.65906
0.3	45	56.6796
0.3	45	93.3906
0.3	45	-122.537
0.3	45	148.192
0.3	45	-162.455
0.3	45	-20.7993
0.3	45	-21.0579
0.3	45	-126.194
0.3	45	49.8165
0.3	45	44.3974
0.3	45	-172.992
0.3	45	125.978
0.3	45	153.323
0.3	45	-88.4984
0.3	45	-60.7515
0.3	45	8.03252
0.3	45	-11.6846
0.3	45	-43.8556
0.3	45	-150.076
0.3	45	13.2836
0.3	45	98.4439
0.3	45	52.8033
0.3	45	-101.657
0.3	45	-75.8346
0.3	45	-26.1439
0.3	45	127.46
0.3	45	22.7453
0.3	45	103.501
0.3	45	34.5941
0.3	45	44.3718
0.3	45	3.05804
0.3	45	5.55484
0.3	45	-84.0882
0.3	45	70.9995
0.3	45	22.7687
0.3	45	99.1509
0.3	45	-84.588
0.3	45	155.052
0.3	45	45.5151
0.3	45	46.069
0.3	45	16.7225
0.3	45	147.735
0.3	45	1.67333
0.3	45	-141.419
0.3	45	34.8375
0.3	45	-17.5592
0.3	45	-51.5761
0.3	45	67.7378
0.3	45	-130.227
0.3	45	-0.271257
0.3	45	-125.648
0.3	45	-121.205
0.3	45	55.852
0.3	45	129.667
0.3	45	115.879
0.3	45	-91.0228
0.3	45	-113.147
0.3	45	20.41
0.3	45	45.5084
0.3	45	-28.418
0.3	45	-119.697
0.3	45	-67.2631
0.3	45	42.1904
0.3	45	-47.8203
0.3	45	-94.6619
0.3	45	-167.14
0.3	45	-46.8886
0.3	45	144.079
0.3	45	83.7542
0.3	45	129.287
0.3	45	-136.55
0.3	45	-88.3248
0.3	45	108.882
0.3	45	-73.7031
0.3	45	-91.0706
0.3	45	156.402
0.3	45	-47.4198
0.3	45	-55.3605
0.3	45	114.689
0.3	45	105.422
0.3	45	-85.4494
0.3	45	32.187
0.3	45	132.683
0.3	45	-2.00926
0.3	45	-126.676
0.3	45	119.077
0.3	45	-41.7271
0.3	45	0.396818
0.3	45	-25.9799
0.3	45	-163.688
0.3	45	-3.50441
0.3	45	-114.378
0.3	45	136.492
0.3	45	-10.8384
0.3	45	91.5445
0.3	45	177.068
0.3	45	179.911
0.3	45	43.6212
0.3	45	118.379
0.3	45	-12.3577
0.3	45	-67.3015
0.3	45	122.105
0.3	45	-114.727
0.3	45	-30.0271
0.3	45	59.6386
0.3	45	-65.6932
0.3	45	-10.3732
0.3	45	7.80025
0.3	45	118.33
0.3	45	178.513
0.3	45	117.413
0.3	45	54.8915
0.3	45	93.5891
0.3	45	-35.5071
0.3	45	177.986
0.3	45	47.5391
0.3	45	89.9725
0.3	45	-124.074
0.3	45	142.207
0.3	45	-168.792
0.3	45	12.8755
0.3	45	82.2005
0.3	45	-144.312
0.3	45	83.1051
0.3	45	100.368
0.3	45	32.7901
0.3	45	17.4167
0.3	45	125.96
0.3	45	22.7278
0.3	45	136.439
0.3	45	-72.299
0.3	45	9.11096
0.3	45	125.011
0.3	45	166.736
0.3	45	-146.645
0.3	45	32.7441
0.3	45	-118.713
0.3	45	-36.2442
0.3	45	118.429
0.3	45	0.00629784
0.3	45	171.263
0.3	45	-164.369
0.3	45	-1.06299
0.3	45	25.2578
0.3	45	-144.677
0.3	45	-120.283
0.3	45	121.002
0.3	45	98.807
0.3	45	-152.764
0.3	45	56.6573
0.3	45	147.007
0.3	45	-17.2509
0.3	45	20.2413
0.3	45	-138.082
0.3	45	-68.8028
0.3	45	-145.323
0.3	45	-113.15
0.3	45	-66.5774
0.3	45	-111.422
0.3	45	143.673
0.3	45	28.0288
0.3	45	69.7036
0.3	45	38.8677
0.3	45	115.537
0.3	45	-141.278
0.3	45	-61.6499
0.3	45	92.537
0.3	45	63.4894
0.3	45	-23.7581
0.3	45	74.2644
0.3	45	125.725
0.3	45	135.987
0.3	45	152.928
0.3	45	175.615
0.3	45	72.1098
0.3	45	-101.514
0.3	45	98.1841
0.3	45	-122.591
0.3	45	-43.6212
0.3	45	167.905
0.3	45	146.527
0.3	45	-48.7401
0.3	45	-135.753
0.3	45	77.0391
0.3	45	11.6964
0.3	45	48.4459
0.3	45	37.2118
0.3	45	-125.832
0.3	45	13.7213
0.3	45	57.3297
0.3	45	-32.8043
0.3	45	-42.7177
0.3	45	-4.44981
0.3	45	-89.221
0.3	45	-48.6525
0.3	45	-81.6612
0.3	45	-15.0567
0.3	45	1.94352
0.3	45	-120.031
0.3	45	-23.2431
0.3	45	88.498
0.3	45	-62.2649
0.3	45	-167.14
0.3	45	-177.297
0.3	45	-56.9345
0.3	45	-60.3275
0.3	45	95.5499
0.3	45	142.942
0.3	45	-97.7604
0.3	45	-176.745
0.3	45	-16.0663
0.3	45	-42.7689
0.3	45	177.553
0.3	45	-133.408
0.3	45	-66.7827
0.3	45	86.0472
0.3	45	11.2242
0.3	45	-77.1636
0.3	45	-112.965
0.3	45	-100.193
0.3	45	141.715
0.3	45	116.606
0.3	45	-173.605
0.3	45	-52.9374
0.3	45	118.159
0.3	45	-137.381
0.3	45	13.2168
0.3	45	-171.956
0.3	45	103.984
0.3	45	169.13
0.3	45	127.796
0.3	45	98.1258
0.3	45	100.687
0.3	45	42.8366
0.3	45	-67.6282
0.3	45	-98.4391
0.3	45	-37.5337
0.3	45	149.688
0.3	45	81.5508
0.3	45	90.6248
0.3	45	166.424
0.3	45	75.3967
0.3	45	138.665
0.3	45	55.281
0.3	45	71.3898
0.3	45	-99.4232
0.3	45	102.913
0.3	45	-12.6856
0.3	45	-103.602
0.3	45	95.558
0.3	45	176.385
0.3	45	-3.42584
0.3	45	110.197
0.3	45	-95.8798
0.3	45	91.6787
0.3	45	144.144
0.3	45	33.7824
0.3	45	113.311
0.3	45	-177.814
0.3	45	108.173
0.3	45	124.342
0.3	45	-51.6655
0.3	45	179.314
0.3	45	158.31
0.3	45	-38.0106
0.3	45	13.3084
0.3	45	-135.177
0.3	45	-166.509
0.3	45	172.747
0.3	45	25.9557
0.3	45	-36.2485
0.3	45	0.0139798
0.3	45	6.13223
0.3	45	104.284
0.3	45	-25.0127
0.3	45	43.0439
0.3	45	-154.661
0.3	45	86.8496
0.3	45	-143.888
0.3	45	-111.866
0.3	45	87.3712
0.3	45	-42.5702
0.3	45	122.354
0.3	45	50.189
0.3	45	-69.2241
0.3	45	51.96
0.3	45	-164.815
0.3	45	79.9881
0.3	45	126.017
0.3	45	-48.4848
0.3	45	-138.5
0.3	45	51.0283
0.3	45	37.7422
0.3	45	144.521
0.3	45	146.397
0.3	45	-75.4254
0.3	45	63.0211
0.3	45	23.0281
0.3	45	-22.2647
0.3	45	-129.303
0.3	45	-54.8546
0.3	45	24.1023
0.3	45	-105.614
0.3	45	-154.236
0.3	45	152.712
0.3	45	12.7409
0.3	45	-114.47
0.3	45	37.924
0.3	45	-176.176
0.3	45	155.912
0.3	45	118.643
0.3	45	-102.435
0.3	45	-51.9833
0.3	45	-176.476
0.3	45	-28.6527
0.3	45	-92.9313
0.3	45	-40.9149
0.3	45	115.67
0.3	45	-82.8384
0.3	45	-29.7529
0.3	45	-53.3795
0.3	45	96.3284
0.3	45	-12.1328
0.3	45	7.31307
0.3	45	-155.103
0.3	45	-99.1575
0.3	45	164.878
0.3	45	-95.6974
0.3	45	170.152
0.3	45	-156.79
0.3	45	-76.4972
0.3	45	139.113
0.3	45	140.849
0.3	45	154.276
0.3	45	57.0819
0.3	45	-7.91167
0.3	45	-12.6962
0.25	-45	-131.518
0.25	-45	-139.547
0.25	-45	6.70845
0.25	-45	174.304
0.25	-45	56.5565
0.25	-45	57.7638
0.25	-45	-145.973
0.25	-45	174.441
0.25	-45	-95.9102
0.25	-45	-135.826
0.25	-45	-5.6976
0.25	-45	-144.134
0.25	-45	-76.8209
0.25	-45	-58.4562
0.25	-45	-16.7431
0.25	-45	160.373
0.25	-45	103.033
0.25	-45	-175.179
0.25	-45	-71.1378
0.25	-45	-102.664
0.25	-45	-129.161
0.25	-45	76.013
0.25	-45	-22.9481
0.25	-45	-148.136
0.25	-45	50.7535
0.25	-45	27.2637
0.25	-45	-97.8239
0.25	-45	86.9252
0.25	-45	-35.0853
0.25	-45	-49.6103
0.25	-45	-44.1691
0.25	-45	-46.7864
0.25	-45	-175.305
0.25	-45	34.4882
0.25	-45	-13.6438
0.25	-45	-159.64
0.25	-45	174.853
0.25	-45	43.3761
0.25	-45	12.4841
0.25	-45	33.7256
0.25	-45	106.105
0.25	-45	-22.0283
0.25	-45	-149.451
0.25	-45	-52.47
0.25	-45	5.52107
0.25	-45	18.4589
0.25	-45	-134.708
0.25	-45	121.108
0.25	-45	47.8163
0.25	-45	-127.325
0.25	-45	12.8605
0.25	-45	-122.185
0.25	-45	38.3799
0.25	-45	4.44987
0.25	-45	-21.9898
0.25	-45	-5.1387
0.25	-45	-167.453
0.25	-45	-56.7496
0.25	-45	-113.275
0.25	-45	55.8185
0.25	-45	-59.0378
0.25	-45	-112.635
0.25	-45	-95.6163
0.25	-45	-134.773
0.25	-45	-97.2126
0.25	-45	-173.647
0.25	-45	-120.651
0.25	-45	70.8505
0.25	-45	44.1726
0.25	-45	100.794
0.25	-45	-134.26
0.25	-45	-26.0986
0.25	-45	174.623
0.25	-45	-143.099
0.25	-45	-119.635
0.25	-45	125.855
0.25	-45	14.2417
0.25	-45	81.4489
0.25	-45	51.7674
0.25	-45	-59.245
0.25	-45	49.929
0.25	-45	154.02
0.25	-45	-21.2767
0.25	-45	-47.6011
0.25	-45	143.193
0.25	-45	125.147
0.25	-45	-29.5681
0.25	-45	-110.176
0.25	-45	153.461
0.25	-45	-7.65288
0.25	-45	-157.782
0.25	-45	-8.68665
0.25	-45	-81.1766
0.25	-45	-176.133
0.25	-45	77.2291
0.25	-45	168.789
0.25	-45	103.452
0.25	-45	169.974
0.25	-45	-134.229
0.25	-45	-73.8878
0.25	-45	15.0326
0.25	-45	156.613
0.25	-45	141.797
0.25	-45	-22.8192
0.25	-45	1.8635
0.25	-45	147.294
0.25	-45	-137.872
0.25	-45	-71.0124
0.25	-45	10.1168
0.25	-45	-75.7718
0.25	-45	176.15
0.25	-45	15.0084
0.25	-45	-168.319
0.25	-45	-81.2288
0.25	-45	6.29717
0.25	-45	-165.357
0.25	-45	132.606
0.25	-45	-59.7618
0.25	-45	10.8534
0.25	-45	156.117
0.25	-45	-154.652
0.25	-45	61.0793
0.25	-45	43.7745
0.25	-45	-71.6301
0.25	-45	-27.3871
0.25	-45	158.96
0.25	-45	52.9268
0.25	-45	-32.3723
0.25	-45	-83.0552
0.25	-45	172.513
0.25	-45	-73.1518
0.25	-45	155.201
0.25	-45	-124.964
0.25	-45	-162.455
0.25	-45	-89.3646
0.25	-45	45.5983
0.25	-45	-8.62272
0.25	-45	-2.42945
0.25	-45	73.332
0.25	-45	79.484
0.25	-45	0.117993
0.25	-45	79.4612
0.25	-45	96.0456
0.25	-45	-68.6089
0.25	-45	20.1475
0.25	-45	41.5323
0.25	-45	143.683
0.25	-45	158.052
0.25	-45	-80.5235
0.25	-45	63.6016
0.25	-45	83.9058
0.25	-45	23.7185
0.25	-45	78.4534
0.25	-45	41.2298
0.25	-45	85.6659
0.25	-45	-137.362
0.25	-45	-31.5359
0.25	-45	-79.6625
0.25	-45	32.7932
0.25	-45	-11.7175
0.25	-45	-77.7205
0.25	-45	46.4988
0.25	-45	138.236
0.25	-45	-17.8074
0.25	-45	147.108
0.25	-45	132.055
0.25	-45	67.1359
0.25	-45	166.365
0.25	-45	-150.7
0.25	-45	-109.179
0.25	-45	66.2797
0.25	-45	22.2921
0.25	-45	7.01992
0.25	-45	-125.976
0.25	-45	46.8581
0.25	-45	57.5674
0.25	-45	-64.1968
0.25	-45	-170.888
0.25	-45	-147.541
0.25	-45	39.2076
0.25	-45	124.594
0.25	-45	7.02487
0.25	-45	71.245
0.25	-45	-25.2484
0.25	-45	-178.759
0.25	-45	-129.967
0.25	-45	-24.6385
0.25	-45	-39.9607
0.25	-45	-121.439
0.25	-45	-66.3181
0.25	-45	5.84803
0.25	-45	2.54461
0.25	-45	131.922
0.25	-45	-168.509
0.25	-45	104.378
0.25	-45	79.3893
0.25	-45	3.2017
0.25	-45	-99.4792
0.25	-45	109.976
0.25	-45	-106.103
0.25	-45	-24.5469
0.25	-45	-37.1337
0.25	-45	13.3844
0.25	-45	-75.5314
0.25	-45	44.7323
0.25	-45	106.944
0.25	-45	-175.029
0.25	-45	88.9282
0.25	-45	163.283
0.25	-45	119.937
0.25	-45	-153.464
0.25	-45	-165.69
0.25	-45	88.1875
0.25	-45	-105.253
0.25	-45	38.0689
0.25	-45	-8.04862
0.25	-45	171.868
0.25	-45	-61.9715
0.25	-45	89.533
0.25	-45	13.769
0.25	-45	66.6173
0.25	-45	-104.536
0.25	-45	-140.078
0.25	-45	152.036
0.25	-45	-129.101
0.25	-45	16.7112
0.25	-45	127.934
0.25	-45	-66.0755
0.25	-45	-150.303
0.25	-45	-168.683
0.25	-45	-1.70994
0.25	-45	147.835
0.25	-45	112.117
0.25	-45	-173.762
0.25	-45	-128.83
0.25	-45	-108.545
0.25	-45	107.827
0.25	-45	58.1215
0.25	-45	41.6558
0.25	-45	140.135
0.25	-45	97.7135
0.25	-45	-156.993
0.25	-45	113.468
0.25	-45	-144.651
0.25	-45	17.9843
0.25	-45	-37.0673
0.25	-45	-158.682
0.25	-45	-18.8804
0.25	-45	93.7949
0.25	-45	-30.7443
0.25	-45	-48.0025
0.25	-45	125.692
0.25	-45	-102.758
0.25	-45	86.069
0.25	-45	-168.915
0.25	-45	-147.172
0.25	-45	118.937
0.25	-45	-150.236
0.25	-45	179.706
0.25	-45	-20.2235
0.25	-45	-125.383
0.25	-45	-7.05663
0.25	-45	126.496
0.25	-45	175.86
0.25	-45	129.876
0.25	-45	-95.7423
0.25	-45	150.501
0.25	-45	-96.2922
0.25	-45	24.4192
0.25	-45	61.6998
0.25	-45	9.88254
0.25	-45	126.656
0.25	-45	-109.674
0.25	-45	-43.1607
0.25	-45	-97.351
0.25	-45	-54.8893
0.25	-45	-98.3837
0.25	-45	87.1072
0.25	-45	102.555
0.25	-45	-135.495
0.25	-45	-17.8785
0.25	-45	106.891
0.25	-45	-129.989
0.25	-45	-94.4051
0.25	-45	-91.1095
0.25	-45	76.3068
0.25	-45	-111.022
0.25	-45	179.652
0.25	-45	-9.7875
0.25	-45	-65.6703
0.25	-45	-46.514
0.25	-45	-8.00347
0.25	-45	156.841
0.25	-45	-48.5892
0.25	-45	39.9748
0.25	-45	-63.0703
0.25	-45	-136.322
0.25	-45	102.267
0.25	-45	-18.5537
0.25	-45	56.2082
0.25	-45	70.608
0.25	-45	-146.184
0.25	-45	-20.8575
0.25	-45	168.294
0.25	-45	155.556
0.25	-45	95.5098
0.25	-45	-39.7346
0.25	-45	35.6773
0.25	-45	154.843
0.25	-45	158.834
0.25	-45	-31.5003
0.25	-45	-2.79579
0.25	-45	-48.7724
0.25	-45	-8.24759
0.25	-45	-131.236
0.25	-45	-176.495
0.25	-45	5.78912
0.25	-45	-54.3743
0.25	-45	-137.135
0.25	-45	-169.784
0.25	-45	-119.713
0.25	-45	56.596
0.25	-45	-5.80744
0.25	-45	-146.285
0.25	-45	-163.408
0.25	-45	108.224
0.25	-45	133.248
0.25	-45	-139.248
0.25	-45	-84.6225
0.25	-45	18.0359
0.25	-45	-63.3869
0.25	-45	102.6
0.25	-45	49.234
0.25	-45	-29.8176
0.25	-45	-119.439
0.25	-45	16.1542
0.25	-45	30.3224
0.25	-45	-109.806
0.25	-45	-37.2755
0.25	-45	16.2212
0.25	-45	78.9998
0.25	-45	-91.8297
0.25	-45	71.5638
0.25	-45	173.768
0.25	-45	-143.634
0.25	-45	-116.696
0.25	-45	149.052
0.25	-45	-42.8498
0.25	-45	-102.559
0.25	-45	-2.73366
0.25	-45	-140.724
0.25	-45	-44.5521
0.25	-45	-54.7728
0.25	-45	29.0909
0.25	-45	-34.572
0.25	-45	99.4365
0.25	-45	62.5505
0.25	-45	-74.7739
0.25	-45	-98.2106
0.25	-45	-148.89
0.25	-45	124.105
0.25	-45	106.537
0.25	-45	-2.6174
0.25	-45	-162.369
0.25	-45	-61.8882
0.25	-45	115.082
0.25	-45	121.757
0.25	-45	75.2379
0.25	-45	-96.8883
0.25	-45	-75.1975
0.25	-45	71.7726
0.25	-45	134.278
0.25	-45	-33.918
0.25	-45	33.8832
0.25	-45	-120.678
0.25	-45	-31.8766
0.25	-45	13.8818
0.25	-45	-17.3992
0.25	-45	118.13
0.25	-45	75.1253
0.25	-45	-53.6843
0.25	-45	-144.226
0.25	-45	172.634
0.25	-45	-124.585
0.25	-45	-54.8882
0.25	-45	157.609
0.25	-45	-63.8281
0.25	-45	161.309
0.25	-45	14.6698
0.25	-45	-0.339988
0.25	-45	12.0477
0.25	-45	-28.9465
0.25	-45	-145.257
0.25	-45	-56.1313
0.25	-45	157.458
0.25	-45	-151.121
0.25	-45	-168.703
0.25	-45	23.1998
0.25	-45	27.9632
0.25	-45	-78.6683
0.25	-45	-61.6632
0.25	-45	-51.9655
0.25	-45	105.742
0.25	-45	-41.1637
0.25	-45	-161.871
0.25	-45	134.197
0.25	-45	162.169
0.25	-45	147.368
0.25	-45	-4.22377
0.25	-45	-17.9114
0.25	-45	-67.9287
0.25	-45	142.293
0.25	-45	-66.6272
0.25	-45	-156.575
0.25	-45	-157.65
0.25	-45	9.57928
0.25	-45	19.4491
0.25	-45	148.251
0.25	-45	75.6115
0.25	-45	-95.1071
0.25	-45	56.3769
0.25	-45	-39.0029
0.25	-45	-124.849
0.25	-45	49.2213
0.25	-45	0.0460148
0.25	-45	-175.6
0.25	-45	-52.5665
0.25	-45	172.889
0.25	-45	-116.619
0.25	-45	-127.992
0.25	-45	156.928
0.25	-45	-143.554
0.25	-45	-98.5295
0.25	-45	67.879
0.25	-45	-27.0163
0.25	-45	-37.1066
0.25	-45	-154.274
0.25	-45	-115.73
0.25	-45	-116.411
0.25	-45	-122.631
0.25	-45	-92.2874
0.25	-45	-54.8526
0.25	-45	40.4863
0.25	-45	-144.94
0.25	-45	48.8881
0.25	-45	28.7319
0.25	-45	-105.46
0.25	-45	-26.1973
0.25	-45	176.105
0.25	-45	100.544
0.25	-45	108.822
0.25	-45	-75.1888
0.25	-45	42.2782
0.25	-45	-117.927
0.25	-45	96.4715
0.25	-45	-115.018
0.25	-45	56.2973
0.25	-45	107.18
0.25	-45	-64.8293
0.25	-45	-91.9008
0.25	-45	-9.85068
0.25	-45	5.1123
0.25	-45	103.923
0.25	-45	30.8388
0.25	-45	-34.6876
0.25	-45	-74.5668
0.25	-45	-164.762
0.25	-45	56.7316
0.25	-45	-96.6108
0.25	-45	-39.5332
0.25	-45	119.986
0.25	-45	-115.318
0.25	-45	-92.2969
0.25	-45	-90.9297
0.25	-45	132.378
0.25	-45	-71.9642
0.25	-45	167.191
0.25	-45	-160.531
0.25	-45	128.364
0.25	-45	-50.2048
0.25	-45	-179.343
0.25	-45	-122.302
0.25	-45	72.6054
0.25	-45	-86.5832
0.25	-45	122.722
0.25	-45	-106.998
0.25	-45	52.2955
0.25	-45	98.889
0.25	-45	-103.469
0.25	-45	136.059
0.25	-45	-34.334
0.25	-45	158.913
0.25	-45	115.14
0.25	-45	26.4039
0.25	-45	-146.903
0.25	-45	-174.024
0.25	-45	167.334
0.25	-45	115.742
0.25	-45	-120.406
0.25	-45	-169.41
0.25	-45	88.3737
0.25	-45	158.499
0.25	-45	140.7
0.25	-45	166.06
0.25	-45	-22.7462
0.25	-45	143.239
0.25	-45	151.404
0.25	-45	17.6403
0.25	-45	-12.5188
0.25	-45	71.9697
0.25	-45	121.029
0.25	-45	-179.924
0.25	-45	-77.4579
0.25	-45	-144.088
0.25	-45	39.079
0.25	-45	13.585
0.25	-45	6.85187
0.25	-45	78.8536
0.25	-45	24.2559
0.25	-45	136.402
0.25	-45	179.389
0.25	-45	50.8963
0.25	-45	-80.6596
0.25	-45	54.3326
0.25	-45	113.161
0.25	-45	43.6866
0.25	-45	-165.642
0.25	-45	-143.345
0.25	-45	11.6974
0.25	-45	-82.99
0.25	-45	50.8521
0.25	-45	-74.8055
0.25	-45	-176.276
0.25	-45	117.771
0.25	-45	66.2434
0.25	-45	-107.432
0.25	-45	83.2606
0.25	-45	-48.2975
0.25	-45	-141.483
0.25	-45	114.749
0.25	-45	1.88548
0.25	-45	84.1712
0.25	-45	-100.684
0.25	-45	-11.321
0.25	-45	3.65328
0.25	-45	-107.308
0.25	-45	115.036
0.25	-45	-112.295
0.25	-45	12.5645
0.25	-45	121.38
0.25	-45	147.913
0.25	-45	-89.285
0.25	-45	-9.85929
0.25	-45	-42.8364
0.25	-45	-66.5345
0.25	-45	171.07
0.25	-45	-85.2125
0.25	-45	-20.3836
0.25	-45	54.6566
0.25	-45	102.69
0.25	-45	149.997
0.25	-45	174.728
0.25	-45	104.827
0.25	-45	-165.264
0.25	-45	-130.16
0.25	-45	17.0054
0.25	-45	46.3084
0.25	-45	-93.6579
0.25	-45	161.281
0.25	-45	174.49
0.25	-45	116.432
0.25	-45	-81.2349
0.25	-45	-0.814902
0.25	-45	-119.873
0.25	-45	-106.755
0.25	-45	73.1607
0.25	-45	-176.821
0.25	-45	-74.7045
0.25	-45	146.711
0.25	-45	-108.873
0.25	-45	-62.9658
0.25	-45	-121.923
0.25	-45	148.454
0.25	-45	118.473
0.25	-45	-148.13
0.25	-45	-143.172
0.25	-45	-19.6561
0.25	-45	134.343
0.25	-45	-139.291
0.25	-45	-97.9676
0.25	-45	-105.461
0.25	-45	-176.615
0.25	-45	11.01
0.25	-45	-118.863
0.25	-45	97.6178
0.25	-45	-120.084
0.25	-45	10.0117
0.25	-45	155.853
0.25	-45	-92.541
0.25	-45	-41.8775
0.25	-45	-163.829
0.25	-45	-41.891
0.25	-45	-3.85026
0.25	-45	-15.9075
0.25	-45	-146.927
0.25	-45	-27.0532
0.25	-45	-61.7574
0.25	-45	96.2981
0.25	-45	-48.2154
0.25	-45	137.932
0.25	-45	80.5573
0.25	-45	-81.8309
0.25	-45	25.7866
0.25	-45	3.3744
0.25	-45	-178.744
0.25	-45	8.55488
0.25	-45	24.7588
0.25	-45	-136.934
0.25	-45	-136.513
0.25	-45	161.22
0.25	-45	146.129
0.25	-45	-30.4269
0.25	-45	-40.5791
0.25	-45	-126.299
0.25	-45	-161.161
0.25	-45	59.4802
0.25	-45	14.6288
0.25	-45	-175.833
0.25	-45	147.507
0.25	-45	-99.4509
0.25	-45	90.5508
0.25	-45	152.096
0.25	-45	-62.2183
0.25	-45	-157.036
0.25	-45	179.856
0.25	-45	-58.3676
0.25	-45	-136.644
0.25	-45	1.39432
0.25	-45	120.132
0.25	-45	171.513
0.25	-45	102.86
0.25	-45	-57.937
0.25	-45	32.8208
0.25	-45	-46.9659
0.25	-45	-82.4335
0.25	-45	80.5665
0.25	-45	-178.331
0.25	-45	-89.047
0.25	-45	-169.663
0.25	-45	41.9641
0.25	-45	-136.098
0.25	-45	15.4348
0.25	-45	-23.7357
0.25	-45	57.3971
0.25	-45	66.1806
0.25	-45	25.596
0.25	-45	-171.917
0.25	-45	2.83885
0.25	-45	-35.3828
0.25	-45	132.981
0.25	-45	102.983
0.25	-45	-29.1302
0.25	-45	-51.7531
0.25	-45	-87.3159
0.25	-45	179.152
0.25	-45	174.018
0.25	-45	-92.5252
0.25	-45	-43.9412
0.25	-45	65.4773
0.25	-45	59.034
0.25	-45	-56.7285
0.25	-45	124.348
0.25	-45	-79.0065
0.25	-45	95.1341
0.25	-45	11.506
0.25	-45	-149.281
0.25	-45	-55.9719
0.25	-45	-136.668
0.25	-45	58.0767
0.25	-45	124.702
0.25	-45	-17.526
0.25	-45	-70.3929
0.25	-45	23.167
0.25	-45	-177.542
0.25	-45	-4.57895
0.25	-45	-53.267
0.25	-45	-172.998
0.25	-45	35.983
0.25	-45	-167.214
0.25	-45	-143.527
0.25	-45	-101.272
0.25	-45	-24.3278
0.25	-45	87.0898
0.25	-45	-27.4787
0.25	-45	54.1379
0.25	-45	61.7435
0.25	-45	98.0703
0.25	-45	-28.0747
0.25	-45	-0.473116
0.25	-45	-164.453
0.25	-45	-117.475
0.25	-45	-158.723
0.25	-45	25.3068
0.25	-45	-158.308
0.25	-45	36.4983
0.25	-45	112.602
0.25	-45	58.2758
0.25	-45	-52.2792
0.25	-45	-88.907
0.25	-45	97.2754
0.25	-45	-26.5417
0.25	-45	125.364
0.25	-45	58.1226
0.25	-45	96.2325
0.25	-45	117.136
0.25	-45	60.6203
0.25	-45	-162.771
0.25	-45	72.3312
0.25	-45	102.525
0.25	-45	-179.067
0.25	-45	-110.535
0.25	-45	-62.8831
0.25	-45	-34.5413
0.25	-45	-99.157
0.25	-45	-53.9984
0.25	-45	-132.181
0.25	-45	-158.749
0.25	-45	108.395
0.25	-45	-120.983
0.25	-45	-142.342
0.25	-45	98.6526
0.25	-45	172.674
0.25	-45	55.1544
0.25	-45	-41.4217
0.25	-45	59.1398
0.25	-45	-71.8306
0.25	-45	168.03
0.25	-45	-76.7537
0.25	-45	135.31
0.25	-45	47.8722
0.25	-45	-105.586
0.25	-45	160.648
0.25	-45	70.1554
0.25	-45	-9.32897
0.25	-45	-129.789
0.25	-45	-166.974
0.25	-45	-52.4324
0.25	-45	-66.8036
0.25	-45	-151.155
0.25	-45	-128.615
0.25	-45	-101.191
0.25	-45	6.73568
0.25	-45	-15.4641
0.25	-45	163.261
0.25	-45	157.478
0.25	-45	-159.101
0.25	-45	-47.9142
0.25	-45	55.0559
0.25	-45	-157.319
0.25	-45	69.3555
0.25	-45	-29.6975
0.25	-45	146.373
0.25	-45	-169.074
0.25	-45	-140.776
0.25	-45	94.1659
0.25	-45	108.258
0.25	-45	24.1524
0.25	-45	-140.5
0.25	-45	128.935
0.25	-45	-55.8186
0.25	-45	139.135
0.25	-45	-167.007
0.25	-45	95.4954
0.25	-45	85.5321
0.25	-45	-97.8535
0.25	-45	167.061
0.25	-45	-20.574
0.25	-45	29.3377
0.25	-45	147.873
0.25	-45	-17.86
0.25	-45	55.4541
0.25	-45	-33.9253
0.25	-45	-77.622
0.25	-45	-119.593
0.25	-45	54.1475
0.25	-45	-111.268
0.25	-45	81.849
0.25	-45	173.249
0.25	-45	-161.393
0.25	-45	-123.918
0.25	-45	-53.1727
0.25	-45	-22.2213
0.25	-45	-166.11
0.25	-45	-123.427
0.25	-45	-27.9123
0.25	-45	101.687
0.25	-45	119.069
0.25	-45	-164.545
0.25	-45	139.113
0.25	-45	159.125
