pol	setting	phi
0.3	45	-126.312
0.3	45	-22.0515
0.3	45	97.3187
0.3	45	-13.3719
0.3	45	21.6878
0.3	45	166.733
0.3	45	106.323
0.3	45	120.842
0.3	45	-179.871
0.3	45	-86.9344
0.3	45	-155.683
0.3	45	35.9356
0.3	45	24.075
0.3	45	150.548
0.3	45	72.3584
0.3	45	-52.3291
0.3	45	104.589
0.3	45	-171.218
0.3	45	-151.214
0.3	45	-117.711
0.3	45	163.253
0.3	45	-161.925
0.3	45	152.344
0.3	45	109.223
0.3	45	-43.0802
0.3	45	48.1846
0.3	45	157.54
0.3	45	87.4954
0.3	45	-158.464
0.3	45	113.654
0.3	45	-80.7467
0.3	45	171.74
0.3	45	169.306
0.3	45	124.673
0.3	45	-4.29084
0.3	45	-174.373
0.3	45	-76.807
0.3	45	16.1465
0.3	45	106.387
0.3	45	153.497
0.3	45	10.5261
0.3	45	174.591
0.3	45	26.3525
0.3	45	131.243
0.3	45	-142.625
0.3	45	142.982
0.3	45	-45.0725
0.3	45	-124.374
0.3	45	-142.624
0.3	45	-150.215
0.3	45	171.783
0.3	45	-95.006
0.3	45	-19.1452
0.3	45	-40.9745
0.3	45	-163.344
0.3	45	36.2451
0.3	45	-140.053
0.3	45	-62.7335
0.3	45	-53.0186
0.3	45	-77.4469
0.3	45	0.347977
0.3	45	176.731
0.3	45	54.3845
0.3	45	1.08396
0.3	45	-2.86403
0.3	45	-125.536
0.3	45	-172.557
0.3	45	-131.713
0.3	45	-155.223
0.3	45	-59.8536
0.3	45	-115.158
0.3	45	-41.7928
0.3	45	-66.5841
0.3	45	-76.6415
0.3	45	52.8509
0.3	45	111.313
0.3	45	129.726
0.3	45	-177.066
0.3	45	10.9101
0.3	45	-56.4748
0.3	45	118.347
0.3	45	-72.5708
0.3	45	50.0153
0.3	45	39.1414
0.3	45	-55.6821
0.3	45	-10.3787
0.3	45	-128.532
0.3	45	-20.4489
0.3	45	-155.471
0.3	45	-35.0186
0.3	45	-158.338
0.3	45	-179.604
0.3	45	-164.723
0.3	45	-26.2421
0.3	45	132.749
0.3	45	-143.268
0.3	45	104.362
0.3	45	-168.735
0.3	45	-65.6013
0.3	45	122.457
0.3	45	132.139
0.3	45	-157.279
0.3	45	52.6593
0.3	45	-45.6818
0.3	45	-138.543
0.3	45	-51.1014
0.3	45	-62.9448
0.3	45	-71.1534
0.3	45	34.6147
0.3	45	104.75
0.3	45	133.516
0.3	45	-158.646
0.3	45	95.0774
0.3	45	-172.421
0.3	45	-172.492
0.3	45	144.882
0.3	45	-133.572
0.3	45	-175.015
0.3	45	158.651
0.3	45	63.0385
0.3	45	155.233
0.3	45	89.8766
0.3	45	-74.2575
0.3	45	67.5975
0.3	45	131.148
0.3	45	104.411
0.3	45	20.6206
0.3	45	15.3457
0.3	45	7.31031
0.3	45	-121.491
0.3	45	-45.9352
0.3	45	165.753
0.3	45	-99.1247
0.3	45	-171.063
0.3	45	-118.748
0.3	45	-0.225397
0.3	45	-51.1001
0.3	45	117.591
0.3	45	-159.656
0.3	45	103.041
0.3	45	22.6559
0.3	45	118.571
0.3	45	20.6755
0.3	45	-166.081
0.3	45	65.1746
0.3	45	-86.7934
0.3	45	-140.188
0.3	45	33.3945
0.3	45	-66.1754
0.3	45	-133.162
0.3	45	-96.8523
0.3	45	79.3677
0.3	45	128.367
0.3	45	-49.7246
0.3	45	-112.191
0.3	45	173.649
0.3	45	-98.912
0.3	45	138.215
0.3	45	-154.968
0.3	45	-177.449
0.3	45	130.275
0.3	45	-84.0933
0.3	45	142.035
0.3	45	122.7
0.3	45	-4.88245
0.3	45	5.58768
0.3	45	148.641
0.3	45	-88.7216
0.3	45	112.253
0.3	45	37.728
0.3	45	-115.053
0.3	45	83.315
0.3	45	-6.20038
0.3	45	128.738
0.3	45	-161.022
0.3	45	79.9133
0.3	45	50.8099
0.3	45	171.679
0.3	45	171.89
0.3	45	-171.788
0.3	45	-149.567
0.3	45	31.6593
0.3	45	117.093
0.3	45	-163.029
0.3	45	-36.5103
0.3	45	-10.5661
0.3	45	-21.4095
0.3	45	-23.3931
0.3	45	67.731
0.3	45	120.189
0.3	45	69.5121
0.3	45	-110.567
0.3	45	137.56
0.3	45	-52.6237
0.3	45	-178.969
0.3	45	115.98
0.3	45	-85.076
0.3	45	-48.6075
0.3	45	0.991273
0.3	45	-18.2429
0.3	45	132.17
0.3	45	-168.729
0.3	45	-24.6051
0.3	45	-34.351
0.3	45	-162.493
0.3	45	60.9622
0.3	45	-155.221
0.3	45	-57.5845
0.3	45	-158.589
0.3	45	102.96
0.3	45	25.7566
0.3	45	-168.802
0.3	45	22.3093
0.3	45	170.94
0.3	45	31.0851
0.3	45	131.352
0.3	45	-84.3659
0.3	45	80.4928
0.3	45	84.9869
0.3	45	114.285
0.3	45	115.792
0.3	45	-159.295
0.3	45	-88.985
0.3	45	133.229
0.3	45	-177.066
0.3	45	-109.777
0.3	45	11.485
0.3	45	110.336
0.3	45	178.858
0.3	45	-166.76
0.3	45	-92.3609
0.3	45	-63.618
0.3	45	-75.7172
0.3	45	-61.4756
0.3	45	24.5162
0.3	45	159.771
0.3	45	-8.49309
0.3	45	27.6502
0.3	45	-89.649
0.3	45	-128.299
0.3	45	-77.7595
0.3	45	31.6471
0.3	45	-5.22053
0.3	45	140.905
0.3	45	118.412
0.3	45	146.326
0.3	45	130.159
0.3	45	-119.318
0.3	45	163.471
0.3	45	-102.989
0.3	45	127.414
0.3	45	-3.25759
0.3	45	127.432
0.3	45	155.403
0.3	45	160.436
0.3	45	23.1243
0.3	45	-169.779
0.3	45	89.6742
0.3	45	-135.085
0.3	45	-42.0709
0.3	45	15.4047
0.3	45	-27.2166
0.3	45	-118.619
0.3	45	64.3353
0.3	45	113.862
0.3	45	6.27214
0.3	45	-22.9829
0.3	45	-11.3415
0.3	45	66.1809
0.3	45	-172.972
0.3	45	-100.893
0.3	45	149.411
0.3	45	6.20536
0.3	45	155.955
0.3	45	-78.1137
0.3	45	27.6405
0.3	45	117.731
0.3	45	-127.177
0.3	45	129.306
0.3	45	104.431
0.3	45	130.152
0.3	45	-157.026
0.3	45	-84.8923
0.3	45	-33.6652
0.3	45	129.936
0.3	45	31.1537
0.3	45	-169.007
0.3	45	51.2211
0.3	45	47.3364
0.3	45	106.956
0.3	45	-42.3107
0.3	45	-76.9221
0.3	45	-33.6935
0.3	45	-2.57014
0.3	45	-5.79247
0.3	45	9.27321
0.3	45	-121.481
0.3	45	-106.872
0.3	45	177.165
0.3	45	175.77
0.3	45	-174.91
0.3	45	172.275
0.3	45	-33.7163
0.3	45	115.707
0.3	45	-3.30632
0.3	45	-115.098
0.3	45	-89.1713
0.3	45	82.5889
0.3	45	-156.334
0.3	45	3.57675
0.3	45	137.503
0.3	45	19.2924
0.3	45	144.748
0.3	45	8.64688
0.3	45	-116.551
0.3	45	150.868
0.3	45	-34.2999
0.3	45	122.979
0.3	45	124.908
0.3	45	-108.735
0.3	45	-28.1169
0.3	45	-136.176
0.3	45	-123.499
0.3	45	-46.4154
0.3	45	8.52477
0.3	45	-14.0378
0.3	45	103.285
0.3	45	-39.9175
0.3	45	56.5799
0.3	45	-22.0479
0.3	45	110.659
0.3	45	168.637
0.3	45	-71.5708
0.3	45	130.731
0.3	45	98.1514
0.3	45	-1.24301
0.3	45	-45.3565
0.3	45	5.20077
0.3	45	-23.0077
0.3	45	101.126
0.3	45	-142.268
0.3	45	-176.163
0.3	45	-174.061
0.3	45	-56.8828
0.3	45	78.1552
0.3	45	41.7819
0.3	45	163.591
0.3	45	55.1173
0.3	45	-24.5219
0.3	45	-24.2241
0.3	45	103.016
0.3	45	-12.5392
0.3	45	31.935
0.3	45	-135.984
0.3	45	-84.8589
0.3	45	134.071
0.3	45	-2.55811
0.3	45	-65.8691
0.3	45	126.59
0.3	45	64.7683
0.3	45	-55.9023
0.3	45	-80.9228
0.3	45	-149.765
0.3	45	-83.5228
0.3	45	-5.04349
0.3	45	-20.8344
0.3	45	-80.5185
0.3	45	-108.334
0.3	45	23.8494
0.3	45	97.5098
0.3	45	-14.8875
0.3	45	-14.3618
0.3	45	120.38
0.3	45	-141.854
0.3	45	-12.0843
0.3	45	-58.9633
0.3	45	-46.5268
0.3	45	45.8895
0.3	45	-57.7831
0.3	45	-67.5946
0.3	45	28.0906
0.3	45	-68.0572
0.3	45	-145.05
0.3	45	172.101
0.3	45	104.409
0.3	45	-78.0236
0.3	45	-171.256
0.3	45	66.6156
0.3	45	171.076
0.3	45	-57.7831
0.3	45	107.238
0.3	45	86.5184
0.3	45	113.797
0.3	45	-141.902
0.3	45	-154.142
0.3	45	21.2579
0.3	45	-130.498
0.3	45	-147.049
0.3	45	-76.9224
0.3	45	-154.628
0.3	45	134.069
0.3	45	77.5331
0.3	45	-20.4779
0.3	45	-165.072
0.3	45	115.571
0.3	45	-21.1217
0.3	45	-22.2496
0.3	45	-2.42313
0.3	45	-75.1822
0.3	45	64.3805
0.3	45	-83.1863
0.3	45	29.2684
0.3	45	-65.1945
0.3	45	-169.976
0.3	45	142.66
0.3	45	81.4579
0.3	45	-130.514
0.3	45	-7.89488
0.3	45	-11.0758
0.3	45	-163.333
0.3	45	175.381
0.3	45	131.573
0.3	45	53.3824
0.3	45	39.7895
0.3	45	-23.9032
0.3	45	176.114
0.3	45	5.18269
0.3	45	88.3333
0.3	45	-92.5487
0.3	45	-34.9077
0.3	45	91.8227
0.3	45	0.687774
0.3	45	49.7757
0.3	45	-171.583
0.3	45	174.488
0.3	45	-106.868
0.3	45	-176.862
0.3	45	-124.929
0.3	45	-144.952
0.3	45	-89.8175
0.3	45	-136.354
0.3	45	-176.599
0.3	45	-107.596
0.3	45	0.434723
0.3	45	-123.052
0.3	45	-71.4744
0.3	45	-66.5965
0.3	45	163.323
0.3	45	-130.608
0.3	45	-169.216
0.3	45	-177.949
0.3	45	46.5502
0.3	45	121.159
0.3	45	74.862
0.3	45	124.803
0.3	45	-157.196
0.3	45	119.234
0.3	45	75.8068
0.3	45	-150.007
0.3	45	68.5967
0.3	45	-61.2849
0.3	45	91.6705
0.3	45	134.619
0.3	45	132.05
0.3	45	149.716
0.3	45	30.6699
0.3	45	-85.95
0.3	45	-159.453
0.3	45	-98.9294
0.3	45	126.049
0.3	45	165.356
0.3	45	-161.865
0.3	45	-75.1676
0.3	45	-43.3645
0.3	45	12.3197
0.3	45	-54.1129
0.3	45	-66.3835
0.3	45	-64.2561
0.3	45	120.828
0.3	45	-14.6085
0.3	45	88.0029
0.3	45	87.1347
0.3	45	-74.7249
0.3	45	-95.7112
0.3	45	-100.235
0.3	45	-177.53
0.3	45	-49.2819
0.3	45	91.6337
0.3	45	118.737
0.3	45	-147.098
0.3	45	-25.2632
0.3	45	98.0621
0.3	45	-57.6664
0.3	45	-129.826
0.3	45	137.919
0.3	45	-83.0406
0.3	45	126
0.3	45	-18.5739
0.3	45	-77.2164
0.3	45	104.726
0.3	45	-119.475
0.3	45	-67.4748
0.3	45	-86.4436
0.3	45	-1.96484
0.3	45	1.29284
0.3	45	-44.8118
0.3	45	160.19
0.3	45	134.871
0.3	45	13.8801
0.3	45	72.2557
0.3	45	104.472
0.3	45	-55.0848
0.3	45	110.651
0.3	45	-1.14047
0.3	45	106.228
0.3	45	-33.3099
0.3	45	13.7205
0.3	45	4.62655
0.3	45	116.854
0.3	45	122.423
0.3	45	23.1341
0.3	45	-140.82
0.3	45	147.146
0.3	45	99.2814
0.3	45	138.564
0.3	45	-30.7652
0.3	45	37.5429
0.3	45	42.2773
0.3	45	-60.8436
0.3	45	-78.179
0.3	45	82.135
0.3	45	82.9924
0.3	45	136.158
0.3	45	17.3732
0.3	45	168.67
0.3	45	159.15
0.3	45	-22.2948
0.3	45	33.0316
0.3	45	-68.1281
0.3	45	16.3752
0.3	45	-72.34
0.3	45	-61.2705
0.3	45	122.04
0.3	45	80.3598
0.3	45	70.8837
0.3	45	-139.351
0.3	45	151.412
0.3	45	58.4698
0.3	45	171.211
0.3	45	-30.1494
0.3	45	140.927
0.3	45	126.278
0.3	45	-25.1894
0.3	45	-165.477
0.3	45	-139.187
0.3	45	-77.3831
0.3	45	-179.007
0.3	45	121.959
0.3	45	59.5034
0.3	45	164.251
0.3	45	144.925
0.3	45	76.2979
0.3	45	59.0936
0.3	45	21.9373
0.3	45	143.875
0.3	45	22.4185
0.3	45	98.8224
0.3	45	112.878
0.3	45	-135.379
0.3	45	177.074
0.3	45	-128.009
0.3	45	177.276
0.3	45	-34.0427
0.3	45	89.8214
0.3	45	61.0512
0.3	45	-179.362
0.3	45	31.0622
0.3	45	93.6429
0.3	45	-133.461
0.3	45	151.218
0.3	45	-169.155
0.3	45	48.6418
0.3	45	-119.494
0.3	45	-89.1763
0.3	45	167.31
0.3	45	137.135
0.3	45	108.291
0.3	45	162.351
0.3	45	-24.4883
0.3	45	-47.3388
0.3	45	104.744
0.3	45	26.8565
0.3	45	-164.731
0.3	45	135.661
0.3	45	-62.7944
0.3	45	-60.8975
0.3	45	58.7909
0.3	45	-165.672
0.3	45	56.3709
0.3	45	82.1937
0.3	45	-39.356
0.3	45	149.61
0.3	45	-104.293
0.3	45	113.738
0.3	45	14.9483
0.3	45	48.7572
0.3	45	-98.416
0.3	45	138.8
0.3	45	-178.422
0.3	45	83.3991
0.3	45	-123.8
0.3	45	78.1639
0.3	45	-75.9762
0.3	45	18.8452
0.3	45	-69.1088
0.3	45	-60.728
0.3	45	-88.9538
0.3	45	-34.95
0.3	45	38.7539
0.3	45	24.8715
0.3	45	118.544
0.3	45	3.6817
0.3	45	-151.419
0.3	45	6.13682
0.3	45	113.827
0.3	45	-169.597
0.3	45	52.0305
0.3	45	-165.046
0.3	45	4.2578
0.3	45	-148.898
0.3	45	-44.7896
0.3	45	9.39315
0.3	45	-174.188
0.3	45	69.6445
0.3	45	139.334
0.3	45	96.6634
0.3	45	81.7106
0.3	45	-62.2312
0.3	45	18.2625
0.3	45	-41.4577
0.3	45	-169.994
0.3	45	77.8943
0.3	45	-151.994
0.3	45	132.112
0.3	45	-128.736
0.3	45	-113.324
0.3	45	-54.6232
0.3	45	107.499
0.3	45	-169.412
0.3	45	-32.8205
0.3	45	80.6652
0.3	45	-54.239
0.3	45	-53.4109
0.3	45	141.169
0.3	45	3.60909
0.3	45	-83.2181
0.3	45	-110.652
0.3	45	-155.095
0.3	45	75.4111
0.3	45	-24.9035
0.3	45	-108.856
0.3	45	-65.1675
0.3	45	63.4557
0.3	45	170.128
0.3	45	103.266
0.3	45	58.7047
0.3	45	-141.299
0.3	45	-72.9451
0.3	45	17.4014
0.3	45	30.8572
0.3	45	56.8761
0.3	45	156.513
0.3	45	-26.9622
0.3	45	109.532
0.3	45	-174.91
0.3	45	-14.0664
0.3	45	138.417
0.3	45	95.7011
0.3	45	35.5054
0.3	45	-55.8044
0.3	45	-50.7556
0.3	45	-71.7099
0.3	45	-41.4189
0.3	45	-73.2676
0.3	45	15.9026
0.3	45	-45.5244
0.3	45	-114.482
0.3	45	-117.472
0.3	45	-127.412
0.3	45	101.967
0.3	45	41.4191
0.3	45	143.843
0.3	45	-53.8622
0.3	45	-69.2701
0.3	45	-160.35
0.3	45	82.4652
0.3	45	-150.149
0.3	45	18.4984
0.3	45	-160.203
0.3	45	9.2342
0.3	45	-78.109
0.3	45	72.2063
0.3	45	73.3426
0.3	45	-174.915
0.3	45	42.8004
0.3	45	31.1918
0.3	45	79.8281
0.3	45	0.213531
0.3	45	-175.755
0.3	45	14.1139
0.3	45	-139.028
0.3	45	-178.612
0.3	45	-114.038
0.3	45	-119.379
0.3	45	-14.9754
0.3	45	97.2224
0.3	45	76.1975
0.3	45	148.36
0.3	45	-56.3642
0.3	45	164.224
0.3	45	-4.12201
0.3	45	-107.936
0.3	45	-28.2856
0.3	45	18.9738
0.3	45	-145.064
0.3	45	-18.6998
0.3	45	34.9868
0.3	45	44.8409
0.3	45	113.088
0.3	45	163.727
0.3	45	128.784
0.3	45	-51.3316
0.3	45	-19.1445
0.3	45	-8.47057
0.3	45	109.033
0.3	45	-55.7275
0.3	45	-94.423
0.3	45	3.50468
0.3	45	-34.1579
0.3	45	-90.9536
0.3	45	50.9479
0.3	45	-53.1386
0.3	45	113.092
0.3	45	140.601
0.3	45	131.518
0.3	45	-42.6401
0.3	45	-16.9446
0.3	45	-118.582
0.3	45	-12.009
0.3	45	149.409
0.3	45	40.641
0.3	45	95.8664
0.3	45	-29.0895
0.3	45	42.5705
0.3	45	149.302
0.3	45	39.8079
0.3	45	32.917
0.3	45	87.0849
0.3	45	-5.61831
0.3	45	-95.3906
0.3	45	-134.12
0.3	45	100.852
0.3	45	131.27
0.3	45	-17.005
0.3	45	-56.0192
0.3	45	30.5232
0.3	45	88.5596
0.3	45	-156.157
0.3	45	-12.1388
0.3	45	-65.209
0.3	45	-165.883
0.3	45	-110.675
0.3	45	74.9683
0.3	45	-89.8918
0.3	45	87.8211
0.3	45	32.6899
0.3	45	113.37
0.3	45	-133.608
0.3	45	-96.0602
0.3	45	-120.109
0.3	45	-148.273
0.3	45	89.9182
0.3	45	-154.545
0.3	45	-108.545
0.3	45	-137.775
0.3	45	-1.67559
0.3	45	-145.687
0.3	45	23.457
0.3	45	150.702
0.3	45	-158.006
0.3	45	122.388
0.3	45	152.432
0.3	45	46.8636
0.3	45	-37.0762
0.3	45	-179.407
0.3	45	138.807
0.3	45	-16.7097
0.3	45	-166.756
0.3	45	-72.8475
0.3	45	170.18
0.3	45	-111.853
0.3	45	77.253
0.3	45	-90.6227
0.3	45	76.7506
0.3	45	130.218
0.3	45	134.283
0.3	45	-153.375
0.3	45	149.135
0.3	45	154.152
0.3	45	-31.6324
0.3	45	-149.229
0.3	45	-151.661
0.3	45	80.2096
0.3	45	128.654
0.3	45	85.9656
0.3	45	-18.7121
0.3	45	140.978
0.3	45	-53.2691
0.3	45	122.239
0.3	45	70.8706
0.3	45	-120.184
0.3	45	1.55309
0.3	45	69.7544
0.3	45	-128.794
0.3	45	164.652
0.3	45	119.558
0.3	45	-157.582
0.3	45	-45.8774
0.3	45	-142.48
0.3	45	-96.8378
0.3	45	-147.579
0.3	45	84.4288
0.3	45	86.1218
0.3	45	-37.7693
0.3	45	172.419
0.3	45	-156.048
0.3	45	125.339
0.3	45	-123.784
0.3	45	-115.046
0.3	45	-53.1901
0.3	45	-55.0537
0.3	45	119.074
0.3	45	-176.829
0.3	45	-90.6187
0.3	45	104.019
0.3	45	88.1083
0.3	45	98.0802
0.3	45	28.1323
0.3	45	-127.253
0.3	45	-42.7789
0.3	45	98.8698
0.3	45	32.1955
0.3	45	153.159
0.3	45	169.41
0.3	45	-148.092
0.3	45	-132.998
0.3	45	97.3304
0.3	45	-36.0779
0.3	45	136.738
0.3	45	127.985
0.3	45	-79.0029
0.3	45	-8.06966
0.3	45	-115.285
0.3	45	-166.909
0.3	45	-52.0371
0.3	45	152.623
0.3	45	140.374
0.3	45	-118.364
0.3	45	-136.586
0.3	45	40.0435
0.3	45	155.54
0.3	45	131.887
0.3	45	-103.645
0.3	45	-123.068
0.3	45	-33.4101
0.3	45	132.179
0.3	45	83.8715
0.3	45	17.5012
0.3	45	95.5159
0.3	45	-52.0483
0.3	45	173.971
0.3	45	-37.6166
0.3	45	43.3113
0.3	45	-156.508
0.3	45	5.10293
0.3	45	175.785
0.3	45	113.319
0.3	45	176.003
0.3	45	-58.6647
0.3	45	69.8473
0.3	45	-164.845
0.3	45	-6.81918
0.3	45	-32.7802
0.3	45	122.238
0.3	45	-21.0519
0.3	45	-54.5044
0.3	45	-87.5606
0.3	45	154.532
0.3	45	-168.437
0.3	45	-32.3899
0.3	45	130.247
0.3	45	157.565
0.3	45	8.07249
0.3	45	34.4945
0.3	45	77.8511
0.3	45	-160
0.3	45	-24.4556
0.3	45	-120.333
0.3	45	69.5093
0.3	45	143.828
0.3	45	165.299
0.3	45	72.7443
0.3	45	-58.1227
0.3	45	-111.858
0.3	45	-5.16496
0.3	45	67.2808
0.3	45	-18.0236
0.3	45	-176.038
0.3	45	78.1659
0.3	45	143.006
0.3	45	63.2762
0.3	45	-68.1941
0.3	45	-130.523
0.3	45	48.0766
0.3	45	69.1486
0.3	45	-154.211
0.3	45	108.234
0.3	45	-147.646
0.3	45	-76.8945
0.3	45	-71.7933
0.3	45	121.443
0.3	45	19.4272
0.3	45	87.8952
0.3	45	-119.051
0.3	45	97.5292
0.3	45	-51.1048
0.3	45	-170.653
0.3	45	-73.8096
0.3	45	-43.62
0.3	45	36.0842
0.3	45	-139.35
0.3	45	85.7073
0.3	45	-110.12
0.3	45	-178.263
0.3	45	176.709
0.3	45	-45.9625
0.3	45	92.7117
0.3	45	131.202
0.3	45	-31.4944
0.3	45	70.7301
0.3	45	135.16
0.3	45	8.14
0.3	45	-0.237621
0.3	45	-14.166
0.3	45	30.6095
0.3	45	-130.583
0.3	45	-5.75274
0.3	45	-70.2181
0.3	45	5.20565
0.3	45	169.003
0.3	45	-170.851
0.3	45	-21.249
0.3	45	-55.1245
0.3	45	-145.194
0.3	45	-36.7329
0.3	45	75.9505
0.3	45	130.984
0.3	45	162.378
0.3	45	34.0631
0.3	45	132.532
0.3	45	-69.2866
0.3	45	154.046
0.3	45	26.9666
0.3	45	55.9878
0.3	45	79.1941
0.3	45	146.987
0.3	45	5.97919
0.3	45	-72.51
0.3	45	160.337
0.3	45	-128.437
0.3	45	32.4372
0.3	45	178.616
0.3	45	9.50275
0.3	45	-104.28
0.3	45	-38.5744
0.3	45	-175.904
0.3	45	170.344
0.3	45	-19.6559
0.3	45	5.37244
0.3	45	117.725
0.3	45	-174.862
0.3	45	-135.307
0.3	45	98.8605
0.3	45	-15.9202
0.3	45	106.941
0.3	45	70.3673
0.3	45	-26.5424
0.3	45	-72.5492
0.3	45	161.339
0.3	45	-37.9773
0.25	-45	33.432
0.25	-45	47.3422
0.25	-45	4.99326
0.25	-45	129.643
0.25	-45	131.828
0.25	-45	138.58
0.25	-45	-0.903535
0.25	-45	121.733
0.25	-45	8.36396
0.25	-45	100.702
0.25	-45	125.862
0.25	-45	1.60766
0.25	-45	-44.0943
0.25	-45	119.501
0.25	-45	-77.6166
0.25	-45	117.034
0.25	-45	50.1178
0.25	-45	-38.1054
0.25	-45	47.59
0.25	-45	31.3597
0.25	-45	16.1099
0.25	-45	59.0433
0.25	-45	120.454
0.25	-45	13.9901
0.25	-45	-179.736
0.25	-45	23.9276
0.25	-45	-82.7643
0.25	-45	126.305
0.25	-45	-27.3998
0.25	-45	-2.05896
0.25	-45	-77.6399
0.25	-45	-115.069
0.25	-45	163.717
0.25	-45	-16.0633
0.25	-45	-35.3212
0.25	-45	-0.457263
0.25	-45	68.0151
0.25	-45	97.5296
0.25	-45	-134.102
0.25	-45	-19.1924
0.25	-45	20.9767
0.25	-45	-143.013
0.25	-45	-50.033
0.25	-45	-31.1648
0.25	-45	-50.2837
0.25	-45	12.1623
0.25	-45	2.99398
0.25	-45	142.849
0.25	-45	-136.099
0.25	-45	-117.587
0.25	-45	10.2548
0.25	-45	-63.3487
0.25	-45	70.5217
0.25	-45	-99.1095
0.25	-45	-175.823
0.25	-45	-144.047
0.25	-45	175.67
0.25	-45	-3.85758
0.25	-45	132.761
0.25	-45	59.5581
0.25	-45	102.646
0.25	-45	-152.885
0.25	-45	-59.8618
0.25	-45	-159.075
0.25	-45	43.4467
0.25	-45	-77.5653
0.25	-45	-8.12409
0.25	-45	-127.855
0.25	-45	144.761
0.25	-45	89.4647
0.25	-45	-112.562
0.25	-45	-89.7545
0.25	-45	-92.9802
0.25	-45	-52.764
0.25	-45	68.9585
0.25	-45	164.928
0.25	-45	-145.486
0.25	-45	36.7714
0.25	-45	21.1404
0.25	-45	-102.686
0.25	-45	-114.064
0.25	-45	152.767
0.25	-45	-85.4512
0.25	-45	-165.632
0.25	-45	-1.41978
0.25	-45	-49.679
0.25	-45	-108.945
0.25	-45	94.8859
0.25	-45	0.869823
0.25	-45	-0.0696475
0.25	-45	-78.4834
0.25	-45	175.223
0.25	-45	-44.4009
0.25	-45	-62.8787
0.25	-45	-177.171
0.25	-45	-9.10469
0.25	-45	-60.4385
0.25	-45	164.174
0.25	-45	109.734
0.25	-45	148.892
0.25	-45	130.595
0.25	-45	57.096
0.25	-45	-179.336
0.25	-45	111.707
0.25	-45	-101.878
0.25	-45	114.329
0.25	-45	-11.5163
0.25	-45	121.627
0.25	-45	-22.0421
0.25	-45	-16.0513
0.25	-45	-90.8803
0.25	-45	-49.2657
0.25	-45	-134.033
0.25	-45	0.616319
0.25	-45	101.772
0.25	-45	-38.9865
0.25	-45	-4.7714
0.25	-45	-27.6404
0.25	-45	-98.6238
0.25	-45	-34.886
0.25	-45	-79.6378
0.25	-45	-178.034
0.25	-45	14.7642
0.25	-45	1.62084
0.25	-45	-158.801
0.25	-45	150.898
0.25	-45	106.556
0.25	-45	44.5204
0.25	-45	-29.5894
0.25	-45	79.388
0.25	-45	72.0341
0.25	-45	-143.43
0.25	-45	81.7444
0.25	-45	-94.1897
0.25	-45	94.5478
0.25	-45	-143.095
0.25	-45	176.318
0.25	-45	130.062
0.25	-45	37.5137
0.25	-45	109.2
0.25	-45	-3.18026
0.25	-45	-52.815
0.25	-45	-50.2347
0.25	-45	170.399
0.25	-45	-81.9061
0.25	-45	98.8567
0.25	-45	-61.4702
0.25	-45	159.046
0.25	-45	16.5982
0.25	-45	178.652
0.25	-45	-13.9098
0.25	-45	130.883
0.25	-45	-13.5039
0.25	-45	9.23998
0.25	-45	-15.6897
0.25	-45	-86.9624
0.25	-45	-83.2548
0.25	-45	50.9201
0.25	-45	145.149
0.25	-45	106.605
0.25	-45	43.5279
0.25	-45	58.4244
0.25	-45	18.5137
0.25	-45	76.7602
0.25	-45	19.2659
0.25	-45	49.0187
0.25	-45	164.315
0.25	-45	-115.052
0.25	-45	-53.7872
0.25	-45	169.128
0.25	-45	99.2411
0.25	-45	-117.256
0.25	-45	-137.253
0.25	-45	-56.5898
0.25	-45	-71.7558
0.25	-45	-134.466
0.25	-45	52.322
0.25	-45	109.415
0.25	-45	-92.5004
0.25	-45	48.8853
0.25	-45	9.56225
0.25	-45	-60.7233
0.25	-45	-15.1321
0.25	-45	93.243
0.25	-45	-44.7812
0.25	-45	-80.0279
0.25	-45	-60.2354
0.25	-45	120.909
0.25	-45	73.6594
0.25	-45	-38.3711
0.25	-45	-32.0306
0.25	-45	113.577
0.25	-45	57.4479
0.25	-45	81.8202
0.25	-45	74.6703
0.25	-45	150.051
0.25	-45	146.332
0.25	-45	112.957
0.25	-45	-148.45
0.25	-45	-20.3082
0.25	-45	-45.5277
0.25	-45	1.28335
0.25	-45	-166.856
0.25	-45	10.7157
0.25	-45	142.29
0.25	-45	94.3939
0.25	-45	-103.628
0.25	-45	-156.409
0.25	-45	162.286
0.25	-45	-63.4398
0.25	-45	-99.6183
0.25	-45	-98.8917
0.25	-45	-174.814
0.25	-45	175.827
0.25	-45	165.567
0.25	-45	-143.478
0.25	-45	77.5262
0.25	-45	119.877
0.25	-45	25.0658
0.25	-45	139.402
0.25	-45	97.0737
0.25	-45	-152.711
0.25	-45	-131.259
0.25	-45	158.126
0.25	-45	148.944
0.25	-45	-54.8028
0.25	-45	140.575
0.25	-45	-176.22
0.25	-45	-118.833
0.25	-45	-54.4355
0.25	-45	72.356
0.25	-45	158.252
0.25	-45	-110.423
0.25	-45	-4.19796
0.25	-45	53.0259
0.25	-45	-114.605
0.25	-45	4.76512
0.25	-45	150.678
0.25	-45	-80.4546
0.25	-45	78.2067
0.25	-45	-30.478
0.25	-45	139.919
0.25	-45	-115.022
0.25	-45	134.966
0.25	-45	-115.189
0.25	-45	123.938
0.25	-45	-3.45505
0.25	-45	-76.9928
0.25	-45	-114.732
0.25	-45	103.14
0.25	-45	147.546
0.25	-45	44.4169
0.25	-45	-93.2064
0.25	-45	129.276
0.25	-45	1.04935
0.25	-45	174.61
0.25	-45	-131.447
0.25	-45	97.4504
0.25	-45	-141.792
0.25	-45	-139.866
0.25	-45	85.1666
0.25	-45	23.6411
0.25	-45	35.1492
0.25	-45	65.5475
0.25	-45	-35.5068
0.25	-45	-78.1811
0.25	-45	63.3536
0.25	-45	94.7992
0.25	-45	-171.829
0.25	-45	-118.758
0.25	-45	-95.1631
0.25	-45	-63.0514
0.25	-45	-126.925
0.25	-45	-151.797
0.25	-45	73.5932
0.25	-45	19.3913
0.25	-45	173.128
0.25	-45	176.37
0.25	-45	-152.707
0.25	-45	106.343
0.25	-45	48.4765
0.25	-45	-55.8809
0.25	-45	13.4422
0.25	-45	76.0225
0.25	-45	67.593
0.25	-45	90.0011
0.25	-45	-46.2902
0.25	-45	-35.1462
0.25	-45	167.785
0.25	-45	-56.3049
0.25	-45	169.889
0.25	-45	-178.888
0.25	-45	23.2126
0.25	-45	4.4187
0.25	-45	103.083
0.25	-45	14.4065
0.25	-45	-92.7932
0.25	-45	-16.5173
0.25	-45	177.416
0.25	-45	31.9942
0.25	-45	-166.36
0.25	-45	-152.144
0.25	-45	145.921
0.25	-45	29.8017
0.25	-45	3.63579
0.25	-45	4.63505
0.25	-45	-20.07
0.25	-45	12.8449
0.25	-45	164.729
0.25	-45	72.3875
0.25	-45	-175.958
0.25	-45	-8.55944
0.25	-45	25.5025
0.25	-45	-161.415
0.25	-45	-6.24375
0.25	-45	31.6926
0.25	-45	-168.62
0.25	-45	-96.278
0.25	-45	-102.948
0.25	-45	60.7979
0.25	-45	81.5715
0.25	-45	178.719
0.25	-45	-149.345
0.25	-45	-171.957
0.25	-45	151.145
0.25	-45	-43.3954
0.25	-45	12.1727
0.25	-45	-131.739
0.25	-45	137.348
0.25	-45	-122.136
0.25	-45	-82.6182
0.25	-45	77.9817
0.25	-45	-9.39289
0.25	-45	-163.284
0.25	-45	81.9549
0.25	-45	131.434
0.25	-45	-104.612
0.25	-45	-151.129
0.25	-45	-144.527
0.25	-45	-99.2734
0.25	-45	102.716
0.25	-45	-49.7126
0.25	-45	-172.564
0.25	-45	19.9248
0.25	-45	-154.634
0.25	-45	-111.962
0.25	-45	-94.7795
0.25	-45	23.6528
0.25	-45	-25.1706
0.25	-45	51.6881
0.25	-45	-103.235
0.25	-45	-41.9309
0.25	-45	-99.1801
0.25	-45	-61.4968
0.25	-45	-88.0968
0.25	-45	5.55358
0.25	-45	-37.0368
0.25	-45	-160.273
0.25	-45	-109.723
0.25	-45	121.172
0.25	-45	-155.181
0.25	-45	-168.074
0.25	-45	20.501
0.25	-45	-13.6957
0.25	-45	89.3376
0.25	-45	-19.9187
0.25	-45	-1.16578
0.25	-45	-143.465
0.25	-45	-28.7413
0.25	-45	-176.39
0.25	-45	62.7654
0.25	-45	170.005
0.25	-45	43.5884
0.25	-45	179.347
0.25	-45	149.095
0.25	-45	117.136
0.25	-45	-86.3749
0.25	-45	88.1179
0.25	-45	50.1668
0.25	-45	-105.386
0.25	-45	-174.192
0.25	-45	132.665
0.25	-45	167.969
0.25	-45	-128.694
0.25	-45	-27.9462
0.25	-45	-163.579
0.25	-45	-8.38895
0.25	-45	-108.821
0.25	-45	-152.693
0.25	-45	84.8185
0.25	-45	75.6596
0.25	-45	62.1581
0.25	-45	34.2969
0.25	-45	-151.486
0.25	-45	-93.0239
0.25	-45	-24.5919
0.25	-45	-151.791
0.25	-45	118.181
0.25	-45	-144.189
0.25	-45	64.9701
0.25	-45	-124.142
0.25	-45	84.937
0.25	-45	85.9975
0.25	-45	-98.3243
0.25	-45	61.5857
0.25	-45	-105.437
0.25	-45	-163.699
0.25	-45	-17.701
0.25	-45	85.018
0.25	-45	-140.321
0.25	-45	91.6264
0.25	-45	-147.241
0.25	-45	-56.9864
0.25	-45	-56.663
0.25	-45	-33.3503
0.25	-45	-29.9773
0.25	-45	32.787
0.25	-45	-44.526
0.25	-45	8.90581
0.25	-45	-154.215
0.25	-45	93.2005
0.25	-45	147.739
0.25	-45	-56.6201
0.25	-45	130.566
0.25	-45	95.305
0.25	-45	-47.7233
0.25	-45	-93.1789
0.25	-45	-127.803
0.25	-45	-115.769
0.25	-45	74.8468
0.25	-45	125.089
0.25	-45	70.2942
0.25	-45	-58.5042
0.25	-45	161.265
0.25	-45	-133.465
0.25	-45	154.832
0.25	-45	-54.2947
0.25	-45	159.219
0.25	-45	43.1253
0.25	-45	71.0753
0.25	-45	15.5727
0.25	-45	179.73
0.25	-45	54.504
0.25	-45	109.494
0.25	-45	96.5988
0.25	-45	104.321
0.25	-45	71.8082
0.25	-45	50.9003
0.25	-45	96.4244
0.25	-45	123.156
0.25	-45	-78.6229
0.25	-45	158.074
0.25	-45	-48.8092
0.25	-45	107.43
0.25	-45	-129.299
0.25	-45	-13.2687
0.25	-45	-71.2534
0.25	-45	46.4095
0.25	-45	166.302
0.25	-45	178.652
0.25	-45	-153.085
0.25	-45	120.182
0.25	-45	118.313
0.25	-45	102.397
0.25	-45	6.34906
0.25	-45	98.7346
0.25	-45	-7.90361
0.25	-45	-101.078
0.25	-45	-11.6663
0.25	-45	-55.1271
0.25	-45	-23.0192
0.25	-45	-168.455
0.25	-45	167.037
0.25	-45	-146.399
0.25	-45	29.21
0.25	-45	92.2425
0.25	-45	-151.455
0.25	-45	-94.9019
0.25	-45	-24.7785
0.25	-45	7.5033
0.25	-45	-29.1204
0.25	-45	-132.064
0.25	-45	-172.973
0.25	-45	-107.615
0.25	-45	-21.337
0.25	-45	43.4187
0.25	-45	109.392
0.25	-45	71.7683
0.25	-45	118.411
0.25	-45	-48.3339
0.25	-45	3.78203
0.25	-45	-165.436
0.25	-45	-107.165
0.25	-45	-69.9073
0.25	-45	-42.7366
0.25	-45	69.2337
0.25	-45	141.231
0.25	-45	69.9289
0.25	-45	38.3059
0.25	-45	-175.915
0.25	-45	-165.998
0.25	-45	96.4586
0.25	-45	141.536
0.25	-45	-129.576
0.25	-45	88.5259
0.25	-45	-2.92422
0.25	-45	125.164
0.25	-45	82.8722
0.25	-45	-85.7566
0.25	-45	-92.8899
0.25	-45	43.5288
0.25	-45	10.2185
0.25	-45	135.248
0.25	-45	171.477
0.25	-45	-6.04112
0.25	-45	117.431
0.25	-45	-143.6
0.25	-45	78.3185
0.25	-45	131.603
0.25	-45	-6.96374
0.25	-45	162.108
0.25	-45	-96.6915
0.25	-45	107.061
0.25	-45	-11.4513
0.25	-45	-0.918463
0.25	-45	131.938
0.25	-45	-57.4027
0.25	-45	-91.0234
0.25	-45	46.9312
0.25	-45	174.511
0.25	-45	-103.527
0.25	-45	-117.796
0.25	-45	96.9593
0.25	-45	38.1772
0.25	-45	-148.773
0.25	-45	-55.8261
0.25	-45	-87.6697
0.25	-45	17.0833
0.25	-45	84.7457
0.25	-45	88.1154
0.25	-45	-15.8331
0.25	-45	-12.9938
0.25	-45	-45.3712
0.25	-45	-86.6099
0.25	-45	-160.229
0.25	-45	-91.0384
0.25	-45	-158.299
0.25	-45	-97.7775
0.25	-45	-104.186
0.25	-45	96.0249
0.25	-45	101.842
0.25	-45	148.912
0.25	-45	98.3946
0.25	-45	-15.2914
0.25	-45	-64.3254
0.25	-45	-127.511
0.25	-45	52.07
0.25	-45	75.9481
0.25	-45	168.985
0.25	-45	54.8215
0.25	-45	165.404
0.25	-45	-166.791
0.25	-45	-29.2814
0.25	-45	89.3795
0.25	-45	-160.822
0.25	-45	-3.30428
0.25	-45	-5.27988
0.25	-45	63.4369
0.25	-45	43.5561
0.25	-45	-175.179
0.25	-45	26.7099
0.25	-45	166.63
0.25	-45	130.742
0.25	-45	164.359
0.25	-45	-66.9655
0.25	-45	70.6557
0.25	-45	34.4329
0.25	-45	-110.032
0.25	-45	-80.7316
0.25	-45	-34.2225
0.25	-45	-146.199
0.25	-45	87.7313
0.25	-45	123.358
0.25	-45	70.8249
0.25	-45	-109.435
0.25	-45	-33.9219
0.25	-45	-172.288
0.25	-45	114.961
0.25	-45	97.3363
0.25	-45	21.1996
0.25	-45	10.6176
0.25	-45	114.893
0.25	-45	57.5233
0.25	-45	65.988
0.25	-45	-159.02
0.25	-45	-176.812
0.25	-45	-153.705
0.25	-45	-96.7767
0.25	-45	-154.446
0.25	-45	-94.3829
0.25	-45	-152.089
0.25	-45	124.157
0.25	-45	-171.448
0.25	-45	-135.547
0.25	-45	-107.441
0.25	-45	-94.1607
0.25	-45	-177.749
0.25	-45	130.202
0.25	-45	81.6047
0.25	-45	90.5682
0.25	-45	4.35036
0.25	-45	-136.509
0.25	-45	-63.1542
0.25	-45	-23.8846
0.25	-45	128.478
0.25	-45	-49.5347
0.25	-45	15.405
0.25	-45	172.97
0.25	-45	118.259
0.25	-45	126.623
0.25	-45	105.615
0.25	-45	10.1855
0.25	-45	-71.5629
0.25	-45	-134.114
0.25	-45	87.4582
0.25	-45	-55.2549
0.25	-45	-131.804
0.25	-45	88.6888
0.25	-45	-10.9205
0.25	-45	138.097
0.25	-45	2.2243
0.25	-45	98.0901
0.25	-45	25.25
0.25	-45	134.64
0.25	-45	124.918
0.25	-45	-171.929
0.25	-45	-27.2625
0.25	-45	-37.5699
0.25	-45	169.436
0.25	-45	-64.1481
0.25	-45	150.01
0.25	-45	177.666
0.25	-45	-98.7867
0.25	-45	-168.064
0.25	-45	-161.454
0.25	-45	35.9898
0.25	-45	-78.8061
0.25	-45	135.181
0.25	-45	-111.23
0.25	-45	140.47
0.25	-45	147.227
0.25	-45	-152.012
0.25	-45	33.8853
0.25	-45	-18.1982
0.25	-45	105.619
0.25	-45	-8.26938
0.25	-45	-130.327
0.25	-45	25.5636
0.25	-45	-170.477
0.25	-45	-42.5712
0.25	-45	20.7456
0.25	-45	-121.715
0.25	-45	118.98
0.25	-45	136.181
0.25	-45	136.726
0.25	-45	-93.2737
0.25	-45	102.36
0.25	-45	-141.202
0.25	-45	71.3076
0.25	-45	-97.6888
0.25	-45	167.738
0.25	-45	170.477
0.25	-45	50.9711
0.25	-45	-57.8627
0.25	-45	69.6006
0.25	-45	-115.873
0.25	-45	-147.825
0.25	-45	-2.93661
0.25	-45	99.7295
0.25	-45	-67.4675
0.25	-45	112.797
0.25	-45	-22.6072
0.25	-45	14.3006
0.25	-45	152.08
0.25	-45	131.439
0.25	-45	-169.706
0.25	-45	-151.222
0.25	-45	-37.1564
0.25	-45	110.112
0.25	-45	36.2147
0.25	-45	43.4344
0.25	-45	-66.074
0.25	-45	52.472
0.25	-45	157.637
0.25	-45	-178.775
0.25	-45	129.813
0.25	-45	-57.2949
0.25	-45	-175.44
0.25	-45	50.8047
0.25	-45	-100.308
0.25	-45	126.039
0.25	-45	77.1759
0.25	-45	73.8093
0.25	-45	55.848
0.25	-45	133.951
0.25	-45	138.071
0.25	-45	-139.294
0.25	-45	125.391
0.25	-45	112.446
0.25	-45	-76.5624
0.25	-45	-172.798
0.25	-45	138.741
0.25	-45	161.64
0.25	-45	5.03481
0.25	-45	-146.592
0.25	-45	-154.863
0.25	-45	51.2342
0.25	-45	37.0877
0.25	-45	-24.1117
0.25	-45	-108.593
0.25	-45	-153.92
0.25	-45	-1.35978
0.25	-45	-50.8751
0.25	-45	20.4154
0.25	-45	122.997
0.25	-45	-2.17138
0.25	-45	-6.06673
0.25	-45	-112.945
0.25	-45	93.9871
0.25	-45	96.7329
0.25	-45	87.7035
0.25	-45	92.669
0.25	-45	42.8351
0.25	-45	-23.115
0.25	-45	60.2003
0.25	-45	2.82559
0.25	-45	-13.3219
0.25	-45	-29.7712
0.25	-45	-151.114
0.25	-45	-93.9308
0.25	-45	-16.4062
0.25	-45	59.4621
0.25	-45	99.4309
0.25	-45	-59.4239
0.25	-45	2.93957
0.25	-45	66.5279
0.25	-45	117.249
0.25	-45	-123.916
0.25	-45	-10.4726
0.25	-45	117.459
0.25	-45	72.755
0.25	-45	-160.961
0.25	-45	-37.0042
0.25	-45	-177.215
0.25	-45	60.1853
0.25	-45	-13.1531
0.25	-45	-177.85
0.25	-45	-105.069
0.25	-45	-18.7454
0.25	-45	113.307
0.25	-45	-89.9544
0.25	-45	7.49813
0.25	-45	144.441
0.25	-45	91.7627
0.25	-45	-142.109
0.25	-45	55.2279
0.25	-45	-106.85
0.25	-45	-13.3145
0.25	-45	150.755
0.25	-45	-101.065
0.25	-45	-173.952
0.25	-45	45.6192
0.25	-45	-158.279
0.25	-45	-16.5555
0.25	-45	-17.3733
0.25	-45	-69.2528
0.25	-45	-45.7396
0.25	-45	122.856
0.25	-45	-48.3101
0.25	-45	175.249
0.25	-45	-161.7
0.25	-45	-12.3647
0.25	-45	108.559
0.25	-45	-140.115
0.25	-45	85.259
0.25	-45	125.689
0.25	-45	-11.4437
0.25	-45	4.50252
0.25	-45	-1.38648
0.25	-45	20.5625
0.25	-45	120.167
0.25	-45	-24.7773
0.25	-45	2.13233
0.25	-45	-80.6579
0.25	-45	119.784
0.25	-45	37.7498
0.25	-45	86.2964
0.25	-45	-50.1181
0.25	-45	-130.234
0.25	-45	-118.151
