pol	setting	phi
0.3	45	-36.2689
0.3	45	-143.064
0.3	45	-58.6447
0.3	45	111.543
0.3	45	70.3102
0.3	45	-12.3329
0.3	45	-20.5291
0.3	45	160.936
0.3	45	-102.88
0.3	45	118.182
0.3	45	-175.881
0.3	45	39.2988
0.3	45	-77.0249
0.3	45	176.444
0.3	45	22.2881
0.3	45	150.036
0.3	45	144.158
0.3	45	-174.56
0.3	45	-91.6131
0.3	45	-69.677
0.3	45	-42.6723
0.3	45	179.135
0.3	45	57.2979
0.3	45	145.509
0.3	45	110.197
0.3	45	-28.6721
0.3	45	52.3285
0.3	45	40.0932
0.3	45	-158.639
0.3	45	-155.242
0.3	45	-74.863
0.3	45	-50.3007
0.3	45	27.3196
0.3	45	95.3642
0.3	45	-156.509
0.3	45	-87.166
0.3	45	-146.496
0.3	45	99.0995
0.3	45	25.8381
0.3	45	-58.4766
0.3	45	61.7344
0.3	45	-142.065
0.3	45	-96.5831
0.3	45	141.636
0.3	45	-5.47366
0.3	45	103.696
0.3	45	60.8135
0.3	45	26.8537
0.3	45	-48.5644
0.3	45	174.787
0.3	45	83.6306
0.3	45	-80.6778
0.3	45	-160.532
0.3	45	-65.0063
0.3	45	-1.47114
0.3	45	170.911
0.3	45	117.801
0.3	45	149.059
0.3	45	92.0969
0.3	45	28.6845
0.3	45	-20.3265
0.3	45	-103.174
0.3	45	149.764
0.3	45	127.08
0.3	45	-138.365
0.3	45	47.0072
0.3	45	-65.5746
0.3	45	-120.099
0.3	45	138.954
0.3	45	-147.609
0.3	45	24.919
0.3	45	-37.1201
0.3	45	-88.0149
0.3	45	-81.6529
0.3	45	147.915
0.3	45	84.0485
0.3	45	-64.9185
0.3	45	-60.9022
0.3	45	83.3285
0.3	45	35.9958
0.3	45	46.739
0.3	45	93.4264
0.3	45	162.782
0.3	45	33.918
0.3	45	-156.847
0.3	45	132.4
0.3	45	-158.713
0.3	45	60.64
0.3	45	-172.176
0.3	45	-35.1675
0.3	45	-27.7888
0.3	45	4.39365
0.3	45	58.4664
0.3	45	132.759
0.3	45	134.017
0.3	45	141.275
0.3	45	145.096
0.3	45	-130.255
0.3	45	-27.7291
0.3	45	-150.156
0.3	45	88.2705
0.3	45	-136.334
0.3	45	-176.295
0.3	45	62.2691
0.3	45	104.087
0.3	45	-13.3417
0.3	45	128.951
0.3	45	-114.177
0.3	45	83.63
0.3	45	33.069
0.3	45	-159.168
0.3	45	-179.145
0.3	45	-126.179
0.3	45	-144.388
0.3	45	-36.3707
0.3	45	-55.7666
0.3	45	159.743
0.3	45	82.4195
0.3	45	162.157
0.3	45	-107.524
0.3	45	75.8895
0.3	45	-159.998
0.3	45	-76.575
0.3	45	11.741
0.3	45	-93.8797
0.3	45	-51.5019
0.3	45	-80.6769
0.3	45	-16.2657
0.3	45	-22.57
0.3	45	-77.5289
0.3	45	-91.5799
0.3	45	-69.4807
0.3	45	42.5587
0.3	45	63.9681
0.3	45	-168.205
0.3	45	-69.1881
0.3	45	132.509
0.3	45	-85.5926
0.3	45	-6.27151
0.3	45	116.066
0.3	45	113.551
0.3	45	-89.0279
0.3	45	-108.679
0.3	45	166.083
0.3	45	82.7306
0.3	45	106.711
0.3	45	85.6719
0.3	45	120.113
0.3	45	36.8915
0.3	45	-24.9331
0.3	45	76.3785
0.3	45	41.8517
0.3	45	115.675
0.3	45	63.7178
0.3	45	-159.037
0.3	45	48.5864
0.3	45	-156.018
0.3	45	121.042
0.3	45	-171.612
0.3	45	-129.93
0.3	45	128.818
0.3	45	-28.9437
0.3	45	-164.209
0.3	45	-25.6183
0.3	45	80.427
0.3	45	-100.528
0.3	45	-87.5759
0.3	45	-68.3806
0.3	45	153.569
0.3	45	-95.8574
0.3	45	-167.897
0.3	45	-113.607
0.3	45	-178.713
0.3	45	162.791
0.3	45	96.0953
0.3	45	-92.5664
0.3	45	-35.1784
0.3	45	64.2446
0.3	45	150.767
0.3	45	-138.858
0.3	45	-119.658
0.3	45	-144.686
0.3	45	-38.7003
0.3	45	99.208
0.3	45	131.318
0.3	45	-55.4481
0.3	45	-81.4172
0.3	45	114.868
0.3	45	97.0987
0.3	45	-138.551
0.3	45	-86.9954
0.3	45	-138.544
0.3	45	168.931
0.3	45	115.643
0.3	45	-55.0683
0.3	45	101.011
0.3	45	-98.9297
0.3	45	157.944
0.3	45	-131.54
0.3	45	-36.1932
0.3	45	104.56
0.3	45	23.38
0.3	45	142.29
0.3	45	48.7711
0.3	45	143.067
0.3	45	-18.0536
0.3	45	177.129
0.3	45	-14.8648
0.3	45	-37.4829
0.3	45	-24.6262
0.3	45	142.272
0.3	45	-121.215
0.3	45	-83.8041
0.3	45	92.1229
0.3	45	121.931
0.3	45	-161.024
0.3	45	50.4191
0.3	45	176.384
0.3	45	-95.1171
0.3	45	34.0132
0.3	45	-57.3799
0.3	45	131.576
0.3	45	-142.934
0.3	45	-99.7995
0.3	45	104.066
0.3	45	-29.97
0.3	45	-54.4934
0.3	45	87.3393
0.3	45	27.4601
0.3	45	22.5408
0.3	45	1.68852
0.3	45	2.29668
0.3	45	-125.466
0.3	45	-72.1941
0.3	45	140.39
0.3	45	47.2288
0.3	45	-18.7904
0.3	45	174.614
0.3	45	122.717
0.3	45	-50.728
0.3	45	52.332
0.3	45	45.3419
0.3	45	85.2822
0.3	45	119.652
0.3	45	17.3574
0.3	45	-176.095
0.3	45	-31.0176
0.3	45	24.634
0.3	45	-46.2907
0.3	45	-89.2582
0.3	45	122.274
0.3	45	47.8068
0.3	45	-3.0567
0.3	45	44.4669
0.3	45	172.045
0.3	45	168.441
0.3	45	-43.5712
0.3	45	5.00993
0.3	45	67.1467
0.3	45	20.8369
0.3	45	-62.2865
0.3	45	-56.9129
0.3	45	-101.723
0.3	45	-89.5083
0.3	45	119.574
0.3	45	123.781
0.3	45	-125.691
0.3	45	-165.098
0.3	45	-84.1872
0.3	45	32.3792
0.3	45	167.66
0.3	45	65.8651
0.3	45	158.415
0.3	45	53.8151
0.3	45	94.6583
0.3	45	103.399
0.3	45	-105.45
0.3	45	-3.09136
0.3	45	-35.6148
0.3	45	75.2007
0.3	45	70.1092
0.3	45	7.8635
0.3	45	6.70874
0.3	45	63.3108
0.3	45	-52.2059
0.3	45	-64.1422
0.3	45	104.944
0.3	45	87.7456
0.3	45	87.0388
0.3	45	-66.7029
0.3	45	109.801
0.3	45	-172.781
0.3	45	135.65
0.3	45	-47.48
0.3	45	62.9078
0.3	45	-141.706
0.3	45	157.02
0.3	45	148.828
0.3	45	122.711
0.3	45	161.669
0.3	45	-171.346
0.3	45	-23.4037
0.3	45	-75.4911
0.3	45	166.719
0.3	45	-83.1881
0.3	45	-23.8701
0.3	45	-44.2214
0.3	45	-65.8832
0.3	45	-160.501
0.3	45	18.0526
0.3	45	106.925
0.3	45	7.87758
0.3	45	-28.2346
0.3	45	-39.9138
0.3	45	11.8398
0.3	45	128.177
0.3	45	-29.9319
0.3	45	130.692
0.3	45	86.2685
0.3	45	-76.7337
0.3	45	159.137
0.3	45	-83.4455
0.3	45	-153.961
0.3	45	25.3643
0.3	45	114.394
0.3	45	6.85871
0.3	45	-55.2682
0.3	45	-69.5016
0.3	45	88.0122
0.3	45	125.793
0.3	45	139.823
0.3	45	-110.536
0.3	45	161.113
0.3	45	-51.4398
0.3	45	100.323
0.3	45	176.027
0.3	45	27.8771
0.3	45	-59.7419
0.3	45	-126.986
0.3	45	-22.6881
0.3	45	7.28087
0.3	45	168.634
0.3	45	-60.9416
0.3	45	-61.4584
0.3	45	145.946
0.3	45	-72.5189
0.3	45	-157.377
0.3	45	-6.20406
0.3	45	146.787
0.3	45	140.753
0.3	45	114.325
0.3	45	31.3793
0.3	45	112.351
0.3	45	-79.9366
0.3	45	-71.5834
0.3	45	-104.865
0.3	45	-82.2095
0.3	45	-141.368
0.3	45	-95.434
0.3	45	110.553
0.3	45	-5.0987
0.3	45	34.2598
0.3	45	17.2363
0.3	45	-179.062
0.3	45	10.4837
0.3	45	-151.36
0.3	45	129.708
0.3	45	150.245
0.3	45	2.53402
0.3	45	-106.831
0.3	45	109.56
0.3	45	30.3103
0.3	45	39.9605
0.3	45	-117.248
0.3	45	63.8064
0.3	45	39.3005
0.3	45	120.802
0.3	45	-13.3334
0.3	45	-144.169
0.3	45	-80.7889
0.3	45	-162.908
0.3	45	12.2363
0.3	45	-177.217
0.3	45	103.941
0.3	45	53.0599
0.3	45	35.4701
0.3	45	153.346
0.3	45	116.928
0.3	45	-141.575
0.3	45	149.629
0.3	45	107.949
0.3	45	-30.3133
0.3	45	68.2258
0.3	45	-16.6735
0.3	45	-148.876
0.3	45	103.646
0.3	45	45.3242
0.3	45	75.0346
0.3	45	173.111
0.3	45	22.916
0.3	45	-32.3723
0.3	45	60.3015
0.3	45	68.2513
0.3	45	-0.313771
0.3	45	-78.2882
0.3	45	94.9397
0.3	45	70.6675
0.3	45	-102.284
0.3	45	132.869
0.3	45	44.2389
0.3	45	51.0978
0.3	45	61.053
0.3	45	129.477
0.3	45	169.074
0.3	45	91.5519
0.3	45	166.085
0.3	45	176.411
0.3	45	-31.5328
0.3	45	31.6783
0.3	45	-52.5539
0.3	45	115.5
0.3	45	175.697
0.3	45	38.0524
0.3	45	123.813
0.3	45	-52.8397
0.3	45	9.19546
0.3	45	-55.7275
0.3	45	6.0689
0.3	45	60.8336
0.3	45	141.324
0.3	45	31.2587
0.3	45	7.52767
0.3	45	-174.048
0.3	45	-50.2826
0.3	45	-69.2985
0.3	45	-122.682
0.3	45	-36.4364
0.3	45	-41.5452
0.3	45	173.903
0.3	45	-15.9496
0.3	45	-49.2899
0.3	45	21.4284
0.3	45	-74.046
0.3	45	-30.0241
0.3	45	155.166
0.3	45	-2.77834
0.3	45	85.8812
0.3	45	136.271
0.3	45	95.5832
0.3	45	63.0818
0.3	45	-173.636
0.3	45	-86.6544
0.3	45	99.7638
0.3	45	-90.043
0.3	45	-164.443
0.3	45	-96.6055
0.3	45	59.8107
0.3	45	163.99
0.3	45	-80.2299
0.3	45	-106.512
0.3	45	109.618
0.3	45	101.561
0.3	45	-103.965
0.3	45	-113.265
0.3	45	50.8971
0.3	45	175.864
0.3	45	96.5368
0.3	45	-21.4202
0.3	45	-91.8
0.3	45	-144.142
0.3	45	107.643
0.3	45	103.959
0.3	45	-111.795
0.3	45	59.4588
0.3	45	-164.437
0.3	45	-54.1196
0.3	45	122.745
0.3	45	65.89
0.3	45	100.31
0.3	45	85.3171
0.3	45	133.914
0.3	45	65.7598
0.3	45	145.377
0.3	45	161.487
0.3	45	65.5028
0.3	45	-25.3271
0.3	45	-19.7488
0.3	45	127.508
0.3	45	73.918
0.3	45	-88.4478
0.3	45	-74.6952
0.3	45	54.0914
0.3	45	-76.5817
0.3	45	163.532
0.3	45	177.853
0.3	45	11.7774
0.3	45	-166.493
0.3	45	-101.384
0.3	45	-149.826
0.3	45	-176.257
0.3	45	-133.242
0.3	45	25.5943
0.3	45	57.828
0.3	45	143.535
0.3	45	12.7869
0.3	45	-156.302
0.3	45	-78.7588
0.3	45	140.814
0.3	45	178.739
0.3	45	-44.551
0.3	45	158.501
0.3	45	-153.255
0.3	45	-129.801
0.3	45	39.9035
0.3	45	-172.817
0.3	45	-153.108
0.3	45	136.15
0.3	45	-147.02
0.3	45	138.56
0.3	45	-76.0706
0.3	45	-28.0326
0.3	45	-123.873
0.3	45	-124.868
0.3	45	154.145
0.3	45	59.5966
0.3	45	-44.8155
0.3	45	-132.856
0.3	45	73.4731
0.3	45	-150.859
0.3	45	163.953
0.3	45	41.239
0.3	45	-41.6723
0.3	45	71.1917
0.3	45	-147.241
0.3	45	44.938
0.3	45	158.903
0.3	45	56.9861
0.3	45	-134.084
0.3	45	-47.0588
0.3	45	51.8312
0.3	45	-51.3729
0.3	45	60.8588
0.3	45	7.66561
0.3	45	-56.1443
0.3	45	-173.932
0.3	45	-129.761
0.3	45	-127.409
0.3	45	-31.5878
0.3	45	-94.7858
0.3	45	105.969
0.3	45	-160.984
0.3	45	19.7208
0.3	45	-127.922
0.3	45	-150.509
0.3	45	-49.1363
0.3	45	-17.5363
0.3	45	-115.645
0.3	45	108.574
0.3	45	51.6656
0.3	45	148.888
0.3	45	-83.5114
0.3	45	97.8092
0.3	45	-10.5992
0.3	45	-10.8728
0.3	45	74.8144
0.3	45	109.215
0.3	45	-1.88027
0.3	45	101.276
0.3	45	-166.509
0.3	45	177.622
0.3	45	-120.668
0.3	45	78.8101
0.3	45	113.403
0.3	45	21.5093
0.3	45	-156.08
0.3	45	-121.257
0.3	45	-163.734
0.3	45	-106.362
0.3	45	-13.9505
0.3	45	-147.775
0.3	45	-169.606
0.3	45	-32.2363
0.3	45	138.618
0.3	45	22.8852
0.3	45	158.406
0.3	45	67.5938
0.3	45	166.593
0.3	45	-65.7057
0.3	45	-18.072
0.3	45	17.8202
0.3	45	96.1232
0.3	45	51.8071
0.3	45	142.81
0.3	45	11.1758
0.3	45	-122.74
0.3	45	167.696
0.3	45	-176.083
0.3	45	91.4481
0.3	45	100.427
0.3	45	81.5567
0.3	45	161.89
0.3	45	39.314
0.3	45	33.3266
0.3	45	128.062
0.3	45	-86.5206
0.3	45	-140.724
0.3	45	109.43
0.3	45	74.827
0.3	45	-163.214
0.3	45	112.32
0.3	45	-22.1462
0.3	45	-22.1447
0.3	45	-132.427
0.3	45	179.533
0.3	45	129.624
0.3	45	153.251
0.3	45	2.89566
0.3	45	-117.974
0.3	45	-155.59
0.3	45	139.377
0.3	45	-61.0297
0.3	45	-15.1756
0.3	45	-131.6
0.3	45	-42.3559
0.3	45	178.155
0.3	45	-119.98
0.3	45	8.31362
0.3	45	-39.5574
0.3	45	-56.1275
0.3	45	143.561
0.3	45	-62.3066
0.3	45	156.774
0.3	45	-100.618
0.3	45	-69.499
0.3	45	97.1401
0.3	45	90.5734
0.3	45	113.734
0.3	45	59.5024
0.3	45	91.7421
0.3	45	-68.2386
0.3	45	-38.822
0.3	45	-56.7597
0.3	45	80.8254
0.3	45	-149.48
0.3	45	65.4023
0.3	45	-118.806
0.3	45	-67.3164
0.3	45	57.5794
0.3	45	68.4925
0.3	45	-72.1979
0.3	45	-57.715
0.3	45	-41.9819
0.3	45	-69.6638
0.3	45	-156.163
0.3	45	-147.787
0.3	45	-133.237
0.3	45	-48.6005
0.3	45	-110.869
0.3	45	-5.18155
0.3	45	-50.6133
0.3	45	-85.7209
0.3	45	20.0761
0.3	45	49.5986
0.3	45	142.183
0.3	45	-86.692
0.3	45	84.3821
0.3	45	-139.543
0.3	45	179.361
0.3	45	-13.3685
0.3	45	36.5971
0.3	45	-51.1852
0.3	45	-95.7011
0.3	45	154.988
0.3	45	78.103
0.3	45	108.644
0.3	45	-127.045
0.3	45	-73.1712
0.3	45	-102.225
0.3	45	154.774
0.3	45	-89.9842
0.3	45	7.77905
0.3	45	-12.1158
0.3	45	143.582
0.3	45	104.893
0.3	45	-10.2119
0.3	45	-43.1316
0.3	45	119.042
0.3	45	-41.8978
0.3	45	92.8855
0.3	45	-28.1508
0.3	45	47.2682
0.3	45	-175.19
0.3	45	42.6928
0.3	45	31.2374
0.3	45	-97.1321
0.3	45	66.3472
0.3	45	76.7811
0.3	45	143.059
0.3	45	-9.77457
0.3	45	23.4035
0.3	45	-87.585
0.3	45	-80.0259
0.3	45	38.2685
0.3	45	-22.1263
0.3	45	-15.2812
0.3	45	-57.0113
0.3	45	121.866
0.3	45	-96.7208
0.3	45	-62.8977
0.3	45	-116.545
0.3	45	96.8782
0.3	45	150.017
0.3	45	80.2722
0.3	45	128.024
0.3	45	-141.167
0.3	45	3.32515
0.3	45	173.176
0.3	45	31.6372
0.3	45	137.874
0.3	45	110.362
0.3	45	-16.5357
0.3	45	-11.5971
0.3	45	-108.879
0.3	45	-24.2023
0.3	45	8.06222
0.3	45	28.057
0.3	45	-56.9462
0.3	45	36.308
0.3	45	-27.2599
0.3	45	-104.794
0.3	45	152.976
0.3	45	-20.7508
0.3	45	110.943
0.3	45	-14.8403
0.3	45	135.014
0.3	45	-125.453
0.3	45	10.8612
0.3	45	130.913
0.3	45	69.6765
0.3	45	-43.5915
0.3	45	137.67
0.3	45	-37.1913
0.3	45	-178.252
0.3	45	133.396
0.3	45	-100.79
0.3	45	-114.151
0.3	45	-22.6068
0.3	45	-118.449
0.3	45	17.0846
0.3	45	-2.11836
0.3	45	30.2596
0.3	45	-160.087
0.3	45	58.4764
0.3	45	-11.8453
0.3	45	-86.9052
0.3	45	-163.874
0.3	45	3.43833
0.3	45	-120.611
0.3	45	-55.3326
0.3	45	-97.5754
0.3	45	-7.75186
0.3	45	160.41
0.3	45	179.502
0.3	45	-59.3379
0.3	45	65.7584
0.3	45	-178.14
0.3	45	-108.142
0.3	45	3.19788
0.3	45	107.894
0.3	45	134.65
0.3	45	179.472
0.3	45	22.7335
0.3	45	137.425
0.3	45	105.028
0.3	45	75.6628
0.3	45	-87.0769
0.3	45	-89.4774
0.3	45	-58.9251
0.3	45	-115.255
0.3	45	164.433
0.3	45	-128.004
0.3	45	112.148
0.3	45	-91.9822
0.3	45	174.772
0.3	45	-62.695
0.3	45	-11.0606
0.3	45	165.422
0.3	45	-102.896
0.3	45	-153.307
0.3	45	48.3369
0.3	45	-58.6022
0.3	45	-52.5889
0.3	45	67.0396
0.3	45	45.9938
0.3	45	-10.3848
0.3	45	-46.5523
0.3	45	-164.904
0.3	45	48.0038
0.3	45	8.4597
0.3	45	59.7177
0.3	45	9.54998
0.3	45	-8.36651
0.3	45	-84.7057
0.3	45	150.008
0.3	45	-86.1243
0.3	45	97.2341
0.3	45	13.8068
0.3	45	-84.1074
0.3	45	-103.699
0.3	45	-146.466
0.3	45	136.841
0.3	45	162.411
0.3	45	20.4219
0.3	45	70.8726
0.3	45	-109.846
0.3	45	-167.487
0.3	45	-72.8558
0.3	45	128.981
0.3	45	-97.8909
0.3	45	-132.459
0.3	45	149.461
0.3	45	171.357
0.3	45	-64.44
0.3	45	-111.346
0.3	45	-28.2836
0.3	45	-73.0346
0.3	45	62.8408
0.3	45	-18.1122
0.3	45	-171.782
0.3	45	-41.898
0.3	45	150.418
0.3	45	-123.381
0.3	45	8.73123
0.3	45	-109.131
0.3	45	-35.9815
0.3	45	-113.297
0.3	45	146.069
0.3	45	-136.465
0.3	45	33.1139
0.3	45	26.5195
0.3	45	59.115
0.3	45	144.663
0.3	45	13.6955
0.3	45	147.457
0.3	45	138.309
0.3	45	1.78858
0.3	45	-52.7171
0.3	45	-0.946164
0.3	45	-146.135
0.3	45	-82.8132
0.3	45	-94.6508
0.3	45	-143.967
0.3	45	53.424
0.3	45	-76.6689
0.3	45	-103.276
0.3	45	120.644
0.3	45	151.23
0.3	45	-41.8777
0.3	45	-77.9336
0.3	45	-66.1478
0.3	45	173.111
0.3	45	-156.289
0.3	45	-56.3139
0.3	45	87.8355
0.3	45	-84.1424
0.3	45	-46.2561
0.3	45	-34.5391
0.3	45	-159.07
0.3	45	-156.137
0.3	45	108.616
0.3	45	58.3382
0.3	45	173.373
0.3	45	108.577
0.3	45	106.052
0.3	45	159.414
0.3	45	-13.3153
0.3	45	124.823
0.3	45	-170.18
0.3	45	36.3551
0.3	45	137.631
0.3	45	-69.0645
0.3	45	74.6174
0.3	45	-85.8788
0.3	45	-100.076
0.3	45	-38.1818
0.3	45	149.428
0.3	45	-149.368
0.3	45	-138.534
0.3	45	58.4516
0.3	45	135.096
0.3	45	-6.30604
0.3	45	15.0334
0.3	45	-128.631
0.3	45	-89.1872
0.3	45	87.9617
0.3	45	-134.059
0.3	45	-92.8804
0.3	45	154.654
0.3	45	-40.0463
0.3	45	111.064
0.3	45	141.921
0.3	45	-11.5378
0.3	45	-64.5776
0.3	45	-112.435
0.3	45	153.481
0.3	45	122.494
0.3	45	43.8698
0.3	45	-61.7457
0.3	45	176.554
0.3	45	176.411
0.3	45	21.0001
0.3	45	-3.32778
0.3	45	-65.4282
0.3	45	87.9846
0.3	45	5.26143
0.3	45	-88.252
0.3	45	-37.9705
0.3	45	119.749
0.3	45	48.2417
0.3	45	-73.8182
0.3	45	115.321
0.3	45	146.501
0.3	45	29.7273
0.3	45	-18.4202
0.3	45	-38.3628
0.3	45	144.66
0.3	45	72.4063
0.3	45	-30.5525
0.3	45	-4.96094
0.3	45	113.537
0.3	45	-62.983
0.3	45	-16.9852
0.3	45	153.573
0.3	45	20.0342
0.3	45	63.1107
0.3	45	96.8247
0.3	45	124.216
0.3	45	-141.836
0.3	45	-46.0553
0.3	45	132.283
0.3	45	-174.822
0.3	45	118.545
0.3	45	-153.607
0.3	45	120.705
0.3	45	131.88
0.3	45	-172.993
0.3	45	-104.417
0.3	45	-63.5164
0.3	45	84.2245
0.3	45	132.131
0.3	45	-26.9269
0.3	45	-129.556
0.3	45	92.9722
0.3	45	114.325
0.3	45	-102.331
0.3	45	-22.9907
0.3	45	-46.6177
0.3	45	-66.5374
0.3	45	4.76931
0.3	45	-79.2263
0.3	45	148.36
0.3	45	-9.78107
0.3	45	-17.709
0.3	45	57.6208
0.3	45	109.838
0.3	45	-125.035
0.3	45	84.0634
0.3	45	107.314
0.3	45	114.25
0.3	45	-75.3108
0.3	45	-110.56
0.3	45	33.2358
0.3	45	-9.86931
0.3	45	-112.561
0.3	45	168.553
0.3	45	122.218
0.3	45	172.532
0.3	45	31.0462
0.3	45	-34.2276
0.3	45	76.0172
0.3	45	114.299
0.3	45	12.7313
0.3	45	14.8289
0.3	45	112.167
0.3	45	-12.9278
0.3	45	151.833
0.3	45	159.478
0.3	45	2.74999
0.3	45	-104.365
0.3	45	97.2871
0.3	45	62.4657
0.3	45	-111.099
0.3	45	60.178
0.3	45	96.5188
0.3	45	-160.706
0.3	45	149.537
0.3	45	5.3139
0.3	45	31.5916
0.3	45	14.6399
0.3	45	156.032
0.25	-45	-93.2766
0.25	-45	-163.161
0.25	-45	-56.5152
0.25	-45	-148.563
0.25	-45	-15.3267
0.25	-45	132.803
0.25	-45	-144.049
0.25	-45	-126.183
0.25	-45	137.638
0.25	-45	-13.3685
0.25	-45	-136.039
0.25	-45	-72.7212
0.25	-45	-159.549
0.25	-45	-13.3684
0.25	-45	1.93602
0.25	-45	105.615
0.25	-45	-131.681
0.25	-45	158.274
0.25	-45	140.72
0.25	-45	117.845
0.25	-45	140.421
0.25	-45	59.0535
0.25	-45	99.1328
0.25	-45	-51.6454
0.25	-45	118.598
0.25	-45	-26.8679
0.25	-45	131.095
0.25	-45	113.701
0.25	-45	-69.3432
0.25	-45	-90.5188
0.25	-45	-2.65681
0.25	-45	-99.0703
0.25	-45	95.835
0.25	-45	-5.17705
0.25	-45	160.677
0.25	-45	-16.9876
0.25	-45	-27.3214
0.25	-45	147.053
0.25	-45	77.9576
0.25	-45	53.2217
0.25	-45	38.9424
0.25	-45	-170.27
0.25	-45	81.7855
0.25	-45	160.333
0.25	-45	76.5224
0.25	-45	65.4687
0.25	-45	158.705
0.25	-45	-135.018
0.25	-45	-13.0062
0.25	-45	-125.037
0.25	-45	57.462
0.25	-45	-161.914
0.25	-45	19.7815
0.25	-45	106.578
0.25	-45	117.428
0.25	-45	142.849
0.25	-45	125.408
0.25	-45	42.1919
0.25	-45	66.0378
0.25	-45	-66.6289
0.25	-45	42.1704
0.25	-45	-151.606
0.25	-45	54.8326
0.25	-45	-103.239
0.25	-45	34.0078
0.25	-45	107.161
0.25	-45	135.65
0.25	-45	-92.1604
0.25	-45	-136.738
0.25	-45	-80.5524
0.25	-45	-144.287
0.25	-45	-118.641
0.25	-45	103.972
0.25	-45	-21.2595
0.25	-45	154.711
0.25	-45	51.1687
0.25	-45	-22.6363
0.25	-45	-21.9393
0.25	-45	90.0713
0.25	-45	177.145
0.25	-45	57.0686
0.25	-45	169.522
0.25	-45	135.523
0.25	-45	-73.0095
0.25	-45	31.3447
0.25	-45	-118.645
0.25	-45	-104.09
0.25	-45	-60.8599
0.25	-45	-3.1599
0.25	-45	102.092
0.25	-45	-11.9517
0.25	-45	-97.9128
0.25	-45	84.8471
0.25	-45	-71.7061
0.25	-45	-86.9863
0.25	-45	-29.5837
0.25	-45	167.065
0.25	-45	159.107
0.25	-45	-105.167
0.25	-45	166.4
0.25	-45	165.385
0.25	-45	138.9
0.25	-45	12.5882
0.25	-45	174.193
0.25	-45	-65.1745
0.25	-45	80.7189
0.25	-45	-21.1368
0.25	-45	4.72479
0.25	-45	-9.29931
0.25	-45	155.732
0.25	-45	-44.3853
0.25	-45	-129.243
0.25	-45	161.409
0.25	-45	25.4797
0.25	-45	-96.9324
0.25	-45	-55.7041
0.25	-45	-7.4357
0.25	-45	-85.3761
0.25	-45	-159.607
0.25	-45	-4.32597
0.25	-45	11.4191
0.25	-45	67.8311
0.25	-45	-167.814
0.25	-45	-67.5044
0.25	-45	-99.3345
0.25	-45	-179.398
0.25	-45	68.9405
0.25	-45	-16.8019
0.25	-45	-169.102
0.25	-45	-166.663
0.25	-45	92.5171
0.25	-45	-167.604
0.25	-45	-166.107
0.25	-45	-82.1727
0.25	-45	177.396
0.25	-45	-132.475
0.25	-45	-70.2345
0.25	-45	125.409
0.25	-45	157.477
0.25	-45	-53.553
0.25	-45	130.82
0.25	-45	177.597
0.25	-45	5.22346
0.25	-45	-53.1056
0.25	-45	116.88
0.25	-45	62.7055
0.25	-45	-168.645
0.25	-45	159.627
0.25	-45	-111.946
0.25	-45	6.70911
0.25	-45	-6.32759
0.25	-45	66.7641
0.25	-45	58.7529
0.25	-45	-48.8573
0.25	-45	-114.076
0.25	-45	-36.4203
0.25	-45	-88.726
0.25	-45	59.2002
0.25	-45	-133.373
0.25	-45	68.9525
0.25	-45	-168.243
0.25	-45	-13.2734
0.25	-45	66.885
0.25	-45	48.2712
0.25	-45	154.721
0.25	-45	-36.5001
0.25	-45	9.95815
0.25	-45	-58.446
0.25	-45	-161.055
0.25	-45	-45.2964
0.25	-45	172.112
0.25	-45	-20.1234
0.25	-45	-105.193
0.25	-45	-24.9027
0.25	-45	107.659
0.25	-45	29.7562
0.25	-45	26.0042
0.25	-45	-12.8101
0.25	-45	128.724
0.25	-45	126.335
0.25	-45	117.034
0.25	-45	175.917
0.25	-45	-140.723
0.25	-45	-66.4127
0.25	-45	3.25515
0.25	-45	-172.509
0.25	-45	-27.0443
0.25	-45	-47.4828
0.25	-45	147.176
0.25	-45	-83.5556
0.25	-45	71.268
0.25	-45	136.113
0.25	-45	-30.1137
0.25	-45	-131.638
0.25	-45	73.8664
0.25	-45	139.967
0.25	-45	-89.333
0.25	-45	-163.27
0.25	-45	96.3332
0.25	-45	-93.5883
0.25	-45	-122.508
0.25	-45	-53.558
0.25	-45	-145.122
0.25	-45	5.00767
0.25	-45	-85.5682
0.25	-45	90.2046
0.25	-45	87.7853
0.25	-45	-17.9765
0.25	-45	140.556
0.25	-45	0.324923
0.25	-45	-156.219
0.25	-45	-65.7334
0.25	-45	-86.6277
0.25	-45	-76.4479
0.25	-45	134.456
0.25	-45	-68.549
0.25	-45	-125.973
0.25	-45	-12.2077
0.25	-45	174.141
0.25	-45	80.5765
0.25	-45	-57.8523
0.25	-45	79.4419
0.25	-45	-80.945
0.25	-45	-119.509
0.25	-45	-15.0886
0.25	-45	-166.966
0.25	-45	-169.088
0.25	-45	-26.5685
0.25	-45	44.573
0.25	-45	51.477
0.25	-45	143.779
0.25	-45	-37.5967
0.25	-45	45.4214
0.25	-45	-176.527
0.25	-45	124.339
0.25	-45	37.8902
0.25	-45	26.6115
0.25	-45	-42.031
0.25	-45	108.608
0.25	-45	25.8533
0.25	-45	111.475
0.25	-45	-96.6606
0.25	-45	-66.7633
0.25	-45	-100.188
0.25	-45	-132.602
0.25	-45	-173.944
0.25	-45	-57.3118
0.25	-45	56.431
0.25	-45	-17.9003
0.25	-45	-116.022
0.25	-45	-66.6232
0.25	-45	88.2221
0.25	-45	123.593
0.25	-45	-53.5978
0.25	-45	-14.8553
0.25	-45	127.271
0.25	-45	-48.5352
0.25	-45	-42.2593
0.25	-45	-75.7947
0.25	-45	-154.176
0.25	-45	3.1899
0.25	-45	92.6838
0.25	-45	97.7827
0.25	-45	-157.465
0.25	-45	125.73
0.25	-45	103.304
0.25	-45	-84.1586
0.25	-45	-104.099
0.25	-45	107.284
0.25	-45	-2.44335
0.25	-45	49.1003
0.25	-45	108.436
0.25	-45	-26.1087
0.25	-45	41.7445
0.25	-45	120.684
0.25	-45	84.1939
0.25	-45	100.393
0.25	-45	-152.191
0.25	-45	-71.754
0.25	-45	113.096
0.25	-45	41.4304
0.25	-45	-144.166
0.25	-45	154.343
0.25	-45	147.484
0.25	-45	58.2294
0.25	-45	89.5298
0.25	-45	44.9845
0.25	-45	32.2477
0.25	-45	-157.434
0.25	-45	159.208
0.25	-45	-109.888
0.25	-45	49.257
0.25	-45	116.518
0.25	-45	-150.231
0.25	-45	-129.372
0.25	-45	157.205
0.25	-45	150.265
0.25	-45	-115.447
0.25	-45	-116.729
0.25	-45	-176.633
0.25	-45	-1.91979
0.25	-45	148.649
0.25	-45	-151.965
0.25	-45	162.345
0.25	-45	170.923
0.25	-45	55.5771
0.25	-45	35.6878
0.25	-45	33.3573
0.25	-45	85.9815
0.25	-45	-65.2981
0.25	-45	168.305
0.25	-45	-138.936
0.25	-45	-168.936
0.25	-45	139.008
0.25	-45	-19.0425
0.25	-45	66.2155
0.25	-45	-125.457
0.25	-45	-24.7368
0.25	-45	-142.546
0.25	-45	-179.118
0.25	-45	25.033
0.25	-45	151.562
0.25	-45	3.66495
0.25	-45	-169.038
0.25	-45	139.574
0.25	-45	152.339
0.25	-45	3.62124
0.25	-45	7.16703
0.25	-45	-15.478
0.25	-45	36.8352
0.25	-45	-80.8325
0.25	-45	79.1661
0.25	-45	129.032
0.25	-45	-46.0972
0.25	-45	-72.1421
0.25	-45	45.537
0.25	-45	-166.53
0.25	-45	40.8564
0.25	-45	86.4749
0.25	-45	-18.04
0.25	-45	73.1457
0.25	-45	179.214
0.25	-45	83.5555
0.25	-45	-56.3994
0.25	-45	-103.471
0.25	-45	-156.405
0.25	-45	-171.827
0.25	-45	-76.2467
0.25	-45	6.04535
0.25	-45	-177.822
0.25	-45	142.11
0.25	-45	-153.579
0.25	-45	-164.013
0.25	-45	20.7101
0.25	-45	29.4808
0.25	-45	18.4672
0.25	-45	77.2935
0.25	-45	14.2289
0.25	-45	-109.613
0.25	-45	68.6808
0.25	-45	178.055
0.25	-45	-111.531
0.25	-45	-32.9914
0.25	-45	109.211
0.25	-45	48.865
0.25	-45	-137.611
0.25	-45	106.093
0.25	-45	-80.767
0.25	-45	124.971
0.25	-45	36.7174
0.25	-45	46.6097
0.25	-45	-32.3978
0.25	-45	-121.478
0.25	-45	95.1994
0.25	-45	171.28
0.25	-45	-168.287
0.25	-45	69.4042
0.25	-45	-154.548
0.25	-45	50.3798
0.25	-45	-66.0446
0.25	-45	59.8726
0.25	-45	-161.533
0.25	-45	170.545
0.25	-45	-53.7799
0.25	-45	-36.3486
0.25	-45	-81.7254
0.25	-45	119.849
0.25	-45	-84.0787
0.25	-45	-35.4095
0.25	-45	153.052
0.25	-45	-134.686
0.25	-45	-87.416
0.25	-45	-88.1454
0.25	-45	16.5786
0.25	-45	174.604
0.25	-45	-37.9814
0.25	-45	-129.849
0.25	-45	175.795
0.25	-45	-75.4644
0.25	-45	125.121
0.25	-45	-43.7061
0.25	-45	121.428
0.25	-45	178.241
0.25	-45	124.091
0.25	-45	-65.0239
0.25	-45	95.1295
0.25	-45	-88.6326
0.25	-45	67.2221
0.25	-45	54.3656
0.25	-45	173.132
0.25	-45	-40.2666
0.25	-45	-21.9165
0.25	-45	101.487
0.25	-45	82.9601
0.25	-45	56.9731
0.25	-45	135.523
0.25	-45	0.632478
0.25	-45	-80.1349
0.25	-45	-147.754
0.25	-45	46.3549
0.25	-45	-36.5605
0.25	-45	40.1119
0.25	-45	-46.7711
0.25	-45	148.235
0.25	-45	118.934
0.25	-45	-37.6044
0.25	-45	19.0706
0.25	-45	86.429
0.25	-45	-110.919
0.25	-45	6.81563
0.25	-45	-179.554
0.25	-45	-9.19736
0.25	-45	-139.313
0.25	-45	-126.732
0.25	-45	11.4103
0.25	-45	-21.7571
0.25	-45	-97.9136
0.25	-45	-141.652
0.25	-45	-78.6787
0.25	-45	54.3196
0.25	-45	-8.83206
0.25	-45	31.4708
0.25	-45	2.34016
0.25	-45	58.3413
0.25	-45	39.9852
0.25	-45	-176.138
0.25	-45	23.7236
0.25	-45	-142.434
0.25	-45	41.532
0.25	-45	33.1139
0.25	-45	-111.113
0.25	-45	-178.93
0.25	-45	-141.325
0.25	-45	102.462
0.25	-45	125.071
0.25	-45	56.4501
0.25	-45	-22.7502
0.25	-45	-85.1587
0.25	-45	-17.2916
0.25	-45	-176.265
0.25	-45	77.578
0.25	-45	-167.16
0.25	-45	63.563
0.25	-45	-86.0621
0.25	-45	101.127
0.25	-45	121.308
0.25	-45	-5.28661
0.25	-45	28.8861
0.25	-45	46.1587
0.25	-45	-59.432
0.25	-45	-110.552
0.25	-45	-147.969
0.25	-45	-14.678
0.25	-45	-49.6662
0.25	-45	-29.9911
0.25	-45	90.2734
0.25	-45	-140.966
0.25	-45	150.9
0.25	-45	101.699
0.25	-45	-82.9976
0.25	-45	12.4657
0.25	-45	-18.3117
0.25	-45	-31.4566
0.25	-45	-32.9059
0.25	-45	100.595
0.25	-45	-115.023
0.25	-45	-128.844
0.25	-45	77.929
0.25	-45	137.096
0.25	-45	37.0747
0.25	-45	14.268
0.25	-45	-109.63
0.25	-45	103.044
0.25	-45	-99.5194
0.25	-45	-89.5915
0.25	-45	-156.336
0.25	-45	7.41396
0.25	-45	-8.87467
0.25	-45	-175.083
0.25	-45	-137.47
0.25	-45	43.4481
0.25	-45	-68.1034
0.25	-45	-92.6857
0.25	-45	59.0876
0.25	-45	123.699
0.25	-45	30.0268
0.25	-45	2.38847
0.25	-45	53.9124
0.25	-45	45.4249
0.25	-45	23.6377
0.25	-45	-52.4768
0.25	-45	-73.1808
0.25	-45	-87.4981
0.25	-45	-65.0828
0.25	-45	65.4144
0.25	-45	-80.875
0.25	-45	4.55429
0.25	-45	-142.207
0.25	-45	134.981
0.25	-45	158.055
0.25	-45	121.085
0.25	-45	-118.69
0.25	-45	-165.374
0.25	-45	-44.7427
0.25	-45	-51.9204
0.25	-45	155.803
0.25	-45	-122.908
0.25	-45	20.7021
0.25	-45	-76.3223
0.25	-45	-67.978
0.25	-45	27.3651
0.25	-45	-71.24
0.25	-45	-120.042
0.25	-45	-39.2126
0.25	-45	84.5129
0.25	-45	-108.994
0.25	-45	109.917
0.25	-45	-109.353
0.25	-45	71.6589
0.25	-45	95.2647
0.25	-45	55.4991
0.25	-45	81.0058
0.25	-45	44.6401
0.25	-45	136.711
0.25	-45	111.868
0.25	-45	29.1559
0.25	-45	76.2084
0.25	-45	160.734
0.25	-45	165.412
0.25	-45	-138.134
0.25	-45	59.1452
0.25	-45	71.5284
0.25	-45	177.019
0.25	-45	133.781
0.25	-45	-154.857
0.25	-45	-92.882
0.25	-45	72.5981
0.25	-45	-149.304
0.25	-45	176.659
0.25	-45	-72.2882
0.25	-45	-57.679
0.25	-45	-123.938
0.25	-45	-107.643
0.25	-45	-149.361
0.25	-45	-123.038
0.25	-45	-88.2665
0.25	-45	-118.037
0.25	-45	8.04348
0.25	-45	117.085
0.25	-45	121.233
0.25	-45	-145.141
0.25	-45	62.7657
0.25	-45	-176.488
0.25	-45	-139.156
0.25	-45	2.45193
0.25	-45	76.5009
0.25	-45	-106.067
0.25	-45	14.4785
0.25	-45	-32.1299
0.25	-45	175.16
0.25	-45	44.3599
0.25	-45	23.7192
0.25	-45	-112.322
0.25	-45	158.784
0.25	-45	166.836
0.25	-45	-86.4097
0.25	-45	67.6867
0.25	-45	170.091
0.25	-45	-132.491
0.25	-45	94.3276
0.25	-45	3.47642
0.25	-45	-54.2287
0.25	-45	146.62
0.25	-45	-132.253
0.25	-45	59.2098
0.25	-45	18.482
0.25	-45	1.84545
0.25	-45	146.875
0.25	-45	-117.031
0.25	-45	126.101
0.25	-45	67.6957
0.25	-45	-90.2784
0.25	-45	-87.1882
0.25	-45	139.102
0.25	-45	5.24266
0.25	-45	-58.3866
0.25	-45	80.4939
0.25	-45	-127.467
0.25	-45	31.8559
0.25	-45	-172.335
0.25	-45	155.199
0.25	-45	-94.3054
0.25	-45	-137.985
0.25	-45	-102.044
0.25	-45	111.471
0.25	-45	-148.479
0.25	-45	-29.2287
0.25	-45	-144.599
0.25	-45	142.784
0.25	-45	73.352
0.25	-45	-113.015
0.25	-45	-102.843
0.25	-45	-161.222
0.25	-45	-96.7557
0.25	-45	46.4783
0.25	-45	115.522
0.25	-45	144.902
0.25	-45	-134.469
0.25	-45	-119.285
0.25	-45	-167.058
0.25	-45	42.3392
0.25	-45	111.128
0.25	-45	-139.524
0.25	-45	97.1211
0.25	-45	-100.323
0.25	-45	123.785
0.25	-45	-136.383
0.25	-45	-29.2163
0.25	-45	96.7023
0.25	-45	37.5019
0.25	-45	-88.6897
0.25	-45	58.4496
0.25	-45	-142.044
0.25	-45	-89.1358
0.25	-45	100.636
0.25	-45	167.519
0.25	-45	-137.779
0.25	-45	178.352
0.25	-45	140.879
0.25	-45	58.952
0.25	-45	83.076
0.25	-45	47.9873
0.25	-45	-34.218
0.25	-45	-158.172
0.25	-45	88.0997
0.25	-45	94.6928
0.25	-45	-20.5029
0.25	-45	136.757
0.25	-45	112.064
0.25	-45	108.419
0.25	-45	155.498
0.25	-45	-17.0874
0.25	-45	-168.684
0.25	-45	-158.664
0.25	-45	15.6472
0.25	-45	-168.648
0.25	-45	-18.9722
0.25	-45	-140.108
0.25	-45	141.076
0.25	-45	84.9917
0.25	-45	177.893
0.25	-45	-120.74
0.25	-45	122.761
0.25	-45	-20.8158
0.25	-45	130.31
0.25	-45	59.7768
0.25	-45	-11.8295
0.25	-45	-151.547
0.25	-45	29.8136
0.25	-45	145.076
0.25	-45	-148.328
0.25	-45	-120.893
0.25	-45	-85.0917
0.25	-45	-106.252
0.25	-45	-83.529
0.25	-45	117.85
0.25	-45	-105.607
0.25	-45	-100.647
0.25	-45	-108.837
0.25	-45	-56.0354
0.25	-45	5.03041
0.25	-45	-89.312
0.25	-45	121.974
0.25	-45	-48.2298
0.25	-45	-131.736
0.25	-45	33.9164
0.25	-45	9.84503
0.25	-45	101.521
0.25	-45	-74.0349
0.25	-45	64.7244
0.25	-45	-54.877
0.25	-45	145.314
0.25	-45	55.987
0.25	-45	39.5688
0.25	-45	-106.469
0.25	-45	59.9713
0.25	-45	116.048
0.25	-45	133.487
0.25	-45	78.5115
0.25	-45	156.515
0.25	-45	124.583
0.25	-45	-82.477
0.25	-45	-69.3128
0.25	-45	-3.18496
0.25	-45	-24.762
0.25	-45	6.9199
0.25	-45	58.902
0.25	-45	112.301
0.25	-45	35.7916
0.25	-45	129.462
0.25	-45	-162.802
0.25	-45	-23.1037
0.25	-45	179.255
0.25	-45	60.1816
0.25	-45	82.9353
0.25	-45	-16.3627
0.25	-45	-90.1397
0.25	-45	58.3893
0.25	-45	-164.806
0.25	-45	-76.8899
0.25	-45	-94.5998
0.25	-45	85.3652
0.25	-45	1.21746
0.25	-45	-114.933
0.25	-45	-117.99
0.25	-45	-92.4577
0.25	-45	98.4031
0.25	-45	174.497
0.25	-45	-178.515
0.25	-45	-82.5299
0.25	-45	-134.114
0.25	-45	19.0316
0.25	-45	-168.825
0.25	-45	-134.983
0.25	-45	-143.426
0.25	-45	-25.2575
0.25	-45	93.8848
0.25	-45	117.259
0.25	-45	-173.874
0.25	-45	123.716
0.25	-45	-158.051
0.25	-45	-41.9348
0.25	-45	-50.1158
0.25	-45	27.5409
0.25	-45	162.275
0.25	-45	177.003
0.25	-45	175.019
0.25	-45	20.5995
0.25	-45	113.772
0.25	-45	-161.826
0.25	-45	25.1741
0.25	-45	-80.387
0.25	-45	164.275
0.25	-45	24.7027
0.25	-45	139.826
0.25	-45	-150.183
0.25	-45	-17.2249
0.25	-45	16.7115
0.25	-45	-149.825
0.25	-45	163.81
0.25	-45	93.5431
0.25	-45	-146.855
0.25	-45	50.9917
0.25	-45	86.2341
0.25	-45	178.849
0.25	-45	107.977
0.25	-45	118.619
0.25	-45	-9.39413
0.25	-45	-157.671
0.25	-45	-120.009
0.25	-45	62.6092
0.25	-45	-55.6262
0.25	-45	-167.581
0.25	-45	-134.4
0.25	-45	74.6479
0.25	-45	2.55096
0.25	-45	-92.8303
0.25	-45	176.007
0.25	-45	154.34
0.25	-45	-143.187
0.25	-45	-36.4224
0.25	-45	-142.536
0.25	-45	27.013
0.25	-45	116.876
0.25	-45	139.207
0.25	-45	-100.537
0.25	-45	113.799
0.25	-45	-33.9754
0.25	-45	-147.794
0.25	-45	159.318
