pol	setting	phi
0.3	45	-106.356
0.3	45	72.7582
0.3	45	-26.4574
0.3	45	-167.315
0.3	45	-71.7686
0.3	45	157.052
0.3	45	-116.356
0.3	45	2.68782
0.3	45	129.7
0.3	45	78.835
0.3	45	77.0173
0.3	45	-140.24
0.3	45	-164.086
0.3	45	102.442
0.3	45	138.084
0.3	45	-66.0984
0.3	45	74.137
0.3	45	130.486
0.3	45	59.4209
0.3	45	-123.757
0.3	45	-161.994
0.3	45	-43.6441
0.3	45	55.9308
0.3	45	87.9983
0.3	45	80.2192
0.3	45	159.041
0.3	45	170.98
0.3	45	-132.602
0.3	45	-47.7368
0.3	45	134.337
0.3	45	95.7371
0.3	45	39.7729
0.3	45	45.9088
0.3	45	36.8134
0.3	45	-29.9891
0.3	45	-10.1961
0.3	45	1.57416
0.3	45	-56.7277
0.3	45	-148.139
0.3	45	20.3686
0.3	45	-173.774
0.3	45	-79.0717
0.3	45	92.1595
0.3	45	70.3011
0.3	45	40.3531
0.3	45	-88.5042
0.3	45	22.2039
0.3	45	2.48731
0.3	45	69.0601
0.3	45	-28.0223
0.3	45	115.928
0.3	45	-103.624
0.3	45	-36.156
0.3	45	-73.6831
0.3	45	-124.533
0.3	45	57.7482
0.3	45	-130.789
0.3	45	167.849
0.3	45	78.5505
0.3	45	-128.82
0.3	45	-125.516
0.3	45	-71.068
0.3	45	-71.9535
0.3	45	26.562
0.3	45	-149.087
0.3	45	131.69
0.3	45	-82.5745
0.3	45	-153.314
0.3	45	-113.779
0.3	45	-106.458
0.3	45	125.524
0.3	45	-60.1389
0.3	45	-93.0045
0.3	45	119.418
0.3	45	-87.6949
0.3	45	44.9044
0.3	45	-14.1776
0.3	45	-9.66733
0.3	45	78.3438
0.3	45	158.61
0.3	45	139.512
0.3	45	-51.3663
0.3	45	26.1602
0.3	45	-95.1005
0.3	45	-5.28973
0.3	45	-57.2856
0.3	45	21.6811
0.3	45	-26.3389
0.3	45	123.634
0.3	45	-25.1988
0.3	45	-173.938
0.3	45	85.466
0.3	45	95.0256
0.3	45	128.952
0.3	45	29.4307
0.3	45	49.7919
0.3	45	-116.905
0.3	45	-17.7869
0.3	45	-56.8279
0.3	45	-62.2525
0.3	45	-173.02
0.3	45	139.555
0.3	45	-45.5651
0.3	45	110.808
0.3	45	19.498
0.3	45	151.657
0.3	45	-53.7536
0.3	45	87.5259
0.3	45	168.21
0.3	45	70.7825
0.3	45	-84.0728
0.3	45	91.6285
0.3	45	-85.5403
0.3	45	27.7845
0.3	45	124.531
0.3	45	-75.3848
0.3	45	-127.064
0.3	45	-116.586
0.3	45	80.2942
0.3	45	144.173
0.3	45	61.4759
0.3	45	152.384
0.3	45	108.412
0.3	45	-105.526
0.3	45	66.7531
0.3	45	55.8218
0.3	45	97.4305
0.3	45	170.344
0.3	45	135.037
0.3	45	-92.2647
0.3	45	-28.3361
0.3	45	26.8241
0.3	45	-176.715
0.3	45	-0.0461693
0.3	45	-53.2506
0.3	45	-82.1532
0.3	45	158.037
0.3	45	46.6056
0.3	45	100.55
0.3	45	169.515
0.3	45	-66.1526
0.3	45	163.419
0.3	45	109.158
0.3	45	98.2598
0.3	45	13.1005
0.3	45	130.252
0.3	45	-42.703
0.3	45	63.2161
0.3	45	49.0819
0.3	45	85.4135
0.3	45	52.5621
0.3	45	-61.6683
0.3	45	-12.9291
0.3	45	164.315
0.3	45	71.6643
0.3	45	69.4552
0.3	45	-109.457
0.3	45	29.1707
0.3	45	-70.8801
0.3	45	151.573
0.3	45	154.278
0.3	45	-65.8556
0.3	45	-116.081
0.3	45	25.0677
0.3	45	79.3432
0.3	45	7.19864
0.3	45	21.3771
0.3	45	-13.7694
0.3	45	104.192
0.3	45	11.2358
0.3	45	-116.803
0.3	45	-99.0144
0.3	45	14.5941
0.3	45	20.0812
0.3	45	-135.412
0.3	45	94.3291
0.3	45	125.992
0.3	45	121.005
0.3	45	-34.0015
0.3	45	171.558
0.3	45	-40.1878
0.3	45	-63.2567
0.3	45	14.9471
0.3	45	-165.068
0.3	45	97.2266
0.3	45	-142.247
0.3	45	-70.3683
0.3	45	58.8531
0.3	45	163.182
0.3	45	-131.13
0.3	45	18.9692
0.3	45	116.836
0.3	45	75.1197
0.3	45	35.4855
0.3	45	-97.0107
0.3	45	133.777
0.3	45	-126.476
0.3	45	-44.8063
0.3	45	124.407
0.3	45	88.7026
0.3	45	166.286
0.3	45	147.464
0.3	45	-13.7383
0.3	45	-159.844
0.3	45	-33.5793
0.3	45	-11.157
0.3	45	-44.885
0.3	45	-128.923
0.3	45	-175.042
0.3	45	108.29
0.3	45	-174.666
0.3	45	65.5993
0.3	45	-134.729
0.3	45	-120.609
0.3	45	45.9598
0.3	45	-136.941
0.3	45	18.1429
0.3	45	-125.659
0.3	45	-172.638
0.3	45	171.02
0.3	45	100.322
0.3	45	-79.8975
0.3	45	-118.402
0.3	45	159.584
0.3	45	-32.8892
0.3	45	-121.625
0.3	45	136.194
0.3	45	-105.219
0.3	45	-16.2625
0.3	45	-10.639
0.3	45	-81.9304
0.3	45	132.949
0.3	45	134.587
0.3	45	146.505
0.3	45	137.012
0.3	45	-19.8788
0.3	45	-130.472
0.3	45	-2.73452
0.3	45	-110.604
0.3	45	89.1887
0.3	45	-36.3977
0.3	45	-128.652
0.3	45	-76.1522
0.3	45	-12.9081
0.3	45	-55.6651
0.3	45	-99.6947
0.3	45	-69.698
0.3	45	-132.875
0.3	45	-10.7951
0.3	45	-36.0091
0.3	45	140.718
0.3	45	19.548
0.3	45	-29.1603
0.3	45	169.734
0.3	45	-99.8136
0.3	45	101.719
0.3	45	53.4051
0.3	45	-60.7823
0.3	45	145.719
0.3	45	-1.74736
0.3	45	21.8044
0.3	45	38.8309
0.3	45	49.8442
0.3	45	179.965
0.3	45	48.786
0.3	45	167.824
0.3	45	54.1023
0.3	45	100.104
0.3	45	-62.2531
0.3	45	-44.8215
0.3	45	15.574
0.3	45	72.2654
0.3	45	-94.7639
0.3	45	130.879
0.3	45	-170.096
0.3	45	163.583
0.3	45	-118.609
0.3	45	9.69355
0.3	45	44.6713
0.3	45	-90.4469
0.3	45	90.4348
0.3	45	-47.4558
0.3	45	142.734
0.3	45	-48.811
0.3	45	175.715
0.3	45	-113.814
0.3	45	28.4722
0.3	45	-30.4527
0.3	45	158.06
0.3	45	160.487
0.3	45	48.8813
0.3	45	-106.078
0.3	45	-121.066
0.3	45	-166.069
0.3	45	-3.57314
0.3	45	-71.0689
0.3	45	168.586
0.3	45	110.453
0.3	45	172.047
0.3	45	148.491
0.3	45	163.667
0.3	45	18.1058
0.3	45	-167.331
0.3	45	-81.8515
0.3	45	41.2117
0.3	45	97.3311
0.3	45	131.397
0.3	45	112.278
0.3	45	109.157
0.3	45	101.669
0.3	45	87.7604
0.3	45	-38.9714
0.3	45	48.8658
0.3	45	42.8224
0.3	45	-17.8991
0.3	45	175.048
0.3	45	-37.8859
0.3	45	-61.6641
0.3	45	-73.752
0.3	45	-73.1219
0.3	45	93.2254
0.3	45	-179.046
0.3	45	147.965
0.3	45	42.2733
0.3	45	114.952
0.3	45	-14.0152
0.3	45	-44.4188
0.3	45	178.281
0.3	45	112.267
0.3	45	99.334
0.3	45	-64.3761
0.3	45	-3.82244
0.3	45	-118.26
0.3	45	-126.157
0.3	45	155.702
0.3	45	-20.2073
0.3	45	145.349
0.3	45	13.3198
0.3	45	-92.5089
0.3	45	-34.6497
0.3	45	126.506
0.3	45	-91.0514
0.3	45	46.8779
0.3	45	25.669
0.3	45	-178.6
0.3	45	-175.077
0.3	45	-29.9998
0.3	45	-92.2916
0.3	45	-67.6987
0.3	45	80.0449
0.3	45	-126.454
0.3	45	-33.0625
0.3	45	168.104
0.3	45	-9.58745
0.3	45	0.907108
0.3	45	3.89939
0.3	45	-9.40893
0.3	45	171.426
0.3	45	-7.4921
0.3	45	-177.63
0.3	45	5.47541
0.3	45	10.0583
0.3	45	110.777
0.3	45	-142.849
0.3	45	126.239
0.3	45	-161.679
0.3	45	-7.54992
0.3	45	123.524
0.3	45	55.3089
0.3	45	-27.6562
0.3	45	77.4288
0.3	45	-166.631
0.3	45	101.318
0.3	45	140.342
0.3	45	-44.1869
0.3	45	53.38
0.3	45	-175.628
0.3	45	61.6914
0.3	45	-102.263
0.3	45	62.2638
0.3	45	14.634
0.3	45	61.8844
0.3	45	-101.226
0.3	45	72.1177
0.3	45	150.6
0.3	45	-41.1989
0.3	45	-45.339
0.3	45	-149.44
0.3	45	164.661
0.3	45	147.302
0.3	45	-85.7263
0.3	45	-55.5806
0.3	45	-38.7354
0.3	45	-27.5665
0.3	45	-94.4771
0.3	45	164.006
0.3	45	139.947
0.3	45	-176.516
0.3	45	-59.2202
0.3	45	-165.418
0.3	45	-20.1122
0.3	45	149.845
0.3	45	-145.084
0.3	45	95.2231
0.3	45	125.906
0.3	45	12.4091
0.3	45	-146.509
0.3	45	76.1639
0.3	45	-131.204
0.3	45	178.619
0.3	45	-173.425
0.3	45	-138.928
0.3	45	-54.954
0.3	45	107.143
0.3	45	-19.7468
0.3	45	-155.141
0.3	45	-65.376
0.3	45	-70.3144
0.3	45	-176.18
0.3	45	-42.7464
0.3	45	129.748
0.3	45	-149.335
0.3	45	-3.68166
0.3	45	-15.5559
0.3	45	-167.12
0.3	45	4.09408
0.3	45	-110.97
0.3	45	-76.6129
0.3	45	130.426
0.3	45	-122.943
0.3	45	69.0368
0.3	45	106.208
0.3	45	145.407
0.3	45	168.38
0.3	45	-32.3444
0.3	45	81.2973
0.3	45	171.049
0.3	45	-87.2725
0.3	45	-149.358
0.3	45	41.6128
0.3	45	155.111
0.3	45	-23.1103
0.3	45	-100.124
0.3	45	80.7334
0.3	45	-153.839
0.3	45	162.067
0.3	45	-84.4
0.3	45	122.116
0.3	45	-104.898
0.3	45	109.195
0.3	45	89.0285
0.3	45	46.3018
0.3	45	130.196
0.3	45	153.061
0.3	45	81.9836
0.3	45	-64.9951
0.3	45	-144.901
0.3	45	169.847
0.3	45	-80.8983
0.3	45	-19.3792
0.3	45	86.0852
0.3	45	-39.9881
0.3	45	172.376
0.3	45	-71.241
0.3	45	-74.8469
0.3	45	-160.472
0.3	45	78.59
0.3	45	-49.1071
0.3	45	21.2817
0.3	45	133.234
0.3	45	118.461
0.3	45	-41.6461
0.3	45	-124.935
0.3	45	-127.171
0.3	45	-50.742
0.3	45	77.8315
0.3	45	-115.583
0.3	45	-28.1685
0.3	45	163.654
0.3	45	27.1916
0.3	45	-93.5985
0.3	45	-2.40025
0.3	45	64.4001
0.3	45	138.469
0.3	45	58.6432
0.3	45	69.5595
0.3	45	159.537
0.3	45	-63.3596
0.3	45	-99.4387
0.3	45	117.215
0.3	45	-32.6562
0.3	45	-135.189
0.3	45	-19.0551
0.3	45	110.561
0.3	45	-133.114
0.3	45	123.496
0.3	45	160.142
0.3	45	-25.2983
0.3	45	-132.337
0.3	45	89.7603
0.3	45	123.442
0.3	45	140.592
0.3	45	153.173
0.3	45	-19.6139
0.3	45	-114.887
0.3	45	163.352
0.3	45	163.399
0.3	45	-76.867
0.3	45	-58.5199
0.3	45	-49.0725
0.3	45	167.091
0.3	45	149.201
0.3	45	-157.35
0.3	45	-102.193
0.3	45	-87.4527
0.3	45	-159.576
0.3	45	147.313
0.3	45	-83.0604
0.3	45	-170.946
0.3	45	-71.4431
0.3	45	82.5326
0.3	45	44.1456
0.3	45	114.477
0.3	45	-99.4992
0.3	45	-141.4
0.3	45	133.006
0.3	45	-141.932
0.3	45	95.0427
0.3	45	-94.2225
0.3	45	31.4538
0.3	45	-123.549
0.3	45	-109.522
0.3	45	-85.5038
0.3	45	28.6098
0.3	45	126.642
0.3	45	92.4329
0.3	45	-3.10856
0.3	45	-123.853
0.3	45	22.1485
0.3	45	151.15
0.3	45	99.4966
0.3	45	-168.08
0.3	45	-155.568
0.3	45	156.157
0.3	45	-83.5416
0.3	45	73.2833
0.3	45	-83.254
0.3	45	-159.538
0.3	45	-2.56193
0.3	45	114.698
0.3	45	77.0482
0.3	45	-93.2641
0.3	45	151.655
0.3	45	42.1453
0.3	45	90.41
0.3	45	158.687
0.3	45	106.065
0.3	45	-16.9642
0.3	45	-126.734
0.3	45	173.417
0.3	45	117.367
0.3	45	-31.671
0.3	45	-73.977
0.3	45	21.1062
0.3	45	-59.3787
0.3	45	45.3971
0.3	45	37.3565
0.3	45	-144.802
0.3	45	127.738
0.3	45	-14.0415
0.3	45	167.87
0.3	45	175.243
0.3	45	166.634
0.3	45	113.824
0.3	45	-153.752
0.3	45	97.3493
0.3	45	128.864
0.3	45	-166.589
0.3	45	-71.3141
0.3	45	-137.474
0.3	45	-102.091
0.3	45	85.7814
0.3	45	151.179
0.3	45	-134.128
0.3	45	176.137
0.3	45	-124.436
0.3	45	-100.589
0.3	45	-27.4495
0.3	45	24.9513
0.3	45	-64.502
0.3	45	-172.878
0.3	45	129.72
0.3	45	48.4201
0.3	45	-19.9248
0.3	45	-126.178
0.3	45	-40.8004
0.3	45	-118.053
0.3	45	-146.314
0.3	45	-137.244
0.3	45	-46.4961
0.3	45	59.0218
0.3	45	-88.6036
0.3	45	-12.1802
0.3	45	159.034
0.3	45	-149.005
0.3	45	102.378
0.3	45	91.2604
0.3	45	-49.4179
0.3	45	94.8677
0.3	45	16.363
0.3	45	-42.7691
0.3	45	50.3681
0.3	45	-39.6471
0.3	45	123.197
0.3	45	55.8118
0.3	45	70.3813
0.3	45	-148.532
0.3	45	51.9123
0.3	45	108.945
0.3	45	-47.3275
0.3	45	-132.557
0.3	45	-35.0738
0.3	45	-114.039
0.3	45	-3.33179
0.3	45	-163.97
0.3	45	129.686
0.3	45	-123.393
0.3	45	-178.615
0.3	45	44.1952
0.3	45	-80.4997
0.3	45	-162.795
0.3	45	-61.7979
0.3	45	18.66
0.3	45	-65.7129
0.3	45	-85.1027
0.3	45	-84.462
0.3	45	124.969
0.3	45	-106.362
0.3	45	-155.274
0.3	45	87.9355
0.3	45	-109.315
0.3	45	-74.2458
0.3	45	46.4072
0.3	45	-119.214
0.3	45	149.769
0.3	45	160.887
0.3	45	-80.0813
0.3	45	97.8735
0.3	45	-9.16372
0.3	45	-17.1031
0.3	45	59.5103
0.3	45	-3.01021
0.3	45	-60.0407
0.3	45	54.306
0.3	45	149.885
0.3	45	-179.624
0.3	45	82.3697
0.3	45	84.8834
0.3	45	2.43891
0.3	45	109.962
0.3	45	137.957
0.3	45	92.3216
0.3	45	-89.7026
0.3	45	-112.124
0.3	45	-170.14
0.3	45	29.0352
0.3	45	-83.0025
0.3	45	20.4753
0.3	45	158.363
0.3	45	-45.1747
0.3	45	14.9025
0.3	45	-175.028
0.3	45	138.839
0.3	45	-150.893
0.3	45	-41.1167
0.3	45	103.475
0.3	45	-87.5883
0.3	45	-99.4708
0.3	45	-81.9038
0.3	45	-32.715
0.3	45	15.3632
0.3	45	35.1132
0.3	45	91.0463
0.3	45	-55.9288
0.3	45	-93.8248
0.3	45	-78.4041
0.3	45	17.8677
0.3	45	110.326
0.3	45	117.682
0.3	45	122.828
0.3	45	177.698
0.3	45	125.325
0.3	45	-147.1
0.3	45	105.725
0.3	45	122.832
0.3	45	-15.5027
0.3	45	177.214
0.3	45	92.0977
0.3	45	-8.08152
0.3	45	-74.4835
0.3	45	108.702
0.3	45	155.325
0.3	45	-41.9686
0.3	45	31.5346
0.3	45	122.511
0.3	45	-52.0253
0.3	45	51.7469
0.3	45	118.345
0.3	45	61.2598
0.3	45	105.619
0.3	45	-53.858
0.3	45	-58.2292
0.3	45	80.4868
0.3	45	-92.3496
0.3	45	169.582
0.3	45	39.5948
0.3	45	127.967
0.3	45	-155.258
0.3	45	73.6043
0.3	45	-142.957
0.3	45	41.0844
0.3	45	108.501
0.3	45	-98.4913
0.3	45	63.2453
0.3	45	168.594
0.3	45	-172.797
0.3	45	31.8274
0.3	45	10.3444
0.3	45	11.2708
0.3	45	-157.909
0.3	45	4.93917
0.3	45	-43.2267
0.3	45	-76.897
0.3	45	-160.265
0.3	45	-130.036
0.3	45	-94.1337
0.3	45	64.8065
0.3	45	-165.897
0.3	45	146.815
0.3	45	-140.636
0.3	45	-155.761
0.3	45	65.717
0.3	45	81.3285
0.3	45	9.70536
0.3	45	-2.33656
0.3	45	46.1567
0.3	45	-90.8489
0.3	45	-118.274
0.3	45	-89.3014
0.3	45	145.032
0.3	45	-34.7876
0.3	45	75.7338
0.3	45	44.5939
0.3	45	-62.2665
0.3	45	-26.3585
0.3	45	37.8601
0.3	45	-95.1067
0.3	45	-115.882
0.3	45	-22.1052
0.3	45	-79.5593
0.3	45	-62.5914
0.3	45	165.762
0.3	45	-115.243
0.3	45	-36.6533
0.3	45	14.9949
0.3	45	107.518
0.3	45	-52.9925
0.3	45	89.6204
0.3	45	-43.3859
0.3	45	-92.7401
0.3	45	-149.772
0.3	45	-13.1363
0.3	45	-28.6985
0.3	45	129.617
0.3	45	60.8417
0.3	45	95.3629
0.3	45	129.812
0.3	45	-117.094
0.3	45	-84.8399
0.3	45	-150.516
0.3	45	121.275
0.3	45	-15.4103
0.3	45	81.8754
0.3	45	152.126
0.3	45	47.7249
0.3	45	1.94365
0.3	45	148.477
0.3	45	122.497
0.3	45	126.391
0.3	45	74.1286
0.3	45	23.2542
0.3	45	17.7759
0.3	45	8.26235
0.3	45	-65.9229
0.3	45	40.0402
0.3	45	-18.4304
0.3	45	20.643
0.3	45	-65.6889
0.3	45	105.566
0.3	45	-12.4383
0.3	45	-51.4643
0.3	45	-75.014
0.3	45	-76.2581
0.3	45	82.7692
0.3	45	-55.9946
0.3	45	-107.839
0.3	45	33.9608
0.3	45	-121.29
0.3	45	-177.261
0.3	45	-101.086
0.3	45	-88.9274
0.3	45	4.91829
0.3	45	-147.212
0.3	45	126.21
0.3	45	-155.553
0.3	45	155.778
0.3	45	-101.589
0.3	45	-79.1091
0.3	45	98.9295
0.3	45	57.8374
0.3	45	48.9226
0.3	45	-134.961
0.3	45	85.8895
0.3	45	-72.6446
0.3	45	156.173
0.3	45	1.62236
0.3	45	-43.7052
0.3	45	178.84
0.3	45	81.4761
0.3	45	-63.3569
0.3	45	-96.9027
0.3	45	36.4073
0.3	45	-102.856
0.3	45	94.316
0.3	45	23.8383
0.3	45	1.28871
0.3	45	-166.341
0.3	45	129.921
0.3	45	85.0932
0.3	45	-48.943
0.3	45	127.509
0.3	45	-37.4411
0.3	45	-12.4349
0.3	45	-150.541
0.3	45	2.66913
0.3	45	-40.7764
0.3	45	-148.005
0.3	45	-169.835
0.3	45	87.1634
0.3	45	85.5728
0.3	45	31.6208
0.3	45	-142.497
0.3	45	-84.2694
0.3	45	-45.027
0.3	45	-68.6047
0.3	45	-102.478
0.3	45	-153.932
0.3	45	-23.7373
0.3	45	11.6892
0.3	45	158.51
0.3	45	35.2341
0.3	45	93.2145
0.3	45	110.121
0.3	45	136.53
0.3	45	60.8038
0.3	45	41.2843
0.3	45	-40.613
0.3	45	170.806
0.3	45	8.46622
0.3	45	-52.637
0.3	45	150.341
0.3	45	64.7034
0.3	45	21.7399
0.3	45	-31.2267
0.3	45	137.689
0.3	45	5.63204
0.3	45	99.3997
0.3	45	-16.7889
0.3	45	84.0168
0.3	45	38.3537
0.3	45	141.078
0.3	45	-9.94281
0.3	45	44.1636
0.3	45	-80.2809
0.3	45	-39.6205
0.3	45	169.905
0.3	45	146.966
0.3	45	67.5552
0.3	45	-125.441
0.3	45	-123.517
0.3	45	-168.927
0.3	45	-131.364
0.3	45	-145.994
0.3	45	-121.961
0.3	45	64.1518
0.3	45	1.94598
0.3	45	130.529
0.3	45	158.592
0.3	45	16.9772
0.3	45	97.0313
0.3	45	29.524
0.3	45	-174.201
0.3	45	-102.271
0.3	45	81.3736
0.3	45	85.3301
0.3	45	-74.7262
0.3	45	-12.5551
0.3	45	54.7427
0.3	45	-23.3104
0.3	45	-85.0584
0.3	45	171.097
0.3	45	-63.4532
0.3	45	47.7786
0.3	45	85.4562
0.3	45	-42.3641
0.3	45	133.623
0.3	45	122.979
0.3	45	-138.16
0.3	45	-14.2263
0.3	45	110.855
0.3	45	135.925
0.3	45	-96.9712
0.3	45	-127.527
0.3	45	61.3559
0.3	45	-89.5517
0.3	45	-11.8731
0.3	45	88.4113
0.3	45	26.8964
0.3	45	-66.6965
0.3	45	-126.26
0.3	45	155.799
0.3	45	-134.648
0.3	45	-69.5261
0.3	45	-150.789
0.3	45	-68.1135
0.3	45	-108.01
0.3	45	-130.161
0.3	45	12.9958
0.3	45	-115.165
0.3	45	46.6902
0.3	45	-75.9114
0.3	45	50.2886
0.3	45	-49.2242
0.3	45	177.437
0.3	45	45.9927
0.3	45	172.76
0.3	45	-145.805
0.3	45	-9.61976
0.3	45	-143.714
0.3	45	100.008
0.3	45	-145.326
0.3	45	-28.8042
0.3	45	-2.88826
0.3	45	89.3312
0.3	45	94.3858
0.3	45	141.154
0.3	45	99.7628
0.3	45	-11.3076
0.3	45	161.707
0.3	45	5.87708
0.3	45	-80.4563
0.3	45	-135.999
0.3	45	126.709
0.3	45	28.908
0.3	45	8.01982
0.3	45	-108.837
0.3	45	77.3036
0.3	45	-146.926
0.3	45	57.6204
0.3	45	177.581
0.3	45	135.621
0.3	45	45.5185
0.3	45	17.6625
0.3	45	39.4462
0.3	45	-79.6798
0.3	45	-133.344
0.3	45	-122.09
0.3	45	-16.7107
0.3	45	-41.5137
0.3	45	143.892
0.3	45	91.139
0.3	45	-31.8151
0.3	45	93.8978
0.3	45	143.985
0.3	45	-71.0734
0.3	45	-100.852
0.3	45	126.45
0.3	45	5.91064
0.3	45	73.4966
0.3	45	-87.3519
0.3	45	129.187
0.3	45	32.8226
0.3	45	-45.2695
0.3	45	-22.8298
0.3	45	143.405
0.3	45	-67.7994
0.3	45	28.9883
0.3	45	-47.8924
0.3	45	20.2515
0.3	45	-114.682
0.25	-45	38.019
0.25	-45	153.169
0.25	-45	176.282
0.25	-45	-24.2523
0.25	-45	-117.614
0.25	-45	68.0155
0.25	-45	38.7246
0.25	-45	-105.05
0.25	-45	144.209
0.25	-45	-17.5903
0.25	-45	-161.162
0.25	-45	54.4589
0.25	-45	-96.7396
0.25	-45	46.4837
0.25	-45	-5.32675
0.25	-45	142.362
0.25	-45	101.348
0.25	-45	-10.0777
0.25	-45	153.042
0.25	-45	-0.223388
0.25	-45	-75.0041
0.25	-45	-74.3244
0.25	-45	-150.545
0.25	-45	-18.5875
0.25	-45	148.331
0.25	-45	86.3299
0.25	-45	-101.975
0.25	-45	-72.6718
0.25	-45	-171.907
0.25	-45	107.855
0.25	-45	174.268
0.25	-45	169.77
0.25	-45	-103.16
0.25	-45	-75.8611
0.25	-45	-154.88
0.25	-45	120.807
0.25	-45	167.428
0.25	-45	-55.1299
0.25	-45	79.573
0.25	-45	-50.2715
0.25	-45	146.629
0.25	-45	-134.283
0.25	-45	-34.7665
0.25	-45	-97.6014
0.25	-45	-161.793
0.25	-45	-95.5281
0.25	-45	101.08
0.25	-45	53.1473
0.25	-45	176.76
0.25	-45	-26.2289
0.25	-45	-34.843
0.25	-45	-115.95
0.25	-45	-160.627
0.25	-45	-135.288
0.25	-45	-63.24
0.25	-45	-13.6623
0.25	-45	12.1933
0.25	-45	158.481
0.25	-45	133.579
0.25	-45	45.1338
0.25	-45	95.4472
0.25	-45	125.528
0.25	-45	-60.0169
0.25	-45	38.4612
0.25	-45	-30.859
0.25	-45	-23.4597
0.25	-45	-56.0304
0.25	-45	-91.6965
0.25	-45	-60.4963
0.25	-45	97.3904
0.25	-45	133.597
0.25	-45	64.0713
0.25	-45	45.4235
0.25	-45	63.0897
0.25	-45	145.678
0.25	-45	-30.5976
0.25	-45	-164.551
0.25	-45	153.57
0.25	-45	28.1803
0.25	-45	-104.741
0.25	-45	65.2424
0.25	-45	51.6479
0.25	-45	-90.3183
0.25	-45	116.671
0.25	-45	71.689
0.25	-45	94.1814
0.25	-45	97.2145
0.25	-45	123.298
0.25	-45	-129.774
0.25	-45	-66.8306
0.25	-45	66.4843
0.25	-45	74.379
0.25	-45	-34.7717
0.25	-45	165.953
0.25	-45	108.193
0.25	-45	30.1805
0.25	-45	-111.868
0.25	-45	79.5589
0.25	-45	89.6834
0.25	-45	60.0766
0.25	-45	75.3461
0.25	-45	-40.4466
0.25	-45	51.5587
0.25	-45	62.7648
0.25	-45	-116.001
0.25	-45	-17.8518
0.25	-45	144.661
0.25	-45	95.7407
0.25	-45	-96.6585
0.25	-45	-149.791
0.25	-45	-74.7522
0.25	-45	36.8478
0.25	-45	-66.9678
0.25	-45	78.3681
0.25	-45	33.1147
0.25	-45	178.289
0.25	-45	152.322
0.25	-45	67.1951
0.25	-45	50.6923
0.25	-45	-129.014
0.25	-45	129.457
0.25	-45	-0.556232
0.25	-45	-77.8678
0.25	-45	-112.842
0.25	-45	116.805
0.25	-45	-54.2644
0.25	-45	-119.333
0.25	-45	-42.4288
0.25	-45	33.9677
0.25	-45	105.865
0.25	-45	-139.171
0.25	-45	-135.725
0.25	-45	38.1321
0.25	-45	-45.4709
0.25	-45	-60.131
0.25	-45	-12.1807
0.25	-45	-22.0094
0.25	-45	75.8053
0.25	-45	-124.776
0.25	-45	-52.4215
0.25	-45	30.3758
0.25	-45	-130.976
0.25	-45	-156.433
0.25	-45	-88.0744
0.25	-45	-129.969
0.25	-45	173.44
0.25	-45	135.104
0.25	-45	29.1922
0.25	-45	94.345
0.25	-45	-0.0351106
0.25	-45	-150.519
0.25	-45	48.6594
0.25	-45	-91.7489
0.25	-45	-102.41
0.25	-45	176.762
0.25	-45	-9.28404
0.25	-45	-76.6808
0.25	-45	2.11038
0.25	-45	-92.0356
0.25	-45	38.3863
0.25	-45	-58.3107
0.25	-45	-177.198
0.25	-45	68.5625
0.25	-45	167.159
0.25	-45	9.71598
0.25	-45	84.3483
0.25	-45	47.4225
0.25	-45	58.1736
0.25	-45	-30.1967
0.25	-45	-57.1054
0.25	-45	113.532
0.25	-45	-114.498
0.25	-45	-92.5681
0.25	-45	-142.76
0.25	-45	168.478
0.25	-45	6.15548
0.25	-45	-117.728
0.25	-45	-114.868
0.25	-45	116.226
0.25	-45	39.3588
0.25	-45	64.9044
0.25	-45	-1.70127
0.25	-45	27.8347
0.25	-45	-147.673
0.25	-45	-91.8152
0.25	-45	-133.423
0.25	-45	117.313
0.25	-45	177.42
0.25	-45	136.908
0.25	-45	133.522
0.25	-45	111.877
0.25	-45	-105.192
0.25	-45	-161.411
0.25	-45	-124.832
0.25	-45	92.4108
0.25	-45	-65.0588
0.25	-45	179.23
0.25	-45	-96.7411
0.25	-45	40.4508
0.25	-45	124.362
0.25	-45	-170.231
0.25	-45	-19.3778
0.25	-45	32.9432
0.25	-45	72.6742
0.25	-45	-167.194
0.25	-45	-36.1132
0.25	-45	127.148
0.25	-45	-70.3006
0.25	-45	-119.253
0.25	-45	167.549
0.25	-45	93.7253
0.25	-45	28.0826
0.25	-45	123.814
0.25	-45	-157.002
0.25	-45	-1.25345
0.25	-45	-88.1136
0.25	-45	-75.0846
0.25	-45	167.159
0.25	-45	154.712
0.25	-45	156.62
0.25	-45	11.6757
0.25	-45	-46.4458
0.25	-45	-117.622
0.25	-45	-0.573717
0.25	-45	-95.7798
0.25	-45	21.5658
0.25	-45	-73.1715
0.25	-45	38.8409
0.25	-45	93.147
0.25	-45	117.262
0.25	-45	-28.5927
0.25	-45	48.3443
0.25	-45	52.3958
0.25	-45	-57.5207
0.25	-45	4.39773
0.25	-45	179.032
0.25	-45	-164.572
0.25	-45	-164.407
0.25	-45	21.2849
0.25	-45	-75.0226
0.25	-45	-97.0828
0.25	-45	-112.256
0.25	-45	-61.208
0.25	-45	-62.0511
0.25	-45	98.7489
0.25	-45	-124.537
0.25	-45	-11.1551
0.25	-45	144.861
0.25	-45	-137.101
0.25	-45	19.833
0.25	-45	8.02436
0.25	-45	-30.1931
0.25	-45	-0.467552
0.25	-45	-101.625
0.25	-45	-14.7759
0.25	-45	-61.083
0.25	-45	156.685
0.25	-45	-174.622
0.25	-45	-79.2849
0.25	-45	34.9291
0.25	-45	-122.043
0.25	-45	177.887
0.25	-45	87.3091
0.25	-45	-114.54
0.25	-45	41.5657
0.25	-45	79.6588
0.25	-45	94.3288
0.25	-45	99.0351
0.25	-45	-145.5
0.25	-45	-31.6698
0.25	-45	-58.2073
0.25	-45	22.9759
0.25	-45	170.24
0.25	-45	75.8924
0.25	-45	16.8728
0.25	-45	-6.28957
0.25	-45	87.0506
0.25	-45	-81.186
0.25	-45	26.1179
0.25	-45	-118.823
0.25	-45	35.7811
0.25	-45	-173.868
0.25	-45	142.705
0.25	-45	-171.449
0.25	-45	-39.5942
0.25	-45	-13.1822
0.25	-45	113.185
0.25	-45	-71.5141
0.25	-45	-158.68
0.25	-45	90.5688
0.25	-45	161.209
0.25	-45	-25.9529
0.25	-45	-80.4904
0.25	-45	-64.8351
0.25	-45	132.84
0.25	-45	133.994
0.25	-45	149.799
0.25	-45	-129.839
0.25	-45	50.3197
0.25	-45	-130.025
0.25	-45	164.961
0.25	-45	-95.7262
0.25	-45	-56.3513
0.25	-45	88.1005
0.25	-45	-137.379
0.25	-45	171.955
0.25	-45	62.9567
0.25	-45	-29.4545
0.25	-45	-66.0409
0.25	-45	-56.1016
0.25	-45	177.9
0.25	-45	-54.6468
0.25	-45	88.3324
0.25	-45	85.8734
0.25	-45	-6.469
0.25	-45	54.8997
0.25	-45	9.72989
0.25	-45	-40.9781
0.25	-45	-28.7281
0.25	-45	-69.8938
0.25	-45	-114.564
0.25	-45	-18.3281
0.25	-45	29.9208
0.25	-45	129.568
0.25	-45	133.819
0.25	-45	38.8481
0.25	-45	99.4202
0.25	-45	108.76
0.25	-45	-92.6321
0.25	-45	109.628
0.25	-45	158.166
0.25	-45	11.8932
0.25	-45	42.456
0.25	-45	169.529
0.25	-45	-87.7961
0.25	-45	-100.606
0.25	-45	44.1281
0.25	-45	171.246
0.25	-45	112.561
0.25	-45	-149.574
0.25	-45	175.672
0.25	-45	-38.9522
0.25	-45	-164.231
0.25	-45	176.808
0.25	-45	64.644
0.25	-45	-145.574
0.25	-45	-27.3491
0.25	-45	-102.289
0.25	-45	-144.678
0.25	-45	-49.6065
0.25	-45	-81.6312
0.25	-45	-144.175
0.25	-45	-97.1647
0.25	-45	-130.837
0.25	-45	-47.533
0.25	-45	-164.159
0.25	-45	-74.3238
0.25	-45	147.68
0.25	-45	-102.437
0.25	-45	-70.3068
0.25	-45	-126.063
0.25	-45	174.697
0.25	-45	-130.954
0.25	-45	134.324
0.25	-45	-48.0769
0.25	-45	-133.795
0.25	-45	24.1862
0.25	-45	-121.093
0.25	-45	60.567
0.25	-45	71.1406
0.25	-45	-115.086
0.25	-45	-91.3098
0.25	-45	-56.1057
0.25	-45	-138.382
0.25	-45	-76.6218
0.25	-45	-77.1647
0.25	-45	35.6812
0.25	-45	-133.258
0.25	-45	-67.8981
0.25	-45	141.005
0.25	-45	-99.2877
0.25	-45	48.2828
0.25	-45	155.057
0.25	-45	-118.574
0.25	-45	175.992
0.25	-45	-152.084
0.25	-45	60.6988
0.25	-45	-77.3386
0.25	-45	56.7673
0.25	-45	133.054
0.25	-45	60.0012
0.25	-45	75.3055
0.25	-45	-131.568
0.25	-45	-133.834
0.25	-45	63.6723
0.25	-45	-85.4601
0.25	-45	-107.389
0.25	-45	138.743
0.25	-45	-0.192349
0.25	-45	-91.0896
0.25	-45	118.464
0.25	-45	-49.2715
0.25	-45	129.248
0.25	-45	173.368
0.25	-45	-94.1461
0.25	-45	-121.612
0.25	-45	-98.5061
0.25	-45	-100.225
0.25	-45	-12.7635
0.25	-45	-158.842
0.25	-45	-136.075
0.25	-45	168.98
0.25	-45	-172.487
0.25	-45	85.8684
0.25	-45	30.2886
0.25	-45	-143.193
0.25	-45	145.92
0.25	-45	75.2133
0.25	-45	-28.4778
0.25	-45	38.3549
0.25	-45	64.9423
0.25	-45	-56.7867
0.25	-45	-109.209
0.25	-45	-85.1761
0.25	-45	-20.7191
0.25	-45	156.404
0.25	-45	-122.045
0.25	-45	120.265
0.25	-45	176.382
0.25	-45	-5.22004
0.25	-45	-124.256
0.25	-45	151.84
0.25	-45	-58.8653
0.25	-45	132.124
0.25	-45	-108.096
0.25	-45	7.92464
0.25	-45	146.62
0.25	-45	43.2877
0.25	-45	166.617
0.25	-45	-157.339
0.25	-45	-116.623
0.25	-45	-120.021
0.25	-45	84.0305
0.25	-45	-108.072
0.25	-45	-41.8478
0.25	-45	-79.8793
0.25	-45	79.0702
0.25	-45	57.3227
0.25	-45	-81.4915
0.25	-45	131.809
0.25	-45	-105.328
0.25	-45	14.6335
0.25	-45	-67.9717
0.25	-45	-148.569
0.25	-45	32.2456
0.25	-45	-17.4443
0.25	-45	-25.4092
0.25	-45	23.9317
0.25	-45	45.4421
0.25	-45	-108.599
0.25	-45	176.087
0.25	-45	88.7967
0.25	-45	-34.9753
0.25	-45	-49.1876
0.25	-45	-17.3494
0.25	-45	-95.4499
0.25	-45	-130.888
0.25	-45	60.3097
0.25	-45	-102.148
0.25	-45	32.9288
0.25	-45	-13.0305
0.25	-45	46.6046
0.25	-45	-153.256
0.25	-45	-82.7258
0.25	-45	-10.2017
0.25	-45	-94.7234
0.25	-45	-167.581
0.25	-45	-28.8741
0.25	-45	39.9785
0.25	-45	139.613
0.25	-45	-129.225
0.25	-45	-81.9981
0.25	-45	170.724
0.25	-45	-10.3088
0.25	-45	-72.2502
0.25	-45	-155.628
0.25	-45	94.0044
0.25	-45	-0.950906
0.25	-45	147.793
0.25	-45	154.762
0.25	-45	1.68398
0.25	-45	116.939
0.25	-45	1.70696
0.25	-45	-51.224
0.25	-45	-124.666
0.25	-45	144.931
0.25	-45	128.414
0.25	-45	141.472
0.25	-45	134.955
0.25	-45	137.342
0.25	-45	-91.7414
0.25	-45	-38.734
0.25	-45	-80.0212
0.25	-45	179.77
0.25	-45	-75.4941
0.25	-45	72.9935
0.25	-45	-138.315
0.25	-45	147.789
0.25	-45	1.97226
0.25	-45	143.894
0.25	-45	5.65412
0.25	-45	147.239
0.25	-45	-73.2592
0.25	-45	58.3705
0.25	-45	-39.1216
0.25	-45	96.9571
0.25	-45	-3.97863
0.25	-45	150.292
0.25	-45	-109.513
0.25	-45	138.695
0.25	-45	-110.36
0.25	-45	32.0456
0.25	-45	-41.0956
0.25	-45	128.707
0.25	-45	-3.17207
0.25	-45	54.7886
0.25	-45	83.5816
0.25	-45	-46.4094
0.25	-45	113.604
0.25	-45	103.421
0.25	-45	-131.947
0.25	-45	-96.0727
0.25	-45	104.287
0.25	-45	-123.116
0.25	-45	-57.9264
0.25	-45	82.1808
0.25	-45	-147.915
0.25	-45	-17.5263
0.25	-45	104.742
0.25	-45	-45.3891
0.25	-45	80.6443
0.25	-45	36.8996
0.25	-45	55.9419
0.25	-45	-171.95
0.25	-45	-171.229
0.25	-45	-87.8914
0.25	-45	-160.848
0.25	-45	-167.289
0.25	-45	-172.131
0.25	-45	-131.982
0.25	-45	-80.95
0.25	-45	0.474998
0.25	-45	141.186
0.25	-45	134.748
0.25	-45	-57.9613
0.25	-45	-2.50881
0.25	-45	-125.993
0.25	-45	25.9139
0.25	-45	-97.8256
0.25	-45	28.2121
0.25	-45	-99.6251
0.25	-45	154.168
0.25	-45	-0.899498
0.25	-45	21.4911
0.25	-45	-69.4157
0.25	-45	61.7636
0.25	-45	-41.9466
0.25	-45	51.7675
0.25	-45	-83.2057
0.25	-45	-3.88466
0.25	-45	10.4715
0.25	-45	-88.2079
0.25	-45	147.09
0.25	-45	14.0864
0.25	-45	-23.5265
0.25	-45	48.4766
0.25	-45	-155.155
0.25	-45	-30.6986
0.25	-45	38.0723
0.25	-45	117.395
0.25	-45	69.4895
0.25	-45	-92.8097
0.25	-45	26.8697
0.25	-45	-33.5476
0.25	-45	3.98747
0.25	-45	-114.139
0.25	-45	136.63
0.25	-45	-151.706
0.25	-45	-8.60207
0.25	-45	-143.697
0.25	-45	-122.265
0.25	-45	67.0191
0.25	-45	88.9838
0.25	-45	56.6878
0.25	-45	-145.384
0.25	-45	28.4147
0.25	-45	-9.3089
0.25	-45	6.44385
0.25	-45	-139.179
0.25	-45	18.347
0.25	-45	-131.767
0.25	-45	6.57171
0.25	-45	-105.066
0.25	-45	-31.7476
0.25	-45	-146.871
0.25	-45	-36.7706
0.25	-45	-172.122
0.25	-45	-172.135
0.25	-45	53.9445
0.25	-45	-99.5021
0.25	-45	-14.4184
0.25	-45	-174.57
0.25	-45	157.427
0.25	-45	-107.395
0.25	-45	-93.7785
0.25	-45	141.815
0.25	-45	-170.807
0.25	-45	58.6732
0.25	-45	0.442995
0.25	-45	65.4096
0.25	-45	154.366
0.25	-45	-127.349
0.25	-45	-4.89957
0.25	-45	-138.512
0.25	-45	-118.937
0.25	-45	46.9974
0.25	-45	-138.606
0.25	-45	-71.511
0.25	-45	15.0427
0.25	-45	44.1411
0.25	-45	-121.111
0.25	-45	-112.09
0.25	-45	-71.8615
0.25	-45	-79.8078
0.25	-45	129.492
0.25	-45	-173.723
0.25	-45	-51.9341
0.25	-45	-162.38
0.25	-45	134.007
0.25	-45	95.6378
0.25	-45	112.725
0.25	-45	-13.8939
0.25	-45	-23.5282
0.25	-45	91.7225
0.25	-45	59.7961
0.25	-45	67.4683
0.25	-45	-96.3894
0.25	-45	50.8696
0.25	-45	59.0221
0.25	-45	155.624
0.25	-45	133.149
0.25	-45	-126.966
0.25	-45	-18.4153
0.25	-45	20.5187
0.25	-45	-162.965
0.25	-45	-101.67
0.25	-45	-27.7361
0.25	-45	-127.376
0.25	-45	-121.035
0.25	-45	47.6113
0.25	-45	87.4347
0.25	-45	-179.327
0.25	-45	104.452
0.25	-45	23.9504
0.25	-45	176.477
0.25	-45	-98.258
0.25	-45	124.775
0.25	-45	-76.9445
0.25	-45	5.84625
0.25	-45	109.901
0.25	-45	79.3032
0.25	-45	0.359238
0.25	-45	65.2803
0.25	-45	-113.569
0.25	-45	-142.846
0.25	-45	78.596
0.25	-45	-85.2827
0.25	-45	104.911
0.25	-45	96.6956
0.25	-45	131.028
0.25	-45	-50.4455
0.25	-45	-26.243
0.25	-45	79.7293
0.25	-45	67.8115
0.25	-45	-122.26
0.25	-45	-19.3581
0.25	-45	-87.9961
0.25	-45	-63.5312
0.25	-45	-81.4999
0.25	-45	-126.932
0.25	-45	16.7013
0.25	-45	17.8759
0.25	-45	175.95
0.25	-45	-71.5003
0.25	-45	14.9096
0.25	-45	25.6385
0.25	-45	160.555
0.25	-45	-109.445
0.25	-45	-21.1009
0.25	-45	37.7071
0.25	-45	-151.554
0.25	-45	-55.9605
0.25	-45	82.6746
0.25	-45	-134.231
0.25	-45	-59.7542
0.25	-45	-45.958
0.25	-45	-82.5282
0.25	-45	33.636
0.25	-45	155.459
0.25	-45	-135.31
0.25	-45	65.2918
0.25	-45	157.688
0.25	-45	176.51
0.25	-45	-49.0586
0.25	-45	123.976
0.25	-45	-106.307
0.25	-45	-171.8
0.25	-45	172.144
0.25	-45	101.633
0.25	-45	110.658
0.25	-45	-53.8847
0.25	-45	22.9751
0.25	-45	-132.185
0.25	-45	-129.153
0.25	-45	35.5483
0.25	-45	19.3268
0.25	-45	0.76775
0.25	-45	-97.0011
0.25	-45	35.3932
0.25	-45	100.122
0.25	-45	11.413
0.25	-45	88.883
0.25	-45	-162.071
0.25	-45	80.6908
0.25	-45	49.1722
0.25	-45	161.134
0.25	-45	-54.5973
0.25	-45	-116.046
0.25	-45	-11.7706
0.25	-45	-67.8075
0.25	-45	-113.527
0.25	-45	107.62
0.25	-45	176.826
0.25	-45	138.847
0.25	-45	-65.0667
0.25	-45	44.6801
0.25	-45	138.282
0.25	-45	28.0117
0.25	-45	-81.3694
0.25	-45	21.0594
0.25	-45	-16.9834
0.25	-45	16.4504
0.25	-45	162.039
0.25	-45	111.139
0.25	-45	-118.175
0.25	-45	32.2055
0.25	-45	10.9593
0.25	-45	-83.2637
0.25	-45	33.6407
0.25	-45	2.90702
0.25	-45	97.6135
0.25	-45	102.079
0.25	-45	-17.3533
0.25	-45	85.6455
0.25	-45	34.1543
0.25	-45	38.9738
0.25	-45	-0.390139
0.25	-45	61.9495
0.25	-45	-1.24465
0.25	-45	126.506
0.25	-45	151.2
0.25	-45	-66.1428
0.25	-45	-119.585
0.25	-45	-106.413
0.25	-45	-81.301
0.25	-45	-41.3937
0.25	-45	166.703
0.25	-45	-7.22513
0.25	-45	-176.16
0.25	-45	-146.867
0.25	-45	-26.8812
0.25	-45	-141.944
0.25	-45	68.4627
0.25	-45	156.091
0.25	-45	-56.4987
0.25	-45	-127.249
0.25	-45	-59.3341
0.25	-45	80.5512
0.25	-45	-174.939
0.25	-45	91.5517
0.25	-45	-137.422
0.25	-45	82.9885
0.25	-45	78.3095
0.25	-45	79.3283
0.25	-45	-100.8
0.25	-45	-173.027
0.25	-45	9.01495
0.25	-45	131.767
0.25	-45	13.5871
0.25	-45	-141.652
