pol	setting	phi
0.3	45	-38.1788
0.3	45	153.427
0.3	45	-59.0847
0.3	45	112.402
0.3	45	52.3878
0.3	45	68.2666
0.3	45	-13.7139
0.3	45	150.416
0.3	45	91.6896
0.3	45	-22.9467
0.3	45	-166.856
0.3	45	-32.3524
0.3	45	173.056
0.3	45	-143.626
0.3	45	129.872
0.3	45	-85.226
0.3	45	-52.3838
0.3	45	122.222
0.3	45	-4.5862
0.3	45	93.0042
0.3	45	-112.579
0.3	45	154.506
0.3	45	144.569
0.3	45	-100.524
0.3	45	36.8352
0.3	45	39.1075
0.3	45	-131.516
0.3	45	-75.7757
0.3	45	-89.8475
0.3	45	-96.995
0.3	45	78.9701
0.3	45	91.8706
0.3	45	98.9015
0.3	45	128.295
0.3	45	133.108
0.3	45	-155.747
0.3	45	-114.91
0.3	45	-122.331
0.3	45	-119.128
0.3	45	-163.016
0.3	45	64.6651
0.3	45	108.061
0.3	45	-53.2175
0.3	45	69.6352
0.3	45	161.875
0.3	45	-157.222
0.3	45	5.58022
0.3	45	166.393
0.3	45	-128.006
0.3	45	166.089
0.3	45	-122.95
0.3	45	85.3826
0.3	45	174.415
0.3	45	35.2624
0.3	45	11.6152
0.3	45	-164.775
0.3	45	7.63281
0.3	45	-179.336
0.3	45	94.408
0.3	45	111.387
0.3	45	86.3533
0.3	45	-11.5691
0.3	45	-74.6901
0.3	45	-59.5475
0.3	45	132.915
0.3	45	73.7355
0.3	45	-120.931
0.3	45	55.3975
0.3	45	-26.0094
0.3	45	-99.4955
0.3	45	172.164
0.3	45	115.781
0.3	45	87.4219
0.3	45	-146.908
0.3	45	121.233
0.3	45	-14.7961
0.3	45	-117.379
0.3	45	48.7159
0.3	45	165.024
0.3	45	-18.9851
0.3	45	20.7963
0.3	45	-69.6426
0.3	45	98.1763
0.3	45	-149.894
0.3	45	-7.80497
0.3	45	-145.118
0.3	45	-50.3249
0.3	45	144.07
0.3	45	118.487
0.3	45	94.4619
0.3	45	7.07289
0.3	45	-87.5105
0.3	45	42.3948
0.3	45	-169.4
0.3	45	124.062
0.3	45	19.9782
0.3	45	-151.826
0.3	45	122.925
0.3	45	34.5795
0.3	45	172.103
0.3	45	-12.6261
0.3	45	-84.8843
0.3	45	102.345
0.3	45	67.7216
0.3	45	-179.195
0.3	45	-99.675
0.3	45	-172.31
0.3	45	56.2884
0.3	45	35.798
0.3	45	36.0112
0.3	45	143.283
0.3	45	-33.1179
0.3	45	115.834
0.3	45	30.0469
0.3	45	169.795
0.3	45	137.266
0.3	45	150.658
0.3	45	-117.292
0.3	45	-80.9832
0.3	45	89.1018
0.3	45	-137.485
0.3	45	-39.818
0.3	45	112.321
0.3	45	-168.468
0.3	45	-39.8376
0.3	45	127.915
0.3	45	-107.321
0.3	45	-30.9124
0.3	45	139.327
0.3	45	95.1487
0.3	45	119.47
0.3	45	-178.873
0.3	45	1.32914
0.3	45	31.8961
0.3	45	-151.465
0.3	45	-147.109
0.3	45	43.8216
0.3	45	52.1055
0.3	45	-100.535
0.3	45	68.602
0.3	45	132.983
0.3	45	22.5306
0.3	45	88.5698
0.3	45	-64.7233
0.3	45	-138.49
0.3	45	-149.188
0.3	45	83.7174
0.3	45	52.8374
0.3	45	-93.086
0.3	45	73.2195
0.3	45	103.838
0.3	45	77.3061
0.3	45	54.6995
0.3	45	93.4517
0.3	45	171.629
0.3	45	-179.562
0.3	45	-171.285
0.3	45	-106.183
0.3	45	-26.5263
0.3	45	-9.82557
0.3	45	43.7633
0.3	45	-77.2706
0.3	45	22.3488
0.3	45	-42.3978
0.3	45	9.40068
0.3	45	-151.88
0.3	45	-18.2798
0.3	45	-43.3929
0.3	45	33.5676
0.3	45	83.3869
0.3	45	-47.8233
0.3	45	-53.2078
0.3	45	-66.5978
0.3	45	173.372
0.3	45	27.3391
0.3	45	166.915
0.3	45	72.9719
0.3	45	50.5009
0.3	45	134.992
0.3	45	19.4461
0.3	45	-52.3321
0.3	45	-110.866
0.3	45	171.177
0.3	45	178.52
0.3	45	172.234
0.3	45	-113.326
0.3	45	86.995
0.3	45	49.8205
0.3	45	-85.5792
0.3	45	-86.7033
0.3	45	-85.1562
0.3	45	88.341
0.3	45	-177.044
0.3	45	120.705
0.3	45	151.161
0.3	45	143.931
0.3	45	-172.562
0.3	45	156.968
0.3	45	-65.7061
0.3	45	-53.5013
0.3	45	24.8723
0.3	45	174.065
0.3	45	16.6176
0.3	45	-96.7989
0.3	45	21.9957
0.3	45	-42.6163
0.3	45	-124.846
0.3	45	116.609
0.3	45	-104.641
0.3	45	-23.7412
0.3	45	8.46864
0.3	45	-28.7168
0.3	45	-72.914
0.3	45	126.157
0.3	45	140.756
0.3	45	84.799
0.3	45	84.9357
0.3	45	46.0411
0.3	45	125.343
0.3	45	-142.382
0.3	45	22.9209
0.3	45	-121.387
0.3	45	27.0302
0.3	45	13.2909
0.3	45	-31.0203
0.3	45	-154.152
0.3	45	-121.352
0.3	45	132.67
0.3	45	28.6596
0.3	45	12.1605
0.3	45	71.7356
0.3	45	143.239
0.3	45	-144.368
0.3	45	96.6368
0.3	45	50.0326
0.3	45	142.291
0.3	45	-168.47
0.3	45	99.6749
0.3	45	-135.458
0.3	45	-73.5771
0.3	45	72.9379
0.3	45	46.0663
0.3	45	-64.369
0.3	45	134.983
0.3	45	38.1299
0.3	45	-153.514
0.3	45	-42.744
0.3	45	-58.8846
0.3	45	42.2551
0.3	45	7.08076
0.3	45	87.7074
0.3	45	113.654
0.3	45	146.533
0.3	45	62.7938
0.3	45	-163.734
0.3	45	120.521
0.3	45	30.9593
0.3	45	49.7121
0.3	45	-14.8338
0.3	45	-10.5924
0.3	45	25.7652
0.3	45	152.261
0.3	45	137.452
0.3	45	-41.6501
0.3	45	-110.346
0.3	45	35.1542
0.3	45	62.0769
0.3	45	-59.5833
0.3	45	-157.566
0.3	45	-21.6474
0.3	45	-50.8249
0.3	45	-94.6524
0.3	45	-66.514
0.3	45	35.042
0.3	45	140.35
0.3	45	-73.247
0.3	45	63.8388
0.3	45	-26.213
0.3	45	-53.9076
0.3	45	48.0415
0.3	45	117.279
0.3	45	132.733
0.3	45	-132.642
0.3	45	160.54
0.3	45	-23.927
0.3	45	96.0588
0.3	45	21.0544
0.3	45	-81.4556
0.3	45	-97.8966
0.3	45	-67.834
0.3	45	8.17959
0.3	45	-24.6313
0.3	45	-163.276
0.3	45	59.5887
0.3	45	-8.79547
0.3	45	70.0197
0.3	45	145.265
0.3	45	24.1424
0.3	45	-23.7828
0.3	45	147.433
0.3	45	-125.281
0.3	45	-112.212
0.3	45	55.1273
0.3	45	122.802
0.3	45	-58.4024
0.3	45	-123.604
0.3	45	70.207
0.3	45	-131.378
0.3	45	84.0739
0.3	45	17.5665
0.3	45	59.5319
0.3	45	-44.3222
0.3	45	-107.069
0.3	45	-38.6014
0.3	45	19.7445
0.3	45	79.4656
0.3	45	-130.459
0.3	45	-147.436
0.3	45	107.223
0.3	45	144.263
0.3	45	53.3194
0.3	45	-83.8343
0.3	45	-68.535
0.3	45	-143.799
0.3	45	157.474
0.3	45	41.01
0.3	45	-175.962
0.3	45	-108.075
0.3	45	84.6016
0.3	45	162.217
0.3	45	179.001
0.3	45	76.1079
0.3	45	77.91
0.3	45	75.3215
0.3	45	166.651
0.3	45	20.6069
0.3	45	32.6134
0.3	45	2.55312
0.3	45	-162.916
0.3	45	-57.8151
0.3	45	157.533
0.3	45	-75.5923
0.3	45	72.6452
0.3	45	-50.1802
0.3	45	129.625
0.3	45	169.375
0.3	45	-87.5713
0.3	45	123.511
0.3	45	118.6
0.3	45	125.852
0.3	45	-91.8479
0.3	45	58.9366
0.3	45	53.162
0.3	45	-18.305
0.3	45	-152.898
0.3	45	178.489
0.3	45	94.9413
0.3	45	167.374
0.3	45	-31.9334
0.3	45	147.472
0.3	45	122.33
0.3	45	-6.03387
0.3	45	-131.179
0.3	45	-109.949
0.3	45	-39.1535
0.3	45	31.471
0.3	45	-26.326
0.3	45	170.534
0.3	45	162.058
0.3	45	148.566
0.3	45	-115.118
0.3	45	-35.2552
0.3	45	-24.1072
0.3	45	169.769
0.3	45	10.6775
0.3	45	89.8631
0.3	45	-97.7774
0.3	45	-137.309
0.3	45	-46.8858
0.3	45	-51.2581
0.3	45	110.203
0.3	45	68.8015
0.3	45	119.382
0.3	45	79.4427
0.3	45	30.4034
0.3	45	-146.198
0.3	45	92.884
0.3	45	165.435
0.3	45	-127.996
0.3	45	-62.2256
0.3	45	-39.7279
0.3	45	14.514
0.3	45	177.209
0.3	45	178.209
0.3	45	-98.609
0.3	45	3.11999
0.3	45	96.4434
0.3	45	-2.33554
0.3	45	-116.34
0.3	45	-19.6558
0.3	45	-16.1841
0.3	45	104.008
0.3	45	44.9327
0.3	45	-122.671
0.3	45	-76.8681
0.3	45	101.761
0.3	45	4.696
0.3	45	-77.7885
0.3	45	-20.9851
0.3	45	67.5292
0.3	45	-92.2441
0.3	45	-42.4709
0.3	45	139.704
0.3	45	-11.7019
0.3	45	-159.362
0.3	45	-35.9227
0.3	45	-101.178
0.3	45	-12.2295
0.3	45	81.7386
0.3	45	164.721
0.3	45	-49.5601
0.3	45	71.6972
0.3	45	-116.101
0.3	45	-115.572
0.3	45	142.52
0.3	45	159.36
0.3	45	40.1179
0.3	45	-119.799
0.3	45	7.59041
0.3	45	-141.319
0.3	45	111.149
0.3	45	99.3429
0.3	45	3.88101
0.3	45	-170.669
0.3	45	-77.4003
0.3	45	-86.6097
0.3	45	129.337
0.3	45	118.194
0.3	45	-62.5336
0.3	45	-5.67693
0.3	45	173.896
0.3	45	-167.628
0.3	45	126.075
0.3	45	117.337
0.3	45	-13.3507
0.3	45	-100.228
0.3	45	-41.7842
0.3	45	0.447156
0.3	45	-21.1805
0.3	45	174.273
0.3	45	-27.6897
0.3	45	-87.5245
0.3	45	-4.40223
0.3	45	52.2293
0.3	45	-11.8617
0.3	45	-127.044
0.3	45	-14.934
0.3	45	-115.203
0.3	45	9.07745
0.3	45	25.5905
0.3	45	50.3125
0.3	45	-128.239
0.3	45	44.227
0.3	45	-95.5573
0.3	45	-114.848
0.3	45	-13.1233
0.3	45	-111.471
0.3	45	80.7223
0.3	45	-94.4417
0.3	45	-93.3019
0.3	45	-155.47
0.3	45	-119.299
0.3	45	12.4601
0.3	45	120.133
0.3	45	-25.6488
0.3	45	-122.422
0.3	45	-165.731
0.3	45	80.9765
0.3	45	93.6861
0.3	45	-43.0411
0.3	45	-77.2567
0.3	45	1.33414
0.3	45	-31.603
0.3	45	-99.8757
0.3	45	-178.228
0.3	45	-75.4247
0.3	45	36.0077
0.3	45	-19.8097
0.3	45	143.156
0.3	45	112.048
0.3	45	29.399
0.3	45	-12.3274
0.3	45	82.2928
0.3	45	72.003
0.3	45	154.237
0.3	45	-117.318
0.3	45	9.37003
0.3	45	104.508
0.3	45	-62.1328
0.3	45	135.923
0.3	45	168.799
0.3	45	136.086
0.3	45	92.5506
0.3	45	-69.9745
0.3	45	48.7706
0.3	45	-44.0595
0.3	45	39.0356
0.3	45	-130.507
0.3	45	57.0985
0.3	45	69.0745
0.3	45	15.0233
0.3	45	-78.752
0.3	45	-109.564
0.3	45	-95.072
0.3	45	-161.734
0.3	45	-146.455
0.3	45	141.081
0.3	45	-91.3535
0.3	45	-21.769
0.3	45	-90.4273
0.3	45	119.717
0.3	45	69.6928
0.3	45	36.1209
0.3	45	-117.539
0.3	45	86.9801
0.3	45	-54.1547
0.3	45	-53.3344
0.3	45	-79.8376
0.3	45	-141.107
0.3	45	-159.104
0.3	45	103.117
0.3	45	-51.4811
0.3	45	-142.423
0.3	45	-17.8075
0.3	45	85.5546
0.3	45	109.678
0.3	45	-95.7081
0.3	45	14.8175
0.3	45	127.039
0.3	45	146.688
0.3	45	-95.4686
0.3	45	126.213
0.3	45	-161.063
0.3	45	178.033
0.3	45	133.488
0.3	45	171.728
0.3	45	-31.8922
0.3	45	150.753
0.3	45	-44.7486
0.3	45	-61.9124
0.3	45	43.8818
0.3	45	114.524
0.3	45	55.535
0.3	45	-23.0905
0.3	45	154.197
0.3	45	105.773
0.3	45	158.1
0.3	45	-47.751
0.3	45	175.905
0.3	45	-32.4174
0.3	45	139.992
0.3	45	-146.738
0.3	45	111.369
0.3	45	100.214
0.3	45	-75.3103
0.3	45	41.2604
0.3	45	-97.8782
0.3	45	67.2389
0.3	45	-4.48603
0.3	45	-145.521
0.3	45	-66.9654
0.3	45	-21.7404
0.3	45	155.869
0.3	45	-159.806
0.3	45	94.6298
0.3	45	-95.0694
0.3	45	-151.598
0.3	45	-40.1072
0.3	45	-87.4726
0.3	45	-63.536
0.3	45	179.46
0.3	45	79.5325
0.3	45	-119.993
0.3	45	113.822
0.3	45	64.834
0.3	45	65.0416
0.3	45	-42.4743
0.3	45	49.1734
0.3	45	-60.616
0.3	45	-173.092
0.3	45	-4.45724
0.3	45	135.636
0.3	45	160.884
0.3	45	-132.711
0.3	45	-39.6127
0.3	45	38.9489
0.3	45	179.519
0.3	45	123.058
0.3	45	121.395
0.3	45	-31.9442
0.3	45	84.3114
0.3	45	-53.6005
0.3	45	-73.6841
0.3	45	149.22
0.3	45	-110.966
0.3	45	-136.632
0.3	45	173.482
0.3	45	2.16645
0.3	45	102.131
0.3	45	52.6588
0.3	45	-130.628
0.3	45	124.817
0.3	45	177.025
0.3	45	-8.62917
0.3	45	169.955
0.3	45	4.02351
0.3	45	-154.824
0.3	45	-141.494
0.3	45	-99.1324
0.3	45	81.5737
0.3	45	177.254
0.3	45	-31.8569
0.3	45	-17.0719
0.3	45	178.529
0.3	45	-112.253
0.3	45	-117.725
0.3	45	-10.5545
0.3	45	136.65
0.3	45	-151.488
0.3	45	39.2405
0.3	45	-168.863
0.3	45	135.051
0.3	45	18.6718
0.3	45	-74.3183
0.3	45	111.708
0.3	45	-102.912
0.3	45	98.3014
0.3	45	-127.72
0.3	45	-90.4738
0.3	45	-109.861
0.3	45	-95.299
0.3	45	169.325
0.3	45	65.1996
0.3	45	-34.4221
0.3	45	156.885
0.3	45	128.892
0.3	45	-104.414
0.3	45	-30.3926
0.3	45	131.503
0.3	45	64.9834
0.3	45	-10.6134
0.3	45	-62.1575
0.3	45	-0.622025
0.3	45	69.3479
0.3	45	153.98
0.3	45	128.819
0.3	45	86.7701
0.3	45	-17.623
0.3	45	117.676
0.3	45	99.3475
0.3	45	117.416
0.3	45	17.4263
0.3	45	-142.861
0.3	45	101.728
0.3	45	123.586
0.3	45	-44.2057
0.3	45	164.567
0.3	45	123.902
0.3	45	9.11015
0.3	45	-54.227
0.3	45	-73.4993
0.3	45	-54.0756
0.3	45	93.7178
0.3	45	18.4519
0.3	45	141.822
0.3	45	-162.525
0.3	45	117.304
0.3	45	-115.852
0.3	45	174.652
0.3	45	99.5102
0.3	45	149.392
0.3	45	5.38586
0.3	45	-79.8157
0.3	45	36.1505
0.3	45	-86.9499
0.3	45	144.442
0.3	45	-28.5464
0.3	45	-49.2206
0.3	45	14.2535
0.3	45	-129.935
0.3	45	-169.686
0.3	45	143.475
0.3	45	8.35115
0.3	45	44.8129
0.3	45	95.9529
0.3	45	150.962
0.3	45	131.426
0.3	45	22.6161
0.3	45	-33.0048
0.3	45	-4.96736
0.3	45	-79.0088
0.3	45	49.0067
0.3	45	-84.4861
0.3	45	-165.473
0.3	45	160.635
0.3	45	52.8617
0.3	45	-83.1111
0.3	45	-83.5813
0.3	45	-42.1651
0.3	45	120.441
0.3	45	92.2442
0.3	45	30.9742
0.3	45	-50.743
0.3	45	69.163
0.3	45	101.4
0.3	45	-103.632
0.3	45	59.9745
0.3	45	-72.0223
0.3	45	128.556
0.3	45	-135.513
0.3	45	-158.806
0.3	45	99.2328
0.3	45	-24.5086
0.3	45	-131.822
0.3	45	114.862
0.3	45	72.4461
0.3	45	1.87691
0.3	45	-160.063
0.3	45	-38.9595
0.3	45	99.7531
0.3	45	44.9165
0.3	45	14.6562
0.3	45	-44.4277
0.3	45	-90.3651
0.3	45	67.4049
0.3	45	98.0734
0.3	45	-21.2516
0.3	45	-83.7865
0.3	45	143.563
0.3	45	-171.038
0.3	45	-129.476
0.3	45	-82.6081
0.3	45	76.7497
0.3	45	-17.7896
0.3	45	-68.6655
0.3	45	-21.6615
0.3	45	-35.4544
0.3	45	-75.7625
0.3	45	-42.5432
0.3	45	11.5178
0.3	45	140.604
0.3	45	-91.6386
0.3	45	63.1818
0.3	45	36.225
0.3	45	135.501
0.3	45	4.96144
0.3	45	141.058
0.3	45	103.981
0.3	45	-173.046
0.3	45	39.7618
0.3	45	-103.607
0.3	45	-60.075
0.3	45	-25.9521
0.3	45	-70.5951
0.3	45	81.4784
0.3	45	-43.7506
0.3	45	15.5007
0.3	45	60.5373
0.3	45	125.093
0.3	45	-50.9592
0.3	45	144.309
0.3	45	-59.7964
0.3	45	106.195
0.3	45	-15.2581
0.3	45	160.294
0.3	45	-88.615
0.3	45	-104.073
0.3	45	-12.3288
0.3	45	1.21933
0.3	45	-123.086
0.3	45	-138.948
0.3	45	-125.596
0.3	45	-172.301
0.3	45	-53.603
0.3	45	37.6398
0.3	45	136.173
0.3	45	-143.28
0.3	45	-89.9013
0.3	45	128.005
0.3	45	47.871
0.3	45	78.783
0.3	45	130.909
0.3	45	36.9699
0.3	45	149.518
0.3	45	39.8716
0.3	45	115.262
0.3	45	119.09
0.3	45	177.21
0.3	45	-64.6319
0.3	45	-119.748
0.3	45	-148.382
0.3	45	-49.5016
0.3	45	-31.434
0.3	45	80.4922
0.3	45	47.1766
0.3	45	-14.4728
0.3	45	-105.901
0.3	45	179.563
0.3	45	-176.53
0.3	45	-88.1402
0.3	45	-62.3022
0.3	45	9.93483
0.3	45	71.3531
0.3	45	45.9883
0.3	45	-75.641
0.3	45	148.007
0.3	45	-172.784
0.3	45	-7.40747
0.3	45	-102.605
0.3	45	-9.99165
0.3	45	37.5836
0.3	45	14.2111
0.3	45	71.5035
0.3	45	-5.91602
0.3	45	0.397363
0.3	45	-79.7087
0.3	45	-152
0.3	45	-152.258
0.3	45	-8.47736
0.3	45	-115.487
0.3	45	64.3341
0.3	45	152.808
0.3	45	-168.618
0.3	45	167.69
0.3	45	147.806
0.3	45	-102.077
0.3	45	175.154
0.3	45	-168.875
0.3	45	-39.4101
0.3	45	-28.8665
0.3	45	44.6264
0.3	45	-30.634
0.3	45	-66.1375
0.3	45	-142.225
0.3	45	-134.675
0.3	45	62.7635
0.3	45	-17.6425
0.3	45	152.54
0.3	45	-114.76
0.3	45	-23.3503
0.3	45	123.425
0.3	45	-42.4992
0.3	45	-64.4956
0.3	45	49.4485
0.3	45	9.3382
0.3	45	162.679
0.3	45	-169.751
0.3	45	-18.7722
0.3	45	127.25
0.3	45	115.027
0.3	45	175.994
0.3	45	49.7285
0.3	45	-37.1367
0.3	45	-9.29044
0.3	45	97.9696
0.3	45	-130.997
0.3	45	168.841
0.3	45	63.4564
0.3	45	-93.089
0.3	45	30.7533
0.3	45	68.1608
0.3	45	127.445
0.3	45	-33.4785
0.3	45	-94.6933
0.3	45	169.716
0.3	45	-173.215
0.3	45	151.048
0.3	45	158.863
0.3	45	-100.423
0.3	45	-93.6685
0.3	45	-11.3408
0.3	45	74.5128
0.3	45	161.949
0.3	45	-19.4517
0.3	45	-146.484
0.3	45	116.623
0.3	45	-115.47
0.3	45	129.304
0.3	45	-64.7785
0.3	45	119.812
0.3	45	21.7313
0.3	45	44.1368
0.3	45	37.0735
0.3	45	91.2886
0.3	45	-42.4139
0.3	45	-129.028
0.3	45	-29.1211
0.3	45	17.0448
0.3	45	11.9408
0.3	45	55.867
0.3	45	14.8786
0.3	45	170.747
0.3	45	-41.5114
0.3	45	165.783
0.3	45	-169.613
0.3	45	-5.01206
0.3	45	-110.199
0.3	45	-85.8698
0.3	45	44.9007
0.3	45	-161.134
0.3	45	-146.491
0.3	45	-59.1586
0.3	45	137.51
0.3	45	-41.9043
0.3	45	-150.121
0.3	45	-83.5698
0.3	45	-161.288
0.3	45	-176.561
0.3	45	-37.8619
0.3	45	-0.136911
0.3	45	-71.0169
0.3	45	45.5729
0.3	45	-86.6356
0.3	45	135.223
0.3	45	-141.059
0.3	45	-74.9821
0.3	45	-125.508
0.3	45	-133.406
0.3	45	146.168
0.3	45	-14.4306
0.3	45	-116.276
0.3	45	-56.6798
0.3	45	142.769
0.3	45	117.404
0.3	45	-107.857
0.3	45	156.725
0.3	45	91.4172
0.3	45	-142.797
0.3	45	-116.485
0.3	45	154.521
0.3	45	-76.7499
0.3	45	-18.3009
0.3	45	-53.8778
0.3	45	171.05
0.3	45	151.016
0.3	45	13.0701
0.3	45	-147.877
0.3	45	-149.809
0.3	45	-85.4232
0.3	45	-149.819
0.3	45	-147.677
0.3	45	-77.9837
0.3	45	-131.908
0.3	45	77.4473
0.3	45	-99.7627
0.3	45	162.433
0.3	45	97.3707
0.3	45	-177.782
0.3	45	-164.571
0.3	45	-47.8152
0.3	45	29.3874
0.3	45	-6.69686
0.3	45	0.248124
0.3	45	-163.707
0.3	45	59.5671
0.3	45	41.5823
0.3	45	-28.8609
0.3	45	159.529
0.3	45	128.427
0.3	45	80.6248
0.3	45	-35.0437
0.3	45	-160.068
0.3	45	-17.4884
0.3	45	114.533
0.3	45	54.6882
0.3	45	167.13
0.3	45	127.299
0.3	45	13.0637
0.3	45	36.7138
0.3	45	153.264
0.3	45	81.8438
0.3	45	17.5525
0.3	45	151.528
0.3	45	-28.8391
0.3	45	-113.275
0.3	45	-29.6938
0.3	45	-62.6636
0.3	45	106.513
0.3	45	-11.6022
0.3	45	-30.3881
0.3	45	-142.931
0.3	45	-22.5258
0.3	45	-130.897
0.3	45	-45.5998
0.3	45	59.7344
0.3	45	33.5964
0.3	45	-118.464
0.3	45	128.408
0.3	45	140.184
0.3	45	-118.875
0.25	-45	-97.1138
0.25	-45	-107.011
0.25	-45	5.23879
0.25	-45	23.0205
0.25	-45	119.502
0.25	-45	43.2681
0.25	-45	56.2283
0.25	-45	143.494
0.25	-45	-96.089
0.25	-45	-177.398
0.25	-45	-98.6085
0.25	-45	-118.816
0.25	-45	-27.627
0.25	-45	38.3829
0.25	-45	16.2894
0.25	-45	-121.568
0.25	-45	-22.1142
0.25	-45	70.1178
0.25	-45	-176.079
0.25	-45	17.847
0.25	-45	-93.4498
0.25	-45	-166.118
0.25	-45	-45.6259
0.25	-45	68.6721
0.25	-45	-1.49949
0.25	-45	74.988
0.25	-45	113.978
0.25	-45	-72.3806
0.25	-45	176.469
0.25	-45	136.235
0.25	-45	28.307
0.25	-45	-131.185
0.25	-45	-47.3813
0.25	-45	-8.03416
0.25	-45	-129.87
0.25	-45	128.112
0.25	-45	11.0951
0.25	-45	106.322
0.25	-45	-86.9214
0.25	-45	-85.6248
0.25	-45	-104.182
0.25	-45	175.871
0.25	-45	-11.008
0.25	-45	-5.70627
0.25	-45	-103.489
0.25	-45	86.2787
0.25	-45	97.5565
0.25	-45	9.87124
0.25	-45	168.724
0.25	-45	-10.1219
0.25	-45	-149.48
0.25	-45	-96.7038
0.25	-45	-43.2185
0.25	-45	25.4095
0.25	-45	28.6607
0.25	-45	66.177
0.25	-45	103.593
0.25	-45	-113.902
0.25	-45	-52.7079
0.25	-45	179.077
0.25	-45	-109.585
0.25	-45	-21.1121
0.25	-45	36.7049
0.25	-45	-75.5363
0.25	-45	52.3649
0.25	-45	-71.6117
0.25	-45	-120.347
0.25	-45	-149.844
0.25	-45	-154.842
0.25	-45	-51.224
0.25	-45	-141.894
0.25	-45	-96.2829
0.25	-45	-91.3467
0.25	-45	129.435
0.25	-45	-39.5925
0.25	-45	-11.2529
0.25	-45	-110.138
0.25	-45	-21.0964
0.25	-45	-114.865
0.25	-45	-84.928
0.25	-45	48.1065
0.25	-45	51.9619
0.25	-45	-160.745
0.25	-45	-81.6158
0.25	-45	142.821
0.25	-45	11.4067
0.25	-45	124.235
0.25	-45	98.9504
0.25	-45	91.4654
0.25	-45	-1.64704
0.25	-45	-2.27694
0.25	-45	171.203
0.25	-45	143.101
0.25	-45	-43.4559
0.25	-45	-160.089
0.25	-45	-30.9163
0.25	-45	108.687
0.25	-45	104.844
0.25	-45	129.385
0.25	-45	-124.725
0.25	-45	175.243
0.25	-45	-71.2608
0.25	-45	92.621
0.25	-45	-125.795
0.25	-45	51.2645
0.25	-45	-53.628
0.25	-45	-64.7117
0.25	-45	96.0985
0.25	-45	-144.851
0.25	-45	-105.905
0.25	-45	28.0099
0.25	-45	-103.343
0.25	-45	100.72
0.25	-45	16.7132
0.25	-45	-115.374
0.25	-45	-141.534
0.25	-45	-97.2393
0.25	-45	1.34561
0.25	-45	7.3535
0.25	-45	-121.813
0.25	-45	-140.207
0.25	-45	166.078
0.25	-45	16.998
0.25	-45	-107.199
0.25	-45	8.54954
0.25	-45	65.3974
0.25	-45	-75.2609
0.25	-45	-89.2371
0.25	-45	175.27
0.25	-45	19.9463
0.25	-45	-121.237
0.25	-45	16.6805
0.25	-45	-62.1416
0.25	-45	56.5764
0.25	-45	170.682
0.25	-45	150.811
0.25	-45	37.2175
0.25	-45	-35.8853
0.25	-45	118.677
0.25	-45	-169.819
0.25	-45	70.7661
0.25	-45	156.241
0.25	-45	-91.8001
0.25	-45	-133.008
0.25	-45	-80.9747
0.25	-45	-50.9056
0.25	-45	-99.5713
0.25	-45	77.8228
0.25	-45	102.883
0.25	-45	147.603
0.25	-45	16.2249
0.25	-45	-75.5306
0.25	-45	-77.4901
0.25	-45	23.8048
0.25	-45	-20.927
0.25	-45	112.832
0.25	-45	76.0076
0.25	-45	-174.945
0.25	-45	60.0987
0.25	-45	128.352
0.25	-45	161.009
0.25	-45	-102.995
0.25	-45	44.9143
0.25	-45	-55.7458
0.25	-45	-70.9721
0.25	-45	14.95
0.25	-45	-164.878
0.25	-45	-174.32
0.25	-45	55.3775
0.25	-45	146.509
0.25	-45	-23.0401
0.25	-45	-63.6397
0.25	-45	-139.252
0.25	-45	-164.839
0.25	-45	175.2
0.25	-45	110.102
0.25	-45	124.795
0.25	-45	143.76
0.25	-45	97.0147
0.25	-45	-66.5077
0.25	-45	-99.0874
0.25	-45	-96.3854
0.25	-45	42.2229
0.25	-45	153.989
0.25	-45	175.488
0.25	-45	165.009
0.25	-45	51.8881
0.25	-45	57.1283
0.25	-45	-169.312
0.25	-45	89.1118
0.25	-45	34.765
0.25	-45	-173.414
0.25	-45	-109.242
0.25	-45	-88.5161
0.25	-45	-28.3071
0.25	-45	161.174
0.25	-45	142.794
0.25	-45	-137.688
0.25	-45	144.651
0.25	-45	67.372
0.25	-45	-151.561
0.25	-45	178.693
0.25	-45	99.3362
0.25	-45	43.7718
0.25	-45	31.8707
0.25	-45	31.368
0.25	-45	19.7537
0.25	-45	-161.456
0.25	-45	-120.219
0.25	-45	-77.1746
0.25	-45	-107.316
0.25	-45	-5.635
0.25	-45	-119.647
0.25	-45	-175.924
0.25	-45	134.108
0.25	-45	113.241
0.25	-45	-160.411
0.25	-45	-107.985
0.25	-45	-149.716
0.25	-45	94.3104
0.25	-45	92.1591
0.25	-45	172.088
0.25	-45	-1.24375
0.25	-45	-79.6197
0.25	-45	132.294
0.25	-45	33.1164
0.25	-45	-88.1497
0.25	-45	95.9855
0.25	-45	7.1673
0.25	-45	17.0327
0.25	-45	-101.605
0.25	-45	175.288
0.25	-45	124.992
0.25	-45	79.1405
0.25	-45	105.41
0.25	-45	-91.4691
0.25	-45	-116.812
0.25	-45	130.286
0.25	-45	174.108
0.25	-45	23.0035
0.25	-45	81.1962
0.25	-45	6.16509
0.25	-45	-121.23
0.25	-45	-178.457
0.25	-45	-2.16084
0.25	-45	-176.664
0.25	-45	-41.4497
0.25	-45	117.573
0.25	-45	-89.3324
0.25	-45	-130.058
0.25	-45	30.0237
0.25	-45	7.52127
0.25	-45	77.096
0.25	-45	-78.7603
0.25	-45	-178.404
0.25	-45	-56.8118
0.25	-45	156.708
0.25	-45	64.1109
0.25	-45	-45.8243
0.25	-45	-38.846
0.25	-45	-123.799
0.25	-45	-103.189
0.25	-45	144.248
0.25	-45	49.4884
0.25	-45	79.3296
0.25	-45	-23.9736
0.25	-45	137.997
0.25	-45	165.727
0.25	-45	-125.355
0.25	-45	-33.5762
0.25	-45	12.4944
0.25	-45	-35.229
0.25	-45	59.6256
0.25	-45	-61.7249
0.25	-45	35.8109
0.25	-45	26.2944
0.25	-45	61.3052
0.25	-45	-67.4406
0.25	-45	176.231
0.25	-45	-145.049
0.25	-45	-139.615
0.25	-45	-68.7311
0.25	-45	1.13661
0.25	-45	96.5415
0.25	-45	-25.0695
0.25	-45	-6.72846
0.25	-45	-177.347
0.25	-45	-61.3651
0.25	-45	144.28
0.25	-45	-140.874
0.25	-45	166.471
0.25	-45	73.1243
0.25	-45	-80.0727
0.25	-45	39.6161
0.25	-45	-23.6005
0.25	-45	-152.575
0.25	-45	176.438
0.25	-45	164.324
0.25	-45	-49.8286
0.25	-45	143.589
0.25	-45	78.5761
0.25	-45	135.363
0.25	-45	60.6693
0.25	-45	-47.9351
0.25	-45	-1.47541
0.25	-45	-83.3819
0.25	-45	105.827
0.25	-45	175.456
0.25	-45	150.796
0.25	-45	39.9529
0.25	-45	-65.3908
0.25	-45	-140.078
0.25	-45	30.9418
0.25	-45	-177.814
0.25	-45	121.231
0.25	-45	115.189
0.25	-45	92.3667
0.25	-45	95.3652
0.25	-45	126.035
0.25	-45	-2.85865
0.25	-45	-85.4604
0.25	-45	-118.376
0.25	-45	-58.9388
0.25	-45	128.904
0.25	-45	-33.5076
0.25	-45	-56.3548
0.25	-45	-110.684
0.25	-45	177.005
0.25	-45	-130.248
0.25	-45	36.5742
0.25	-45	-21.9718
0.25	-45	-69.3693
0.25	-45	-146.053
0.25	-45	-170.999
0.25	-45	8.22406
0.25	-45	-64.6136
0.25	-45	27.0704
0.25	-45	150.728
0.25	-45	-172.942
0.25	-45	6.32931
0.25	-45	-95.4466
0.25	-45	-17.2738
0.25	-45	26.163
0.25	-45	135.813
0.25	-45	-28.2249
0.25	-45	-67.7426
0.25	-45	-18.1298
0.25	-45	122.684
0.25	-45	46.6775
0.25	-45	141.906
0.25	-45	108.137
0.25	-45	-151.432
0.25	-45	-164.713
0.25	-45	84.1291
0.25	-45	-150.441
0.25	-45	126.141
0.25	-45	-31.8592
0.25	-45	72.1994
0.25	-45	95.2317
0.25	-45	-84.4612
0.25	-45	156.769
0.25	-45	155.988
0.25	-45	-110.82
0.25	-45	32.8068
0.25	-45	82.2991
0.25	-45	110.125
0.25	-45	-133.079
0.25	-45	-15.7094
0.25	-45	86.5587
0.25	-45	-29.498
0.25	-45	-20.5188
0.25	-45	151.724
0.25	-45	63.4639
0.25	-45	75.5819
0.25	-45	0.281063
0.25	-45	-178.497
0.25	-45	-25.7752
0.25	-45	37.0862
0.25	-45	-23.6186
0.25	-45	-157.746
0.25	-45	58.1581
0.25	-45	-83.1606
0.25	-45	-72.9124
0.25	-45	34.0493
0.25	-45	162.839
0.25	-45	99.7248
0.25	-45	141.1
0.25	-45	-126.769
0.25	-45	140.456
0.25	-45	110.77
0.25	-45	-167.286
0.25	-45	147.05
0.25	-45	115.819
0.25	-45	165.284
0.25	-45	-54.6223
0.25	-45	-168.089
0.25	-45	35.3898
0.25	-45	-1.45815
0.25	-45	115.146
0.25	-45	25.5565
0.25	-45	-178.608
0.25	-45	37.3902
0.25	-45	-1.26651
0.25	-45	159.03
0.25	-45	-155.81
0.25	-45	156.295
0.25	-45	-165.872
0.25	-45	-8.81119
0.25	-45	-106.492
0.25	-45	-109.981
0.25	-45	-30.1165
0.25	-45	-25.3867
0.25	-45	-165.959
0.25	-45	156.253
0.25	-45	98.5992
0.25	-45	-150.795
0.25	-45	111.859
0.25	-45	-172.909
0.25	-45	36.0807
0.25	-45	170.39
0.25	-45	-128.161
0.25	-45	50.7203
0.25	-45	116.937
0.25	-45	-177.911
0.25	-45	60.3016
0.25	-45	-179.262
0.25	-45	-49.5965
0.25	-45	-5.48924
0.25	-45	-58.9487
0.25	-45	48.5083
0.25	-45	-2.26037
0.25	-45	-11.7948
0.25	-45	58.8795
0.25	-45	117.734
0.25	-45	-117.171
0.25	-45	66.7146
0.25	-45	38.8822
0.25	-45	-45.3659
0.25	-45	45.3076
0.25	-45	-90.9234
0.25	-45	108.534
0.25	-45	24.3521
0.25	-45	-100.421
0.25	-45	-0.795903
0.25	-45	-85.3689
0.25	-45	95.4343
0.25	-45	-137.811
0.25	-45	60.4209
0.25	-45	74.2285
0.25	-45	67.8427
0.25	-45	148.68
0.25	-45	40.686
0.25	-45	79.7305
0.25	-45	-162.759
0.25	-45	-175.66
0.25	-45	-67.2325
0.25	-45	179.057
0.25	-45	-130.422
0.25	-45	-70.7577
0.25	-45	-139.545
0.25	-45	109.344
0.25	-45	-20.9259
0.25	-45	-120.853
0.25	-45	80.4059
0.25	-45	66.9084
0.25	-45	176.971
0.25	-45	81.7991
0.25	-45	-101.942
0.25	-45	-173.711
0.25	-45	-120.719
0.25	-45	94.8942
0.25	-45	-94.1231
0.25	-45	-147.821
0.25	-45	-119.314
0.25	-45	-177.382
0.25	-45	36.3646
0.25	-45	15.774
0.25	-45	45.2937
0.25	-45	109.711
0.25	-45	54.0045
0.25	-45	113.337
0.25	-45	40.5264
0.25	-45	-78.0348
0.25	-45	-4.75094
0.25	-45	-38.4753
0.25	-45	-34.7979
0.25	-45	104.145
0.25	-45	-76.8882
0.25	-45	-70.0767
0.25	-45	-122.963
0.25	-45	-138.632
0.25	-45	-107.011
0.25	-45	86.9376
0.25	-45	-29.409
0.25	-45	83.0268
0.25	-45	0.784063
0.25	-45	0.410336
0.25	-45	-161.191
0.25	-45	-157.228
0.25	-45	165.099
0.25	-45	77.8399
0.25	-45	29.3339
0.25	-45	-125.573
0.25	-45	133.905
0.25	-45	-53.213
0.25	-45	73.5261
0.25	-45	18.4431
0.25	-45	121.193
0.25	-45	-152.713
0.25	-45	64.3609
0.25	-45	-122.778
0.25	-45	11.3854
0.25	-45	-91.3897
0.25	-45	-66.3252
0.25	-45	-3.55205
0.25	-45	178.843
0.25	-45	-104.077
0.25	-45	173.057
0.25	-45	-169.058
0.25	-45	160.003
0.25	-45	-9.02563
0.25	-45	68.4583
0.25	-45	106.59
0.25	-45	-23.5382
0.25	-45	-94.8975
0.25	-45	45.1831
0.25	-45	-113.674
0.25	-45	20.6869
0.25	-45	-130.701
0.25	-45	178.253
0.25	-45	-140.468
0.25	-45	-169.004
0.25	-45	-135.73
0.25	-45	20.8925
0.25	-45	-106.47
0.25	-45	57.4306
0.25	-45	-51.272
0.25	-45	-55.0702
0.25	-45	155.148
0.25	-45	46.3845
0.25	-45	56.0593
0.25	-45	149.376
0.25	-45	78.8125
0.25	-45	131.301
0.25	-45	-115.433
0.25	-45	-166.006
0.25	-45	68.2407
0.25	-45	-119.424
0.25	-45	-136.505
0.25	-45	-22.3954
0.25	-45	-105.387
0.25	-45	-117.637
0.25	-45	134.562
0.25	-45	-112.196
0.25	-45	-47.5673
0.25	-45	-137.645
0.25	-45	123.65
0.25	-45	-26.5041
0.25	-45	149.674
0.25	-45	-4.00105
0.25	-45	-14.1896
0.25	-45	61.209
0.25	-45	-16.813
0.25	-45	-38.708
0.25	-45	86.7683
0.25	-45	162.273
0.25	-45	-169.604
0.25	-45	80.8905
0.25	-45	-160.762
0.25	-45	-157.634
0.25	-45	40.1133
0.25	-45	169.375
0.25	-45	-138.824
0.25	-45	144.794
0.25	-45	-80.5091
0.25	-45	36.8173
0.25	-45	109.746
0.25	-45	-67.8976
0.25	-45	63.9106
0.25	-45	36.3632
0.25	-45	32.9131
0.25	-45	-58.8634
0.25	-45	110.43
0.25	-45	-167.474
0.25	-45	150.509
0.25	-45	126.202
0.25	-45	-79.7957
0.25	-45	-119.992
0.25	-45	-109.674
0.25	-45	74.8653
0.25	-45	1.60616
0.25	-45	20.2798
0.25	-45	-114.301
0.25	-45	158.85
0.25	-45	-169.901
0.25	-45	165.763
0.25	-45	56.1623
0.25	-45	-134.124
0.25	-45	-166.529
0.25	-45	79.2856
0.25	-45	86.7072
0.25	-45	-33.2904
0.25	-45	179.727
0.25	-45	122.293
0.25	-45	-98.094
0.25	-45	110.194
0.25	-45	57.7989
0.25	-45	-105.255
0.25	-45	-158.529
0.25	-45	-90.5367
0.25	-45	97.8979
0.25	-45	-98.3849
0.25	-45	-147.407
0.25	-45	35.1341
0.25	-45	-136.984
0.25	-45	78.9372
0.25	-45	-77.4285
0.25	-45	-167.504
0.25	-45	-69.1596
0.25	-45	-102.819
0.25	-45	41.9736
0.25	-45	152.322
0.25	-45	-46.1906
0.25	-45	-2.5455
0.25	-45	120.35
0.25	-45	-89.2443
0.25	-45	-59.8383
0.25	-45	-109.353
0.25	-45	18.3005
0.25	-45	-2.68686
0.25	-45	-102.493
0.25	-45	-146.879
0.25	-45	118.538
0.25	-45	-138.763
0.25	-45	150.199
0.25	-45	-93.3204
0.25	-45	105.839
0.25	-45	60.5404
0.25	-45	-161.468
0.25	-45	-150.861
0.25	-45	-144.992
0.25	-45	-136.372
0.25	-45	-136.03
0.25	-45	127.772
0.25	-45	115.493
0.25	-45	-77.5774
0.25	-45	33.8896
0.25	-45	75.4309
0.25	-45	2.62245
0.25	-45	16.4117
0.25	-45	-119.649
0.25	-45	148.146
0.25	-45	66.5291
0.25	-45	-108.545
0.25	-45	-105.284
0.25	-45	104.51
0.25	-45	44.9151
0.25	-45	-128.315
0.25	-45	89.1787
0.25	-45	33.0789
0.25	-45	-107.69
0.25	-45	-43.1679
0.25	-45	38.4071
0.25	-45	165.929
0.25	-45	-154.197
0.25	-45	162.198
0.25	-45	47.594
0.25	-45	99.7487
0.25	-45	164.116
0.25	-45	-177.828
0.25	-45	-135.838
0.25	-45	132.908
0.25	-45	59.9741
0.25	-45	6.46373
0.25	-45	-151.967
0.25	-45	-113.894
0.25	-45	38.6788
0.25	-45	161.106
0.25	-45	61.832
0.25	-45	79.4845
0.25	-45	-0.968405
0.25	-45	-39.0228
0.25	-45	47.7911
0.25	-45	-94.4609
0.25	-45	136.664
0.25	-45	-67.8096
0.25	-45	21.0397
0.25	-45	1.82077
0.25	-45	-135.592
0.25	-45	-34.072
0.25	-45	-95.6249
0.25	-45	75.5291
0.25	-45	115.044
0.25	-45	50.1655
0.25	-45	96.7746
0.25	-45	127.826
0.25	-45	-49.2855
0.25	-45	-107.393
0.25	-45	-85.6679
0.25	-45	54.6432
0.25	-45	167.561
0.25	-45	-80.7693
0.25	-45	50.3145
0.25	-45	-30.8304
0.25	-45	-2.43946
0.25	-45	-96.5864
0.25	-45	-154.786
0.25	-45	128.788
0.25	-45	-108.551
0.25	-45	-129.524
0.25	-45	91.5675
0.25	-45	-70.5691
0.25	-45	23.5835
0.25	-45	-92.2708
0.25	-45	-98.5817
0.25	-45	134.594
0.25	-45	-11.9928
0.25	-45	169.412
0.25	-45	14.8196
0.25	-45	-33.1545
0.25	-45	156.426
0.25	-45	28.3791
0.25	-45	11.1167
0.25	-45	-178.39
0.25	-45	-69.1358
0.25	-45	-133.283
0.25	-45	-102.961
0.25	-45	-103.884
0.25	-45	-88.595
0.25	-45	123.663
0.25	-45	-143.253
0.25	-45	105.492
0.25	-45	150.236
0.25	-45	-116.741
0.25	-45	-102.262
0.25	-45	-146.253
0.25	-45	2.85171
0.25	-45	56.121
0.25	-45	107.358
0.25	-45	62.4924
0.25	-45	91.9516
0.25	-45	158.224
0.25	-45	25.4232
0.25	-45	26.7258
0.25	-45	171.425
0.25	-45	-60.8564
0.25	-45	-140.299
0.25	-45	81.2857
0.25	-45	123.78
0.25	-45	-52.2949
0.25	-45	137.566
0.25	-45	-92.8849
0.25	-45	22.2712
0.25	-45	62.4363
0.25	-45	-69.1393
0.25	-45	-18.4013
0.25	-45	-14.6415
0.25	-45	-168.607
0.25	-45	65.809
0.25	-45	-27.6941
0.25	-45	136.489
0.25	-45	119.577
0.25	-45	-138.228
0.25	-45	-40.3974
0.25	-45	21.8107
0.25	-45	-111.267
0.25	-45	-135.505
0.25	-45	-71.0641
0.25	-45	109.634
0.25	-45	-34.7381
0.25	-45	138.779
0.25	-45	4.81607
0.25	-45	-52.1161
0.25	-45	30.7287
0.25	-45	144.987
0.25	-45	86.0417
0.25	-45	96.7156
0.25	-45	-3.67641
0.25	-45	51.2493
0.25	-45	142.963
0.25	-45	-152.906
0.25	-45	103.388
0.25	-45	-22.8204
0.25	-45	-61.0581
0.25	-45	28.4486
0.25	-45	-42.5665
0.25	-45	47.5527
0.25	-45	-21.3639
0.25	-45	-135.344
0.25	-45	23.8748
0.25	-45	-33.369
0.25	-45	-151.385
0.25	-45	-87.2496
0.25	-45	-122.836
0.25	-45	69.9585
0.25	-45	54.8253
0.25	-45	-26.0879
0.25	-45	-142.374
0.25	-45	-90.8219
0.25	-45	112.399
