pol	setting	phi
0.3	45	116.662
0.3	45	175.337
0.3	45	-49.4155
0.3	45	132.915
0.3	45	40.3014
0.3	45	73.1524
0.3	45	108.538
0.3	45	-154.204
0.3	45	25.3896
0.3	45	63.7084
0.3	45	178.986
0.3	45	115.331
0.3	45	65.708
0.3	45	-103.479
0.3	45	91.4596
0.3	45	145.977
0.3	45	-82.3399
0.3	45	165.776
0.3	45	40.3595
0.3	45	-143.619
0.3	45	137.036
0.3	45	-156.219
0.3	45	74.6717
0.3	45	-19.2995
0.3	45	-0.737185
0.3	45	-146.427
0.3	45	94.5115
0.3	45	-56.7537
0.3	45	161.36
0.3	45	170.464
0.3	45	-179.034
0.3	45	-158.528
0.3	45	129.365
0.3	45	146.096
0.3	45	-64.2633
0.3	45	5.33831
0.3	45	3.86135
0.3	45	-179.172
0.3	45	54.5043
0.3	45	168.541
0.3	45	-34.4492
0.3	45	-120.037
0.3	45	-172.271
0.3	45	147.569
0.3	45	117.236
0.3	45	85.6484
0.3	45	111.186
0.3	45	-46.8082
0.3	45	-68.3301
0.3	45	114.389
0.3	45	-98.2605
0.3	45	-86.7331
0.3	45	-153.907
0.3	45	-150.41
0.3	45	-51.8881
0.3	45	86.6588
0.3	45	78.2821
0.3	45	-59.8943
0.3	45	98.2399
0.3	45	102.527
0.3	45	40.6019
0.3	45	-175.78
0.3	45	164.398
0.3	45	-116.169
0.3	45	-87.8633
0.3	45	-176.273
0.3	45	-118.386
0.3	45	158.95
0.3	45	132.096
0.3	45	-150.001
0.3	45	-21.2713
0.3	45	-92.1846
0.3	45	61.7321
0.3	45	125.115
0.3	45	71.6638
0.3	45	-47.6962
0.3	45	13.0356
0.3	45	59.8112
0.3	45	-40.7903
0.3	45	176.296
0.3	45	112.88
0.3	45	-119.304
0.3	45	20.8642
0.3	45	94.0457
0.3	45	-19.3638
0.3	45	132.874
0.3	45	-41.2518
0.3	45	94.5983
0.3	45	144.236
0.3	45	40.4269
0.3	45	-177.354
0.3	45	35.6939
0.3	45	154.809
0.3	45	54.0814
0.3	45	-13.9761
0.3	45	142.842
0.3	45	87.3759
0.3	45	-94.6782
0.3	45	109.33
0.3	45	126.403
0.3	45	22.0629
0.3	45	-113.525
0.3	45	-145.991
0.3	45	-86.996
0.3	45	126.366
0.3	45	44.1172
0.3	45	-82.2442
0.3	45	-124.93
0.3	45	-40.9527
0.3	45	122.753
0.3	45	23.6694
0.3	45	-176.454
0.3	45	74.2755
0.3	45	-47.7124
0.3	45	118.712
0.3	45	145.24
0.3	45	136.143
0.3	45	161.811
0.3	45	131.124
0.3	45	63.2638
0.3	45	-93.002
0.3	45	-178.01
0.3	45	175.201
0.3	45	-22.0366
0.3	45	-39.7997
0.3	45	-130.929
0.3	45	71.1561
0.3	45	124.578
0.3	45	-3.49204
0.3	45	-79.2786
0.3	45	-144.379
0.3	45	127.825
0.3	45	-5.2032
0.3	45	51.3836
0.3	45	-142.3
0.3	45	170.89
0.3	45	-33.9934
0.3	45	126.834
0.3	45	158.468
0.3	45	94.164
0.3	45	-98.6001
0.3	45	167.903
0.3	45	157.388
0.3	45	-35.0762
0.3	45	-15.1272
0.3	45	60.0533
0.3	45	161.892
0.3	45	7.15064
0.3	45	6.94513
0.3	45	70.9058
0.3	45	0.918532
0.3	45	-174.422
0.3	45	-39.014
0.3	45	-85.3997
0.3	45	21.957
0.3	45	-82.1509
0.3	45	-151.528
0.3	45	94.1034
0.3	45	86.981
0.3	45	-90.5535
0.3	45	7.61972
0.3	45	172.61
0.3	45	-27.4884
0.3	45	-154.667
0.3	45	143.439
0.3	45	176.383
0.3	45	-66.4959
0.3	45	-77.0445
0.3	45	-56.9873
0.3	45	-89.2401
0.3	45	-90.5037
0.3	45	25.0318
0.3	45	-37.2314
0.3	45	-69.5366
0.3	45	14.8609
0.3	45	155.269
0.3	45	127.015
0.3	45	22.0713
0.3	45	167.192
0.3	45	-122.673
0.3	45	-8.71297
0.3	45	15.1074
0.3	45	-113.23
0.3	45	-87.0355
0.3	45	-77.7248
0.3	45	-48.7226
0.3	45	-178.731
0.3	45	4.96743
0.3	45	-37.9997
0.3	45	95.2646
0.3	45	98.8462
0.3	45	115.461
0.3	45	-86.5813
0.3	45	63.0729
0.3	45	-14.4432
0.3	45	34.8156
0.3	45	2.52238
0.3	45	-10.5337
0.3	45	162.449
0.3	45	-29.0376
0.3	45	-162.013
0.3	45	125.805
0.3	45	16.9114
0.3	45	15.0017
0.3	45	-173.791
0.3	45	-136.542
0.3	45	-41.063
0.3	45	-168.462
0.3	45	-36.1284
0.3	45	-143.527
0.3	45	-125.928
0.3	45	-20.0511
0.3	45	61.5213
0.3	45	40.5594
0.3	45	160.605
0.3	45	-48.6643
0.3	45	-52.5962
0.3	45	59.0392
0.3	45	-49.8159
0.3	45	174.806
0.3	45	-110.997
0.3	45	-98.1853
0.3	45	134.474
0.3	45	67.1155
0.3	45	-168.712
0.3	45	-50.9833
0.3	45	93.3087
0.3	45	-140.771
0.3	45	170.334
0.3	45	13.1624
0.3	45	91.1925
0.3	45	-0.627956
0.3	45	56.494
0.3	45	98.7094
0.3	45	39.035
0.3	45	-5.17457
0.3	45	-108.907
0.3	45	86.6658
0.3	45	61.5941
0.3	45	-62.6319
0.3	45	-63.5724
0.3	45	-18.1134
0.3	45	-170.412
0.3	45	-83.4477
0.3	45	56.0903
0.3	45	-161.135
0.3	45	-166.455
0.3	45	-82.074
0.3	45	129.168
0.3	45	-12.885
0.3	45	-27.2497
0.3	45	-27.5927
0.3	45	-36.8538
0.3	45	6.46416
0.3	45	-171.993
0.3	45	63.4934
0.3	45	7.83255
0.3	45	37.6406
0.3	45	38.1001
0.3	45	99.1873
0.3	45	26.9121
0.3	45	153.422
0.3	45	8.68808
0.3	45	-47.6263
0.3	45	-149.653
0.3	45	-116.089
0.3	45	-2.78159
0.3	45	169.069
0.3	45	119.474
0.3	45	-32.7177
0.3	45	-149.912
0.3	45	152.989
0.3	45	-5.77688
0.3	45	-163.908
0.3	45	125.282
0.3	45	-33.0514
0.3	45	-109.574
0.3	45	147.978
0.3	45	55.5325
0.3	45	122.677
0.3	45	68.421
0.3	45	-166
0.3	45	-71.2324
0.3	45	45.5659
0.3	45	-61.3108
0.3	45	18.1959
0.3	45	-38.8868
0.3	45	94.3998
0.3	45	26.8659
0.3	45	45.9069
0.3	45	102.077
0.3	45	109.005
0.3	45	61.9919
0.3	45	104.11
0.3	45	-106.681
0.3	45	69.0431
0.3	45	126.124
0.3	45	127.796
0.3	45	168.001
0.3	45	-17.2885
0.3	45	16.625
0.3	45	135.661
0.3	45	-85.3066
0.3	45	-83.1665
0.3	45	-143.989
0.3	45	-141.496
0.3	45	99.6383
0.3	45	9.59097
0.3	45	124.844
0.3	45	-171.544
0.3	45	52.6098
0.3	45	151.177
0.3	45	-24.1879
0.3	45	-42.1688
0.3	45	-121.526
0.3	45	136.545
0.3	45	88.2044
0.3	45	145.503
0.3	45	62.174
0.3	45	-145.951
0.3	45	-108.144
0.3	45	-11.7055
0.3	45	-86.3017
0.3	45	99.1042
0.3	45	133.117
0.3	45	8.23824
0.3	45	-72.7865
0.3	45	110.919
0.3	45	-136.989
0.3	45	164.737
0.3	45	-33.2897
0.3	45	160.868
0.3	45	-111.868
0.3	45	25.9246
0.3	45	-108.835
0.3	45	148.443
0.3	45	-42.2211
0.3	45	-84.0619
0.3	45	165.175
0.3	45	109.384
0.3	45	-30.7478
0.3	45	170.988
0.3	45	-51.011
0.3	45	40.3703
0.3	45	162.459
0.3	45	-165.583
0.3	45	70.0417
0.3	45	25.238
0.3	45	57.0906
0.3	45	166.714
0.3	45	0.34915
0.3	45	-36.8888
0.3	45	-47.8132
0.3	45	43.9733
0.3	45	48.1329
0.3	45	153.251
0.3	45	113.228
0.3	45	-151.792
0.3	45	-39.5407
0.3	45	-53.0001
0.3	45	179.085
0.3	45	-154.759
0.3	45	1.00301
0.3	45	-36.4673
0.3	45	-127.499
0.3	45	-53.8268
0.3	45	142.57
0.3	45	-55.3552
0.3	45	-50.1665
0.3	45	-7.31884
0.3	45	-170.025
0.3	45	-1.43991
0.3	45	95.527
0.3	45	103.951
0.3	45	-90.3421
0.3	45	61.1094
0.3	45	52.1169
0.3	45	144.324
0.3	45	-148.671
0.3	45	124.219
0.3	45	-50.5937
0.3	45	130.039
0.3	45	149.189
0.3	45	-26.0104
0.3	45	-149.542
0.3	45	85.585
0.3	45	-110.903
0.3	45	-12.8406
0.3	45	-77.1058
0.3	45	-42.0044
0.3	45	80.7884
0.3	45	90.4917
0.3	45	-109.316
0.3	45	92.3497
0.3	45	78.264
0.3	45	120.444
0.3	45	-137.534
0.3	45	141.517
0.3	45	-57.0352
0.3	45	-24.6248
0.3	45	-95.6049
0.3	45	-59.2791
0.3	45	-158.791
0.3	45	17.8098
0.3	45	-75.6117
0.3	45	48.7672
0.3	45	-86.3635
0.3	45	-124.736
0.3	45	-153.669
0.3	45	143.492
0.3	45	-139.339
0.3	45	109.271
0.3	45	144.657
0.3	45	148.036
0.3	45	169.498
0.3	45	39.2197
0.3	45	104.882
0.3	45	-97.7383
0.3	45	96.278
0.3	45	169.106
0.3	45	-23.8449
0.3	45	-35.5672
0.3	45	113.478
0.3	45	-13.9363
0.3	45	-26.0189
0.3	45	0.0805182
0.3	45	-27.3847
0.3	45	13.864
0.3	45	-111.404
0.3	45	116.786
0.3	45	-115.903
0.3	45	-25.9739
0.3	45	-123.908
0.3	45	-176.989
0.3	45	-58.7596
0.3	45	149.144
0.3	45	56.554
0.3	45	94.254
0.3	45	-59.895
0.3	45	-12.8483
0.3	45	150.431
0.3	45	-27.609
0.3	45	-23.0208
0.3	45	-35.3311
0.3	45	-36.655
0.3	45	176.52
0.3	45	-109.528
0.3	45	-148.21
0.3	45	116.748
0.3	45	-167.757
0.3	45	32.7322
0.3	45	168.131
0.3	45	-75.5889
0.3	45	-30.8569
0.3	45	15.1458
0.3	45	-11.9861
0.3	45	-59.0113
0.3	45	174.244
0.3	45	56.292
0.3	45	92.2698
0.3	45	86.0804
0.3	45	27.8283
0.3	45	161.784
0.3	45	144.663
0.3	45	-19.1699
0.3	45	145.747
0.3	45	-125.981
0.3	45	-71.6424
0.3	45	-148.655
0.3	45	167.863
0.3	45	12.2559
0.3	45	71.7297
0.3	45	125.716
0.3	45	-30.8791
0.3	45	-87.6089
0.3	45	168.193
0.3	45	-131.264
0.3	45	100.355
0.3	45	-36.234
0.3	45	-168.386
0.3	45	57.8376
0.3	45	94.2512
0.3	45	-70.6866
0.3	45	-25.0903
0.3	45	-74.9746
0.3	45	64.8261
0.3	45	-63.2073
0.3	45	-11.7916
0.3	45	59.3529
0.3	45	-77.0905
0.3	45	-8.03599
0.3	45	-23.2605
0.3	45	-1.57602
0.3	45	-119.455
0.3	45	-8.68524
0.3	45	126.933
0.3	45	-36.5997
0.3	45	-25.9352
0.3	45	-63.9859
0.3	45	-67.8088
0.3	45	113.464
0.3	45	-32.0823
0.3	45	-16.4666
0.3	45	-69.3743
0.3	45	-174.139
0.3	45	-135.152
0.3	45	59.0943
0.3	45	106.338
0.3	45	-153.648
0.3	45	101.098
0.3	45	69.3301
0.3	45	161.497
0.3	45	4.81373
0.3	45	87.4106
0.3	45	115.751
0.3	45	28.2243
0.3	45	24.3356
0.3	45	34.9033
0.3	45	133.313
0.3	45	53.5573
0.3	45	139.016
0.3	45	66.7487
0.3	45	-17.6742
0.3	45	89.1306
0.3	45	-177.345
0.3	45	-98.3725
0.3	45	154.4
0.3	45	-63.6234
0.3	45	-160.786
0.3	45	38.3844
0.3	45	154.427
0.3	45	-133.385
0.3	45	142.822
0.3	45	-100.964
0.3	45	-97.5497
0.3	45	105.326
0.3	45	-74.9504
0.3	45	-157.339
0.3	45	-76.7001
0.3	45	-139.758
0.3	45	-126.051
0.3	45	173.552
0.3	45	-53.967
0.3	45	160.237
0.3	45	6.32634
0.3	45	23.2582
0.3	45	-22.4581
0.3	45	-110.276
0.3	45	179.033
0.3	45	-106.217
0.3	45	-92.1203
0.3	45	-103.451
0.3	45	-101.227
0.3	45	-40.4464
0.3	45	172.972
0.3	45	33.631
0.3	45	153.4
0.3	45	29.2573
0.3	45	-3.75683
0.3	45	32.6668
0.3	45	36.5757
0.3	45	-179.324
0.3	45	-13.0316
0.3	45	-10.5684
0.3	45	-146.581
0.3	45	-109.352
0.3	45	167.104
0.3	45	163.978
0.3	45	147.14
0.3	45	-176.887
0.3	45	158.228
0.3	45	-129.494
0.3	45	-23.2191
0.3	45	-72.9036
0.3	45	27.4653
0.3	45	-178.37
0.3	45	-165.602
0.3	45	-16.4629
0.3	45	95.3748
0.3	45	144.836
0.3	45	28.1796
0.3	45	8.23928
0.3	45	-109.644
0.3	45	65.6419
0.3	45	-139.742
0.3	45	-164.337
0.3	45	152.29
0.3	45	93.9153
0.3	45	-106.636
0.3	45	49.9501
0.3	45	-79.5647
0.3	45	151.561
0.3	45	-109.818
0.3	45	78.028
0.3	45	64.8564
0.3	45	-140.805
0.3	45	-90.5384
0.3	45	-115.17
0.3	45	73.4159
0.3	45	-21.229
0.3	45	-157.408
0.3	45	62.2755
0.3	45	-59.7779
0.3	45	-174.721
0.3	45	-47.1366
0.3	45	41.582
0.3	45	136.035
0.3	45	-79.4959
0.3	45	-98.0927
0.3	45	-5.40923
0.3	45	-78.857
0.3	45	12.1314
0.3	45	32.6254
0.3	45	29.4378
0.3	45	131.108
0.3	45	65.6533
0.3	45	65.8405
0.3	45	178.577
0.3	45	17.3044
0.3	45	-86.8858
0.3	45	147.354
0.3	45	-108.193
0.3	45	28.3755
0.3	45	66.044
0.3	45	-117.242
0.3	45	155.331
0.3	45	-127.791
0.3	45	-162.83
0.3	45	-171.663
0.3	45	74.2074
0.3	45	-38.3705
0.3	45	174.545
0.3	45	57.9779
0.3	45	141.163
0.3	45	-97.4835
0.3	45	-64.9428
0.3	45	137.333
0.3	45	53.1474
0.3	45	1.11246
0.3	45	-161.031
0.3	45	-71.0319
0.3	45	63.599
0.3	45	42.1903
0.3	45	-120.962
0.3	45	18.7342
0.3	45	61.547
0.3	45	6.30195
0.3	45	125.911
0.3	45	-18.635
0.3	45	168.303
0.3	45	-174.35
0.3	45	92.8303
0.3	45	-168.868
0.3	45	136.084
0.3	45	-92.8364
0.3	45	-82.2734
0.3	45	132.366
0.3	45	31.121
0.3	45	84.7002
0.3	45	-72.7153
0.3	45	76.731
0.3	45	-24.8162
0.3	45	-78.3856
0.3	45	34.8212
0.3	45	124.897
0.3	45	138.93
0.3	45	31.4644
0.3	45	155.119
0.3	45	-74.1688
0.3	45	83.5097
0.3	45	-9.74437
0.3	45	85.2128
0.3	45	70.6045
0.3	45	142.886
0.3	45	-83.6511
0.3	45	178.969
0.3	45	-163.448
0.3	45	-178.561
0.3	45	-26.133
0.3	45	-39.011
0.3	45	10.6689
0.3	45	-2.53367
0.3	45	81.6541
0.3	45	-131.604
0.3	45	3.10941
0.3	45	-123.309
0.3	45	-74.2377
0.3	45	144.183
0.3	45	-104.859
0.3	45	-89.6341
0.3	45	-138.692
0.3	45	10.9822
0.3	45	-21.4297
0.3	45	149.63
0.3	45	25.4199
0.3	45	26.273
0.3	45	-46.5124
0.3	45	-91.8906
0.3	45	-168.368
0.3	45	-50.4139
0.3	45	49.1635
0.3	45	112.756
0.3	45	11.8373
0.3	45	-161.484
0.3	45	-109.758
0.3	45	154.927
0.3	45	90.3599
0.3	45	24.3532
0.3	45	-143.565
0.3	45	27.483
0.3	45	-50.999
0.3	45	146.443
0.3	45	154.235
0.3	45	45.0059
0.3	45	-68.6964
0.3	45	-2.89592
0.3	45	-103.07
0.3	45	-3.98411
0.3	45	109.432
0.3	45	-119.129
0.3	45	-112.526
0.3	45	126.771
0.3	45	49.6691
0.3	45	133.795
0.3	45	141.089
0.3	45	-96.2667
0.3	45	-109.023
0.3	45	24.0579
0.3	45	-27.2423
0.3	45	-145.422
0.3	45	-106.032
0.3	45	156.922
0.3	45	-107.803
0.3	45	-102.419
0.3	45	173.068
0.3	45	-179.815
0.3	45	69.7794
0.3	45	-29.2609
0.3	45	124.748
0.3	45	171.302
0.3	45	163.035
0.3	45	-64.7084
0.3	45	42.3412
0.3	45	-159.336
0.3	45	14.5702
0.3	45	27.1793
0.3	45	57.6213
0.3	45	110.15
0.3	45	-165.608
0.3	45	61.8765
0.3	45	-70.4843
0.3	45	-163.062
0.3	45	170.374
0.3	45	-150.148
0.3	45	85.2301
0.3	45	128.658
0.3	45	-87.4031
0.3	45	-76.7805
0.3	45	131.743
0.3	45	43.2069
0.3	45	103.208
0.3	45	173.715
0.3	45	90.6442
0.3	45	-14.4029
0.3	45	166.893
0.3	45	-158.653
0.3	45	77.4757
0.3	45	54.4854
0.3	45	-51.7596
0.3	45	147.009
0.3	45	125.438
0.3	45	-49.2319
0.3	45	-22.5539
0.3	45	54.9833
0.3	45	-159.435
0.3	45	178.496
0.3	45	-4.35899
0.3	45	151.367
0.3	45	-37.0856
0.3	45	-92.7807
0.3	45	40.8331
0.3	45	114.085
0.3	45	-168.278
0.3	45	95.9413
0.3	45	-22.0436
0.3	45	-7.64235
0.3	45	76.9525
0.3	45	-11.7339
0.3	45	-114.414
0.3	45	-3.00377
0.3	45	-170.309
0.3	45	-74.465
0.3	45	144.648
0.3	45	-48.4852
0.3	45	-147.792
0.3	45	-50.6231
0.3	45	-130.668
0.3	45	137.579
0.3	45	-148.539
0.3	45	80.7614
0.3	45	130.77
0.3	45	79.2142
0.3	45	124.432
0.3	45	-101.93
0.3	45	99.4441
0.3	45	156.887
0.3	45	-83.1052
0.3	45	-148.573
0.3	45	-40.8913
0.3	45	132.063
0.3	45	-100.684
0.3	45	75.5718
0.3	45	-14.1423
0.3	45	-179.655
0.3	45	178.17
0.3	45	-33.1028
0.3	45	98.4592
0.3	45	142.094
0.3	45	-136.464
0.3	45	-154.334
0.3	45	-128.289
0.3	45	121.633
0.3	45	112.756
0.3	45	-106.842
0.3	45	81.1612
0.3	45	118.593
0.3	45	143.367
0.3	45	117.841
0.3	45	57.2795
0.3	45	33.035
0.3	45	165.012
0.3	45	-82.717
0.3	45	-136.029
0.3	45	-46.3489
0.3	45	-151.252
0.3	45	-177.545
0.3	45	-132.127
0.3	45	-121.925
0.3	45	135.455
0.3	45	-91.0984
0.3	45	-88.4218
0.3	45	107.319
0.3	45	111.891
0.3	45	130.811
0.3	45	118.783
0.3	45	-118.592
0.3	45	-10.1432
0.3	45	-174.794
0.3	45	72.9965
0.3	45	-167.195
0.3	45	123.318
0.3	45	50.4421
0.3	45	-77.0945
0.3	45	84.4625
0.3	45	-163.781
0.3	45	-82.1856
0.3	45	145.477
0.3	45	29.642
0.3	45	88.9484
0.3	45	-82.4176
0.3	45	124.835
0.3	45	150.182
0.3	45	138.055
0.3	45	102.74
0.3	45	-164.873
0.3	45	55.8657
0.3	45	169.942
0.3	45	151.608
0.3	45	-1.43241
0.3	45	76.6742
0.3	45	-45.3553
0.3	45	-27.901
0.3	45	-22.9303
0.3	45	-176.865
0.3	45	-140.68
0.3	45	81.4249
0.3	45	-107.241
0.3	45	-81.8685
0.3	45	159.692
0.3	45	25.2709
0.3	45	-103.31
0.3	45	35.7702
0.3	45	118.858
0.3	45	179.864
0.3	45	112.199
0.3	45	21.4142
0.3	45	-7.31943
0.3	45	6.24744
0.3	45	50.5191
0.3	45	-86.7077
0.3	45	-144.868
0.3	45	-6.20699
0.3	45	-120.352
0.3	45	178.618
0.3	45	108.968
0.3	45	-93.0496
0.3	45	-31.4224
0.3	45	30.5239
0.3	45	87.8654
0.3	45	-83.4588
0.3	45	123.244
0.3	45	-27.5597
0.3	45	-54.3868
0.3	45	65.7489
0.3	45	57.5458
0.3	45	-50.7443
0.3	45	-85.9359
0.3	45	21.2098
0.3	45	-75.2149
0.3	45	43.5561
0.3	45	-118.985
0.3	45	84.9413
0.3	45	109.759
0.3	45	96.9324
0.3	45	-84.3114
0.3	45	-167.523
0.3	45	166.297
0.3	45	120.689
0.3	45	-58.7427
0.3	45	146.323
0.3	45	8.89504
0.3	45	-146.503
0.3	45	-69.1966
0.3	45	-12.3326
0.3	45	7.5055
0.3	45	8.01919
0.3	45	66.6976
0.3	45	-55.305
0.3	45	110.099
0.3	45	122.88
0.3	45	-68.7012
0.3	45	158.623
0.3	45	-33.7445
0.3	45	-21.9911
0.3	45	121.76
0.3	45	33.3223
0.3	45	-55.034
0.3	45	167.314
0.3	45	-46.3828
0.3	45	-70.9548
0.3	45	-20.134
0.3	45	-89.3838
0.3	45	62.1277
0.3	45	-49.07
0.3	45	-98.1981
0.3	45	17.4406
0.3	45	84.6935
0.3	45	-9.622
0.3	45	39.2391
0.3	45	112.043
0.3	45	55.7509
0.3	45	29.6644
0.3	45	113.423
0.3	45	43.3308
0.3	45	-112.491
0.3	45	170.324
0.3	45	-143.387
0.3	45	172.791
0.3	45	-96.7232
0.3	45	-6.43015
0.3	45	-12.0935
0.3	45	-29.4094
0.3	45	24.0702
0.3	45	58.3001
0.3	45	-35.9388
0.3	45	-173.637
0.3	45	-66.3593
0.3	45	128.227
0.3	45	-63.7355
0.3	45	-77.8975
0.3	45	117.531
0.3	45	61.4826
0.3	45	138.518
0.3	45	-175.329
0.3	45	-50.5308
0.3	45	18.3026
0.3	45	35.3991
0.3	45	-87.5962
0.3	45	51.7748
0.3	45	92.3262
0.3	45	-149.094
0.3	45	-138.734
0.3	45	-174.382
0.3	45	-164.352
0.3	45	17.9054
0.3	45	101.389
0.3	45	26.3269
0.3	45	-162.603
0.3	45	46.9619
0.3	45	-122.294
0.3	45	-107.476
0.3	45	92.0167
0.3	45	68.1646
0.3	45	-36.3541
0.3	45	-79.2957
0.3	45	111.657
0.3	45	-174.142
0.3	45	116.87
0.3	45	-121.902
0.3	45	122.736
0.25	-45	-116.734
0.25	-45	166.065
0.25	-45	4.65104
0.25	-45	-14.4316
0.25	-45	24.4141
0.25	-45	-52.5166
0.25	-45	99.632
0.25	-45	-3.118
0.25	-45	17.556
0.25	-45	-172.802
0.25	-45	-43.2135
0.25	-45	74.0948
0.25	-45	-34.5872
0.25	-45	-14.7194
0.25	-45	-15.0512
0.25	-45	-42.7088
0.25	-45	-177.764
0.25	-45	152.249
0.25	-45	67.6052
0.25	-45	120.456
0.25	-45	-89.7431
0.25	-45	14.0743
0.25	-45	123.979
0.25	-45	-179.311
0.25	-45	23.6244
0.25	-45	-17.9827
0.25	-45	95.4941
0.25	-45	63.376
0.25	-45	-46.3581
0.25	-45	-59.5262
0.25	-45	-112.648
0.25	-45	-71.9668
0.25	-45	-12.0691
0.25	-45	-66.9722
0.25	-45	31.3196
0.25	-45	92.1076
0.25	-45	18.9341
0.25	-45	-60.9455
0.25	-45	134.66
0.25	-45	80.2559
0.25	-45	53.7129
0.25	-45	82.5157
0.25	-45	62.4734
0.25	-45	-85.4423
0.25	-45	-80.1868
0.25	-45	-162.83
0.25	-45	-95.6486
0.25	-45	-143.092
0.25	-45	116.997
0.25	-45	-171.253
0.25	-45	66.5075
0.25	-45	-133.018
0.25	-45	-106.092
0.25	-45	153.042
0.25	-45	121.738
0.25	-45	7.99097
0.25	-45	-16.8097
0.25	-45	-158.1
0.25	-45	20.4466
0.25	-45	87.5943
0.25	-45	-105.721
0.25	-45	44.292
0.25	-45	41.751
0.25	-45	13.8435
0.25	-45	179.488
0.25	-45	-136.83
0.25	-45	-59.4616
0.25	-45	109.85
0.25	-45	170.39
0.25	-45	-73.764
0.25	-45	-65.1244
0.25	-45	-121.025
0.25	-45	-24.2845
0.25	-45	-153.558
0.25	-45	-9.25163
0.25	-45	9.12535
0.25	-45	-91.9713
0.25	-45	-18.401
0.25	-45	44.6066
0.25	-45	-147.074
0.25	-45	-97.62
0.25	-45	15.1042
0.25	-45	45.4115
0.25	-45	94.6038
0.25	-45	161.336
0.25	-45	52.3724
0.25	-45	-111.063
0.25	-45	71.6622
0.25	-45	-108.644
0.25	-45	53.3001
0.25	-45	59.23
0.25	-45	21.4762
0.25	-45	-76.5705
0.25	-45	-117.573
0.25	-45	-91.0321
0.25	-45	-67.5076
0.25	-45	175.85
0.25	-45	174.843
0.25	-45	3.00671
0.25	-45	131.028
0.25	-45	177.119
0.25	-45	-11.9852
0.25	-45	-98.4638
0.25	-45	-26.2017
0.25	-45	-16.562
0.25	-45	0.468364
0.25	-45	-150.015
0.25	-45	-16.6543
0.25	-45	-137.849
0.25	-45	48.7225
0.25	-45	152.46
0.25	-45	96.1905
0.25	-45	146.817
0.25	-45	20.575
0.25	-45	-25.2975
0.25	-45	154.968
0.25	-45	142.683
0.25	-45	78.8713
0.25	-45	34.2478
0.25	-45	-75.1603
0.25	-45	-36.4151
0.25	-45	-178.85
0.25	-45	14.8594
0.25	-45	3.27265
0.25	-45	74.567
0.25	-45	161.646
0.25	-45	89.5268
0.25	-45	143.899
0.25	-45	-20.988
0.25	-45	-40.4311
0.25	-45	-131.679
0.25	-45	151.793
0.25	-45	143.294
0.25	-45	-77.4101
0.25	-45	134.284
0.25	-45	35.7218
0.25	-45	30.8856
0.25	-45	123.832
0.25	-45	-162.712
0.25	-45	-61.6583
0.25	-45	-162.921
0.25	-45	20.096
0.25	-45	97.0228
0.25	-45	30.3278
0.25	-45	-173.759
0.25	-45	-138.678
0.25	-45	-149.645
0.25	-45	-179.408
0.25	-45	150.876
0.25	-45	-30.2426
0.25	-45	89.2171
0.25	-45	-155.068
0.25	-45	120.293
0.25	-45	151.571
0.25	-45	-8.07137
0.25	-45	148.491
0.25	-45	-131.59
0.25	-45	88.2653
0.25	-45	-170.312
0.25	-45	167.094
0.25	-45	78.5995
0.25	-45	-95.9936
0.25	-45	-56.9986
0.25	-45	-109.947
0.25	-45	59.2073
0.25	-45	-2.38487
0.25	-45	-146.536
0.25	-45	69.3684
0.25	-45	-103.48
0.25	-45	87.03
0.25	-45	148.151
0.25	-45	-74.2797
0.25	-45	-117.453
0.25	-45	-162.153
0.25	-45	82.7205
0.25	-45	-146.594
0.25	-45	-65.3249
0.25	-45	-167.128
0.25	-45	-148.511
0.25	-45	88.7416
0.25	-45	31.9215
0.25	-45	169.417
0.25	-45	-125.339
0.25	-45	-17.8011
0.25	-45	-17.3149
0.25	-45	122.276
0.25	-45	138.821
0.25	-45	-156.428
0.25	-45	-37.4367
0.25	-45	-178.461
0.25	-45	128.414
0.25	-45	167.834
0.25	-45	36.32
0.25	-45	-166.45
0.25	-45	-56.2861
0.25	-45	83.257
0.25	-45	-167.159
0.25	-45	-89.7924
0.25	-45	-155.641
0.25	-45	-155.408
0.25	-45	128.44
0.25	-45	-12.6069
0.25	-45	167.051
0.25	-45	-154.006
0.25	-45	14.6528
0.25	-45	1.02979
0.25	-45	120.97
0.25	-45	5.863
0.25	-45	-61.298
0.25	-45	1.12133
0.25	-45	138.479
0.25	-45	-118.929
0.25	-45	-90.4814
0.25	-45	169.68
0.25	-45	120.207
0.25	-45	-1.219
0.25	-45	-141.672
0.25	-45	24.4381
0.25	-45	-50.7763
0.25	-45	-52.6906
0.25	-45	-14.7478
0.25	-45	-26.7119
0.25	-45	-62.0367
0.25	-45	-168.924
0.25	-45	132.973
0.25	-45	-83.12
0.25	-45	163.661
0.25	-45	132.139
0.25	-45	-105.66
0.25	-45	88.6917
0.25	-45	2.62075
0.25	-45	14.6757
0.25	-45	-41.2288
0.25	-45	52.8143
0.25	-45	168.108
0.25	-45	169.897
0.25	-45	-0.946454
0.25	-45	-120.99
0.25	-45	52.8592
0.25	-45	-171.998
0.25	-45	23.6971
0.25	-45	171.263
0.25	-45	4.55679
0.25	-45	162.384
0.25	-45	-135.589
0.25	-45	-106.1
0.25	-45	-5.39266
0.25	-45	157.358
0.25	-45	-89.0293
0.25	-45	25.0174
0.25	-45	-97.4783
0.25	-45	-85.8509
0.25	-45	-87.9695
0.25	-45	106.16
0.25	-45	156.332
0.25	-45	151.842
0.25	-45	-171.794
0.25	-45	-105.39
0.25	-45	-134.73
0.25	-45	116.722
0.25	-45	-75.3504
0.25	-45	-82.8851
0.25	-45	-123.066
0.25	-45	-94.9777
0.25	-45	-119.71
0.25	-45	-153.924
0.25	-45	45.0593
0.25	-45	165.099
0.25	-45	-62.0671
0.25	-45	147.442
0.25	-45	-107.115
0.25	-45	-177.169
0.25	-45	-144.618
0.25	-45	-96.8033
0.25	-45	-113.728
0.25	-45	-70.0483
0.25	-45	157.42
0.25	-45	138.816
0.25	-45	-82.6697
0.25	-45	-174.83
0.25	-45	66.4267
0.25	-45	-133.217
0.25	-45	-110.415
0.25	-45	29.08
0.25	-45	57.5306
0.25	-45	139.374
0.25	-45	106.928
0.25	-45	17.209
0.25	-45	-106.957
0.25	-45	129.405
0.25	-45	0.19333
0.25	-45	-99.1085
0.25	-45	157.38
0.25	-45	-101.271
0.25	-45	103.255
0.25	-45	52.0256
0.25	-45	10.1246
0.25	-45	76.0894
0.25	-45	10.3049
0.25	-45	31.7112
0.25	-45	174.912
0.25	-45	-2.1144
0.25	-45	-177.628
0.25	-45	66.1783
0.25	-45	78.804
0.25	-45	134.879
0.25	-45	-102.648
0.25	-45	-77.1517
0.25	-45	175.796
0.25	-45	-178.001
0.25	-45	146.39
0.25	-45	90.5185
0.25	-45	167.656
0.25	-45	-126.289
0.25	-45	-79.0585
0.25	-45	-117.417
0.25	-45	173.876
0.25	-45	-177.713
0.25	-45	110.751
0.25	-45	57.0922
0.25	-45	61.9355
0.25	-45	109.781
0.25	-45	27.2841
0.25	-45	121.536
0.25	-45	-68.3922
0.25	-45	74.3662
0.25	-45	152.548
0.25	-45	-137.657
0.25	-45	-128.477
0.25	-45	-49.2981
0.25	-45	-69.9054
0.25	-45	-173.266
0.25	-45	-133.876
0.25	-45	-76.7947
0.25	-45	36.5334
0.25	-45	31.8449
0.25	-45	-130.535
0.25	-45	-18.5626
0.25	-45	75.2533
0.25	-45	91.6818
0.25	-45	-18.7947
0.25	-45	104.994
0.25	-45	135.359
0.25	-45	47.2793
0.25	-45	-139.855
0.25	-45	-125.704
0.25	-45	122.806
0.25	-45	-49.8673
0.25	-45	0.552151
0.25	-45	-46.0895
0.25	-45	156.694
0.25	-45	18.5238
0.25	-45	115.592
0.25	-45	-138.915
0.25	-45	146.701
0.25	-45	52.7351
0.25	-45	62.7865
0.25	-45	-100.686
0.25	-45	-55.8186
0.25	-45	133.647
0.25	-45	-95.3152
0.25	-45	-9.94821
0.25	-45	-109.335
0.25	-45	-94.9341
0.25	-45	49.9054
0.25	-45	-43.8665
0.25	-45	-167.628
0.25	-45	-147.539
0.25	-45	18.9529
0.25	-45	-127.19
0.25	-45	-42.2774
0.25	-45	84.6128
0.25	-45	-138.898
0.25	-45	72.9153
0.25	-45	117.406
0.25	-45	2.07315
0.25	-45	-15.9607
0.25	-45	-0.792857
0.25	-45	-14.578
0.25	-45	-124.356
0.25	-45	138.574
0.25	-45	-148.418
0.25	-45	-87.0143
0.25	-45	-90.933
0.25	-45	116.361
0.25	-45	-46.9678
0.25	-45	99.4886
0.25	-45	-2.04353
0.25	-45	-29.4886
0.25	-45	-135.486
0.25	-45	-130.154
0.25	-45	53.1059
0.25	-45	-18.4096
0.25	-45	-7.08974
0.25	-45	-42.2872
0.25	-45	131.694
0.25	-45	-96.7203
0.25	-45	13.8749
0.25	-45	-15.5738
0.25	-45	-58.448
0.25	-45	158.515
0.25	-45	-14.3554
0.25	-45	7.79862
0.25	-45	-66.0811
0.25	-45	-109.157
0.25	-45	52.8714
0.25	-45	104.552
0.25	-45	57.1222
0.25	-45	44.9873
0.25	-45	-106.806
0.25	-45	-22.1156
0.25	-45	-123.371
0.25	-45	-65.1327
0.25	-45	-159.731
0.25	-45	124.023
0.25	-45	-45.8935
0.25	-45	141.708
0.25	-45	156.744
0.25	-45	57.5872
0.25	-45	58.0887
0.25	-45	55.9123
0.25	-45	-53.0957
0.25	-45	26.9252
0.25	-45	-93.2797
0.25	-45	15.2899
0.25	-45	-58.7725
0.25	-45	5.02118
0.25	-45	-61.0507
0.25	-45	95.306
0.25	-45	148.951
0.25	-45	176.878
0.25	-45	-27.5891
0.25	-45	-175.773
0.25	-45	14.1072
0.25	-45	-42.7683
0.25	-45	-18.6647
0.25	-45	-92.9527
0.25	-45	73.0947
0.25	-45	21.6861
0.25	-45	-53.4405
0.25	-45	-58.866
0.25	-45	-88.0384
0.25	-45	-170.531
0.25	-45	70.341
0.25	-45	173.055
0.25	-45	78.7497
0.25	-45	-118.489
0.25	-45	86.7658
0.25	-45	-94.7668
0.25	-45	7.85396
0.25	-45	5.64611
0.25	-45	-125.855
0.25	-45	55.2937
0.25	-45	-111.281
0.25	-45	-121.783
0.25	-45	-47.6048
0.25	-45	-55.6727
0.25	-45	-122.341
0.25	-45	106.671
0.25	-45	-169.18
0.25	-45	-175.694
0.25	-45	-174.963
0.25	-45	-94.1406
0.25	-45	-48.6368
0.25	-45	92.6627
0.25	-45	23.3479
0.25	-45	-17.5995
0.25	-45	154.947
0.25	-45	-38.3111
0.25	-45	-17.8215
0.25	-45	137.741
0.25	-45	-31.1429
0.25	-45	-39.9558
0.25	-45	60.3391
0.25	-45	131.844
0.25	-45	-15.2137
0.25	-45	65.0969
0.25	-45	-90.0624
0.25	-45	-139.554
0.25	-45	-40.4434
0.25	-45	-6.74985
0.25	-45	179.586
0.25	-45	53.9913
0.25	-45	-59.7858
0.25	-45	-2.70285
0.25	-45	-73.0852
0.25	-45	-164.695
0.25	-45	-71.1638
0.25	-45	34.6805
0.25	-45	160.606
0.25	-45	165.877
0.25	-45	51.8325
0.25	-45	-59.9843
0.25	-45	139.29
0.25	-45	-27.9959
0.25	-45	144.503
0.25	-45	110.238
0.25	-45	76.302
0.25	-45	-98.5305
0.25	-45	-37.0099
0.25	-45	-140.86
0.25	-45	-131.306
0.25	-45	43.5915
0.25	-45	24.0855
0.25	-45	43.7544
0.25	-45	-32.9627
0.25	-45	129.817
0.25	-45	152.937
0.25	-45	96.6534
0.25	-45	-122.573
0.25	-45	44.9676
0.25	-45	136.61
0.25	-45	-172.613
0.25	-45	-65.5377
0.25	-45	-53.032
0.25	-45	77.9079
0.25	-45	-86.0825
0.25	-45	-142.955
0.25	-45	54.2799
0.25	-45	84.4628
0.25	-45	126.086
0.25	-45	59.8693
0.25	-45	-98.8489
0.25	-45	178.949
0.25	-45	-37.0656
0.25	-45	53.1402
0.25	-45	-49.791
0.25	-45	-131.063
0.25	-45	137.011
0.25	-45	59.9679
0.25	-45	-87.3612
0.25	-45	-51.2366
0.25	-45	-130.449
0.25	-45	-53.1856
0.25	-45	-142.105
0.25	-45	114.77
0.25	-45	173.479
0.25	-45	80.6349
0.25	-45	82.9796
0.25	-45	-133.976
0.25	-45	34.6489
0.25	-45	120.703
0.25	-45	-121.35
0.25	-45	74.3657
0.25	-45	-72.1259
0.25	-45	-145.52
0.25	-45	-101.002
0.25	-45	53.8346
0.25	-45	-160.693
0.25	-45	-96.6911
0.25	-45	-88.238
0.25	-45	2.45643
0.25	-45	-124.091
0.25	-45	-166.27
0.25	-45	118
0.25	-45	8.44561
0.25	-45	0.684983
0.25	-45	-95.8263
0.25	-45	-115.726
0.25	-45	-107.737
0.25	-45	-154.412
0.25	-45	-77.8261
0.25	-45	-11.3959
0.25	-45	20.9904
0.25	-45	11.6649
0.25	-45	-119
0.25	-45	79.3645
0.25	-45	-121.781
0.25	-45	104.468
0.25	-45	-62.2151
0.25	-45	-85.5249
0.25	-45	-36.7356
0.25	-45	-4.45388
0.25	-45	40.609
0.25	-45	69.424
0.25	-45	-142.308
0.25	-45	16.3582
0.25	-45	110.193
0.25	-45	22.2613
0.25	-45	-40.6262
0.25	-45	-18.8309
0.25	-45	-145.602
0.25	-45	62.3075
0.25	-45	94.2388
0.25	-45	86.4275
0.25	-45	-174.176
0.25	-45	-100.514
0.25	-45	-82.1807
0.25	-45	29.2488
0.25	-45	-11.8987
0.25	-45	-71.8641
0.25	-45	-167.331
0.25	-45	40.1326
0.25	-45	85.3084
0.25	-45	111.423
0.25	-45	-165.049
0.25	-45	152.397
0.25	-45	-114.412
0.25	-45	-175.862
0.25	-45	-143.934
0.25	-45	-8.04161
0.25	-45	116.77
0.25	-45	-65.2462
0.25	-45	-170.35
0.25	-45	36.2561
0.25	-45	-21.2376
0.25	-45	-169.753
0.25	-45	-112.431
0.25	-45	70.9179
0.25	-45	70.7236
0.25	-45	-107.676
0.25	-45	33.7247
0.25	-45	34.4108
0.25	-45	47.8619
0.25	-45	76.5912
0.25	-45	57.6712
0.25	-45	94.5638
0.25	-45	126.609
0.25	-45	46.5059
0.25	-45	-142.662
0.25	-45	121.351
0.25	-45	-144.629
0.25	-45	-111.24
0.25	-45	-177.108
0.25	-45	-83.4735
0.25	-45	11.4802
0.25	-45	107.252
0.25	-45	-43.3203
0.25	-45	83.3233
0.25	-45	-9.08653
0.25	-45	-9.758
0.25	-45	-21.0923
0.25	-45	-120.284
0.25	-45	-171.882
0.25	-45	123.487
0.25	-45	-80.2216
0.25	-45	-73.0804
0.25	-45	2.61184
0.25	-45	-119.671
0.25	-45	-152.736
0.25	-45	80.2861
0.25	-45	58.9869
0.25	-45	118.732
0.25	-45	114.441
0.25	-45	58.9972
0.25	-45	41.3042
0.25	-45	-119.019
0.25	-45	74.2112
0.25	-45	-45.4187
0.25	-45	-112.604
0.25	-45	60.9008
0.25	-45	-43.4333
0.25	-45	-41.2415
0.25	-45	151.849
0.25	-45	129.623
0.25	-45	96.4738
0.25	-45	67.806
0.25	-45	136.996
0.25	-45	-70.4795
0.25	-45	158.395
0.25	-45	104.729
0.25	-45	39.6176
0.25	-45	-138.348
0.25	-45	29.8253
0.25	-45	171.649
0.25	-45	-1.94491
0.25	-45	-54.566
0.25	-45	-172.806
0.25	-45	99.6333
0.25	-45	-159.656
0.25	-45	19.6895
0.25	-45	-10.3944
0.25	-45	98.9986
0.25	-45	-77.9918
0.25	-45	74.2899
0.25	-45	135.39
0.25	-45	39.3125
0.25	-45	-101.749
0.25	-45	95.6551
0.25	-45	52.3907
0.25	-45	124.617
0.25	-45	-57.6151
0.25	-45	-27.6485
0.25	-45	-105.413
0.25	-45	108.315
0.25	-45	52.3926
0.25	-45	82.9705
0.25	-45	-20.6751
0.25	-45	7.08755
0.25	-45	46.2981
0.25	-45	-11.4534
0.25	-45	-39.3652
0.25	-45	-142.174
0.25	-45	-101.133
0.25	-45	106.807
0.25	-45	-96.4396
0.25	-45	131.876
0.25	-45	172.015
0.25	-45	117.867
0.25	-45	95.6006
0.25	-45	35.5828
0.25	-45	96.3749
0.25	-45	122.728
0.25	-45	150.287
0.25	-45	121.685
0.25	-45	37.9247
0.25	-45	-176.979
0.25	-45	-7.93465
0.25	-45	-82.6824
0.25	-45	126.947
0.25	-45	-127.906
0.25	-45	51.8239
0.25	-45	122.616
0.25	-45	-86.4017
0.25	-45	69.7894
0.25	-45	-10.1421
0.25	-45	-61.1693
0.25	-45	160.289
0.25	-45	-72.7641
0.25	-45	133.79
0.25	-45	59.3517
0.25	-45	-97.8068
0.25	-45	-114.918
0.25	-45	32.1862
0.25	-45	-68.3897
0.25	-45	-177.541
0.25	-45	-26.3858
0.25	-45	-21.2367
0.25	-45	161.75
0.25	-45	-136.741
0.25	-45	172.836
0.25	-45	-159.723
0.25	-45	172.3
0.25	-45	-121.507
0.25	-45	29.3724
0.25	-45	120.684
0.25	-45	-169.267
0.25	-45	114.194
0.25	-45	-25.3182
0.25	-45	-107.666
0.25	-45	40.0712
0.25	-45	83.0111
0.25	-45	-175.217
0.25	-45	-91.1737
0.25	-45	-145.058
0.25	-45	-163.922
0.25	-45	93.5953
0.25	-45	147.411
0.25	-45	-130.045
0.25	-45	159.841
0.25	-45	-102.067
0.25	-45	91.0617
0.25	-45	-148.693
0.25	-45	104.959
0.25	-45	-120.72
0.25	-45	-14.151
0.25	-45	105.989
0.25	-45	-143.275
0.25	-45	178.745
0.25	-45	47.5991
0.25	-45	-163.572
0.25	-45	-76.289
0.25	-45	-49.3855
0.25	-45	76.2202
0.25	-45	36.0147
0.25	-45	-38.8644
0.25	-45	14.0975
0.25	-45	141.667
0.25	-45	14.0029
0.25	-45	5.94395
0.25	-45	43.952
0.25	-45	-136.905
0.25	-45	-119.079
0.25	-45	-120.746
0.25	-45	34.3214
0.25	-45	-176.463
0.25	-45	6.79344
0.25	-45	42.3736
0.25	-45	86.0671
0.25	-45	18.3504
0.25	-45	119.101
0.25	-45	142.016
0.25	-45	135.547
0.25	-45	94.4123
0.25	-45	-78.2174
0.25	-45	-8.09616
0.25	-45	-81.1349
0.25	-45	106.008
0.25	-45	48.5313
0.25	-45	-160.183
0.25	-45	-24.7944
0.25	-45	-110.216
0.25	-45	1.91229
0.25	-45	-98.9993
0.25	-45	-96.5335
0.25	-45	-69.2382
0.25	-45	8.48649
0.25	-45	137.782
0.25	-45	-140.684
0.25	-45	-164.738
