pol	setting	phi
0.3	45	140.808
0.3	45	-46.245
0.3	45	-64.9453
0.3	45	95.8589
0.3	45	85.122
0.3	45	-40.5369
0.3	45	62.6025
0.3	45	-168.719
0.3	45	-138.946
0.3	45	78.5439
0.3	45	-29.2557
0.3	45	61.666
0.3	45	5.49399
0.3	45	172.807
0.3	45	-103.721
0.3	45	57.5309
0.3	45	-41.0008
0.3	45	-25.6638
0.3	45	-10.0169
0.3	45	-55.1529
0.3	45	166.448
0.3	45	-150.459
0.3	45	-68.5027
0.3	45	145.122
0.3	45	124.318
0.3	45	-126.702
0.3	45	23.4194
0.3	45	-56.3373
0.3	45	-156.395
0.3	45	-158.645
0.3	45	-65.8551
0.3	45	125.779
0.3	45	-103.582
0.3	45	-63.0685
0.3	45	123.026
0.3	45	75.5615
0.3	45	-87.4759
0.3	45	-91.5783
0.3	45	67.2562
0.3	45	9.28577
0.3	45	-136.807
0.3	45	131.945
0.3	45	-42.8441
0.3	45	125.267
0.3	45	128.297
0.3	45	-35.3939
0.3	45	19.4333
0.3	45	126.865
0.3	45	107.467
0.3	45	158.13
0.3	45	151.173
0.3	45	-63.2966
0.3	45	13.9425
0.3	45	51.5033
0.3	45	-81.8927
0.3	45	-57.5883
0.3	45	-112.558
0.3	45	67.5238
0.3	45	-167.773
0.3	45	-66.4715
0.3	45	-145.384
0.3	45	109.953
0.3	45	-23.8134
0.3	45	-42.7938
0.3	45	22.8177
0.3	45	80.2048
0.3	45	87.1904
0.3	45	-48.5081
0.3	45	-68.3763
0.3	45	-3.98817
0.3	45	-149.757
0.3	45	50.6331
0.3	45	-162.938
0.3	45	-163.184
0.3	45	-159.558
0.3	45	-171.327
0.3	45	107.973
0.3	45	14.2684
0.3	45	-139.872
0.3	45	6.60677
0.3	45	-154.871
0.3	45	-36.3336
0.3	45	-146.003
0.3	45	86.237
0.3	45	162.618
0.3	45	124.879
0.3	45	136.986
0.3	45	12.4027
0.3	45	-12.6363
0.3	45	-58.2602
0.3	45	-7.78482
0.3	45	56.3927
0.3	45	67.8652
0.3	45	94.3456
0.3	45	95.6031
0.3	45	-15.6856
0.3	45	-142.251
0.3	45	-39.66
0.3	45	71.406
0.3	45	21.9
0.3	45	-95.9618
0.3	45	-71.7141
0.3	45	-22.1144
0.3	45	-14.5396
0.3	45	154.438
0.3	45	7.13508
0.3	45	-173.956
0.3	45	-77.9995
0.3	45	-6.52944
0.3	45	76.9219
0.3	45	90.4474
0.3	45	38.7891
0.3	45	-93.4581
0.3	45	32.9457
0.3	45	129.34
0.3	45	-8.22901
0.3	45	105.556
0.3	45	155.41
0.3	45	-95.8907
0.3	45	-147.955
0.3	45	-119.915
0.3	45	-163.365
0.3	45	69.0318
0.3	45	69.0884
0.3	45	-152.6
0.3	45	172.746
0.3	45	-143.739
0.3	45	-166.589
0.3	45	77.3642
0.3	45	89.8303
0.3	45	2.66358
0.3	45	-172.366
0.3	45	163.184
0.3	45	-41.1037
0.3	45	-173.954
0.3	45	175.16
0.3	45	-52.3579
0.3	45	164.198
0.3	45	41.255
0.3	45	-7.24697
0.3	45	-162.901
0.3	45	60.5479
0.3	45	-158.71
0.3	45	-32.8749
0.3	45	175.862
0.3	45	86.0422
0.3	45	-139.773
0.3	45	-109.694
0.3	45	178.199
0.3	45	-25.4307
0.3	45	20.456
0.3	45	-129.296
0.3	45	105.815
0.3	45	161.953
0.3	45	-133.878
0.3	45	-165.017
0.3	45	-21.2327
0.3	45	131.156
0.3	45	-166.242
0.3	45	-45.0619
0.3	45	-84.5278
0.3	45	-19.9928
0.3	45	87.9184
0.3	45	-91.4557
0.3	45	-137.791
0.3	45	138.104
0.3	45	-19.5282
0.3	45	21.1465
0.3	45	-64.958
0.3	45	-66.6183
0.3	45	161.662
0.3	45	58.6277
0.3	45	-104.126
0.3	45	-115.833
0.3	45	177.747
0.3	45	142.043
0.3	45	10.2084
0.3	45	126.772
0.3	45	-167.124
0.3	45	104.895
0.3	45	-65.277
0.3	45	-82.3418
0.3	45	130.616
0.3	45	-69.8888
0.3	45	155.82
0.3	45	107.413
0.3	45	63.8401
0.3	45	-1.70238
0.3	45	-38.1361
0.3	45	83.4118
0.3	45	96.1001
0.3	45	-100.941
0.3	45	51.8121
0.3	45	28.641
0.3	45	-160.51
0.3	45	59.0581
0.3	45	-70.7925
0.3	45	65.2913
0.3	45	160.466
0.3	45	179.067
0.3	45	103.541
0.3	45	28.5867
0.3	45	153.973
0.3	45	-15.7779
0.3	45	-146.946
0.3	45	-160.009
0.3	45	35.9144
0.3	45	152.767
0.3	45	85.8032
0.3	45	115.563
0.3	45	-7.34791
0.3	45	93.1274
0.3	45	100.14
0.3	45	72.4448
0.3	45	33.5345
0.3	45	86.0654
0.3	45	-20.0278
0.3	45	69.2826
0.3	45	88.4352
0.3	45	-91.9732
0.3	45	-83.5039
0.3	45	-109.777
0.3	45	-126.606
0.3	45	-72.7652
0.3	45	158.167
0.3	45	12.242
0.3	45	-24.7496
0.3	45	115.743
0.3	45	-140.826
0.3	45	-88.6458
0.3	45	-79.0398
0.3	45	-150.454
0.3	45	-44.5792
0.3	45	47.1625
0.3	45	-145.665
0.3	45	-131.157
0.3	45	-16.0471
0.3	45	70.7613
0.3	45	-74.6206
0.3	45	23.1049
0.3	45	-109.418
0.3	45	1.72275
0.3	45	-149.363
0.3	45	3.76178
0.3	45	151.309
0.3	45	-64.9699
0.3	45	-7.03614
0.3	45	-58.2521
0.3	45	162.874
0.3	45	-98.0228
0.3	45	-15.3268
0.3	45	-93.8865
0.3	45	78.1172
0.3	45	-67.0428
0.3	45	-178.904
0.3	45	-92.9803
0.3	45	-67.3108
0.3	45	-143.596
0.3	45	91.58
0.3	45	-70.9981
0.3	45	-120.953
0.3	45	102.293
0.3	45	69.5065
0.3	45	172.47
0.3	45	-26.1162
0.3	45	161.645
0.3	45	140.532
0.3	45	-36.685
0.3	45	166.885
0.3	45	115.39
0.3	45	168.369
0.3	45	-1.6516
0.3	45	-82.2923
0.3	45	21.1152
0.3	45	80.4515
0.3	45	33.07
0.3	45	86.5674
0.3	45	-73.2193
0.3	45	-74.8428
0.3	45	-138.462
0.3	45	165.74
0.3	45	-90.0595
0.3	45	-21.0507
0.3	45	0.562025
0.3	45	67.1305
0.3	45	109.904
0.3	45	-105.729
0.3	45	-149.369
0.3	45	135.109
0.3	45	-19.9514
0.3	45	-32.8079
0.3	45	-165.519
0.3	45	-131.501
0.3	45	-9.5707
0.3	45	-68.4594
0.3	45	-150.867
0.3	45	94.9776
0.3	45	-20.5068
0.3	45	73.8441
0.3	45	-127.27
0.3	45	159.573
0.3	45	163.1
0.3	45	-142.828
0.3	45	-49.5331
0.3	45	-129.118
0.3	45	78.7788
0.3	45	90.6935
0.3	45	173.796
0.3	45	39.6127
0.3	45	9.09375
0.3	45	-28.203
0.3	45	144.036
0.3	45	28.4383
0.3	45	-142.115
0.3	45	49.1733
0.3	45	-66.5571
0.3	45	51.0033
0.3	45	109.923
0.3	45	-36.4811
0.3	45	78.5629
0.3	45	68.4303
0.3	45	-113.417
0.3	45	-9.01652
0.3	45	161.572
0.3	45	104.258
0.3	45	-165.534
0.3	45	33.1026
0.3	45	-30.7136
0.3	45	166.765
0.3	45	172.762
0.3	45	28.8687
0.3	45	-2.52826
0.3	45	-43.7368
0.3	45	-94.9663
0.3	45	42.7541
0.3	45	-168.684
0.3	45	-27.3988
0.3	45	-23.6321
0.3	45	48.8802
0.3	45	33.8764
0.3	45	-68.6284
0.3	45	111.205
0.3	45	-82.6974
0.3	45	-94.4601
0.3	45	49.9026
0.3	45	68.165
0.3	45	-162.953
0.3	45	-78.8202
0.3	45	-51.7608
0.3	45	123.974
0.3	45	27.7034
0.3	45	-105.626
0.3	45	-62.398
0.3	45	-156.495
0.3	45	62.3534
0.3	45	56.0559
0.3	45	17.7024
0.3	45	-93.5509
0.3	45	76.8353
0.3	45	133.335
0.3	45	-51.0707
0.3	45	78.5041
0.3	45	-112.122
0.3	45	-54.1855
0.3	45	95.4054
0.3	45	78.9926
0.3	45	152.174
0.3	45	-112.364
0.3	45	139.769
0.3	45	-117.33
0.3	45	-92.6661
0.3	45	45.7884
0.3	45	-54.9511
0.3	45	119.021
0.3	45	49.3141
0.3	45	114.051
0.3	45	172
0.3	45	-93.7497
0.3	45	30.4715
0.3	45	-78.9557
0.3	45	82.9739
0.3	45	-8.57507
0.3	45	-171.493
0.3	45	82.9995
0.3	45	-120.706
0.3	45	-21.9556
0.3	45	174.428
0.3	45	-134.44
0.3	45	-14.3015
0.3	45	-105.164
0.3	45	-140.059
0.3	45	-43.618
0.3	45	-103.659
0.3	45	-92.9699
0.3	45	-86.5254
0.3	45	91.4254
0.3	45	-147.142
0.3	45	-7.30046
0.3	45	-32.4008
0.3	45	100.908
0.3	45	6.13594
0.3	45	147.39
0.3	45	46.6097
0.3	45	-110.545
0.3	45	-131.707
0.3	45	141.776
0.3	45	-167.79
0.3	45	130.759
0.3	45	151.085
0.3	45	101.008
0.3	45	-5.69866
0.3	45	120.086
0.3	45	-29.1905
0.3	45	124.57
0.3	45	132.51
0.3	45	-19.1369
0.3	45	174.913
0.3	45	11.039
0.3	45	137.301
0.3	45	57.2753
0.3	45	141.652
0.3	45	6.85579
0.3	45	-66.5074
0.3	45	-70.6092
0.3	45	57.0924
0.3	45	-165.16
0.3	45	-93.2062
0.3	45	-8.30036
0.3	45	-42.6489
0.3	45	-115.127
0.3	45	-113.154
0.3	45	-59.9694
0.3	45	-28.142
0.3	45	78.0279
0.3	45	20.7569
0.3	45	90.4612
0.3	45	-42.0398
0.3	45	110.929
0.3	45	136.291
0.3	45	86.1643
0.3	45	15.8011
0.3	45	-116.563
0.3	45	-70.5859
0.3	45	-24.4127
0.3	45	-132.445
0.3	45	-71.9807
0.3	45	-60.3073
0.3	45	-138.689
0.3	45	-41.2662
0.3	45	84.4814
0.3	45	-77.8298
0.3	45	-60.445
0.3	45	137.159
0.3	45	56.0378
0.3	45	-32.8308
0.3	45	61.1223
0.3	45	142.272
0.3	45	-153.115
0.3	45	-162.441
0.3	45	171.238
0.3	45	44.0131
0.3	45	7.40312
0.3	45	-102.805
0.3	45	-79.0814
0.3	45	148.866
0.3	45	169.171
0.3	45	-2.53377
0.3	45	-61.6067
0.3	45	115.862
0.3	45	51.213
0.3	45	14.3322
0.3	45	-79.8433
0.3	45	47.8019
0.3	45	-110.556
0.3	45	169.125
0.3	45	-120.097
0.3	45	-118.908
0.3	45	-120.788
0.3	45	-23.3184
0.3	45	-126.141
0.3	45	-39.5168
0.3	45	-37.398
0.3	45	27.3942
0.3	45	-1.38671
0.3	45	-171.953
0.3	45	107.131
0.3	45	67.0874
0.3	45	-57.1517
0.3	45	92.0386
0.3	45	-24.0978
0.3	45	-25.8947
0.3	45	138.144
0.3	45	-103.991
0.3	45	11.5244
0.3	45	52.7498
0.3	45	-145.547
0.3	45	-97.4901
0.3	45	20.6545
0.3	45	-59.5389
0.3	45	47.8482
0.3	45	59.3671
0.3	45	-51.5616
0.3	45	49.094
0.3	45	75.1222
0.3	45	-13.2782
0.3	45	-165.982
0.3	45	-129.947
0.3	45	1.25713
0.3	45	45.0718
0.3	45	-137.763
0.3	45	-145.532
0.3	45	-144.781
0.3	45	-166.121
0.3	45	83.7697
0.3	45	146.302
0.3	45	107.196
0.3	45	-20.9161
0.3	45	-174.249
0.3	45	54.8284
0.3	45	-90.6214
0.3	45	-62.57
0.3	45	125.778
0.3	45	-139.646
0.3	45	-101.16
0.3	45	-109.142
0.3	45	-58.3674
0.3	45	-117.668
0.3	45	76.0343
0.3	45	-8.75164
0.3	45	-38.9583
0.3	45	60.5261
0.3	45	-124.382
0.3	45	16.5825
0.3	45	-44.5994
0.3	45	-148.405
0.3	45	-62.108
0.3	45	44.4069
0.3	45	-177.998
0.3	45	-117.364
0.3	45	67.8926
0.3	45	120.664
0.3	45	160.776
0.3	45	81.705
0.3	45	-72.8282
0.3	45	145.66
0.3	45	157.41
0.3	45	-147.912
0.3	45	-8.60089
0.3	45	159.021
0.3	45	144.03
0.3	45	-14.1794
0.3	45	-168.278
0.3	45	-120.607
0.3	45	-117.361
0.3	45	-14.7861
0.3	45	-26.7082
0.3	45	2.3826
0.3	45	-30.716
0.3	45	58.1503
0.3	45	0.277578
0.3	45	103.644
0.3	45	164.524
0.3	45	-29.6509
0.3	45	-67.1404
0.3	45	5.15749
0.3	45	145.122
0.3	45	-122.329
0.3	45	133.121
0.3	45	-61.0648
0.3	45	-95.4738
0.3	45	-117.334
0.3	45	-50.7163
0.3	45	-22.2165
0.3	45	48.2947
0.3	45	-55.9626
0.3	45	163.173
0.3	45	-160.139
0.3	45	169.616
0.3	45	-159.367
0.3	45	60.1415
0.3	45	168.019
0.3	45	100.07
0.3	45	-176.61
0.3	45	176.737
0.3	45	-117.305
0.3	45	178.416
0.3	45	49.8685
0.3	45	-120.857
0.3	45	-30.6593
0.3	45	-4.15401
0.3	45	-15.3697
0.3	45	114.513
0.3	45	-116.86
0.3	45	-53.701
0.3	45	-125.236
0.3	45	26.1233
0.3	45	72.4773
0.3	45	120.208
0.3	45	-157.644
0.3	45	101.196
0.3	45	176.533
0.3	45	98.2845
0.3	45	156.046
0.3	45	-39.0902
0.3	45	-11.9989
0.3	45	-18.3013
0.3	45	-116.212
0.3	45	77.9268
0.3	45	-85.7712
0.3	45	21.3068
0.3	45	-151.63
0.3	45	-24.8872
0.3	45	120.035
0.3	45	-3.94276
0.3	45	118.183
0.3	45	165.615
0.3	45	172.226
0.3	45	-167.899
0.3	45	-178.271
0.3	45	110.682
0.3	45	-162.927
0.3	45	-34.6027
0.3	45	-75.5042
0.3	45	18.9374
0.3	45	-149.371
0.3	45	91.7
0.3	45	-129.195
0.3	45	16.5717
0.3	45	98.4495
0.3	45	-117.547
0.3	45	-4.22352
0.3	45	-51.8263
0.3	45	-168.501
0.3	45	-99.2685
0.3	45	-129.843
0.3	45	120.325
0.3	45	168.275
0.3	45	13.41
0.3	45	-112.429
0.3	45	125.366
0.3	45	-178.219
0.3	45	73.251
0.3	45	130.587
0.3	45	-109.664
0.3	45	85.4006
0.3	45	-141.26
0.3	45	-13.628
0.3	45	-128.506
0.3	45	96.3895
0.3	45	-159.139
0.3	45	128.054
0.3	45	32.6957
0.3	45	-55.6555
0.3	45	-67.9644
0.3	45	101.824
0.3	45	133.918
0.3	45	98.818
0.3	45	121.054
0.3	45	-145.255
0.3	45	-28.8196
0.3	45	-48.2139
0.3	45	-26.3216
0.3	45	-23.4225
0.3	45	97.5668
0.3	45	128.589
0.3	45	-124.242
0.3	45	175.624
0.3	45	135.147
0.3	45	-155.329
0.3	45	-158.298
0.3	45	61.2375
0.3	45	29.1148
0.3	45	-19.9192
0.3	45	-17.5379
0.3	45	44.4182
0.3	45	88.5208
0.3	45	58.2882
0.3	45	108.263
0.3	45	-135.987
0.3	45	-98.0626
0.3	45	-83.5912
0.3	45	-21.4247
0.3	45	-120.406
0.3	45	116.496
0.3	45	-164.576
0.3	45	-164.935
0.3	45	-71.8696
0.3	45	50.7554
0.3	45	75.9733
0.3	45	141.807
0.3	45	91.7203
0.3	45	49.2665
0.3	45	-122.271
0.3	45	-178.992
0.3	45	85.4925
0.3	45	19.7572
0.3	45	173.716
0.3	45	168.861
0.3	45	-35.4246
0.3	45	-113.389
0.3	45	-11.4322
0.3	45	44.4685
0.3	45	7.73005
0.3	45	-11.6598
0.3	45	-44.9766
0.3	45	-39.9271
0.3	45	-24.6047
0.3	45	167.85
0.3	45	168.783
0.3	45	-75.8589
0.3	45	53.0437
0.3	45	-157.369
0.3	45	-67.1402
0.3	45	-157.549
0.3	45	134.63
0.3	45	0.442409
0.3	45	167.978
0.3	45	127.045
0.3	45	-62.9966
0.3	45	-143.005
0.3	45	-103.037
0.3	45	162.529
0.3	45	-154.53
0.3	45	-101.779
0.3	45	147.258
0.3	45	-7.40719
0.3	45	93.468
0.3	45	-126.851
0.3	45	-106.21
0.3	45	-141.325
0.3	45	138.268
0.3	45	62.7367
0.3	45	28.7888
0.3	45	-26.8591
0.3	45	-3.41232
0.3	45	158.233
0.3	45	-175.948
0.3	45	-64.8236
0.3	45	30.4415
0.3	45	87.8123
0.3	45	-46.9529
0.3	45	-135.456
0.3	45	-107.634
0.3	45	73.5404
0.3	45	102.539
0.3	45	135.804
0.3	45	10.5433
0.3	45	-26.068
0.3	45	84.2115
0.3	45	3.38399
0.3	45	-9.18414
0.3	45	40.3038
0.3	45	-163.868
0.3	45	-67.0291
0.3	45	-50.8373
0.3	45	46.385
0.3	45	24.3493
0.3	45	107.07
0.3	45	68.4875
0.3	45	-139.183
0.3	45	-18.6135
0.3	45	96.9815
0.3	45	118.521
0.3	45	-93.4211
0.3	45	-174.825
0.3	45	31.3291
0.3	45	-159.946
0.3	45	-84.5897
0.3	45	-56.4918
0.3	45	137.305
0.3	45	-30.3123
0.3	45	-126.945
0.3	45	25.139
0.3	45	26.1317
0.3	45	103.322
0.3	45	-129.628
0.3	45	67.1233
0.3	45	101.878
0.3	45	9.42044
0.3	45	-155.975
0.3	45	-116.566
0.3	45	-103.533
0.3	45	-135.956
0.3	45	38.2273
0.3	45	144.117
0.3	45	-174.123
0.3	45	-16.4995
0.3	45	-86.6919
0.3	45	31.5393
0.3	45	86.1136
0.3	45	24.3298
0.3	45	-32.623
0.3	45	91.6727
0.3	45	171.617
0.3	45	-51.9632
0.3	45	-26.9528
0.3	45	-19.8706
0.3	45	-1.69755
0.3	45	-41.2973
0.3	45	-33.3804
0.3	45	34.3979
0.3	45	-44.0951
0.3	45	13.752
0.3	45	-152.205
0.3	45	-144.436
0.3	45	-160.385
0.3	45	-95.8613
0.3	45	-45.0696
0.3	45	99.2498
0.3	45	18.4974
0.3	45	150.626
0.3	45	177.993
0.3	45	162.835
0.3	45	-177.092
0.3	45	23.3174
0.3	45	86.1582
0.3	45	19.3621
0.3	45	24.9983
0.3	45	67.5317
0.3	45	-60.9897
0.3	45	-123.527
0.3	45	-69.5977
0.3	45	-19.8278
0.3	45	174.41
0.3	45	-3.14692
0.3	45	-144.355
0.3	45	9.46431
0.3	45	88.0579
0.3	45	-130.652
0.3	45	153.727
0.3	45	-87.0479
0.3	45	155.28
0.3	45	167.412
0.3	45	-96.6479
0.3	45	119.586
0.3	45	-147.547
0.3	45	136.608
0.3	45	-24.1041
0.3	45	-51.7388
0.3	45	-177.846
0.3	45	-4.66646
0.3	45	-114.322
0.3	45	-74.99
0.3	45	61.9208
0.3	45	61.023
0.3	45	-13.4686
0.3	45	-104.469
0.3	45	131.733
0.3	45	1.61894
0.3	45	65.3269
0.3	45	-23.1897
0.3	45	-51.0241
0.3	45	122.003
0.3	45	29.0754
0.3	45	-127.797
0.3	45	88.7114
0.3	45	87.0317
0.3	45	88.0309
0.3	45	130.385
0.3	45	-95.6099
0.3	45	-64.2076
0.3	45	23.4678
0.3	45	105.163
0.3	45	38.2439
0.3	45	97.3136
0.3	45	-178.853
0.3	45	-7.82353
0.3	45	41.0553
0.3	45	-24.5973
0.3	45	-28.8272
0.3	45	-132.655
0.3	45	25.3334
0.3	45	-26.0717
0.3	45	44.364
0.3	45	-152.272
0.3	45	-164.781
0.3	45	-140.459
0.3	45	-88.8746
0.3	45	-76.9324
0.3	45	-138.561
0.3	45	145.505
0.3	45	-2.40982
0.3	45	36.1115
0.3	45	-95.3263
0.3	45	65.5066
0.3	45	5.17006
0.3	45	-19.5157
0.3	45	86.8684
0.3	45	129.476
0.3	45	-10.5592
0.3	45	-141.816
0.3	45	163.625
0.3	45	-51.2308
0.3	45	77.9079
0.3	45	113.925
0.3	45	0.601974
0.3	45	-27.3211
0.3	45	103.334
0.3	45	-15.16
0.3	45	137.724
0.3	45	-83.9814
0.3	45	150.405
0.3	45	31.5663
0.3	45	125.005
0.3	45	-125.787
0.3	45	-86.7123
0.3	45	84.6998
0.3	45	-97.7939
0.3	45	-21.4621
0.3	45	-57.7381
0.3	45	-156.313
0.3	45	-109.163
0.3	45	146.152
0.3	45	-156.816
0.3	45	103.995
0.3	45	-179.65
0.3	45	-17.0352
0.3	45	68.6538
0.3	45	75.2278
0.3	45	156.173
0.3	45	168.955
0.3	45	-134.445
0.3	45	-59.3188
0.3	45	120.406
0.3	45	-75.0717
0.3	45	-40.1816
0.3	45	144.223
0.3	45	100.641
0.3	45	-79.8825
0.3	45	-11.5768
0.3	45	-165.462
0.3	45	-64.073
0.3	45	-6.10301
0.3	45	-144.544
0.3	45	165.952
0.3	45	-112.166
0.3	45	-179.247
0.3	45	-124.12
0.3	45	160.756
0.3	45	171.965
0.3	45	150.957
0.3	45	-36.386
0.3	45	6.25908
0.3	45	-26.0922
0.3	45	42.3951
0.3	45	-27.632
0.3	45	118.716
0.3	45	-66.3541
0.3	45	75.5383
0.3	45	-27.6544
0.3	45	129.803
0.3	45	90.0949
0.3	45	11.4521
0.3	45	-95.0464
0.3	45	24.5846
0.3	45	-156.9
0.3	45	96.484
0.3	45	-163.639
0.3	45	-101.137
0.3	45	169.049
0.3	45	-67.8373
0.3	45	-110.701
0.3	45	-70.2247
0.3	45	36.1881
0.3	45	-6.69002
0.3	45	-45.9496
0.3	45	-91.4698
0.3	45	-83.4541
0.3	45	-50.6783
0.3	45	7.44306
0.3	45	-9.03045
0.3	45	94.3986
0.3	45	139.051
0.3	45	113.819
0.3	45	72.4589
0.3	45	-154.105
0.3	45	-118.844
0.3	45	39.47
0.3	45	93.1139
0.3	45	-4.97019
0.3	45	5.92094
0.3	45	131.167
0.3	45	-86.6482
0.3	45	56.3893
0.3	45	161.057
0.3	45	3.23656
0.3	45	-156.947
0.3	45	-83.2758
0.3	45	142.847
0.3	45	-21.4831
0.3	45	70.2563
0.3	45	138.828
0.3	45	-4.45877
0.3	45	15.4591
0.3	45	-101.64
0.3	45	-55.7042
0.3	45	159.169
0.3	45	16.1574
0.3	45	-139.903
0.3	45	-75.2422
0.25	-45	136.716
0.25	-45	-51.0762
0.25	-45	-21.9927
0.25	-45	-153.439
0.25	-45	-147.634
0.25	-45	-160.844
0.25	-45	-33.7879
0.25	-45	110.562
0.25	-45	31.3576
0.25	-45	-14.1912
0.25	-45	-142.408
0.25	-45	52.551
0.25	-45	119.065
0.25	-45	-42.4884
0.25	-45	46.8759
0.25	-45	167.715
0.25	-45	93.7316
0.25	-45	-5.3564
0.25	-45	-77.9145
0.25	-45	69.2679
0.25	-45	-136.461
0.25	-45	-68.0991
0.25	-45	-89.7983
0.25	-45	141.886
0.25	-45	69.7311
0.25	-45	162.931
0.25	-45	133.775
0.25	-45	-127.477
0.25	-45	36.8566
0.25	-45	94.5721
0.25	-45	8.79152
0.25	-45	85.3544
0.25	-45	133.387
0.25	-45	53.2433
0.25	-45	54.6388
0.25	-45	-8.60958
0.25	-45	104.942
0.25	-45	-155.991
0.25	-45	-99.5953
0.25	-45	66.7932
0.25	-45	40.9338
0.25	-45	-166.826
0.25	-45	-2.39604
0.25	-45	152.036
0.25	-45	-82.6476
0.25	-45	20.1166
0.25	-45	11.9746
0.25	-45	-123.879
0.25	-45	54.2069
0.25	-45	-149.517
0.25	-45	84.8047
0.25	-45	150.062
0.25	-45	40.9798
0.25	-45	-22.6164
0.25	-45	76.2083
0.25	-45	99.8504
0.25	-45	55.1402
0.25	-45	60.2109
0.25	-45	-119.207
0.25	-45	97.6985
0.25	-45	-46.4772
0.25	-45	68.9741
0.25	-45	47.0349
0.25	-45	-17.6286
0.25	-45	41.5505
0.25	-45	-46.8607
0.25	-45	139.8
0.25	-45	-20.9414
0.25	-45	-166.696
0.25	-45	174.067
0.25	-45	58.8854
0.25	-45	-118.883
0.25	-45	5.69232
0.25	-45	21.8397
0.25	-45	171.082
0.25	-45	-158.083
0.25	-45	-11.8579
0.25	-45	174.61
0.25	-45	158.897
0.25	-45	48.1832
0.25	-45	-41.1703
0.25	-45	34.5042
0.25	-45	-168.177
0.25	-45	-124.25
0.25	-45	22.1036
0.25	-45	56.7406
0.25	-45	161.899
0.25	-45	83.5321
0.25	-45	-67.8287
0.25	-45	-117.537
0.25	-45	11.6546
0.25	-45	-156.691
0.25	-45	85.2503
0.25	-45	-96.4097
0.25	-45	-36.0395
0.25	-45	-92.0249
0.25	-45	8.26308
0.25	-45	-108.389
0.25	-45	19.5522
0.25	-45	-42.4746
0.25	-45	-138.935
0.25	-45	-1.88885
0.25	-45	23.9252
0.25	-45	105.92
0.25	-45	62.7668
0.25	-45	-175.155
0.25	-45	140.475
0.25	-45	-163.733
0.25	-45	32.3527
0.25	-45	-102.294
0.25	-45	105.398
0.25	-45	-103.583
0.25	-45	-45.7769
0.25	-45	159.298
0.25	-45	-75.8816
0.25	-45	-147.187
0.25	-45	104.227
0.25	-45	29.2792
0.25	-45	-63.0407
0.25	-45	102.825
0.25	-45	147.913
0.25	-45	153.279
0.25	-45	105.232
0.25	-45	-157.026
0.25	-45	127.296
0.25	-45	132.066
0.25	-45	174.586
0.25	-45	163.022
0.25	-45	-161.097
0.25	-45	132.334
0.25	-45	-178.331
0.25	-45	151.558
0.25	-45	39.9018
0.25	-45	80.9226
0.25	-45	176.585
0.25	-45	78.3046
0.25	-45	160.562
0.25	-45	-47.4116
0.25	-45	57.5325
0.25	-45	-116.627
0.25	-45	103.421
0.25	-45	20.5401
0.25	-45	-160.18
0.25	-45	20.9155
0.25	-45	-132.009
0.25	-45	49.3101
0.25	-45	-20.8942
0.25	-45	51.0105
0.25	-45	3.7709
0.25	-45	-147.248
0.25	-45	142.546
0.25	-45	175.35
0.25	-45	90.7136
0.25	-45	-124.004
0.25	-45	-1.55275
0.25	-45	-97.4903
0.25	-45	85.2838
0.25	-45	-130.903
0.25	-45	41.5109
0.25	-45	3.31549
0.25	-45	24.4449
0.25	-45	166.683
0.25	-45	-9.4378
0.25	-45	-64.5121
0.25	-45	30.244
0.25	-45	-121.738
0.25	-45	-47.215
0.25	-45	176.638
0.25	-45	-85.1512
0.25	-45	7.81535
0.25	-45	153.514
0.25	-45	160.42
0.25	-45	-44.011
0.25	-45	134.585
0.25	-45	-126.237
0.25	-45	-59.0501
0.25	-45	0.559095
0.25	-45	146.674
0.25	-45	107.593
0.25	-45	3.13406
0.25	-45	156.301
0.25	-45	-117.759
0.25	-45	-76.64
0.25	-45	-142.588
0.25	-45	53.5298
0.25	-45	-155.153
0.25	-45	-98.5206
0.25	-45	-51.0487
0.25	-45	-158.499
0.25	-45	-124.954
0.25	-45	-141.455
0.25	-45	-131.761
0.25	-45	26.1151
0.25	-45	103.641
0.25	-45	175.721
0.25	-45	-58.3128
0.25	-45	-61.1108
0.25	-45	106.831
0.25	-45	133.594
0.25	-45	135.161
0.25	-45	118.021
0.25	-45	7.48185
0.25	-45	117.3
0.25	-45	-81.401
0.25	-45	172.323
0.25	-45	94.0645
0.25	-45	-173.786
0.25	-45	103.629
0.25	-45	130.888
0.25	-45	177.895
0.25	-45	98.9621
0.25	-45	74.5662
0.25	-45	78.968
0.25	-45	63.6535
0.25	-45	-40.8705
0.25	-45	58.6788
0.25	-45	174.859
0.25	-45	49.4415
0.25	-45	-129.944
0.25	-45	117.844
0.25	-45	138.951
0.25	-45	73.4715
0.25	-45	-4.49584
0.25	-45	-111.768
0.25	-45	55.8567
0.25	-45	60.302
0.25	-45	94.8656
0.25	-45	-173.72
0.25	-45	124.193
0.25	-45	31.8277
0.25	-45	-31.3328
0.25	-45	110.562
0.25	-45	62.9145
0.25	-45	70.1839
0.25	-45	0.520661
0.25	-45	-69.2924
0.25	-45	-43.5963
0.25	-45	-104.038
0.25	-45	16.0813
0.25	-45	73.0977
0.25	-45	38.4199
0.25	-45	129.237
0.25	-45	-123.318
0.25	-45	-58.2066
0.25	-45	68.7592
0.25	-45	-4.79901
0.25	-45	-156.423
0.25	-45	-170.586
0.25	-45	19.2351
0.25	-45	48.9338
0.25	-45	8.71916
0.25	-45	-104.77
0.25	-45	-126.714
0.25	-45	-29.1782
0.25	-45	137.689
0.25	-45	-14.3306
0.25	-45	161.586
0.25	-45	94.9136
0.25	-45	143.671
0.25	-45	176.288
0.25	-45	-149.544
0.25	-45	-57.1615
0.25	-45	134.501
0.25	-45	-138.526
0.25	-45	15.219
0.25	-45	92.2979
0.25	-45	29.4303
0.25	-45	-30.9214
0.25	-45	-150.896
0.25	-45	120.519
0.25	-45	-89.1699
0.25	-45	-6.59462
0.25	-45	153.898
0.25	-45	138.528
0.25	-45	67.9917
0.25	-45	-62.2644
0.25	-45	-106.784
0.25	-45	108.68
0.25	-45	-173.861
0.25	-45	138.06
0.25	-45	46.5994
0.25	-45	74.7635
0.25	-45	-75.4232
0.25	-45	-65.8771
0.25	-45	144.237
0.25	-45	118.834
0.25	-45	172.751
0.25	-45	-0.753084
0.25	-45	16.8164
0.25	-45	-80.6652
0.25	-45	28.0317
0.25	-45	-37.516
0.25	-45	87.5463
0.25	-45	116.143
0.25	-45	-155.507
0.25	-45	68.0763
0.25	-45	144.559
0.25	-45	-156.966
0.25	-45	42.4851
0.25	-45	-131.598
0.25	-45	24.275
0.25	-45	54.9945
0.25	-45	-56.5721
0.25	-45	-77.9962
0.25	-45	132.208
0.25	-45	-16.6932
0.25	-45	28.1638
0.25	-45	113.122
0.25	-45	47.9737
0.25	-45	-8.11507
0.25	-45	-91.2493
0.25	-45	-26.5528
0.25	-45	113.933
0.25	-45	-148.157
0.25	-45	111.319
0.25	-45	70.06
0.25	-45	-44.7509
0.25	-45	162.819
0.25	-45	-156.3
0.25	-45	-122.354
0.25	-45	137.133
0.25	-45	45.6294
0.25	-45	-174.063
0.25	-45	-3.53057
0.25	-45	-108.635
0.25	-45	-9.59196
0.25	-45	-153.443
0.25	-45	-115.792
0.25	-45	81.3931
0.25	-45	151.435
0.25	-45	-77.9508
0.25	-45	50.7939
0.25	-45	58.4338
0.25	-45	120.063
0.25	-45	-83.9617
0.25	-45	168.526
0.25	-45	-97.2873
0.25	-45	-20.9592
0.25	-45	-60.8923
0.25	-45	169.02
0.25	-45	65.3232
0.25	-45	12.5403
0.25	-45	106.892
0.25	-45	63.5678
0.25	-45	-163.136
0.25	-45	25.6903
0.25	-45	89.3397
0.25	-45	86.1091
0.25	-45	-33.41
0.25	-45	115.673
0.25	-45	-96.2451
0.25	-45	5.48456
0.25	-45	-75.4933
0.25	-45	-136.138
0.25	-45	60.5683
0.25	-45	66.7618
0.25	-45	-139.838
0.25	-45	114.654
0.25	-45	-170.465
0.25	-45	30.3296
0.25	-45	-56.6396
0.25	-45	132.251
0.25	-45	100.331
0.25	-45	155.098
0.25	-45	115.63
0.25	-45	65.2132
0.25	-45	62.8833
0.25	-45	-23.349
0.25	-45	-102.606
0.25	-45	67.5855
0.25	-45	-74.0844
0.25	-45	-92.8682
0.25	-45	76.9579
0.25	-45	-157.915
0.25	-45	-69.6398
0.25	-45	-131.075
0.25	-45	63.3817
0.25	-45	-84.5778
0.25	-45	35.9048
0.25	-45	12.1821
0.25	-45	-157.218
0.25	-45	100.643
0.25	-45	66.5334
0.25	-45	58.0555
0.25	-45	152.298
0.25	-45	95.0442
0.25	-45	65.5439
0.25	-45	-144.555
0.25	-45	4.39637
0.25	-45	-96.1656
0.25	-45	-70.5067
0.25	-45	-10.5704
0.25	-45	-123.583
0.25	-45	36.9917
0.25	-45	137.382
0.25	-45	160.765
0.25	-45	2.14457
0.25	-45	45.9233
0.25	-45	-176.275
0.25	-45	-70.5594
0.25	-45	149.819
0.25	-45	107.462
0.25	-45	6.92268
0.25	-45	-77.3637
0.25	-45	-134.452
0.25	-45	104.133
0.25	-45	-162.563
0.25	-45	165.163
0.25	-45	-177.294
0.25	-45	166.024
0.25	-45	-48.0248
0.25	-45	32.7464
0.25	-45	-122.893
0.25	-45	-16.8766
0.25	-45	15.8225
0.25	-45	-176.293
0.25	-45	-57.8408
0.25	-45	-113.343
0.25	-45	-137.591
0.25	-45	-50.1779
0.25	-45	-52.3352
0.25	-45	165.298
0.25	-45	-55.6636
0.25	-45	-84.452
0.25	-45	49.0678
0.25	-45	-143.268
0.25	-45	-147.036
0.25	-45	-120.028
0.25	-45	-140.037
0.25	-45	145.477
0.25	-45	66.9043
0.25	-45	-65.7592
0.25	-45	-163.494
0.25	-45	97.436
0.25	-45	79.7365
0.25	-45	170.44
0.25	-45	-111.917
0.25	-45	-144.97
0.25	-45	69.5109
0.25	-45	-128.126
0.25	-45	120.27
0.25	-45	79.5395
0.25	-45	-80.0958
0.25	-45	145.573
0.25	-45	165.431
0.25	-45	18.5595
0.25	-45	-110.537
0.25	-45	-39.8609
0.25	-45	-14.6325
0.25	-45	-11.8393
0.25	-45	-18.7756
0.25	-45	0.769463
0.25	-45	-170.218
0.25	-45	-51.5528
0.25	-45	7.63933
0.25	-45	-31.738
0.25	-45	-164.754
0.25	-45	-57.3694
0.25	-45	-10.2308
0.25	-45	94.436
0.25	-45	68.9469
0.25	-45	-108.675
0.25	-45	-45.0718
0.25	-45	35.0836
0.25	-45	136.961
0.25	-45	66.9798
0.25	-45	25.469
0.25	-45	120.521
0.25	-45	146.478
0.25	-45	-10.7049
0.25	-45	-62.3791
0.25	-45	-116.713
0.25	-45	61.5225
0.25	-45	-153.862
0.25	-45	-85.6335
0.25	-45	31.2539
0.25	-45	-159.587
0.25	-45	-51.9708
0.25	-45	-31.6232
0.25	-45	-79.5673
0.25	-45	92.8474
0.25	-45	127.049
0.25	-45	143.722
0.25	-45	-49.3916
0.25	-45	-80.8174
0.25	-45	-123.946
0.25	-45	172.162
0.25	-45	88.989
0.25	-45	84.6883
0.25	-45	38.0844
0.25	-45	124.528
0.25	-45	-112.672
0.25	-45	-115.078
0.25	-45	-154.115
0.25	-45	92.4174
0.25	-45	-140.679
0.25	-45	172.534
0.25	-45	-133.385
0.25	-45	164.712
0.25	-45	-62.1522
0.25	-45	-173.247
0.25	-45	139.797
0.25	-45	81.9491
0.25	-45	-55.4662
0.25	-45	16.557
0.25	-45	108.582
0.25	-45	-82.5417
0.25	-45	146.922
0.25	-45	-101.257
0.25	-45	28.6856
0.25	-45	-73.7891
0.25	-45	14.5724
0.25	-45	-131.4
0.25	-45	87.434
0.25	-45	-126.118
0.25	-45	110.245
0.25	-45	-55.9024
0.25	-45	-6.43614
0.25	-45	157.738
0.25	-45	-49.7999
0.25	-45	-83.7423
0.25	-45	58.4285
0.25	-45	74.7782
0.25	-45	-102.256
0.25	-45	90.6779
0.25	-45	-73.1556
0.25	-45	-110.616
0.25	-45	106.508
0.25	-45	-24.9453
0.25	-45	-19.791
0.25	-45	-96.1854
0.25	-45	137.644
0.25	-45	-119.547
0.25	-45	155.432
0.25	-45	62.1383
0.25	-45	171.592
0.25	-45	-52.3336
0.25	-45	-74.3126
0.25	-45	-49.1765
0.25	-45	9.34147
0.25	-45	-83.1068
0.25	-45	-1.88304
0.25	-45	-18.2003
0.25	-45	57.4846
0.25	-45	43.6701
0.25	-45	-67.9323
0.25	-45	149.709
0.25	-45	-119.247
0.25	-45	-137.692
0.25	-45	-144.949
0.25	-45	134.603
0.25	-45	51.1287
0.25	-45	-12.7409
0.25	-45	79.4459
0.25	-45	-109.539
0.25	-45	-31.191
0.25	-45	-67.1836
0.25	-45	105.987
0.25	-45	-141.577
0.25	-45	67.1192
0.25	-45	-118.259
0.25	-45	-18.611
0.25	-45	119.036
0.25	-45	-176.544
0.25	-45	87.6892
0.25	-45	-177.614
0.25	-45	-93.592
0.25	-45	-50.1095
0.25	-45	-176.104
0.25	-45	-147.127
0.25	-45	-89.8574
0.25	-45	-27.9044
0.25	-45	-69.5383
0.25	-45	-134.808
0.25	-45	-60.9004
0.25	-45	73.4868
0.25	-45	-20.7797
0.25	-45	-119.054
0.25	-45	-114.297
0.25	-45	-92.8958
0.25	-45	-149.472
0.25	-45	-29.6534
0.25	-45	83.4419
0.25	-45	87.8316
0.25	-45	165.55
0.25	-45	115.697
0.25	-45	-179.52
0.25	-45	-100.275
0.25	-45	-59.6223
0.25	-45	50.797
0.25	-45	-6.47234
0.25	-45	-98.524
0.25	-45	20.3837
0.25	-45	-148.672
0.25	-45	-101.825
0.25	-45	0.943845
0.25	-45	-15.0132
0.25	-45	-160.018
0.25	-45	165.114
0.25	-45	89.0362
0.25	-45	-16.9699
0.25	-45	-127.964
0.25	-45	123.802
0.25	-45	-88.3057
0.25	-45	-31.2809
0.25	-45	-140.787
0.25	-45	-99.7854
0.25	-45	61.6937
0.25	-45	-123.903
0.25	-45	82.3066
0.25	-45	-108.805
0.25	-45	-126.512
0.25	-45	32.1528
0.25	-45	-171.589
0.25	-45	10.548
0.25	-45	70.0831
0.25	-45	-101.618
0.25	-45	-62.1455
0.25	-45	51.5092
0.25	-45	51.7601
0.25	-45	164.412
0.25	-45	14.0753
0.25	-45	174.618
0.25	-45	179.42
0.25	-45	144.902
0.25	-45	-163.045
0.25	-45	-60.015
0.25	-45	-98.0646
0.25	-45	175.535
0.25	-45	-5.00916
0.25	-45	144.588
0.25	-45	153.31
0.25	-45	-11.2978
0.25	-45	-129.884
0.25	-45	-103.403
0.25	-45	72.4127
0.25	-45	-158.407
0.25	-45	-67.2363
0.25	-45	-117.526
0.25	-45	165.864
0.25	-45	-92.5095
0.25	-45	77.2363
0.25	-45	-146.044
0.25	-45	18.6032
0.25	-45	-120.925
0.25	-45	-56.9978
0.25	-45	-26.1875
0.25	-45	-100.106
0.25	-45	85.5173
0.25	-45	-177.915
0.25	-45	20.3069
0.25	-45	13.4466
0.25	-45	172.729
0.25	-45	155.082
0.25	-45	125.312
0.25	-45	-170.322
0.25	-45	138.244
0.25	-45	-144.6
0.25	-45	-148.316
0.25	-45	144.5
0.25	-45	63.8798
0.25	-45	-70.6722
0.25	-45	-18.4001
0.25	-45	130.05
0.25	-45	-17.4212
0.25	-45	-47.2616
0.25	-45	89.2121
0.25	-45	39.184
0.25	-45	8.2744
0.25	-45	89.0875
0.25	-45	73.0022
0.25	-45	-31.0324
0.25	-45	130.053
0.25	-45	172.138
0.25	-45	-43.1278
0.25	-45	-55.997
0.25	-45	-150.681
0.25	-45	-27.1688
0.25	-45	-90.2891
0.25	-45	10.4615
0.25	-45	-15.474
0.25	-45	83.7046
0.25	-45	93.8786
0.25	-45	-120.206
0.25	-45	74.7714
0.25	-45	142.123
0.25	-45	-126.016
0.25	-45	173.351
0.25	-45	-65.3319
0.25	-45	97.0302
0.25	-45	65.3503
0.25	-45	139.293
0.25	-45	22.8826
0.25	-45	-28.9606
0.25	-45	164.977
0.25	-45	104.439
0.25	-45	7.56097
0.25	-45	12.7367
0.25	-45	12.5934
0.25	-45	92.3892
0.25	-45	-144.298
0.25	-45	-8.66747
0.25	-45	20.8584
0.25	-45	-161.462
0.25	-45	-38.8841
0.25	-45	101.388
0.25	-45	91.4364
0.25	-45	-58.1477
0.25	-45	-106.676
0.25	-45	-49.9372
0.25	-45	-74.0019
0.25	-45	-159.374
0.25	-45	113.726
0.25	-45	39.0153
0.25	-45	121.523
0.25	-45	-80.5135
0.25	-45	50.5032
0.25	-45	39.556
0.25	-45	98.5212
0.25	-45	153.486
0.25	-45	-50.4867
0.25	-45	4.18497
0.25	-45	-126.768
0.25	-45	-6.80551
0.25	-45	-145.986
0.25	-45	108.54
0.25	-45	-177.01
0.25	-45	-55.8923
0.25	-45	-4.20188
0.25	-45	162.938
0.25	-45	-10.2624
0.25	-45	-17.9118
0.25	-45	54.37
0.25	-45	8.76472
0.25	-45	98.0965
0.25	-45	95.9801
0.25	-45	2.07149
0.25	-45	-24.4994
0.25	-45	30.5848
0.25	-45	96.948
0.25	-45	88.3657
0.25	-45	-39.8383
0.25	-45	58.1442
0.25	-45	-8.21301
0.25	-45	-70.8552
0.25	-45	-34.4526
0.25	-45	142.342
0.25	-45	28.2327
0.25	-45	-67.2289
0.25	-45	136.416
0.25	-45	-168.622
0.25	-45	149.399
0.25	-45	-11.4088
0.25	-45	-77.8
0.25	-45	143.752
0.25	-45	52.6242
0.25	-45	-48.6211
0.25	-45	170.331
0.25	-45	3.89723
0.25	-45	-63.9676
0.25	-45	-18.8677
0.25	-45	169.95
0.25	-45	-43.422
0.25	-45	-161.566
0.25	-45	-106.321
0.25	-45	80.288
0.25	-45	-133.91
0.25	-45	-143.675
0.25	-45	14.2438
0.25	-45	-62.1423
0.25	-45	-85.4228
0.25	-45	108.029
0.25	-45	54.2336
0.25	-45	117.628
0.25	-45	150.748
0.25	-45	142.096
0.25	-45	-134.923
0.25	-45	-151.448
0.25	-45	-46.8133
0.25	-45	-38.9793
0.25	-45	-85.3216
0.25	-45	124.634
0.25	-45	-179.269
0.25	-45	73.5636
0.25	-45	-9.95633
0.25	-45	95.2966
0.25	-45	-151.653
0.25	-45	56.1086
0.25	-45	-17.4098
0.25	-45	-15.2616
0.25	-45	-160.058
0.25	-45	-9.80194
0.25	-45	-76.8695
0.25	-45	178.93
0.25	-45	39.5044
0.25	-45	-119.364
0.25	-45	165.128
0.25	-45	122.295
0.25	-45	59.9516
0.25	-45	-3.41248
