pol	setting	phi
0.3	45	-118.656
0.3	45	-43.0897
0.3	45	-153.512
0.3	45	53.5567
0.3	45	-28.2876
0.3	45	-22.2407
0.3	45	-165.371
0.3	45	-99.5898
0.3	45	-60.7156
0.3	45	156.859
0.3	45	111.182
0.3	45	-6.2001
0.3	45	-104.258
0.3	45	-25.4679
0.3	45	176.831
0.3	45	-77.3773
0.3	45	-122.862
0.3	45	109.554
0.3	45	88.2568
0.3	45	-159.703
0.3	45	163.177
0.3	45	68.3015
0.3	45	-4.66796
0.3	45	67.3772
0.3	45	-73.261
0.3	45	165.276
0.3	45	-56.458
0.3	45	67.2655
0.3	45	72.3072
0.3	45	-117.411
0.3	45	147.408
0.3	45	-43.7262
0.3	45	175.767
0.3	45	-72.1683
0.3	45	128.227
0.3	45	-82.8688
0.3	45	67.8148
0.3	45	-36.9828
0.3	45	-38.0773
0.3	45	136.94
0.3	45	-93.1384
0.3	45	132.704
0.3	45	-64.9038
0.3	45	60.9278
0.3	45	10.7459
0.3	45	11.4482
0.3	45	139.357
0.3	45	120.062
0.3	45	158.595
0.3	45	29.657
0.3	45	33.907
0.3	45	66.0612
0.3	45	-66.7195
0.3	45	-23.8596
0.3	45	-45.7028
0.3	45	179.796
0.3	45	-32.3446
0.3	45	-91.0599
0.3	45	-154.53
0.3	45	12.2638
0.3	45	85.7616
0.3	45	81.9393
0.3	45	1.57174
0.3	45	113.475
0.3	45	-96.4065
0.3	45	-112.559
0.3	45	-19.8435
0.3	45	-12.1972
0.3	45	85.5945
0.3	45	106.301
0.3	45	134.733
0.3	45	-0.908378
0.3	45	-113.381
0.3	45	148.933
0.3	45	-125.294
0.3	45	-51.034
0.3	45	99.3856
0.3	45	65.6453
0.3	45	-154.031
0.3	45	-67.7007
0.3	45	-162.819
0.3	45	82.2873
0.3	45	166.962
0.3	45	5.8234
0.3	45	60.114
0.3	45	119.138
0.3	45	-167.165
0.3	45	-113.895
0.3	45	-151.933
0.3	45	-92.2012
0.3	45	-21.8021
0.3	45	-95.0234
0.3	45	-3.08824
0.3	45	135.078
0.3	45	-54.8886
0.3	45	-10.3109
0.3	45	-46.9193
0.3	45	-4.34059
0.3	45	-18.6788
0.3	45	102.662
0.3	45	177.968
0.3	45	11.0952
0.3	45	-162.277
0.3	45	-58.9722
0.3	45	60.8625
0.3	45	150.505
0.3	45	137.441
0.3	45	169.006
0.3	45	178.033
0.3	45	-113.52
0.3	45	-13.2957
0.3	45	131.886
0.3	45	133.207
0.3	45	115.613
0.3	45	12.8414
0.3	45	138
0.3	45	162.435
0.3	45	-120.354
0.3	45	161.65
0.3	45	83.855
0.3	45	-76.4246
0.3	45	175.152
0.3	45	149.192
0.3	45	6.52015
0.3	45	177.132
0.3	45	-45.1229
0.3	45	13.4324
0.3	45	-102.248
0.3	45	147.112
0.3	45	-139.665
0.3	45	118.935
0.3	45	-54.4295
0.3	45	122.906
0.3	45	59.0829
0.3	45	126.805
0.3	45	146.433
0.3	45	-23.4816
0.3	45	30.4176
0.3	45	134.892
0.3	45	-88.1611
0.3	45	23.001
0.3	45	88.4859
0.3	45	-32.0931
0.3	45	88.8266
0.3	45	-74.7508
0.3	45	42.6342
0.3	45	-142.19
0.3	45	54.0242
0.3	45	-145.326
0.3	45	32.2776
0.3	45	-120.499
0.3	45	99.6899
0.3	45	-175.385
0.3	45	-51.5096
0.3	45	-10.2525
0.3	45	-8.63118
0.3	45	125.995
0.3	45	137.807
0.3	45	-26.1766
0.3	45	63.5159
0.3	45	-94.3987
0.3	45	157.986
0.3	45	79.6221
0.3	45	-136.437
0.3	45	92.3049
0.3	45	144.787
0.3	45	16.9247
0.3	45	-50.1829
0.3	45	63.7332
0.3	45	1.76116
0.3	45	-53.8238
0.3	45	104.685
0.3	45	56.5364
0.3	45	178.305
0.3	45	72.6581
0.3	45	-106.645
0.3	45	-156.962
0.3	45	88.5829
0.3	45	-26.6996
0.3	45	-164.466
0.3	45	-51.071
0.3	45	-82.4023
0.3	45	-178.5
0.3	45	-123.769
0.3	45	93.5922
0.3	45	-116.599
0.3	45	133.085
0.3	45	153.607
0.3	45	56.2106
0.3	45	-21.9658
0.3	45	163.334
0.3	45	40.7785
0.3	45	154.56
0.3	45	-158.301
0.3	45	-70.8617
0.3	45	-65.3574
0.3	45	107.852
0.3	45	83.1531
0.3	45	100.311
0.3	45	34.6614
0.3	45	-35.1087
0.3	45	125.198
0.3	45	-43.004
0.3	45	49.5633
0.3	45	21.1638
0.3	45	-153.464
0.3	45	-112.796
0.3	45	59.4129
0.3	45	175.183
0.3	45	-103.819
0.3	45	-41.0269
0.3	45	-173.602
0.3	45	-10.0829
0.3	45	97.6534
0.3	45	158.038
0.3	45	-24.3575
0.3	45	124.73
0.3	45	37.9849
0.3	45	3.81197
0.3	45	173.552
0.3	45	-75.4639
0.3	45	7.33685
0.3	45	-106.781
0.3	45	99.0292
0.3	45	14.0763
0.3	45	-35.2985
0.3	45	-140.228
0.3	45	-141.136
0.3	45	-84.7296
0.3	45	48.228
0.3	45	126.264
0.3	45	-54.2489
0.3	45	-157.792
0.3	45	109.901
0.3	45	-108.264
0.3	45	-56.123
0.3	45	-155.073
0.3	45	-41.3961
0.3	45	-63.1405
0.3	45	23.3486
0.3	45	-157.021
0.3	45	-149.315
0.3	45	69.8546
0.3	45	-105.839
0.3	45	-178.164
0.3	45	-42.4408
0.3	45	-175.089
0.3	45	106.236
0.3	45	-138.87
0.3	45	-108.337
0.3	45	39.8207
0.3	45	56.1258
0.3	45	-119.555
0.3	45	66.3697
0.3	45	-85.8928
0.3	45	122.252
0.3	45	-150.019
0.3	45	-44.8026
0.3	45	47.3082
0.3	45	94.0777
0.3	45	151.771
0.3	45	118.182
0.3	45	-29.1277
0.3	45	26.4606
0.3	45	-46.9946
0.3	45	-84.1756
0.3	45	125.037
0.3	45	132.661
0.3	45	11.0682
0.3	45	-52.2942
0.3	45	125.103
0.3	45	28.9963
0.3	45	166.322
0.3	45	101.594
0.3	45	21.7967
0.3	45	165.362
0.3	45	115.512
0.3	45	15.3642
0.3	45	-18.9888
0.3	45	95.2227
0.3	45	-147.956
0.3	45	40.9887
0.3	45	157.957
0.3	45	56.1631
0.3	45	14.9291
0.3	45	-72.4145
0.3	45	63.0539
0.3	45	-154.233
0.3	45	121.373
0.3	45	92.9086
0.3	45	-95.7613
0.3	45	68.9898
0.3	45	94.767
0.3	45	5.92535
0.3	45	173.38
0.3	45	41.7304
0.3	45	-66.2791
0.3	45	103.37
0.3	45	81.3017
0.3	45	-52.0124
0.3	45	40.7544
0.3	45	-97.6496
0.3	45	174.943
0.3	45	-21.5208
0.3	45	-69.6493
0.3	45	8.64451
0.3	45	110.829
0.3	45	45.2798
0.3	45	-155.426
0.3	45	40.8352
0.3	45	76.8858
0.3	45	54.9451
0.3	45	-108.153
0.3	45	-173.243
0.3	45	3.90541
0.3	45	80.3513
0.3	45	-4.87502
0.3	45	126.082
0.3	45	-44.7847
0.3	45	98.9146
0.3	45	69.1965
0.3	45	-64.0174
0.3	45	134.579
0.3	45	-100.892
0.3	45	-131.829
0.3	45	147.168
0.3	45	39.2874
0.3	45	43.8827
0.3	45	-97.64
0.3	45	-89.1298
0.3	45	-170.649
0.3	45	-104.903
0.3	45	-104.311
0.3	45	-54.9359
0.3	45	-155.312
0.3	45	79.0245
0.3	45	31.6608
0.3	45	-90.1484
0.3	45	50.3901
0.3	45	55.5593
0.3	45	-178.272
0.3	45	17.0306
0.3	45	-0.956427
0.3	45	-168.908
0.3	45	-158.88
0.3	45	-62.4637
0.3	45	86.5546
0.3	45	73.2062
0.3	45	-123.335
0.3	45	-127.699
0.3	45	142.386
0.3	45	-145.573
0.3	45	-127.338
0.3	45	-20.191
0.3	45	-170.201
0.3	45	-125.577
0.3	45	-35.1511
0.3	45	10.9099
0.3	45	-103.378
0.3	45	99.0972
0.3	45	-100.756
0.3	45	159.3
0.3	45	-14.399
0.3	45	104.641
0.3	45	129.665
0.3	45	-106.806
0.3	45	-54.3973
0.3	45	-44.3588
0.3	45	-143.297
0.3	45	-27.4016
0.3	45	86.4354
0.3	45	-167.63
0.3	45	-24.9242
0.3	45	97.587
0.3	45	94.4421
0.3	45	-18.1535
0.3	45	157.101
0.3	45	-12.8052
0.3	45	137.499
0.3	45	84.953
0.3	45	85.4678
0.3	45	117.488
0.3	45	25.9972
0.3	45	33.1463
0.3	45	-153.101
0.3	45	-2.80348
0.3	45	100.72
0.3	45	-132.261
0.3	45	-49.0801
0.3	45	-110.585
0.3	45	-1.86392
0.3	45	128.79
0.3	45	-76.6996
0.3	45	161.694
0.3	45	-88.0708
0.3	45	-161.401
0.3	45	-79.8378
0.3	45	44.7364
0.3	45	-87.1581
0.3	45	-179.833
0.3	45	104.259
0.3	45	9.70492
0.3	45	150.928
0.3	45	177.833
0.3	45	61.7379
0.3	45	-28.254
0.3	45	18.9922
0.3	45	-112.703
0.3	45	160.007
0.3	45	-9.75569
0.3	45	35.5521
0.3	45	95.5269
0.3	45	-113.908
0.3	45	28.414
0.3	45	-50.0405
0.3	45	-162.495
0.3	45	-171.506
0.3	45	-17.1899
0.3	45	-115.348
0.3	45	-84.2835
0.3	45	8.14241
0.3	45	124.623
0.3	45	-171.262
0.3	45	39.8996
0.3	45	83.5274
0.3	45	99.0302
0.3	45	-133.326
0.3	45	-21.9399
0.3	45	128.816
0.3	45	-141.145
0.3	45	84.1493
0.3	45	-150.664
0.3	45	113.821
0.3	45	-123.431
0.3	45	132.485
0.3	45	-34.3054
0.3	45	113.568
0.3	45	13.0955
0.3	45	-112.284
0.3	45	146.964
0.3	45	104.206
0.3	45	-81.3561
0.3	45	-78.6102
0.3	45	48.4817
0.3	45	37.0531
0.3	45	-68.5002
0.3	45	129.796
0.3	45	-113.345
0.3	45	161.275
0.3	45	33.4827
0.3	45	91.4652
0.3	45	-12.0563
0.3	45	-58.6502
0.3	45	66.503
0.3	45	137.797
0.3	45	24.9629
0.3	45	5.73906
0.3	45	-86.5358
0.3	45	70.2161
0.3	45	146.29
0.3	45	-70.8856
0.3	45	170.98
0.3	45	-54.4466
0.3	45	164.098
0.3	45	-91.654
0.3	45	175.703
0.3	45	161.739
0.3	45	86.1912
0.3	45	-98.2248
0.3	45	131.388
0.3	45	-131.014
0.3	45	-157.701
0.3	45	-162.988
0.3	45	-67.9459
0.3	45	108.422
0.3	45	161.374
0.3	45	-10.7595
0.3	45	124.834
0.3	45	56.2851
0.3	45	29.6906
0.3	45	-72.8756
0.3	45	66.9533
0.3	45	-21.6487
0.3	45	126.732
0.3	45	-73.3514
0.3	45	11.6195
0.3	45	17.6576
0.3	45	39.6345
0.3	45	61.0673
0.3	45	-82.6174
0.3	45	-103.925
0.3	45	-169.147
0.3	45	117.811
0.3	45	-12.29
0.3	45	-172.435
0.3	45	-98.9609
0.3	45	169.086
0.3	45	-26.8675
0.3	45	-126.523
0.3	45	114.122
0.3	45	61.0081
0.3	45	46.8229
0.3	45	-168.539
0.3	45	133.217
0.3	45	-85.5224
0.3	45	129.571
0.3	45	78.4538
0.3	45	2.99904
0.3	45	60.5407
0.3	45	174.275
0.3	45	111.015
0.3	45	-171.196
0.3	45	39.2759
0.3	45	133.054
0.3	45	-118.514
0.3	45	-101.205
0.3	45	2.16707
0.3	45	172.43
0.3	45	-45.13
0.3	45	-11.24
0.3	45	99.7403
0.3	45	151.675
0.3	45	-56.4955
0.3	45	-69.8245
0.3	45	125.025
0.3	45	75.158
0.3	45	-17.7048
0.3	45	-162.21
0.3	45	-43.4194
0.3	45	41.9218
0.3	45	-126.275
0.3	45	-67.3948
0.3	45	-72.8078
0.3	45	153.414
0.3	45	103.223
0.3	45	-36.6418
0.3	45	-139.843
0.3	45	-133.166
0.3	45	-133.598
0.3	45	-3.62411
0.3	45	39.8446
0.3	45	106.427
0.3	45	145.465
0.3	45	-107.961
0.3	45	15.2752
0.3	45	31.3801
0.3	45	118.377
0.3	45	63.9214
0.3	45	74.5435
0.3	45	-109.703
0.3	45	-146.972
0.3	45	79.164
0.3	45	9.69939
0.3	45	-59.4032
0.3	45	62.7448
0.3	45	23.8201
0.3	45	-155.792
0.3	45	167.661
0.3	45	16.5148
0.3	45	-82.7732
0.3	45	-105.438
0.3	45	-165.887
0.3	45	174.167
0.3	45	-112.373
0.3	45	-100.588
0.3	45	91.1303
0.3	45	139.693
0.3	45	84.5728
0.3	45	63.8104
0.3	45	156.431
0.3	45	159.059
0.3	45	156.02
0.3	45	73.5716
0.3	45	87.1488
0.3	45	-20.6902
0.3	45	120.627
0.3	45	101.196
0.3	45	-76.2674
0.3	45	-125.514
0.3	45	-136.868
0.3	45	69.5547
0.3	45	99.8671
0.3	45	-78.761
0.3	45	-21.0243
0.3	45	-173.347
0.3	45	-133.838
0.3	45	-0.104322
0.3	45	-90.4942
0.3	45	158.637
0.3	45	-13.6775
0.3	45	74.5935
0.3	45	-47.4603
0.3	45	-26.4101
0.3	45	-109.391
0.3	45	41.5978
0.3	45	-177.283
0.3	45	50.3245
0.3	45	-32.5707
0.3	45	-144.923
0.3	45	-38.9132
0.3	45	-8.58149
0.3	45	92.6083
0.3	45	151.026
0.3	45	-101.983
0.3	45	137.102
0.3	45	-18.1521
0.3	45	15.7462
0.3	45	-55.4718
0.3	45	120.94
0.3	45	-60.356
0.3	45	131.748
0.3	45	121.515
0.3	45	98.1705
0.3	45	116.578
0.3	45	2.47133
0.3	45	113.984
0.3	45	-48.1999
0.3	45	-89.6937
0.3	45	-34.9085
0.3	45	-119.259
0.3	45	-64.8017
0.3	45	109.299
0.3	45	91.8467
0.3	45	-41.73
0.3	45	74.1511
0.3	45	-111.53
0.3	45	121.889
0.3	45	123.349
0.3	45	-148.829
0.3	45	159.191
0.3	45	-149.571
0.3	45	-83.4994
0.3	45	163.9
0.3	45	-163.635
0.3	45	147.901
0.3	45	31.1837
0.3	45	-161.333
0.3	45	27.6239
0.3	45	175.144
0.3	45	62.1163
0.3	45	83.8195
0.3	45	69.878
0.3	45	-61.3113
0.3	45	162.263
0.3	45	-157.771
0.3	45	-41.0854
0.3	45	116.933
0.3	45	85.8754
0.3	45	128.346
0.3	45	-82.8233
0.3	45	84.1576
0.3	45	28.0646
0.3	45	30.6898
0.3	45	-84.2393
0.3	45	-78.6687
0.3	45	14.5418
0.3	45	-52.5637
0.3	45	-127.455
0.3	45	-46.7062
0.3	45	67.7286
0.3	45	151.303
0.3	45	76.6854
0.3	45	-77.0921
0.3	45	35.1692
0.3	45	-136.832
0.3	45	-115.622
0.3	45	98.8233
0.3	45	43.2792
0.3	45	-72.8406
0.3	45	-62.7107
0.3	45	-40.8838
0.3	45	24.9306
0.3	45	38.304
0.3	45	-9.59578
0.3	45	13.9005
0.3	45	40.3369
0.3	45	-160.579
0.3	45	64.8027
0.3	45	-53.5274
0.3	45	-163.898
0.3	45	-32.3927
0.3	45	52.0477
0.3	45	-133.941
0.3	45	105.472
0.3	45	-53.6234
0.3	45	179.306
0.3	45	117.874
0.3	45	-37.0994
0.3	45	-11.5002
0.3	45	-34.8217
0.3	45	-115.891
0.3	45	-11.2959
0.3	45	-127.798
0.3	45	-103.246
0.3	45	160.531
0.3	45	-177.512
0.3	45	-64.6497
0.3	45	-80.3196
0.3	45	-56.2338
0.3	45	-28.9093
0.3	45	86.6939
0.3	45	40.3956
0.3	45	-55.2058
0.3	45	-31.655
0.3	45	-115.069
0.3	45	-67.6293
0.3	45	143.361
0.3	45	-165.287
0.3	45	-65.815
0.3	45	-78.6944
0.3	45	-93.2302
0.3	45	-63.5534
0.3	45	-154.091
0.3	45	-29.6214
0.3	45	-96.9023
0.3	45	-37.4968
0.3	45	119.32
0.3	45	117.844
0.3	45	168.696
0.3	45	-56.5069
0.3	45	3.46961
0.3	45	-70.7246
0.3	45	124.984
0.3	45	-113.827
0.3	45	48.8135
0.3	45	-78.5294
0.3	45	-91.0006
0.3	45	124.962
0.3	45	147.156
0.3	45	86.4975
0.3	45	0.0119161
0.3	45	-161.985
0.3	45	48.9318
0.3	45	-119.709
0.3	45	7.95667
0.3	45	158.235
0.3	45	96.5582
0.3	45	136.59
0.3	45	-34.87
0.3	45	-23.0233
0.3	45	48.3936
0.3	45	7.32092
0.3	45	61.1772
0.3	45	125.041
0.3	45	-71.1074
0.3	45	-124.452
0.3	45	-142.48
0.3	45	94.2633
0.3	45	-66.8949
0.3	45	-140.718
0.3	45	125.947
0.3	45	47.067
0.3	45	167.461
0.3	45	-112.979
0.3	45	-59.7175
0.3	45	-77.7834
0.3	45	49.2657
0.3	45	143.001
0.3	45	-1.99269
0.3	45	32.7415
0.3	45	162.127
0.3	45	91.2797
0.3	45	42.8746
0.3	45	-33.3288
0.3	45	169.067
0.3	45	-96.5942
0.3	45	129.365
0.3	45	51.321
0.3	45	114.881
0.3	45	-21.1816
0.3	45	143.589
0.3	45	-174.637
0.3	45	-151.008
0.3	45	-68.1634
0.3	45	178.434
0.3	45	-140.023
0.3	45	-60.5915
0.3	45	-86.477
0.3	45	-105.128
0.3	45	123.965
0.3	45	-23.5878
0.3	45	-104.758
0.3	45	21.3101
0.3	45	-6.57421
0.3	45	-149.949
0.3	45	25.8069
0.3	45	89.546
0.3	45	-34.5331
0.3	45	-155.976
0.3	45	155.647
0.3	45	-43.334
0.3	45	42.5584
0.3	45	62.8675
0.3	45	-18.1969
0.3	45	30.5979
0.3	45	65.8063
0.3	45	-23.9293
0.3	45	-56.0781
0.3	45	56.7237
0.3	45	147.227
0.3	45	-19.696
0.3	45	-46.96
0.3	45	137.759
0.3	45	112.697
0.3	45	127.125
0.3	45	-15.8455
0.3	45	79.2254
0.3	45	75.607
0.3	45	35.2875
0.3	45	-141.44
0.3	45	-89.2252
0.3	45	58.0051
0.3	45	-55.0713
0.3	45	-90.9166
0.3	45	107.034
0.3	45	26.7692
0.3	45	15.6155
0.3	45	-107.033
0.3	45	-19.2528
0.3	45	-44.5423
0.3	45	-79.3032
0.3	45	-78.8527
0.3	45	-66.5678
0.3	45	-129.47
0.3	45	-123.959
0.3	45	4.40732
0.3	45	73.2094
0.3	45	-86.5404
0.3	45	121.312
0.3	45	158.348
0.3	45	-6.803
0.3	45	112.646
0.3	45	159.671
0.3	45	142.744
0.3	45	-54.1727
0.3	45	93.3813
0.3	45	110.268
0.3	45	-79.6626
0.3	45	59.4735
0.3	45	-160.168
0.3	45	-64.9067
0.3	45	-167.339
0.3	45	-109.479
0.3	45	-79.9178
0.3	45	-114.282
0.3	45	-0.610377
0.3	45	115.499
0.3	45	-60.4579
0.3	45	142.578
0.3	45	-148.688
0.3	45	165.823
0.3	45	-133.034
0.3	45	-59.9372
0.3	45	-147.331
0.3	45	-75.2538
0.3	45	-103.067
0.3	45	-145.54
0.3	45	-132.769
0.3	45	9.34729
0.3	45	-163.387
0.3	45	-71.2415
0.3	45	26.2567
0.3	45	-76.1148
0.3	45	-69.6561
0.3	45	-110.491
0.3	45	-57.9853
0.3	45	99.5317
0.3	45	-146.62
0.3	45	-25.7555
0.3	45	-19.4353
0.3	45	-35.5562
0.3	45	-159.869
0.3	45	-78.107
0.3	45	-147.198
0.3	45	104.657
0.3	45	16.6753
0.3	45	-76.5856
0.3	45	-119.312
0.3	45	-112.927
0.3	45	-56.1267
0.3	45	-75.6543
0.3	45	107.395
0.3	45	-172.661
0.3	45	-148.794
0.3	45	70.9682
0.3	45	155.722
0.3	45	76.9331
0.3	45	131.277
0.3	45	72.8883
0.3	45	144.731
0.3	45	106.355
0.3	45	-53.441
0.3	45	-85.6472
0.3	45	-29.3793
0.3	45	168.549
0.3	45	-77.7341
0.3	45	169.131
0.3	45	-121.394
0.3	45	10.4489
0.3	45	16.6554
0.3	45	130.26
0.3	45	15.4115
0.3	45	63.4093
0.3	45	10.9132
0.3	45	58.8584
0.3	45	149.775
0.3	45	116.928
0.3	45	-112.419
0.3	45	-7.63999
0.3	45	53.234
0.3	45	164.388
0.3	45	-102.704
0.3	45	-34.2179
0.3	45	-58.7121
0.3	45	50.3656
0.3	45	21.6153
0.3	45	67.0151
0.3	45	145.634
0.3	45	105.519
0.3	45	-149.928
0.3	45	46.5811
0.3	45	124.96
0.3	45	68.7382
0.3	45	-34.76
0.3	45	64.2834
0.3	45	-17.8324
0.3	45	68.5792
0.3	45	112.728
0.3	45	-7.45328
0.3	45	-75.9093
0.3	45	33.8528
0.3	45	-32.1058
0.3	45	-1.47265
0.3	45	-65.2334
0.3	45	162.131
0.3	45	-129.336
0.3	45	0.774313
0.3	45	6.23876
0.3	45	179.376
0.3	45	-160.511
0.3	45	-94.6238
0.3	45	123.052
0.3	45	-170.178
0.3	45	151.405
0.3	45	-133.448
0.3	45	24.2459
0.3	45	145.632
0.3	45	156.542
0.3	45	-163.66
0.3	45	-174.685
0.3	45	101.604
0.3	45	168.661
0.3	45	-92.5461
0.3	45	77.9454
0.3	45	123.834
0.3	45	130.582
0.3	45	-172.411
0.3	45	99.6894
0.3	45	-66.7799
0.3	45	41.1366
0.3	45	-128.258
0.3	45	150.944
0.3	45	-46.3316
0.3	45	169.058
0.3	45	34.6526
0.3	45	-4.3441
0.3	45	104.763
0.3	45	-39.0396
0.3	45	18.4828
0.3	45	141.477
0.3	45	148.016
0.3	45	-55.0569
0.3	45	-109.752
0.3	45	79.7857
0.3	45	173.045
0.3	45	-36.8975
0.3	45	-91.3663
0.3	45	-171.195
0.3	45	-125.325
0.3	45	49.0822
0.3	45	-13.7438
0.3	45	-29.5267
0.3	45	-170.808
0.3	45	-79.4641
0.3	45	-41.8632
0.3	45	-113.023
0.3	45	76.7823
0.3	45	-109.832
0.3	45	-97.142
0.3	45	120.652
0.3	45	-15.6196
0.3	45	64.9911
0.3	45	113.811
0.3	45	-152.684
0.3	45	-138.726
0.3	45	86.794
0.3	45	-60.5872
0.3	45	85.7066
0.3	45	92.5304
0.3	45	-103.91
0.25	-45	-6.84146
0.25	-45	-173.434
0.25	-45	5.18794
0.25	-45	-121.068
0.25	-45	178.093
0.25	-45	-76.2419
0.25	-45	3.79343
0.25	-45	44.0025
0.25	-45	51.6358
0.25	-45	50.2895
0.25	-45	145.97
0.25	-45	-64.218
0.25	-45	-57.6035
0.25	-45	-123.994
0.25	-45	-94.1731
0.25	-45	-137.006
0.25	-45	27.4903
0.25	-45	121.605
0.25	-45	83.5724
0.25	-45	-162.955
0.25	-45	55.3525
0.25	-45	-78.4238
0.25	-45	80.4418
0.25	-45	53.2774
0.25	-45	24.3921
0.25	-45	-13.5823
0.25	-45	-86.7356
0.25	-45	140.037
0.25	-45	-22.561
0.25	-45	85.4373
0.25	-45	146.959
0.25	-45	33.889
0.25	-45	122.146
0.25	-45	49.1055
0.25	-45	-118.8
0.25	-45	108.691
0.25	-45	-79.1403
0.25	-45	-150.719
0.25	-45	173.121
0.25	-45	148.237
0.25	-45	92.6856
0.25	-45	-27.9827
0.25	-45	-69.161
0.25	-45	144.779
0.25	-45	-133.093
0.25	-45	112.587
0.25	-45	7.14277
0.25	-45	47.1144
0.25	-45	-177.03
0.25	-45	-95.999
0.25	-45	71.6506
0.25	-45	74.2397
0.25	-45	35.5016
0.25	-45	166.467
0.25	-45	22.1113
0.25	-45	-48.1936
0.25	-45	-174.061
0.25	-45	22.2425
0.25	-45	83.4895
0.25	-45	47.5388
0.25	-45	84.8273
0.25	-45	-105.172
0.25	-45	-60.9779
0.25	-45	159.043
0.25	-45	-118.04
0.25	-45	-54.4897
0.25	-45	-64.0469
0.25	-45	-86.6182
0.25	-45	-91.8368
0.25	-45	-159.061
0.25	-45	-155.802
0.25	-45	69.8462
0.25	-45	-44.4773
0.25	-45	69.9203
0.25	-45	43.5422
0.25	-45	-126.836
0.25	-45	-72.75
0.25	-45	65.8447
0.25	-45	-11.8964
0.25	-45	105.446
0.25	-45	-61.0333
0.25	-45	175.399
0.25	-45	67.7513
0.25	-45	177.854
0.25	-45	-17.1004
0.25	-45	-72.9935
0.25	-45	48.0722
0.25	-45	-48.143
0.25	-45	114.445
0.25	-45	140.303
0.25	-45	56.6311
0.25	-45	24.6507
0.25	-45	25.4195
0.25	-45	-80.8201
0.25	-45	157.837
0.25	-45	158.994
0.25	-45	-5.70308
0.25	-45	-155.268
0.25	-45	-112.646
0.25	-45	40.144
0.25	-45	173.764
0.25	-45	149.479
0.25	-45	47.5256
0.25	-45	-9.65223
0.25	-45	-118.968
0.25	-45	31.2657
0.25	-45	140.662
0.25	-45	-169.625
0.25	-45	89.0354
0.25	-45	29.7327
0.25	-45	-158.271
0.25	-45	41.876
0.25	-45	121.847
0.25	-45	109.266
0.25	-45	25.607
0.25	-45	46.4334
0.25	-45	-174.343
0.25	-45	-127.312
0.25	-45	73.578
0.25	-45	-143.487
0.25	-45	36.6722
0.25	-45	-23.8884
0.25	-45	107.107
0.25	-45	21.8222
0.25	-45	-99.4808
0.25	-45	-48.9108
0.25	-45	179.607
0.25	-45	-85.4854
0.25	-45	-76.8551
0.25	-45	58.336
0.25	-45	-163.846
0.25	-45	74.6127
0.25	-45	-122.486
0.25	-45	52.8996
0.25	-45	178.632
0.25	-45	-9.31426
0.25	-45	-54.2613
0.25	-45	70.7415
0.25	-45	-43.5175
0.25	-45	12.8939
0.25	-45	-136.089
0.25	-45	-148.505
0.25	-45	81.9
0.25	-45	140.077
0.25	-45	97.0697
0.25	-45	167.292
0.25	-45	-36.4856
0.25	-45	71.8365
0.25	-45	-27.9297
0.25	-45	-73.9711
0.25	-45	175.289
0.25	-45	-56.7389
0.25	-45	162.529
0.25	-45	128.006
0.25	-45	-99.6537
0.25	-45	-100.298
0.25	-45	-151.27
0.25	-45	1.58856
0.25	-45	129.705
0.25	-45	119.098
0.25	-45	94.6488
0.25	-45	31.6759
0.25	-45	87.4728
0.25	-45	-142.586
0.25	-45	105.046
0.25	-45	92.1423
0.25	-45	-91.8584
0.25	-45	-131.074
0.25	-45	87.6975
0.25	-45	14.8092
0.25	-45	54.5071
0.25	-45	99.0735
0.25	-45	115.639
0.25	-45	23.3357
0.25	-45	41.2596
0.25	-45	158.703
0.25	-45	-85.2739
0.25	-45	-40.4919
0.25	-45	-3.79254
0.25	-45	141.928
0.25	-45	159.01
0.25	-45	-78.9794
0.25	-45	-68.1117
0.25	-45	-170.063
0.25	-45	14.3104
0.25	-45	72.359
0.25	-45	11.6296
0.25	-45	-113.745
0.25	-45	-163.246
0.25	-45	-84.0642
0.25	-45	29.0186
0.25	-45	-51.583
0.25	-45	-144.112
0.25	-45	148.251
0.25	-45	-12.664
0.25	-45	0.692857
0.25	-45	-34.8055
0.25	-45	173.425
0.25	-45	-163.884
0.25	-45	36.5417
0.25	-45	56.3365
0.25	-45	-103.621
0.25	-45	44.5192
0.25	-45	27.8648
0.25	-45	134.256
0.25	-45	147.399
0.25	-45	-178.367
0.25	-45	43.2764
0.25	-45	-86.9482
0.25	-45	-0.122198
0.25	-45	-107.395
0.25	-45	-82.0113
0.25	-45	-17.7751
0.25	-45	117.964
0.25	-45	8.43813
0.25	-45	-84.8657
0.25	-45	119.436
0.25	-45	-9.99942
0.25	-45	136.025
0.25	-45	-19.8246
0.25	-45	-128.589
0.25	-45	-40.9321
0.25	-45	13.0761
0.25	-45	-42.8489
0.25	-45	-64.9859
0.25	-45	-73.7284
0.25	-45	125.33
0.25	-45	-20.4674
0.25	-45	-74.2808
0.25	-45	-114.63
0.25	-45	-113.066
0.25	-45	163.56
0.25	-45	-169.401
0.25	-45	-24.7193
0.25	-45	-140.823
0.25	-45	151.515
0.25	-45	87.603
0.25	-45	90.4081
0.25	-45	1.07983
0.25	-45	22.46
0.25	-45	-125.789
0.25	-45	-52.2824
0.25	-45	-98.451
0.25	-45	-151.682
0.25	-45	-152.352
0.25	-45	19.2141
0.25	-45	-130.389
0.25	-45	84.9186
0.25	-45	68.5714
0.25	-45	-73.1947
0.25	-45	-154.57
0.25	-45	132.062
0.25	-45	-127.952
0.25	-45	20.5496
0.25	-45	10.499
0.25	-45	109.615
0.25	-45	12.058
0.25	-45	-153.411
0.25	-45	-171.69
0.25	-45	73.9255
0.25	-45	-120.602
0.25	-45	-76.6165
0.25	-45	-147.968
0.25	-45	131.273
0.25	-45	-40.8225
0.25	-45	127.607
0.25	-45	176.431
0.25	-45	63.3595
0.25	-45	-129.094
0.25	-45	22.6549
0.25	-45	59.9872
0.25	-45	-60.9401
0.25	-45	148.384
0.25	-45	137.292
0.25	-45	-149.117
0.25	-45	121.363
0.25	-45	82.3069
0.25	-45	-88.2242
0.25	-45	100.426
0.25	-45	-21.8816
0.25	-45	-170.147
0.25	-45	-141.188
0.25	-45	-115.081
0.25	-45	104.026
0.25	-45	93.1955
0.25	-45	-10.0589
0.25	-45	-153.759
0.25	-45	106.751
0.25	-45	88.2668
0.25	-45	-64.6717
0.25	-45	177.789
0.25	-45	-23.7473
0.25	-45	74.8422
0.25	-45	162.136
0.25	-45	24.8392
0.25	-45	41.944
0.25	-45	124.53
0.25	-45	-57.9942
0.25	-45	177.914
0.25	-45	-68.083
0.25	-45	-125.527
0.25	-45	-160.954
0.25	-45	-146.618
0.25	-45	-25.4961
0.25	-45	16.433
0.25	-45	11.2394
0.25	-45	102.996
0.25	-45	88.8391
0.25	-45	-35.3588
0.25	-45	156.689
0.25	-45	36.2398
0.25	-45	-156.793
0.25	-45	72.7119
0.25	-45	144.953
0.25	-45	104.349
0.25	-45	24.3984
0.25	-45	-53.2301
0.25	-45	47.7108
0.25	-45	161.388
0.25	-45	-45.8314
0.25	-45	-132.578
0.25	-45	-135.987
0.25	-45	-133.815
0.25	-45	11.3368
0.25	-45	-160.892
0.25	-45	-26.2931
0.25	-45	-87.6678
0.25	-45	137.48
0.25	-45	48.9122
0.25	-45	-170.97
0.25	-45	54.9111
0.25	-45	-179.823
0.25	-45	159.882
0.25	-45	142.079
0.25	-45	119.296
0.25	-45	-163.36
0.25	-45	99.7622
0.25	-45	24.9662
0.25	-45	89.3631
0.25	-45	169.974
0.25	-45	139.123
0.25	-45	-119.367
0.25	-45	-9.59517
0.25	-45	128.993
0.25	-45	130.919
0.25	-45	94.0524
0.25	-45	-96.153
0.25	-45	124.633
0.25	-45	61.5501
0.25	-45	123.217
0.25	-45	-76.5585
0.25	-45	-6.3243
0.25	-45	-4.52227
0.25	-45	-152.527
0.25	-45	119.198
0.25	-45	-80.9671
0.25	-45	123.574
0.25	-45	-75.4393
0.25	-45	9.63205
0.25	-45	-47.1133
0.25	-45	-138.406
0.25	-45	-105.125
0.25	-45	88.9444
0.25	-45	113.027
0.25	-45	44.1398
0.25	-45	-114.236
0.25	-45	3.73409
0.25	-45	31.0843
0.25	-45	-150.659
0.25	-45	-16.1324
0.25	-45	162.785
0.25	-45	176.044
0.25	-45	152.316
0.25	-45	-112.114
0.25	-45	-68.8077
0.25	-45	-178.179
0.25	-45	35.4169
0.25	-45	-160.776
0.25	-45	93.3228
0.25	-45	-78.1541
0.25	-45	-163.707
0.25	-45	170.856
0.25	-45	60.3693
0.25	-45	14.3284
0.25	-45	-148.8
0.25	-45	-102.947
0.25	-45	113.893
0.25	-45	-109.044
0.25	-45	16.8603
0.25	-45	-170.577
0.25	-45	-130.094
0.25	-45	-103.45
0.25	-45	-88.0059
0.25	-45	54.6565
0.25	-45	-24.4997
0.25	-45	-88.2628
0.25	-45	-137.316
0.25	-45	50.5434
0.25	-45	-114.024
0.25	-45	72.6447
0.25	-45	44.6113
0.25	-45	30.3373
0.25	-45	-131.56
0.25	-45	-81.0178
0.25	-45	121.249
0.25	-45	-63.4028
0.25	-45	166.637
0.25	-45	-143.208
0.25	-45	-70.1057
0.25	-45	-119.129
0.25	-45	16.8281
0.25	-45	-161.174
0.25	-45	128.348
0.25	-45	-116.1
0.25	-45	-42.2105
0.25	-45	17.3521
0.25	-45	147.525
0.25	-45	105.832
0.25	-45	-177.118
0.25	-45	-94.9844
0.25	-45	-35.5369
0.25	-45	66.3009
0.25	-45	-156.79
0.25	-45	4.35466
0.25	-45	-89.6137
0.25	-45	-70.8027
0.25	-45	41.496
0.25	-45	-26.5411
0.25	-45	35.8692
0.25	-45	-29.9524
0.25	-45	173.467
0.25	-45	1.21433
0.25	-45	15.0646
0.25	-45	-156.438
0.25	-45	57.9727
0.25	-45	177.024
0.25	-45	117.383
0.25	-45	174.87
0.25	-45	-39.8848
0.25	-45	144.039
0.25	-45	-62.7318
0.25	-45	-16.566
0.25	-45	-7.11902
0.25	-45	25.6314
0.25	-45	50.3955
0.25	-45	-137.998
0.25	-45	-56.3318
0.25	-45	162.202
0.25	-45	159.524
0.25	-45	60.7898
0.25	-45	-120.498
0.25	-45	-39.9328
0.25	-45	163.907
0.25	-45	-97.9938
0.25	-45	107.883
0.25	-45	113.706
0.25	-45	-72.1035
0.25	-45	-42.0115
0.25	-45	111.48
0.25	-45	-61.8784
0.25	-45	115.138
0.25	-45	10.8435
0.25	-45	-72.9287
0.25	-45	-147.427
0.25	-45	-170.829
0.25	-45	-126.129
0.25	-45	145.918
0.25	-45	-68.8125
0.25	-45	-25.49
0.25	-45	75.8972
0.25	-45	23.9941
0.25	-45	159.184
0.25	-45	140.905
0.25	-45	-120.571
0.25	-45	-116.097
0.25	-45	-88.0842
0.25	-45	63.5433
0.25	-45	-109.971
0.25	-45	108.534
0.25	-45	-21.0948
0.25	-45	96.5517
0.25	-45	-149.971
0.25	-45	-148.24
0.25	-45	142.792
0.25	-45	-172.773
0.25	-45	12.7056
0.25	-45	-21.0118
0.25	-45	137.7
0.25	-45	68.4856
0.25	-45	-40.0006
0.25	-45	-163.896
0.25	-45	82.1529
0.25	-45	60.2966
0.25	-45	-115.654
0.25	-45	44.9095
0.25	-45	-14.4501
0.25	-45	-95.6351
0.25	-45	150.224
0.25	-45	85.1814
0.25	-45	138.7
0.25	-45	19.2784
0.25	-45	138.054
0.25	-45	-65.4991
0.25	-45	41.0862
0.25	-45	-133.469
0.25	-45	-5.88099
0.25	-45	36.9342
0.25	-45	-113.776
0.25	-45	-70.1107
0.25	-45	81.1452
0.25	-45	-71.765
0.25	-45	-139.683
0.25	-45	167.263
0.25	-45	-38.4839
0.25	-45	-35.7385
0.25	-45	-164.476
0.25	-45	-27.2597
0.25	-45	-166.278
0.25	-45	-94.3794
0.25	-45	75.7756
0.25	-45	-154.692
0.25	-45	-70.3622
0.25	-45	-129.2
0.25	-45	111.181
0.25	-45	104.909
0.25	-45	-21.3587
0.25	-45	70.8048
0.25	-45	42.3361
0.25	-45	-149.056
0.25	-45	4.34461
0.25	-45	-5.83271
0.25	-45	109.354
0.25	-45	-156.764
0.25	-45	158.878
0.25	-45	-118.757
0.25	-45	59.4293
0.25	-45	167.852
0.25	-45	-156.457
0.25	-45	-112.127
0.25	-45	-144.974
0.25	-45	24.9881
0.25	-45	-89.6585
0.25	-45	-27.2982
0.25	-45	47.4582
0.25	-45	-157.541
0.25	-45	-177.346
0.25	-45	-135.794
0.25	-45	132.267
0.25	-45	-53.5359
0.25	-45	-60.7114
0.25	-45	-158.633
0.25	-45	-165.993
0.25	-45	163.21
0.25	-45	6.5013
0.25	-45	144.114
0.25	-45	176.403
0.25	-45	106.925
0.25	-45	-3.81742
0.25	-45	-85.3677
0.25	-45	47.9109
0.25	-45	-137.241
0.25	-45	-19.8128
0.25	-45	63.3352
0.25	-45	-31.4338
0.25	-45	28.7804
0.25	-45	-18.571
0.25	-45	57.2935
0.25	-45	-163.04
0.25	-45	67.0762
0.25	-45	168.061
0.25	-45	101.566
0.25	-45	-122.521
0.25	-45	101.15
0.25	-45	82.3029
0.25	-45	-85.2508
0.25	-45	-88.8122
0.25	-45	-15.1908
0.25	-45	-76.767
0.25	-45	-75.4874
0.25	-45	-32.9139
0.25	-45	-176.815
0.25	-45	-6.42245
0.25	-45	127.926
0.25	-45	-132.488
0.25	-45	108.106
0.25	-45	93.0246
0.25	-45	110.917
0.25	-45	-28.6354
0.25	-45	-84.7555
0.25	-45	108.843
0.25	-45	154.996
0.25	-45	119.522
0.25	-45	129.353
0.25	-45	-61.5156
0.25	-45	-156.422
0.25	-45	25.8022
0.25	-45	5.74589
0.25	-45	145.069
0.25	-45	160.58
0.25	-45	-75.5907
0.25	-45	11.9264
0.25	-45	-47.1201
0.25	-45	-63.6675
0.25	-45	-100.689
0.25	-45	139.984
0.25	-45	-16.0169
0.25	-45	72.9599
0.25	-45	176.42
0.25	-45	25.3835
0.25	-45	-115.551
0.25	-45	164.63
0.25	-45	-66.3866
0.25	-45	-10.3264
0.25	-45	-111.474
0.25	-45	-153.136
0.25	-45	94.0697
0.25	-45	-79.6615
0.25	-45	63.3056
0.25	-45	-130.765
0.25	-45	-133.429
0.25	-45	161.876
0.25	-45	-27.076
0.25	-45	127.419
0.25	-45	178.994
0.25	-45	-10.5741
0.25	-45	-117.343
0.25	-45	159.142
0.25	-45	31.8189
0.25	-45	95.9435
0.25	-45	103.458
0.25	-45	-13.6967
0.25	-45	17.6314
0.25	-45	-128.613
0.25	-45	145.85
0.25	-45	177.366
0.25	-45	-163.172
0.25	-45	176.228
0.25	-45	-68.3162
0.25	-45	176.209
0.25	-45	-52.8488
0.25	-45	12.3766
0.25	-45	-44.0012
0.25	-45	41.068
0.25	-45	78.1639
0.25	-45	121.835
0.25	-45	-40.2156
0.25	-45	-124.91
0.25	-45	-172.035
0.25	-45	142.92
0.25	-45	162.596
0.25	-45	-101.319
0.25	-45	-149.665
0.25	-45	-173.153
0.25	-45	-102.173
0.25	-45	-52.4929
0.25	-45	4.85505
0.25	-45	-126.974
0.25	-45	-143.864
0.25	-45	165.476
0.25	-45	-133.562
0.25	-45	-107.423
0.25	-45	-1.69264
0.25	-45	29.3327
0.25	-45	147.812
0.25	-45	118.297
0.25	-45	154.091
0.25	-45	137.628
0.25	-45	109.437
0.25	-45	26.3148
0.25	-45	-117.976
0.25	-45	-116.035
0.25	-45	123.174
0.25	-45	93.201
0.25	-45	-20.4381
0.25	-45	35.5518
0.25	-45	-113.817
0.25	-45	-72.063
0.25	-45	126.695
0.25	-45	-102.084
0.25	-45	-120.65
0.25	-45	144.593
0.25	-45	-90.7515
0.25	-45	-83.7621
0.25	-45	0.248811
0.25	-45	-70.9968
0.25	-45	-91.3837
0.25	-45	65.2352
0.25	-45	-158.607
0.25	-45	-129.751
0.25	-45	168.034
0.25	-45	101.016
0.25	-45	101.041
0.25	-45	135.427
0.25	-45	-172.014
0.25	-45	150.026
0.25	-45	-149.601
0.25	-45	22.3282
0.25	-45	4.93711
0.25	-45	105.395
0.25	-45	95.1973
0.25	-45	-152.303
0.25	-45	59.929
0.25	-45	-150.708
0.25	-45	115.407
0.25	-45	-165.107
0.25	-45	158.072
0.25	-45	122.628
0.25	-45	83.8581
0.25	-45	22.4026
0.25	-45	97.6393
0.25	-45	34.9943
0.25	-45	97.0253
0.25	-45	66.8832
0.25	-45	147.28
0.25	-45	-59.066
0.25	-45	71.6675
0.25	-45	93.4403
0.25	-45	179.226
0.25	-45	-159.129
0.25	-45	-89.0603
0.25	-45	-177.85
0.25	-45	-37.6613
0.25	-45	-44.3047
0.25	-45	-39.2282
0.25	-45	38.4498
0.25	-45	156.13
0.25	-45	126.956
0.25	-45	80.6071
0.25	-45	167.449
0.25	-45	57.1202
0.25	-45	-138.939
0.25	-45	-44.6904
0.25	-45	-45.0261
0.25	-45	80.626
0.25	-45	-28.4427
0.25	-45	-1.22574
0.25	-45	-177.602
0.25	-45	-122.591
0.25	-45	-119.581
0.25	-45	156.709
0.25	-45	-130.285
0.25	-45	130.066
0.25	-45	-92.6421
0.25	-45	-69.5743
0.25	-45	127.846
0.25	-45	-40.4752
0.25	-45	-74.7624
0.25	-45	-105.841
0.25	-45	11.5133
0.25	-45	-106.557
0.25	-45	6.29536
0.25	-45	-72.3229
0.25	-45	6.99491
0.25	-45	7.11424
0.25	-45	-105.699
0.25	-45	32.3102
0.25	-45	-146.984
0.25	-45	22.8718
0.25	-45	23.0423
0.25	-45	-68.5192
0.25	-45	-15.0357
0.25	-45	41.7779
0.25	-45	38.2214
0.25	-45	-79.8172
0.25	-45	-10.2369
0.25	-45	169.034
0.25	-45	141.333
0.25	-45	-151.984
0.25	-45	122.221
0.25	-45	-111.018
0.25	-45	-36.9838
0.25	-45	84.6849
0.25	-45	-83.254
0.25	-45	60.2418
0.25	-45	105.664
0.25	-45	-167.794
0.25	-45	43.3002
0.25	-45	143.639
0.25	-45	-38.8222
0.25	-45	5.26498
0.25	-45	119.573
0.25	-45	-149.523
0.25	-45	-26.7163
0.25	-45	-118.119
0.25	-45	47.4202
0.25	-45	-138.128
0.25	-45	63.3471
0.25	-45	-63.0645
0.25	-45	-92.389
0.25	-45	-25.5722
0.25	-45	79.4278
0.25	-45	43.7284
0.25	-45	132.789
0.25	-45	42.7514
0.25	-45	0.705383
0.25	-45	-88.7094
0.25	-45	5.37388
0.25	-45	-17.3234
0.25	-45	-29.9453
0.25	-45	22.5754
