pol	setting	phi
0.3	45	-31.0227
0.3	45	-146.587
0.3	45	18.2045
0.3	45	-139.9
0.3	45	-130.424
0.3	45	-179.34
0.3	45	-40.21
0.3	45	120.953
0.3	45	-15.7968
0.3	45	-50.5821
0.3	45	16.7898
0.3	45	-136.736
0.3	45	-7.57162
0.3	45	-71.2734
0.3	45	50.9703
0.3	45	-119.294
0.3	45	142.926
0.3	45	128.374
0.3	45	-96.0134
0.3	45	157.34
0.3	45	-171.109
0.3	45	-141.899
0.3	45	-120.19
0.3	45	29.5564
0.3	45	-8.22697
0.3	45	61.3932
0.3	45	64.3031
0.3	45	22.0967
0.3	45	118.935
0.3	45	-11.6881
0.3	45	87.4079
0.3	45	10.1482
0.3	45	137.663
0.3	45	-111.374
0.3	45	37.5352
0.3	45	-2.73601
0.3	45	-109.41
0.3	45	-31.4734
0.3	45	29.3565
0.3	45	-165.193
0.3	45	166.566
0.3	45	102.806
0.3	45	101.368
0.3	45	-30.9583
0.3	45	78.0252
0.3	45	-70.1012
0.3	45	-41.5083
0.3	45	-31.6943
0.3	45	83.8206
0.3	45	-176.771
0.3	45	67.0446
0.3	45	-128.524
0.3	45	165.436
0.3	45	62.2045
0.3	45	-114.72
0.3	45	33.1771
0.3	45	100.649
0.3	45	-56.6604
0.3	45	105.361
0.3	45	19.2007
0.3	45	-47.3736
0.3	45	123.518
0.3	45	164.588
0.3	45	173.435
0.3	45	90.5163
0.3	45	-148.697
0.3	45	38.9951
0.3	45	-31.0886
0.3	45	-50.7081
0.3	45	149.813
0.3	45	154.933
0.3	45	-73.8763
0.3	45	-66.6972
0.3	45	-12.1352
0.3	45	120.992
0.3	45	-149.443
0.3	45	-37.5441
0.3	45	-129.235
0.3	45	100.725
0.3	45	148.999
0.3	45	179.898
0.3	45	124.829
0.3	45	-36.4685
0.3	45	84.7232
0.3	45	-86.1327
0.3	45	4.61645
0.3	45	4.18767
0.3	45	6.74979
0.3	45	-1.03502
0.3	45	-24.8935
0.3	45	-76.4181
0.3	45	79.4549
0.3	45	34.0246
0.3	45	-117.247
0.3	45	-86.8603
0.3	45	-153.206
0.3	45	-177.521
0.3	45	154.308
0.3	45	170.796
0.3	45	-136.166
0.3	45	-72.5192
0.3	45	81.805
0.3	45	126.111
0.3	45	-4.0965
0.3	45	132.746
0.3	45	43.444
0.3	45	-134.709
0.3	45	-58.0652
0.3	45	131.514
0.3	45	109.317
0.3	45	105.728
0.3	45	-11.5092
0.3	45	44.3073
0.3	45	64.6741
0.3	45	-144.532
0.3	45	-129.945
0.3	45	156.937
0.3	45	69.3995
0.3	45	-56.3207
0.3	45	-112.434
0.3	45	-20.8261
0.3	45	132.532
0.3	45	90.5457
0.3	45	-89.435
0.3	45	-152.666
0.3	45	-28.1125
0.3	45	-21.8574
0.3	45	-30.7779
0.3	45	20.7464
0.3	45	-159.857
0.3	45	-178.625
0.3	45	-124.034
0.3	45	64.1629
0.3	45	105.341
0.3	45	129.474
0.3	45	78.7152
0.3	45	0.228568
0.3	45	84.8635
0.3	45	132.621
0.3	45	-176.749
0.3	45	-47.9081
0.3	45	167.999
0.3	45	-149.525
0.3	45	23.7677
0.3	45	84.1869
0.3	45	-170.698
0.3	45	-27.8778
0.3	45	74.5527
0.3	45	134.494
0.3	45	-76.3114
0.3	45	-107.733
0.3	45	-107.498
0.3	45	16.2738
0.3	45	-170.874
0.3	45	35.5626
0.3	45	-80.7977
0.3	45	-167.804
0.3	45	-62.9128
0.3	45	-143.428
0.3	45	102.057
0.3	45	-9.31766
0.3	45	176.792
0.3	45	160.782
0.3	45	86.7265
0.3	45	-59.3264
0.3	45	114.338
0.3	45	75.9629
0.3	45	-65.6582
0.3	45	-164.785
0.3	45	-33.3815
0.3	45	-7.91867
0.3	45	-167.728
0.3	45	-21.2678
0.3	45	94.2953
0.3	45	48.0141
0.3	45	-86.6933
0.3	45	-128.951
0.3	45	-80.9808
0.3	45	123.539
0.3	45	11.2257
0.3	45	-1.8981
0.3	45	-142.842
0.3	45	-137.93
0.3	45	72.9882
0.3	45	78.7807
0.3	45	-153.087
0.3	45	-20.7872
0.3	45	5.04784
0.3	45	-167.146
0.3	45	84.1292
0.3	45	172.536
0.3	45	-107.948
0.3	45	-36.6007
0.3	45	-16.8316
0.3	45	-21.1625
0.3	45	-139.84
0.3	45	-52.5997
0.3	45	22.4836
0.3	45	123.831
0.3	45	-3.8676
0.3	45	-166.783
0.3	45	154.132
0.3	45	-176.034
0.3	45	96.3842
0.3	45	175.125
0.3	45	172.323
0.3	45	129.128
0.3	45	-103.891
0.3	45	95.271
0.3	45	-34.5837
0.3	45	-177.282
0.3	45	-47.7089
0.3	45	5.07773
0.3	45	-121.909
0.3	45	15.6548
0.3	45	-30.8447
0.3	45	151.568
0.3	45	-136.725
0.3	45	119.866
0.3	45	88.348
0.3	45	136.949
0.3	45	-59.4419
0.3	45	24.1457
0.3	45	161.91
0.3	45	-112.457
0.3	45	65.5736
0.3	45	-119.135
0.3	45	152.921
0.3	45	-74.0209
0.3	45	5.50347
0.3	45	-18.5226
0.3	45	-110.213
0.3	45	-71.1168
0.3	45	63.8746
0.3	45	-27.1008
0.3	45	53.9946
0.3	45	95.245
0.3	45	94.5744
0.3	45	155.876
0.3	45	8.06393
0.3	45	91.6196
0.3	45	164.824
0.3	45	162.7
0.3	45	72.6995
0.3	45	49.403
0.3	45	49.728
0.3	45	169.306
0.3	45	-140.553
0.3	45	80.983
0.3	45	-52.4293
0.3	45	2.26358
0.3	45	11.4814
0.3	45	163.35
0.3	45	107.157
0.3	45	-109.569
0.3	45	-51.9209
0.3	45	136.451
0.3	45	31.2144
0.3	45	174.478
0.3	45	156.808
0.3	45	-117.306
0.3	45	-159.128
0.3	45	-38.5874
0.3	45	158.761
0.3	45	-0.707132
0.3	45	141.304
0.3	45	-44.4655
0.3	45	-117.962
0.3	45	2.8066
0.3	45	-38.8593
0.3	45	-52.3129
0.3	45	83.2058
0.3	45	-66.0269
0.3	45	-85.7615
0.3	45	111.138
0.3	45	103.835
0.3	45	95.7841
0.3	45	59.9856
0.3	45	-61.9294
0.3	45	89.6585
0.3	45	-119.592
0.3	45	152.89
0.3	45	-42.5178
0.3	45	121.872
0.3	45	178.027
0.3	45	-116.414
0.3	45	-47.9054
0.3	45	53.5806
0.3	45	-147.174
0.3	45	56.5624
0.3	45	8.28414
0.3	45	17.1691
0.3	45	150.563
0.3	45	-5.40207
0.3	45	132.405
0.3	45	168.948
0.3	45	-174.18
0.3	45	-11.4415
0.3	45	128.783
0.3	45	-36.743
0.3	45	111.531
0.3	45	81.4495
0.3	45	-52.1516
0.3	45	-85.9498
0.3	45	-10.8143
0.3	45	79.6842
0.3	45	-67.2435
0.3	45	-23.8753
0.3	45	-25.6469
0.3	45	-41.3455
0.3	45	104.441
0.3	45	-24.0918
0.3	45	62.3729
0.3	45	47.101
0.3	45	-38.1476
0.3	45	101.147
0.3	45	-98.3195
0.3	45	138.208
0.3	45	88.4048
0.3	45	154.208
0.3	45	19.5492
0.3	45	-96.9612
0.3	45	168.778
0.3	45	70.8023
0.3	45	-88.4948
0.3	45	8.24934
0.3	45	-82.8569
0.3	45	-122.553
0.3	45	26.9499
0.3	45	-100.406
0.3	45	-79.0863
0.3	45	74.5349
0.3	45	64.73
0.3	45	-83.5901
0.3	45	41.2006
0.3	45	-129.04
0.3	45	-138.341
0.3	45	-12.7668
0.3	45	-107.081
0.3	45	-159.776
0.3	45	178.999
0.3	45	172.829
0.3	45	-37.5944
0.3	45	-117.204
0.3	45	-75.9866
0.3	45	78.2534
0.3	45	-141.995
0.3	45	-150.54
0.3	45	103.127
0.3	45	-126.934
0.3	45	19.7414
0.3	45	-23.4066
0.3	45	21.2734
0.3	45	-144.491
0.3	45	147.929
0.3	45	-47.6464
0.3	45	73.3636
0.3	45	-30.6145
0.3	45	-5.61718
0.3	45	130.772
0.3	45	-109.187
0.3	45	144.788
0.3	45	-170.568
0.3	45	-113.161
0.3	45	13.846
0.3	45	-23.9249
0.3	45	123.158
0.3	45	88.9828
0.3	45	38.7923
0.3	45	10.6245
0.3	45	60.0317
0.3	45	128.584
0.3	45	-29.323
0.3	45	-56.2226
0.3	45	80.2099
0.3	45	119.345
0.3	45	-158.498
0.3	45	-82.521
0.3	45	131.238
0.3	45	-90.0384
0.3	45	-79.871
0.3	45	-144.154
0.3	45	-79.1433
0.3	45	5.30653
0.3	45	100.864
0.3	45	-34.8584
0.3	45	115.124
0.3	45	-65.8595
0.3	45	47.4811
0.3	45	31.7499
0.3	45	18.0587
0.3	45	107.691
0.3	45	63.4017
0.3	45	84.3578
0.3	45	-120.026
0.3	45	103.483
0.3	45	-176.274
0.3	45	25.5036
0.3	45	101.963
0.3	45	-61.6852
0.3	45	-130.509
0.3	45	174.803
0.3	45	-44.6529
0.3	45	178.26
0.3	45	-129.02
0.3	45	-114.455
0.3	45	-149.857
0.3	45	104.321
0.3	45	97.3171
0.3	45	-43.2343
0.3	45	4.24021
0.3	45	-40.2287
0.3	45	10.1005
0.3	45	-137.13
0.3	45	14.8458
0.3	45	159.603
0.3	45	-14.6451
0.3	45	108.67
0.3	45	62.9268
0.3	45	40.9397
0.3	45	-28.5722
0.3	45	177.458
0.3	45	168.122
0.3	45	-109.897
0.3	45	-69.5816
0.3	45	-33.8771
0.3	45	129.885
0.3	45	132.912
0.3	45	-64.7387
0.3	45	-63.6076
0.3	45	-92.9871
0.3	45	-174.267
0.3	45	-66.9031
0.3	45	168.627
0.3	45	110.019
0.3	45	81.3569
0.3	45	-21.1084
0.3	45	-10.3279
0.3	45	-24.9536
0.3	45	45.7273
0.3	45	25.9505
0.3	45	-29.7765
0.3	45	-121.902
0.3	45	-64.778
0.3	45	-40.419
0.3	45	129.56
0.3	45	-57.0393
0.3	45	84.0066
0.3	45	170.139
0.3	45	-120.188
0.3	45	121.815
0.3	45	-130.955
0.3	45	-17.8394
0.3	45	31.566
0.3	45	-36.4557
0.3	45	-178.887
0.3	45	-108.798
0.3	45	-177.817
0.3	45	37.8511
0.3	45	-75.3607
0.3	45	156.52
0.3	45	-162.689
0.3	45	-23.0436
0.3	45	137.903
0.3	45	67.0374
0.3	45	-128.303
0.3	45	-34.838
0.3	45	120.582
0.3	45	-45.0528
0.3	45	-102.618
0.3	45	109.42
0.3	45	26.2601
0.3	45	78.8628
0.3	45	-116.126
0.3	45	-170.056
0.3	45	107.709
0.3	45	59.1982
0.3	45	84.4096
0.3	45	92.5264
0.3	45	-42.2757
0.3	45	-32.3774
0.3	45	-171.542
0.3	45	7.64615
0.3	45	127.364
0.3	45	-82.7754
0.3	45	164.391
0.3	45	31.3097
0.3	45	-69.3369
0.3	45	-53.0303
0.3	45	13.702
0.3	45	-85.7646
0.3	45	-66.9225
0.3	45	131.028
0.3	45	-160.757
0.3	45	100.815
0.3	45	-168.288
0.3	45	-94.4631
0.3	45	-92.482
0.3	45	-15.5201
0.3	45	54.4025
0.3	45	16.005
0.3	45	18.6577
0.3	45	-58.7078
0.3	45	-175.234
0.3	45	-136.911
0.3	45	125.817
0.3	45	27.7913
0.3	45	85.2085
0.3	45	-61.8064
0.3	45	-127.15
0.3	45	-84.456
0.3	45	-96.3067
0.3	45	168.041
0.3	45	-86.8067
0.3	45	-78.4253
0.3	45	-25.7787
0.3	45	-176.148
0.3	45	81.8375
0.3	45	147.412
0.3	45	-79.6221
0.3	45	103.016
0.3	45	86.3125
0.3	45	-101.605
0.3	45	-102.264
0.3	45	-44.7288
0.3	45	47.2593
0.3	45	135.495
0.3	45	-133.569
0.3	45	-42.0769
0.3	45	114.253
0.3	45	-148.472
0.3	45	30.7092
0.3	45	41.7149
0.3	45	69.7514
0.3	45	104.999
0.3	45	-130.5
0.3	45	-152.881
0.3	45	169.392
0.3	45	-50.2939
0.3	45	11.3927
0.3	45	-133.971
0.3	45	-112.601
0.3	45	-41.8123
0.3	45	-62.7909
0.3	45	-57.0482
0.3	45	-59.7426
0.3	45	-106.4
0.3	45	130.133
0.3	45	-78.9296
0.3	45	126.924
0.3	45	-24.7378
0.3	45	113.093
0.3	45	76.6507
0.3	45	141.685
0.3	45	65.8966
0.3	45	-8.99173
0.3	45	134.606
0.3	45	-135.206
0.3	45	106.398
0.3	45	-50.0238
0.3	45	-152.371
0.3	45	-62.7825
0.3	45	-69.4564
0.3	45	70.8547
0.3	45	139.579
0.3	45	-36.8523
0.3	45	-21.1015
0.3	45	169.118
0.3	45	-69.7124
0.3	45	85.0749
0.3	45	62.5816
0.3	45	-143.553
0.3	45	142.578
0.3	45	111.877
0.3	45	29.1762
0.3	45	-105.236
0.3	45	112.197
0.3	45	28.9651
0.3	45	76.2112
0.3	45	8.61568
0.3	45	144.753
0.3	45	22.653
0.3	45	85.6846
0.3	45	93.999
0.3	45	147.235
0.3	45	73.6008
0.3	45	137.195
0.3	45	-158.244
0.3	45	80.4232
0.3	45	129.233
0.3	45	16.5483
0.3	45	-87.9176
0.3	45	-88.5857
0.3	45	-172.175
0.3	45	60.3609
0.3	45	-40.9988
0.3	45	-96.1572
0.3	45	53.9993
0.3	45	154.966
0.3	45	119.047
0.3	45	54.8548
0.3	45	147.255
0.3	45	-58.1981
0.3	45	-26.1248
0.3	45	52.2124
0.3	45	-90.1894
0.3	45	99.9233
0.3	45	106.389
0.3	45	-151.432
0.3	45	-87.2767
0.3	45	34.5189
0.3	45	-65.9402
0.3	45	-117.117
0.3	45	-17.5599
0.3	45	28.8871
0.3	45	13.5873
0.3	45	80.9217
0.3	45	-116.494
0.3	45	-78.9854
0.3	45	-51.4348
0.3	45	64.5547
0.3	45	-59.2196
0.3	45	67.4315
0.3	45	14.3897
0.3	45	39.1751
0.3	45	90.3154
0.3	45	65.9883
0.3	45	95.1411
0.3	45	163.02
0.3	45	-62.5223
0.3	45	169.605
0.3	45	22.4747
0.3	45	12.9948
0.3	45	163.787
0.3	45	109.107
0.3	45	-7.36328
0.3	45	-95.6975
0.3	45	-41.3803
0.3	45	135.773
0.3	45	45.0228
0.3	45	-122.202
0.3	45	76.1311
0.3	45	76.4378
0.3	45	-79.1296
0.3	45	28.294
0.3	45	69.8063
0.3	45	97.818
0.3	45	-173.657
0.3	45	164.513
0.3	45	152.482
0.3	45	-164.969
0.3	45	-21.2448
0.3	45	71.785
0.3	45	-133.325
0.3	45	-57.8237
0.3	45	-64.8127
0.3	45	102.34
0.3	45	-74.4096
0.3	45	161.969
0.3	45	79.9152
0.3	45	30.3234
0.3	45	9.73796
0.3	45	-95.3516
0.3	45	51.2405
0.3	45	-33.3503
0.3	45	161.987
0.3	45	-23.9705
0.3	45	161.245
0.3	45	148.42
0.3	45	96.2697
0.3	45	84.5916
0.3	45	154.942
0.3	45	-141.42
0.3	45	50.6941
0.3	45	-100.881
0.3	45	-115.219
0.3	45	164.268
0.3	45	17.0259
0.3	45	-88.9781
0.3	45	-38.763
0.3	45	-165.135
0.3	45	137.436
0.3	45	-35.8297
0.3	45	49.8929
0.3	45	-162.018
0.3	45	-66.4974
0.3	45	123.294
0.3	45	9.30753
0.3	45	166.266
0.3	45	139.765
0.3	45	149.279
0.3	45	126.422
0.3	45	-168.697
0.3	45	-107.581
0.3	45	98.1763
0.3	45	136.014
0.3	45	74.6263
0.3	45	8.58572
0.3	45	171.209
0.3	45	-72.0998
0.3	45	154.467
0.3	45	59.0321
0.3	45	-67.5595
0.3	45	-89.6893
0.3	45	-0.127345
0.3	45	-102.204
0.3	45	75.7575
0.3	45	34.4507
0.3	45	-72.1397
0.3	45	-132.298
0.3	45	21.7586
0.3	45	-3.18726
0.3	45	-39.3182
0.3	45	-22.2125
0.3	45	76.2582
0.3	45	161.187
0.3	45	-112.618
0.3	45	88.891
0.3	45	-37.234
0.3	45	-21.4225
0.3	45	44.4098
0.3	45	-145.255
0.3	45	-31.238
0.3	45	-118.581
0.3	45	-148.29
0.3	45	109.903
0.3	45	-8.45251
0.3	45	94.5797
0.3	45	124.866
0.3	45	-64.4586
0.3	45	166.233
0.3	45	166.647
0.3	45	-78.5198
0.3	45	34.3644
0.3	45	48.9987
0.3	45	-92.6717
0.3	45	156.615
0.3	45	128.143
0.3	45	-81.1715
0.3	45	141.27
0.3	45	-62.0292
0.3	45	-158.997
0.3	45	-13.4449
0.3	45	125.184
0.3	45	113.109
0.3	45	171.748
0.3	45	-25.2825
0.3	45	166.854
0.3	45	50.1029
0.3	45	-15.2385
0.3	45	80.9325
0.3	45	-26.433
0.3	45	-163.998
0.3	45	38.715
0.3	45	-67.9143
0.3	45	38.1962
0.3	45	157.831
0.3	45	-170.316
0.3	45	-22.0524
0.3	45	120.73
0.3	45	-118.518
0.3	45	-8.78442
0.3	45	111.392
0.3	45	-66.9957
0.3	45	137.254
0.3	45	60.8315
0.3	45	-90.8061
0.3	45	173.591
0.3	45	78.5706
0.3	45	-21.9771
0.3	45	53.3499
0.3	45	46.0028
0.3	45	93.4525
0.3	45	121.265
0.3	45	40.7502
0.3	45	-70.2102
0.3	45	175.518
0.3	45	-161.014
0.3	45	155.356
0.3	45	-90.5893
0.3	45	-64.0178
0.3	45	-100.276
0.3	45	76.6316
0.3	45	83.3948
0.3	45	-105.054
0.3	45	59.1134
0.3	45	-44.3143
0.3	45	-40.4118
0.3	45	-121.52
0.3	45	43.7774
0.3	45	-64.7002
0.3	45	-177.346
0.3	45	110.363
0.3	45	-18.4412
0.3	45	-139.261
0.3	45	-179.993
0.3	45	-141.846
0.3	45	161.319
0.3	45	-45.2295
0.3	45	44.0697
0.3	45	151.179
0.3	45	-156.892
0.3	45	-86.8552
0.3	45	-26.6677
0.3	45	-85.1985
0.3	45	-26.7329
0.3	45	104.615
0.3	45	34.0645
0.3	45	-137.456
0.3	45	-45.164
0.3	45	71.8635
0.3	45	144.879
0.3	45	-96.4936
0.3	45	131.589
0.3	45	-122.314
0.3	45	167.136
0.3	45	-106.456
0.3	45	162.445
0.3	45	177.915
0.3	45	177.233
0.3	45	17.7838
0.3	45	126.651
0.3	45	-135.048
0.3	45	131.628
0.3	45	86.2384
0.3	45	-30.5511
0.3	45	82.0123
0.3	45	171.456
0.3	45	-158.221
0.3	45	-17.9275
0.3	45	-17.6508
0.3	45	176.032
0.3	45	3.62811
0.3	45	-164.343
0.3	45	98.8963
0.3	45	140.577
0.3	45	107.308
0.3	45	-70.0833
0.3	45	-86.2055
0.3	45	-89.2782
0.3	45	-153.197
0.3	45	94.4698
0.3	45	172.444
0.3	45	159.183
0.3	45	-122.018
0.3	45	13.9207
0.3	45	94.429
0.3	45	1.55973
0.3	45	168.964
0.3	45	-153.678
0.3	45	76.6975
0.3	45	177.988
0.3	45	-9.72049
0.3	45	-3.67071
0.3	45	-12.9484
0.3	45	-154.455
0.3	45	-110.704
0.3	45	-85.932
0.3	45	-74.0843
0.3	45	129.479
0.3	45	-106.192
0.3	45	-162.423
0.3	45	-172.296
0.3	45	-157.008
0.3	45	-48.6098
0.3	45	65.774
0.3	45	107.378
0.3	45	69.7432
0.3	45	-51.3639
0.3	45	-25.8393
0.3	45	109.184
0.3	45	-144.646
0.3	45	76.7442
0.3	45	102.205
0.3	45	-92.7746
0.3	45	179.688
0.3	45	64.697
0.3	45	-23.0592
0.3	45	-9.03544
0.3	45	94.6902
0.3	45	106.14
0.3	45	51.217
0.3	45	121.311
0.3	45	44.2291
0.3	45	-26.4752
0.3	45	-44.7605
0.3	45	125.417
0.3	45	137.823
0.3	45	-173.861
0.3	45	159.627
0.3	45	-6.41699
0.3	45	56.8635
0.3	45	79.7832
0.3	45	-160.682
0.3	45	-89.38
0.3	45	151.933
0.3	45	-128.746
0.3	45	7.41972
0.3	45	-112.732
0.3	45	122.096
0.3	45	110.523
0.3	45	-45.3446
0.3	45	168.147
0.3	45	64.6009
0.3	45	91.9841
0.3	45	23.8051
0.3	45	-162.613
0.3	45	-164.017
0.3	45	153.991
0.3	45	-73.6105
0.3	45	174.876
0.3	45	91.1562
0.3	45	-11.9336
0.3	45	-29.1447
0.3	45	-124.129
0.3	45	34.9113
0.3	45	81.0254
0.3	45	-81.9877
0.3	45	176.084
0.3	45	67.1975
0.3	45	63.6394
0.3	45	94.0096
0.3	45	-104.811
0.3	45	-28.1819
0.3	45	-118.793
0.3	45	25.8107
0.3	45	-173.155
0.3	45	2.81048
0.3	45	21.5098
0.3	45	109.295
0.3	45	-42.532
0.3	45	-139.469
0.3	45	73.7286
0.3	45	-109.005
0.3	45	70.6008
0.3	45	-133.839
0.3	45	82.6509
0.3	45	-20.81
0.3	45	16.8828
0.3	45	136.384
0.3	45	143.848
0.3	45	-38.8133
0.3	45	111.218
0.3	45	47.6805
0.3	45	-101.415
0.3	45	151.745
0.3	45	16.3811
0.3	45	160.837
0.3	45	53.1445
0.3	45	110.89
0.3	45	154.038
0.3	45	-164.418
0.3	45	93.7248
0.3	45	86.9902
0.3	45	14.6616
0.3	45	-154.787
0.3	45	25.0408
0.3	45	-86.5692
0.3	45	-100.799
0.3	45	115.649
0.3	45	30.8583
0.3	45	-29.2517
0.3	45	85.5049
0.3	45	-67.4836
0.3	45	-34.6197
0.3	45	-39.2906
0.3	45	86.4324
0.3	45	125.257
0.3	45	-132.117
0.3	45	-126.932
0.3	45	-97.7199
0.3	45	107.634
0.3	45	-157.117
0.3	45	10.8603
0.3	45	-60.096
0.3	45	103.53
0.3	45	-146.226
0.3	45	93.5214
0.3	45	120.023
0.3	45	-159.59
0.3	45	-43.4644
0.3	45	30.2721
0.3	45	170.653
0.3	45	177.708
0.3	45	95.747
0.3	45	-48.7811
0.3	45	-57.099
0.3	45	-122.475
0.3	45	104.039
0.3	45	-106.745
0.3	45	-53.8602
0.3	45	167.038
0.3	45	-115.667
0.3	45	51.8186
0.3	45	18.0666
0.3	45	68.6552
0.3	45	-93.6729
0.3	45	-80.2871
0.3	45	-126.177
0.3	45	127.303
0.25	-45	-134.141
0.25	-45	26.9988
0.25	-45	163.464
0.25	-45	128.346
0.25	-45	-69.6311
0.25	-45	73.917
0.25	-45	-137.529
0.25	-45	153.865
0.25	-45	-134.592
0.25	-45	-171.985
0.25	-45	26.2765
0.25	-45	128.081
0.25	-45	162.948
0.25	-45	-146.436
0.25	-45	-37.2217
0.25	-45	-152.329
0.25	-45	56.4946
0.25	-45	51.1116
0.25	-45	132.129
0.25	-45	-151.252
0.25	-45	38.9943
0.25	-45	-112.997
0.25	-45	-163.506
0.25	-45	-74.6765
0.25	-45	-23.1299
0.25	-45	10.5534
0.25	-45	94.9263
0.25	-45	-50.9033
0.25	-45	-10.8766
0.25	-45	-95.8598
0.25	-45	-117.444
0.25	-45	-145.582
0.25	-45	130.494
0.25	-45	-146.605
0.25	-45	-51.4763
0.25	-45	-31.4878
0.25	-45	166.972
0.25	-45	133.454
0.25	-45	-174.151
0.25	-45	-156.18
0.25	-45	58.5414
0.25	-45	94.5356
0.25	-45	-89.6213
0.25	-45	106.47
0.25	-45	-34.4198
0.25	-45	-165.806
0.25	-45	33.8977
0.25	-45	-162.509
0.25	-45	-150.863
0.25	-45	-175.642
0.25	-45	-139.578
0.25	-45	-139.911
0.25	-45	133.911
0.25	-45	177.447
0.25	-45	90.2931
0.25	-45	-48.6972
0.25	-45	150.106
0.25	-45	35.212
0.25	-45	-159.979
0.25	-45	52.0657
0.25	-45	-34.6049
0.25	-45	149.867
0.25	-45	121.366
0.25	-45	19.3587
0.25	-45	-88.433
0.25	-45	13.0205
0.25	-45	-3.29543
0.25	-45	158.701
0.25	-45	-76.7181
0.25	-45	-0.208196
0.25	-45	87.3786
0.25	-45	113.081
0.25	-45	-161.106
0.25	-45	20.2517
0.25	-45	93.8739
0.25	-45	80.5834
0.25	-45	-112.564
0.25	-45	-43.5912
0.25	-45	98.7882
0.25	-45	-13.7343
0.25	-45	48.4797
0.25	-45	159.676
0.25	-45	-73.5533
0.25	-45	121.754
0.25	-45	-102.689
0.25	-45	-36.5684
0.25	-45	27.8502
0.25	-45	120.58
0.25	-45	151.384
0.25	-45	-168.564
0.25	-45	60.0317
0.25	-45	-10.9191
0.25	-45	79.5959
0.25	-45	-68.3214
0.25	-45	-145.446
0.25	-45	-12.8801
0.25	-45	111.133
0.25	-45	67.7853
0.25	-45	-31.8194
0.25	-45	-177.775
0.25	-45	45.4386
0.25	-45	-11.436
0.25	-45	-130.593
0.25	-45	-13.8938
0.25	-45	-68.5795
0.25	-45	159.894
0.25	-45	159.909
0.25	-45	17.7051
0.25	-45	-102.295
0.25	-45	-25.2319
0.25	-45	76.6036
0.25	-45	20.8489
0.25	-45	-20.5944
0.25	-45	81.4069
0.25	-45	-44.6423
0.25	-45	79.6892
0.25	-45	84.8721
0.25	-45	171.035
0.25	-45	114.769
0.25	-45	-48.085
0.25	-45	172.241
0.25	-45	5.82091
0.25	-45	-63.8222
0.25	-45	-162.113
0.25	-45	172.225
0.25	-45	-36.74
0.25	-45	-71.6082
0.25	-45	-93.8044
0.25	-45	-115.038
0.25	-45	-66.9502
0.25	-45	45.0732
0.25	-45	-22.3909
0.25	-45	-153.335
0.25	-45	-154.28
0.25	-45	-164.255
0.25	-45	-87.0157
0.25	-45	161.022
0.25	-45	86.7415
0.25	-45	-91.5617
0.25	-45	-63.9149
0.25	-45	-9.70764
0.25	-45	173.329
0.25	-45	118.523
0.25	-45	114.934
0.25	-45	-37.1424
0.25	-45	72.0757
0.25	-45	-30.956
0.25	-45	-80.6933
0.25	-45	132.249
0.25	-45	100.084
0.25	-45	122.205
0.25	-45	-176.608
0.25	-45	-107.143
0.25	-45	-77.8811
0.25	-45	89.2393
0.25	-45	144.525
0.25	-45	7.43817
0.25	-45	168.043
0.25	-45	-81.0679
0.25	-45	-120.189
0.25	-45	-145.648
0.25	-45	-62.5858
0.25	-45	-140.509
0.25	-45	-72.7873
0.25	-45	-127.624
0.25	-45	43.02
0.25	-45	155.654
0.25	-45	-147.545
0.25	-45	128.203
0.25	-45	109.117
0.25	-45	102.993
0.25	-45	33.595
0.25	-45	74.6156
0.25	-45	119.334
0.25	-45	177.597
0.25	-45	-127.608
0.25	-45	-139.059
0.25	-45	52.7168
0.25	-45	27.1484
0.25	-45	136.632
0.25	-45	117.515
0.25	-45	73.7423
0.25	-45	132.397
0.25	-45	-110.181
0.25	-45	-96.6569
0.25	-45	-103.37
0.25	-45	-163.47
0.25	-45	109.891
0.25	-45	102.312
0.25	-45	-20.6618
0.25	-45	-60.3368
0.25	-45	-71.4756
0.25	-45	-147.31
0.25	-45	175.455
0.25	-45	-113.377
0.25	-45	59.0251
0.25	-45	27.4394
0.25	-45	104.057
0.25	-45	35.9263
0.25	-45	17.9313
0.25	-45	174.96
0.25	-45	-16.6186
0.25	-45	-7.61033
0.25	-45	-51.6254
0.25	-45	65.0654
0.25	-45	-34.0996
0.25	-45	-179.583
0.25	-45	63.5727
0.25	-45	-41.9797
0.25	-45	-3.88205
0.25	-45	157.942
0.25	-45	153.425
0.25	-45	42.7358
0.25	-45	-109.119
0.25	-45	69.7036
0.25	-45	-159.688
0.25	-45	-49.8235
0.25	-45	106.606
0.25	-45	74.8682
0.25	-45	-152.254
0.25	-45	131.987
0.25	-45	-129.712
0.25	-45	8.16301
0.25	-45	160.149
0.25	-45	165.538
0.25	-45	3.37285
0.25	-45	-144.301
0.25	-45	9.26561
0.25	-45	-101.703
0.25	-45	-132.291
0.25	-45	-110.825
0.25	-45	150.258
0.25	-45	-94.2072
0.25	-45	-77.5331
0.25	-45	-130.374
0.25	-45	13.1449
0.25	-45	169.078
0.25	-45	-175.755
0.25	-45	-175.026
0.25	-45	-107.857
0.25	-45	-10.1472
0.25	-45	-85.1063
0.25	-45	-18.4279
0.25	-45	66.6014
0.25	-45	153.358
0.25	-45	-3.81866
0.25	-45	-92.6478
0.25	-45	-143.096
0.25	-45	-141.374
0.25	-45	124.059
0.25	-45	65.3112
0.25	-45	53.9752
0.25	-45	-170.018
0.25	-45	-167.966
0.25	-45	65.2614
0.25	-45	94.881
0.25	-45	-135.016
0.25	-45	29.6251
0.25	-45	-51.3338
0.25	-45	-95.846
0.25	-45	1.06021
0.25	-45	-13.5393
0.25	-45	-100.785
0.25	-45	5.4084
0.25	-45	105.661
0.25	-45	-153.678
0.25	-45	32.359
0.25	-45	-118.406
0.25	-45	88.3266
0.25	-45	83.9703
0.25	-45	124.029
0.25	-45	95.0408
0.25	-45	-177.519
0.25	-45	-178.079
0.25	-45	111.569
0.25	-45	117.274
0.25	-45	100.749
0.25	-45	166.154
0.25	-45	-89.8483
0.25	-45	9.70934
0.25	-45	42.3719
0.25	-45	87.39
0.25	-45	155.732
0.25	-45	-179.133
0.25	-45	-78.0354
0.25	-45	124.61
0.25	-45	81.7368
0.25	-45	33.9568
0.25	-45	34.8113
0.25	-45	135.732
0.25	-45	36.4578
0.25	-45	-14.3955
0.25	-45	-18.6497
0.25	-45	-58.8019
0.25	-45	-96.9321
0.25	-45	177.614
0.25	-45	-12.144
0.25	-45	-4.99418
0.25	-45	2.87679
0.25	-45	27.6273
0.25	-45	-119.667
0.25	-45	-46.0252
0.25	-45	106.094
0.25	-45	-145.792
0.25	-45	-22.5098
0.25	-45	-15.701
0.25	-45	-115.07
0.25	-45	-158.328
0.25	-45	102.384
0.25	-45	-116.879
0.25	-45	-135.701
0.25	-45	-146.225
0.25	-45	-95.8689
0.25	-45	166.31
0.25	-45	117.926
0.25	-45	17.8725
0.25	-45	90.5813
0.25	-45	-96.1396
0.25	-45	116.66
0.25	-45	9.02814
0.25	-45	163.447
0.25	-45	155.491
0.25	-45	143.03
0.25	-45	-122.474
0.25	-45	163.185
0.25	-45	163.979
0.25	-45	-86.3375
0.25	-45	-52.2751
0.25	-45	-44.2831
0.25	-45	-75.764
0.25	-45	-105.131
0.25	-45	-41.0935
0.25	-45	-68.1407
0.25	-45	-50.8049
0.25	-45	-96.118
0.25	-45	4.27819
0.25	-45	-8.34556
0.25	-45	-15.3535
0.25	-45	-9.45828
0.25	-45	42.1974
0.25	-45	103.954
0.25	-45	159.775
0.25	-45	56.3445
0.25	-45	-72.4953
0.25	-45	124.145
0.25	-45	81.9435
0.25	-45	-127.115
0.25	-45	-52.2485
0.25	-45	89.5142
0.25	-45	154.047
0.25	-45	71.5282
0.25	-45	-168.694
0.25	-45	-145.928
0.25	-45	-59.0532
0.25	-45	129.34
0.25	-45	75.774
0.25	-45	149.848
0.25	-45	-144.794
0.25	-45	133.474
0.25	-45	-108.726
0.25	-45	-127.253
0.25	-45	-55.0392
0.25	-45	17.6547
0.25	-45	153.599
0.25	-45	120.728
0.25	-45	-171.63
0.25	-45	-117.538
0.25	-45	-115.311
0.25	-45	-31.6677
0.25	-45	-31.9964
0.25	-45	173.777
0.25	-45	24.5896
0.25	-45	-19.8547
0.25	-45	-155.542
0.25	-45	62.25
0.25	-45	-13.3931
0.25	-45	30.5982
0.25	-45	106.58
0.25	-45	-56.2303
0.25	-45	-73.7703
0.25	-45	112.472
0.25	-45	-54.3555
0.25	-45	-1.50344
0.25	-45	-12.1489
0.25	-45	166.584
0.25	-45	69.2882
0.25	-45	-6.10045
0.25	-45	103.354
0.25	-45	-163.517
0.25	-45	-113.194
0.25	-45	22.0542
0.25	-45	59.4126
0.25	-45	54.683
0.25	-45	99.9615
0.25	-45	-168.093
0.25	-45	-108.173
0.25	-45	137.279
0.25	-45	-153.889
0.25	-45	-166.116
0.25	-45	158.027
0.25	-45	17.1728
0.25	-45	-134.888
0.25	-45	137.396
0.25	-45	-1.56194
0.25	-45	6.50614
0.25	-45	-12.4179
0.25	-45	-76.77
0.25	-45	141.018
0.25	-45	-138.39
0.25	-45	51.3018
0.25	-45	-177.124
0.25	-45	112.637
0.25	-45	21.6474
0.25	-45	91.7785
0.25	-45	150.109
0.25	-45	-35.7762
0.25	-45	13.9652
0.25	-45	128.884
0.25	-45	-96.949
0.25	-45	-143.577
0.25	-45	-67.2647
0.25	-45	-66.0144
0.25	-45	-110.541
0.25	-45	1.46405
0.25	-45	165.198
0.25	-45	-169.009
0.25	-45	-141.367
0.25	-45	-153.302
0.25	-45	140.915
0.25	-45	41.0922
0.25	-45	-38.4537
0.25	-45	-110.461
0.25	-45	-176.464
0.25	-45	44.3206
0.25	-45	48.3078
0.25	-45	-86.8645
0.25	-45	138.189
0.25	-45	0.634088
0.25	-45	50.5303
0.25	-45	7.62528
0.25	-45	14.4094
0.25	-45	70.7622
0.25	-45	80.118
0.25	-45	-48.4181
0.25	-45	7.19116
0.25	-45	-99.8404
0.25	-45	-139.404
0.25	-45	-141.818
0.25	-45	16.1554
0.25	-45	28.4953
0.25	-45	-46.0622
0.25	-45	52.3322
0.25	-45	2.84548
0.25	-45	21.2821
0.25	-45	-93.8722
0.25	-45	153.013
0.25	-45	70.8314
0.25	-45	-40.9299
0.25	-45	-90.746
0.25	-45	71.9676
0.25	-45	-150.405
0.25	-45	113.875
0.25	-45	-28.0455
0.25	-45	-112.746
0.25	-45	-42.4791
0.25	-45	-31.519
0.25	-45	-11.7333
0.25	-45	-128.889
0.25	-45	82.0522
0.25	-45	139.712
0.25	-45	-124.402
0.25	-45	-134.03
0.25	-45	-89.8165
0.25	-45	87.0656
0.25	-45	55.4249
0.25	-45	-6.89205
0.25	-45	-20.9402
0.25	-45	173.495
0.25	-45	-129.928
0.25	-45	54.2936
0.25	-45	120.754
0.25	-45	-26.5235
0.25	-45	23.9274
0.25	-45	-18.1847
0.25	-45	-176.63
0.25	-45	177.651
0.25	-45	86.0645
0.25	-45	-35.0579
0.25	-45	-81.9276
0.25	-45	85.5786
0.25	-45	77.3523
0.25	-45	63.8654
0.25	-45	18.0091
0.25	-45	142.258
0.25	-45	-125.505
0.25	-45	23.9609
0.25	-45	-133.455
0.25	-45	98.3571
0.25	-45	-84.5563
0.25	-45	-149.702
0.25	-45	-128.087
0.25	-45	158.537
0.25	-45	-125.82
0.25	-45	-2.42768
0.25	-45	51.8616
0.25	-45	-62.789
0.25	-45	-2.09873
0.25	-45	89.2317
0.25	-45	-78.2581
0.25	-45	9.86621
0.25	-45	102.052
0.25	-45	-158.486
0.25	-45	-82.8211
0.25	-45	143.047
0.25	-45	20.5987
0.25	-45	162.905
0.25	-45	138.709
0.25	-45	-21.1428
0.25	-45	-84.942
0.25	-45	-134.795
0.25	-45	-91.4824
0.25	-45	-136.632
0.25	-45	16.0056
0.25	-45	141.207
0.25	-45	68.1003
0.25	-45	96.014
0.25	-45	36.0751
0.25	-45	-9.49233
0.25	-45	65.6301
0.25	-45	158.287
0.25	-45	34.0071
0.25	-45	57.0596
0.25	-45	-151.117
0.25	-45	-154.639
0.25	-45	-42.4503
0.25	-45	-130.295
0.25	-45	61.0953
0.25	-45	36.0283
0.25	-45	-171.448
0.25	-45	-103.936
0.25	-45	-88.8647
0.25	-45	9.96513
0.25	-45	129.374
0.25	-45	29.6032
0.25	-45	-155.726
0.25	-45	-59.4211
0.25	-45	82.3019
0.25	-45	149.814
0.25	-45	-174.443
0.25	-45	-141.486
0.25	-45	-121.679
0.25	-45	-110.963
0.25	-45	9.07789
0.25	-45	-65.7226
0.25	-45	-44.383
0.25	-45	-14.9754
0.25	-45	-32.2443
0.25	-45	-152.779
0.25	-45	40.7388
0.25	-45	-131.983
0.25	-45	-176.306
0.25	-45	-39.0649
0.25	-45	-60.9087
0.25	-45	-45.1285
0.25	-45	-92.267
0.25	-45	-49.904
0.25	-45	133.388
0.25	-45	3.53521
0.25	-45	-90.509
0.25	-45	41.9832
0.25	-45	28.1205
0.25	-45	0.885494
0.25	-45	131.471
0.25	-45	-141.675
0.25	-45	131.795
0.25	-45	-72.1894
0.25	-45	-1.01651
0.25	-45	120.253
0.25	-45	-100.043
0.25	-45	-7.07198
0.25	-45	7.34911
0.25	-45	29.2191
0.25	-45	-117.94
0.25	-45	45.5258
0.25	-45	-163.53
0.25	-45	162.42
0.25	-45	-114.42
0.25	-45	10.5959
0.25	-45	-125.72
0.25	-45	-47.4329
0.25	-45	-165.295
0.25	-45	30.7247
0.25	-45	-14.5346
0.25	-45	126.369
0.25	-45	-97.7007
0.25	-45	104.924
0.25	-45	-92.6706
0.25	-45	115.333
0.25	-45	124.034
0.25	-45	146.092
0.25	-45	29.1118
0.25	-45	-175.551
0.25	-45	-139.398
0.25	-45	-179.804
0.25	-45	159.607
0.25	-45	-98.7796
0.25	-45	-29.5225
0.25	-45	-39.8807
0.25	-45	-25.4488
0.25	-45	125.11
0.25	-45	-18.7433
0.25	-45	70.2921
0.25	-45	-8.36541
0.25	-45	-40.8693
0.25	-45	138.678
0.25	-45	152.703
0.25	-45	95.347
0.25	-45	-86.3726
0.25	-45	-162.08
0.25	-45	134.421
0.25	-45	-101.163
0.25	-45	-20.2346
0.25	-45	4.70199
0.25	-45	-155.147
0.25	-45	-174.617
0.25	-45	-158.916
0.25	-45	-30.8392
0.25	-45	18.3647
0.25	-45	63.2784
0.25	-45	-173.372
0.25	-45	5.56797
0.25	-45	-131.168
0.25	-45	141.922
0.25	-45	18.8901
0.25	-45	-2.42593
0.25	-45	117.608
0.25	-45	-155.22
0.25	-45	93.7354
0.25	-45	167.9
0.25	-45	90.491
0.25	-45	114.959
0.25	-45	-144.365
0.25	-45	-146.428
0.25	-45	51.9334
0.25	-45	130.322
0.25	-45	-16.3924
0.25	-45	71.2538
0.25	-45	138.62
0.25	-45	23.158
0.25	-45	170.604
0.25	-45	-108.688
0.25	-45	-110.151
0.25	-45	-57.9932
0.25	-45	-134.74
0.25	-45	62.1971
0.25	-45	-9.47389
0.25	-45	-171.832
0.25	-45	-120.488
0.25	-45	-18.6952
0.25	-45	107.294
0.25	-45	175.502
0.25	-45	-35.6628
0.25	-45	-149.548
0.25	-45	-118.72
0.25	-45	164.98
0.25	-45	-2.36599
0.25	-45	-12.0605
0.25	-45	117.876
0.25	-45	57.3221
0.25	-45	164.107
0.25	-45	-80.1575
0.25	-45	137.603
0.25	-45	-156.248
0.25	-45	-154.918
0.25	-45	-139.383
0.25	-45	-137.113
0.25	-45	38.5485
0.25	-45	-170.17
0.25	-45	-61.9861
0.25	-45	-128.721
0.25	-45	113.805
0.25	-45	-2.97126
0.25	-45	162.119
0.25	-45	61.1646
0.25	-45	-36.4886
0.25	-45	131.494
0.25	-45	90.8746
0.25	-45	142.452
0.25	-45	-155.245
0.25	-45	81.7588
0.25	-45	53.8425
0.25	-45	163.873
0.25	-45	-100.897
0.25	-45	-1.77435
0.25	-45	-1.11332
0.25	-45	13.4966
0.25	-45	-102.965
0.25	-45	83.3321
0.25	-45	-61.8159
0.25	-45	-67.5441
0.25	-45	123.204
0.25	-45	-113.293
0.25	-45	113.703
0.25	-45	40.8161
0.25	-45	-54.3069
0.25	-45	-19.5195
0.25	-45	34.3162
0.25	-45	-128.797
0.25	-45	-84.5996
0.25	-45	153.006
0.25	-45	4.48924
0.25	-45	23.4547
0.25	-45	28.0144
0.25	-45	92.5942
0.25	-45	103.327
0.25	-45	109.731
0.25	-45	11.8458
0.25	-45	90.7306
0.25	-45	-74.4065
0.25	-45	-48.3633
0.25	-45	107.461
0.25	-45	-160.71
0.25	-45	-57.2145
0.25	-45	-58.2708
0.25	-45	91.2289
0.25	-45	112.43
0.25	-45	108.304
0.25	-45	-97.1351
0.25	-45	49.9785
0.25	-45	-33.3318
0.25	-45	66.2397
0.25	-45	43.6781
0.25	-45	72.3987
0.25	-45	166.16
0.25	-45	-177.611
0.25	-45	150.89
0.25	-45	-113.948
0.25	-45	13.9917
0.25	-45	84.5214
0.25	-45	35.817
0.25	-45	-170.223
0.25	-45	55.869
0.25	-45	121.255
0.25	-45	-122.084
0.25	-45	53.2094
0.25	-45	-74.0091
0.25	-45	-109.118
0.25	-45	-51.684
0.25	-45	67.9204
0.25	-45	-25.5259
0.25	-45	51.9183
0.25	-45	27.4265
0.25	-45	123.878
0.25	-45	-111.22
0.25	-45	35.0735
0.25	-45	-78.147
0.25	-45	154.239
0.25	-45	-169.037
0.25	-45	-151.549
0.25	-45	53.6759
0.25	-45	79.9914
0.25	-45	107.953
0.25	-45	159.847
0.25	-45	173.462
0.25	-45	23.5924
0.25	-45	64.5461
0.25	-45	-120.984
0.25	-45	159.527
0.25	-45	91.1851
0.25	-45	-52.4443
0.25	-45	-135.415
0.25	-45	35.6683
0.25	-45	34.908
0.25	-45	-51.6407
0.25	-45	-109.126
0.25	-45	-101.396
0.25	-45	44.0783
0.25	-45	-164.696
0.25	-45	118.932
0.25	-45	175.374
0.25	-45	-176.845
0.25	-45	121.162
0.25	-45	-146.963
0.25	-45	156.952
0.25	-45	65.3568
0.25	-45	125.476
0.25	-45	-87.5372
0.25	-45	-115.025
0.25	-45	140.18
0.25	-45	176.239
0.25	-45	-97.4961
0.25	-45	-129.445
0.25	-45	-12.9351
0.25	-45	-34.1771
0.25	-45	134.895
0.25	-45	-164.807
0.25	-45	151.212
0.25	-45	5.75957
0.25	-45	-128.496
0.25	-45	117.796
