pol	setting	phi
0.3	45	-95.2027
0.3	45	-142.909
0.3	45	-62.3352
0.3	45	126.184
0.3	45	-50.9593
0.3	45	158.121
0.3	45	-107.806
0.3	45	152.296
0.3	45	-68.2812
0.3	45	-168.378
0.3	45	107.96
0.3	45	-174.284
0.3	45	-67.809
0.3	45	-60.1283
0.3	45	-51.3649
0.3	45	-107.749
0.3	45	42.0942
0.3	45	-83.4884
0.3	45	-70.8496
0.3	45	130.175
0.3	45	-126.653
0.3	45	170.641
0.3	45	16.8083
0.3	45	56.6493
0.3	45	77.3704
0.3	45	24.9573
0.3	45	106.164
0.3	45	-153.621
0.3	45	-164.552
0.3	45	74.5079
0.3	45	-50.0176
0.3	45	139.51
0.3	45	-109.46
0.3	45	-37.2653
0.3	45	-128.366
0.3	45	-175.051
0.3	45	-155.348
0.3	45	159.74
0.3	45	126.202
0.3	45	155.771
0.3	45	173.733
0.3	45	56.2532
0.3	45	-11.7384
0.3	45	153.265
0.3	45	20.6699
0.3	45	-121.095
0.3	45	50.574
0.3	45	-120.716
0.3	45	-51.0162
0.3	45	138.016
0.3	45	45.7204
0.3	45	-123.539
0.3	45	90.9969
0.3	45	-139.846
0.3	45	108.394
0.3	45	116.776
0.3	45	-172.109
0.3	45	15.9251
0.3	45	-24.1411
0.3	45	72.715
0.3	45	168.612
0.3	45	-156.388
0.3	45	103.845
0.3	45	-18.7965
0.3	45	-135.986
0.3	45	-153.707
0.3	45	-165.258
0.3	45	-59.6865
0.3	45	-82.7443
0.3	45	116.924
0.3	45	29.5271
0.3	45	93.1348
0.3	45	-121.31
0.3	45	-173.017
0.3	45	168.921
0.3	45	148.163
0.3	45	-9.6714
0.3	45	5.85493
0.3	45	119.66
0.3	45	144.813
0.3	45	92.1322
0.3	45	105.188
0.3	45	42.1283
0.3	45	54.505
0.3	45	-128.629
0.3	45	-122.288
0.3	45	162.363
0.3	45	162.524
0.3	45	-77.2855
0.3	45	100.12
0.3	45	154.889
0.3	45	33.2533
0.3	45	107.646
0.3	45	-175.568
0.3	45	-15.0324
0.3	45	70.1316
0.3	45	154.43
0.3	45	-28.9294
0.3	45	163.053
0.3	45	-74.4767
0.3	45	158.624
0.3	45	-52.3477
0.3	45	67.8696
0.3	45	-48.9831
0.3	45	21.3992
0.3	45	73.2387
0.3	45	156.852
0.3	45	-149.185
0.3	45	-79.7371
0.3	45	111.364
0.3	45	48.7915
0.3	45	-147.5
0.3	45	21.683
0.3	45	-69.9849
0.3	45	-37.4301
0.3	45	69.0539
0.3	45	-43.351
0.3	45	-83.476
0.3	45	-39.6456
0.3	45	-127.305
0.3	45	47.7661
0.3	45	-66.0977
0.3	45	29.213
0.3	45	28.8707
0.3	45	-6.02649
0.3	45	39.7039
0.3	45	-79.1954
0.3	45	109.488
0.3	45	-34.5629
0.3	45	171.1
0.3	45	98.867
0.3	45	-62.9158
0.3	45	74.3708
0.3	45	100.137
0.3	45	-131.756
0.3	45	32.7533
0.3	45	-174.251
0.3	45	71.8203
0.3	45	69.8485
0.3	45	95.4006
0.3	45	-145.826
0.3	45	12.1205
0.3	45	-34.5809
0.3	45	-48.3575
0.3	45	54.0153
0.3	45	-131.636
0.3	45	-71.443
0.3	45	-38.9893
0.3	45	151.689
0.3	45	0.348433
0.3	45	20.5732
0.3	45	-131.311
0.3	45	108.929
0.3	45	52.5644
0.3	45	81.357
0.3	45	-99.0938
0.3	45	51.1599
0.3	45	113.878
0.3	45	37.0942
0.3	45	77.8062
0.3	45	165.188
0.3	45	72.1101
0.3	45	12.2066
0.3	45	34.2582
0.3	45	-135.273
0.3	45	157.368
0.3	45	-173.084
0.3	45	73.4838
0.3	45	-3.99949
0.3	45	176.207
0.3	45	-138.138
0.3	45	-100.931
0.3	45	-42.0159
0.3	45	-48.9214
0.3	45	-99.4141
0.3	45	-147.076
0.3	45	-85.9932
0.3	45	-127.956
0.3	45	-27.9028
0.3	45	-7.52108
0.3	45	-95.8039
0.3	45	-86.6303
0.3	45	-93.8712
0.3	45	-75.8424
0.3	45	-63.5237
0.3	45	-45.7075
0.3	45	-13.0852
0.3	45	52.5989
0.3	45	82.1053
0.3	45	7.21318
0.3	45	69.7975
0.3	45	-50.4674
0.3	45	58.4922
0.3	45	19.8049
0.3	45	39.3059
0.3	45	162.814
0.3	45	86.4472
0.3	45	130.401
0.3	45	-37.9816
0.3	45	52.2607
0.3	45	-111.174
0.3	45	-118.991
0.3	45	-127.333
0.3	45	122.068
0.3	45	-45.4254
0.3	45	88.1698
0.3	45	-114.338
0.3	45	-39.6972
0.3	45	74.8245
0.3	45	164.026
0.3	45	144.733
0.3	45	-89.8998
0.3	45	122.912
0.3	45	154.175
0.3	45	-57.6103
0.3	45	149.139
0.3	45	-42.8291
0.3	45	-158.08
0.3	45	-17.8732
0.3	45	-20.4021
0.3	45	144.898
0.3	45	-133.714
0.3	45	-30.2561
0.3	45	171.432
0.3	45	165.914
0.3	45	175.625
0.3	45	72.7751
0.3	45	-51.8173
0.3	45	-113.574
0.3	45	158.041
0.3	45	164.21
0.3	45	-170.224
0.3	45	115.934
0.3	45	34.8827
0.3	45	79.2715
0.3	45	-100.863
0.3	45	-128.293
0.3	45	70.599
0.3	45	50.2271
0.3	45	51.6061
0.3	45	59.86
0.3	45	-105.302
0.3	45	-56.5319
0.3	45	-71.4514
0.3	45	152.202
0.3	45	132.224
0.3	45	-98.7218
0.3	45	16.1761
0.3	45	128.001
0.3	45	110.671
0.3	45	-54.444
0.3	45	145.86
0.3	45	-39.1322
0.3	45	153.917
0.3	45	35.1632
0.3	45	-64.1414
0.3	45	-21.4273
0.3	45	-57.6121
0.3	45	72.8501
0.3	45	36.9477
0.3	45	-39.2425
0.3	45	116.47
0.3	45	-70.8912
0.3	45	-46.5773
0.3	45	91.4632
0.3	45	-140.388
0.3	45	110.792
0.3	45	72.083
0.3	45	86.2947
0.3	45	176.805
0.3	45	-176.303
0.3	45	171.511
0.3	45	132.433
0.3	45	-145.415
0.3	45	-127.432
0.3	45	-151.518
0.3	45	8.62854
0.3	45	15.9833
0.3	45	-64.1076
0.3	45	167.758
0.3	45	-21.938
0.3	45	31.4518
0.3	45	-6.34424
0.3	45	-26.0072
0.3	45	-144.153
0.3	45	146.282
0.3	45	131.429
0.3	45	122.383
0.3	45	10.3138
0.3	45	-54.793
0.3	45	-48.3862
0.3	45	72.4833
0.3	45	-140.878
0.3	45	173.558
0.3	45	-10.3014
0.3	45	89.3857
0.3	45	-117.518
0.3	45	-79.1421
0.3	45	-78.8691
0.3	45	5.00821
0.3	45	-47.7631
0.3	45	-10.2636
0.3	45	73.0284
0.3	45	-116.135
0.3	45	162.722
0.3	45	-35.7548
0.3	45	-57.9173
0.3	45	88.405
0.3	45	-42.9747
0.3	45	144.128
0.3	45	32.9218
0.3	45	150.728
0.3	45	128.297
0.3	45	-173.569
0.3	45	-62.628
0.3	45	125.216
0.3	45	-100.383
0.3	45	-77.9973
0.3	45	20.4523
0.3	45	-128.869
0.3	45	-93.0255
0.3	45	74.2254
0.3	45	0.161802
0.3	45	36.2474
0.3	45	-138.874
0.3	45	-0.00749949
0.3	45	178.657
0.3	45	-144.692
0.3	45	-73.4154
0.3	45	-113.717
0.3	45	-135.386
0.3	45	-16.6325
0.3	45	-107.439
0.3	45	-116.072
0.3	45	140.554
0.3	45	-64.8346
0.3	45	155.486
0.3	45	-41.0287
0.3	45	4.20554
0.3	45	-87.9446
0.3	45	-172.396
0.3	45	81.5196
0.3	45	145.518
0.3	45	3.73842
0.3	45	17.1739
0.3	45	136.215
0.3	45	-138.574
0.3	45	-94.2042
0.3	45	-72.7011
0.3	45	-61.5532
0.3	45	-68.9814
0.3	45	0.399434
0.3	45	-40.1451
0.3	45	123.539
0.3	45	165.238
0.3	45	-104.606
0.3	45	-26.7328
0.3	45	-17.0703
0.3	45	-104.206
0.3	45	-132.674
0.3	45	170.359
0.3	45	57.764
0.3	45	-52.9324
0.3	45	2.64421
0.3	45	120.623
0.3	45	66.5612
0.3	45	127.757
0.3	45	-69.7088
0.3	45	-73.9248
0.3	45	-73.4977
0.3	45	95.2533
0.3	45	58.6084
0.3	45	-122.471
0.3	45	8.50573
0.3	45	-29.1628
0.3	45	-114.61
0.3	45	-85.1729
0.3	45	120.753
0.3	45	-106.831
0.3	45	125.403
0.3	45	91.0892
0.3	45	-2.75735
0.3	45	34.5165
0.3	45	-158.292
0.3	45	-101.581
0.3	45	-83.1214
0.3	45	160.505
0.3	45	-12.3707
0.3	45	-134.989
0.3	45	-113.664
0.3	45	-141.29
0.3	45	133.549
0.3	45	95.6997
0.3	45	163.208
0.3	45	-117.302
0.3	45	42.0543
0.3	45	-96.9451
0.3	45	-22.7874
0.3	45	164.961
0.3	45	171.989
0.3	45	-15.2253
0.3	45	-145.506
0.3	45	83.6222
0.3	45	-14.6452
0.3	45	-102.197
0.3	45	-59.7938
0.3	45	130.028
0.3	45	-19.9675
0.3	45	-121.837
0.3	45	-91.4607
0.3	45	-56.8323
0.3	45	48.0813
0.3	45	106.373
0.3	45	175.704
0.3	45	-9.43876
0.3	45	66.8324
0.3	45	2.32174
0.3	45	179.107
0.3	45	-165.302
0.3	45	31.1951
0.3	45	-81.3386
0.3	45	-111.903
0.3	45	100.716
0.3	45	-20.7045
0.3	45	69.3907
0.3	45	-130.397
0.3	45	174.015
0.3	45	71.2008
0.3	45	-108.824
0.3	45	123.18
0.3	45	-21.5172
0.3	45	37.4002
0.3	45	-116.907
0.3	45	65.9646
0.3	45	-146.484
0.3	45	11.2948
0.3	45	-35.2944
0.3	45	-115.415
0.3	45	178.786
0.3	45	-65.5777
0.3	45	148.878
0.3	45	75.5859
0.3	45	122.632
0.3	45	147.825
0.3	45	-156.426
0.3	45	-173.604
0.3	45	175.364
0.3	45	28.503
0.3	45	90.9184
0.3	45	-65.9278
0.3	45	-2.81574
0.3	45	106.661
0.3	45	158.284
0.3	45	-86.0676
0.3	45	-111.177
0.3	45	167.392
0.3	45	78.5269
0.3	45	-89.8543
0.3	45	143.961
0.3	45	-41.4884
0.3	45	-45.911
0.3	45	37.7817
0.3	45	-84.0072
0.3	45	-170.55
0.3	45	-126.758
0.3	45	-150.48
0.3	45	-0.171745
0.3	45	-179.953
0.3	45	-131.175
0.3	45	106.689
0.3	45	53.6857
0.3	45	-161.12
0.3	45	-86.5688
0.3	45	-95.6038
0.3	45	9.46729
0.3	45	176.27
0.3	45	149.172
0.3	45	-137.131
0.3	45	150.15
0.3	45	112.058
0.3	45	115.424
0.3	45	-153.245
0.3	45	124.226
0.3	45	165.399
0.3	45	122.425
0.3	45	-43.0902
0.3	45	166.582
0.3	45	154.906
0.3	45	-164.664
0.3	45	119.869
0.3	45	-20.0931
0.3	45	-40.8079
0.3	45	-79.069
0.3	45	149.905
0.3	45	-90.9249
0.3	45	108.587
0.3	45	-1.26273
0.3	45	8.28667
0.3	45	49.2104
0.3	45	-161.426
0.3	45	-33.7766
0.3	45	77.585
0.3	45	-58.2476
0.3	45	-60.3336
0.3	45	100.186
0.3	45	147.88
0.3	45	119.335
0.3	45	-133.216
0.3	45	125.485
0.3	45	81.8644
0.3	45	-71.3606
0.3	45	-169.207
0.3	45	42.5569
0.3	45	-156.736
0.3	45	98.2335
0.3	45	-54.7374
0.3	45	-4.65622
0.3	45	-77.7074
0.3	45	-86.2351
0.3	45	118.278
0.3	45	-48.3862
0.3	45	-147.656
0.3	45	-39.2108
0.3	45	166.668
0.3	45	-52.1692
0.3	45	110.411
0.3	45	20.4411
0.3	45	155.567
0.3	45	42.1402
0.3	45	171.66
0.3	45	-165.325
0.3	45	-29.2536
0.3	45	-45.8927
0.3	45	-150.596
0.3	45	-49.0036
0.3	45	157.344
0.3	45	48.0247
0.3	45	38.8309
0.3	45	-141.94
0.3	45	173.626
0.3	45	-23.4897
0.3	45	-45.4869
0.3	45	-145.991
0.3	45	-65.5768
0.3	45	-57.3786
0.3	45	22.7165
0.3	45	-68.8493
0.3	45	-63.2305
0.3	45	-145.957
0.3	45	40.5382
0.3	45	105.201
0.3	45	16.1738
0.3	45	2.05712
0.3	45	46.3898
0.3	45	137.448
0.3	45	-126.199
0.3	45	-103.796
0.3	45	107.771
0.3	45	-176.836
0.3	45	31.4766
0.3	45	-21.0451
0.3	45	148.298
0.3	45	-87.1278
0.3	45	-11.8571
0.3	45	119.826
0.3	45	-34.756
0.3	45	97.6204
0.3	45	133.198
0.3	45	-81.132
0.3	45	20.3035
0.3	45	147.258
0.3	45	125.029
0.3	45	136.835
0.3	45	115.335
0.3	45	-160.775
0.3	45	-132.135
0.3	45	111.474
0.3	45	-115.151
0.3	45	-172.286
0.3	45	170.613
0.3	45	34.535
0.3	45	107.113
0.3	45	160.697
0.3	45	77.4721
0.3	45	64.4701
0.3	45	159.404
0.3	45	78.3243
0.3	45	85.5016
0.3	45	-0.796645
0.3	45	44.1977
0.3	45	-0.550918
0.3	45	59.0664
0.3	45	159.53
0.3	45	45.2353
0.3	45	-25.3212
0.3	45	174.96
0.3	45	-89.601
0.3	45	-148.65
0.3	45	-111.33
0.3	45	36.7006
0.3	45	-28.0076
0.3	45	91.1983
0.3	45	81.003
0.3	45	-82.0307
0.3	45	-113.08
0.3	45	-10.8161
0.3	45	-41.0786
0.3	45	-81.9495
0.3	45	-151.834
0.3	45	-124.51
0.3	45	-106.688
0.3	45	123.637
0.3	45	137.307
0.3	45	142.64
0.3	45	132.324
0.3	45	137.948
0.3	45	97.77
0.3	45	-11.6863
0.3	45	55.0858
0.3	45	-62.1567
0.3	45	-2.84449
0.3	45	1.76642
0.3	45	25.2227
0.3	45	45.8385
0.3	45	-52.49
0.3	45	-81.6379
0.3	45	79.8907
0.3	45	3.83795
0.3	45	-37.3752
0.3	45	-55.6621
0.3	45	62.8157
0.3	45	-140.152
0.3	45	-0.762659
0.3	45	-137.393
0.3	45	147.917
0.3	45	-114.141
0.3	45	81.4616
0.3	45	-59.7868
0.3	45	-149.579
0.3	45	160.596
0.3	45	88.9785
0.3	45	22.5705
0.3	45	97.7997
0.3	45	-119.909
0.3	45	-113.545
0.3	45	-55.4894
0.3	45	-93.7887
0.3	45	156.4
0.3	45	-165.913
0.3	45	15.5782
0.3	45	-97.0371
0.3	45	-161.34
0.3	45	162.989
0.3	45	-144.069
0.3	45	162.11
0.3	45	-147.361
0.3	45	-130.25
0.3	45	-111.105
0.3	45	119.121
0.3	45	134.93
0.3	45	-6.23129
0.3	45	83.425
0.3	45	-149.987
0.3	45	-128.01
0.3	45	29.5775
0.3	45	86.3682
0.3	45	-73.9032
0.3	45	12.9975
0.3	45	-36.2821
0.3	45	136.724
0.3	45	-171.5
0.3	45	-137.183
0.3	45	-9.89959
0.3	45	-108.464
0.3	45	-138.964
0.3	45	116.608
0.3	45	-166.178
0.3	45	-17.5054
0.3	45	144.39
0.3	45	121.759
0.3	45	-133.48
0.3	45	123.88
0.3	45	172.822
0.3	45	-42.3638
0.3	45	-90.4601
0.3	45	39.7649
0.3	45	-167.508
0.3	45	108.126
0.3	45	-107.277
0.3	45	-5.66845
0.3	45	74.344
0.3	45	18.3927
0.3	45	100.233
0.3	45	107.003
0.3	45	142.746
0.3	45	-176.548
0.3	45	79.2909
0.3	45	127.794
0.3	45	-147.002
0.3	45	-114.891
0.3	45	-166.067
0.3	45	-97.3343
0.3	45	-140.323
0.3	45	149.947
0.3	45	-179.692
0.3	45	-54.9152
0.3	45	110.04
0.3	45	-169.517
0.3	45	-93.3505
0.3	45	-7.30254
0.3	45	-80.19
0.3	45	138.32
0.3	45	-79.1716
0.3	45	28.3143
0.3	45	-22.0152
0.3	45	11.0359
0.3	45	48.7527
0.3	45	-3.93252
0.3	45	-78.3752
0.3	45	-42.5142
0.3	45	82.8012
0.3	45	-75.4218
0.3	45	168.548
0.3	45	-80.5286
0.3	45	-119.645
0.3	45	49.2022
0.3	45	162.171
0.3	45	-163.54
0.3	45	-108.24
0.3	45	155.225
0.3	45	-34.6003
0.3	45	-50.8573
0.3	45	-60.4022
0.3	45	116.358
0.3	45	89.2971
0.3	45	-63.3077
0.3	45	116.623
0.3	45	137.346
0.3	45	-1.34476
0.3	45	69.9621
0.3	45	1.66025
0.3	45	168.64
0.3	45	-25.7846
0.3	45	-163.167
0.3	45	88.8254
0.3	45	-57.4107
0.3	45	1.46522
0.3	45	123.012
0.3	45	-99.5348
0.3	45	24.0965
0.3	45	56.6019
0.3	45	91.2983
0.3	45	132.297
0.3	45	135.882
0.3	45	-54.0046
0.3	45	-103.001
0.3	45	-58.9852
0.3	45	-157.194
0.3	45	0.791626
0.3	45	9.57125
0.3	45	-67.4127
0.3	45	55.0126
0.3	45	-87.7301
0.3	45	137.23
0.3	45	141.157
0.3	45	-68.5757
0.3	45	25.0736
0.3	45	6.38982
0.3	45	170.457
0.3	45	101.918
0.3	45	-77.8361
0.3	45	8.20445
0.3	45	-9.60286
0.3	45	-84.4048
0.3	45	-162.773
0.3	45	-82.9926
0.3	45	-73.6971
0.3	45	159.02
0.3	45	-97.0955
0.3	45	-39.2456
0.3	45	67.8219
0.3	45	-12.4535
0.3	45	115.041
0.3	45	-107.951
0.3	45	131.717
0.3	45	-100.944
0.3	45	-73.09
0.3	45	134.556
0.3	45	154.85
0.3	45	131.331
0.3	45	95.3381
0.3	45	-166.002
0.3	45	-68.1149
0.3	45	154.465
0.3	45	32.3332
0.3	45	-128.788
0.3	45	-66.3653
0.3	45	-127.289
0.3	45	76.9079
0.3	45	165.579
0.3	45	104.459
0.3	45	77.9758
0.3	45	129.537
0.3	45	3.09492
0.3	45	-123.682
0.3	45	-31.2047
0.3	45	141.626
0.3	45	-131.92
0.3	45	-83.1092
0.3	45	-49.5121
0.3	45	61.8466
0.3	45	-109.721
0.3	45	4.38425
0.3	45	-148.083
0.3	45	21.0779
0.3	45	-71.6398
0.3	45	-35.9587
0.3	45	5.15581
0.3	45	-136.27
0.3	45	141.137
0.3	45	-11.9303
0.3	45	-113.187
0.3	45	171.286
0.3	45	162.845
0.3	45	118.243
0.3	45	-24.2904
0.3	45	-34.0166
0.3	45	72.377
0.3	45	12.4056
0.3	45	-4.90367
0.3	45	138.977
0.3	45	-86.9909
0.3	45	-177.733
0.3	45	-61.0449
0.3	45	-137.473
0.3	45	-15.949
0.3	45	147.594
0.3	45	-170.868
0.3	45	-150.689
0.3	45	122.277
0.3	45	149.587
0.3	45	59.0449
0.3	45	-156.407
0.3	45	-121.893
0.3	45	-94.7477
0.3	45	-159.962
0.3	45	-20.5232
0.3	45	-142.476
0.3	45	155.45
0.3	45	51.1495
0.3	45	-110.696
0.3	45	-154.721
0.3	45	31.906
0.3	45	166.019
0.3	45	-84.9043
0.3	45	-64.4328
0.3	45	60.8628
0.3	45	-71.0511
0.3	45	46.2404
0.3	45	-109.566
0.3	45	-176.958
0.3	45	-136.629
0.3	45	61.0839
0.3	45	55.0182
0.3	45	23.3264
0.3	45	28.1352
0.3	45	133.502
0.3	45	-159.197
0.3	45	-61.8784
0.3	45	102.846
0.3	45	38.2378
0.3	45	158.492
0.3	45	170.517
0.3	45	89.5716
0.3	45	-57.0978
0.3	45	-12.2326
0.3	45	-115.869
0.3	45	15.2188
0.3	45	58.3639
0.3	45	70.4563
0.3	45	150.506
0.3	45	170.121
0.3	45	-80.484
0.3	45	123.485
0.3	45	-46.7792
0.3	45	84.1567
0.3	45	28.4989
0.3	45	136.099
0.3	45	161.173
0.3	45	3.82931
0.3	45	58.8729
0.3	45	-144.278
0.3	45	39.3698
0.3	45	110.183
0.3	45	-176.937
0.3	45	138.874
0.3	45	155.992
0.3	45	-24.4562
0.3	45	110.6
0.3	45	90.5304
0.3	45	-172.757
0.3	45	-148.649
0.3	45	81.5141
0.3	45	-54.3633
0.3	45	95.2517
0.3	45	-166.108
0.3	45	86.9845
0.3	45	-51.6822
0.3	45	118.635
0.3	45	-79.2918
0.3	45	80.2467
0.3	45	-29.7213
0.3	45	66.6484
0.3	45	-159.814
0.3	45	10.3384
0.3	45	-79.0169
0.3	45	113.427
0.3	45	-12.7689
0.3	45	45.3051
0.3	45	172.444
0.3	45	30.322
0.3	45	-148.135
0.3	45	-46.4437
0.3	45	106.976
0.3	45	-141.893
0.3	45	32.3017
0.3	45	128.074
0.3	45	-119.583
0.3	45	-83.9142
0.3	45	-46.5116
0.3	45	66.1878
0.3	45	35.322
0.3	45	79.2522
0.3	45	115.569
0.3	45	122.956
0.3	45	65.6332
0.3	45	148.552
0.3	45	169.385
0.3	45	-167.176
0.3	45	-29.7953
0.3	45	-103.409
0.3	45	-51.0117
0.3	45	-68.1754
0.3	45	-81.7726
0.3	45	154.923
0.3	45	177.281
0.3	45	-104.102
0.3	45	53.7665
0.3	45	118.727
0.3	45	-80.2808
0.3	45	-119.08
0.3	45	-42.3304
0.3	45	174.037
0.3	45	-1.70903
0.3	45	-121.288
0.3	45	-64.7223
0.3	45	-140.14
0.3	45	-4.98804
0.3	45	163.519
0.3	45	15.9222
0.3	45	-46.9142
0.3	45	171.674
0.3	45	-139.631
0.3	45	-12.0208
0.3	45	30.5191
0.3	45	51.493
0.3	45	29.1311
0.3	45	170.649
0.3	45	136.684
0.3	45	-77.7025
0.3	45	-172.96
0.3	45	-68.1323
0.3	45	-100.374
0.3	45	-160.63
0.3	45	-131.188
0.3	45	-47.0688
0.3	45	-169.543
0.3	45	45.4098
0.3	45	-2.89761
0.3	45	-0.776936
0.3	45	36.8108
0.3	45	106.314
0.3	45	8.73108
0.3	45	-28.1887
0.3	45	-42.8271
0.3	45	-12.8077
0.3	45	-105.419
0.3	45	-65.0145
0.3	45	69.3392
0.3	45	-9.18062
0.3	45	-69.9565
0.3	45	-9.10431
0.3	45	-178.533
0.3	45	-157.318
0.3	45	156.427
0.3	45	74.7501
0.3	45	-150.041
0.3	45	122.024
0.3	45	-41.2967
0.3	45	-173.496
0.25	-45	106.874
0.25	-45	-61.2979
0.25	-45	-25.6432
0.25	-45	54.742
0.25	-45	-153.88
0.25	-45	172.423
0.25	-45	105.423
0.25	-45	-122.603
0.25	-45	90.7693
0.25	-45	-42.5191
0.25	-45	-132.175
0.25	-45	-169.696
0.25	-45	-151.314
0.25	-45	155.26
0.25	-45	66.2864
0.25	-45	-166.889
0.25	-45	100.691
0.25	-45	60.2176
0.25	-45	-83.9262
0.25	-45	68.4405
0.25	-45	-79.7285
0.25	-45	-152.48
0.25	-45	49.9365
0.25	-45	-38.9006
0.25	-45	-166.082
0.25	-45	-65.0121
0.25	-45	153.762
0.25	-45	-107.644
0.25	-45	-140.932
0.25	-45	100.36
0.25	-45	80.6816
0.25	-45	-174.622
0.25	-45	-26.2603
0.25	-45	76.0695
0.25	-45	134.342
0.25	-45	-103.996
0.25	-45	-123.68
0.25	-45	129.916
0.25	-45	-165.142
0.25	-45	-150.499
0.25	-45	-158.648
0.25	-45	-159.931
0.25	-45	-95.7427
0.25	-45	-112.041
0.25	-45	-123.646
0.25	-45	87.1024
0.25	-45	140.298
0.25	-45	-140.36
0.25	-45	-135.695
0.25	-45	86.9866
0.25	-45	153.137
0.25	-45	-31.1671
0.25	-45	-144.923
0.25	-45	-18.5271
0.25	-45	-91.8324
0.25	-45	-2.93994
0.25	-45	113.015
0.25	-45	98.3985
0.25	-45	-0.933939
0.25	-45	9.83849
0.25	-45	-81.269
0.25	-45	-54.1729
0.25	-45	144.268
0.25	-45	-70.9738
0.25	-45	-64.8001
0.25	-45	153.673
0.25	-45	-113.791
0.25	-45	-170.436
0.25	-45	85.7033
0.25	-45	93.3812
0.25	-45	-66.2308
0.25	-45	-72.0285
0.25	-45	154.171
0.25	-45	-129.403
0.25	-45	162.588
0.25	-45	106.435
0.25	-45	-98.6345
0.25	-45	46.4182
0.25	-45	-163.619
0.25	-45	51.7104
0.25	-45	-34.1759
0.25	-45	162.865
0.25	-45	-45.4207
0.25	-45	-93.3032
0.25	-45	-109.463
0.25	-45	-71.5661
0.25	-45	4.16431
0.25	-45	-39.9157
0.25	-45	-84.2433
0.25	-45	-76.587
0.25	-45	-175.597
0.25	-45	145.595
0.25	-45	63.8766
0.25	-45	-94.7436
0.25	-45	64.5492
0.25	-45	48.3314
0.25	-45	-134.737
0.25	-45	-140.988
0.25	-45	134.31
0.25	-45	21.2577
0.25	-45	146.493
0.25	-45	-155.034
0.25	-45	60.159
0.25	-45	-161.325
0.25	-45	9.36614
0.25	-45	-112.155
0.25	-45	-144.785
0.25	-45	26.2557
0.25	-45	65.0538
0.25	-45	72.3357
0.25	-45	-109.61
0.25	-45	93.4703
0.25	-45	-14.1026
0.25	-45	-135.66
0.25	-45	-34.6861
0.25	-45	-160.308
0.25	-45	-84.7318
0.25	-45	158.136
0.25	-45	-135.814
0.25	-45	109.953
0.25	-45	147.194
0.25	-45	-172.801
0.25	-45	52.8131
0.25	-45	-123.585
0.25	-45	23.2022
0.25	-45	-115.558
0.25	-45	43.3859
0.25	-45	-26.3345
0.25	-45	93.2606
0.25	-45	-95.1726
0.25	-45	-142.726
0.25	-45	49.715
0.25	-45	59.7074
0.25	-45	-68.8638
0.25	-45	-61.3649
0.25	-45	29.2392
0.25	-45	152.483
0.25	-45	25.0952
0.25	-45	-9.01857
0.25	-45	-156.168
0.25	-45	92.6395
0.25	-45	-7.5875
0.25	-45	34.5822
0.25	-45	-163.199
0.25	-45	-128.302
0.25	-45	-39.3152
0.25	-45	-12.551
0.25	-45	-122.569
0.25	-45	119.537
0.25	-45	170.962
0.25	-45	-57.7241
0.25	-45	-81.8973
0.25	-45	32.6465
0.25	-45	-103.539
0.25	-45	-49.5022
0.25	-45	118.443
0.25	-45	-152.876
0.25	-45	64.3234
0.25	-45	-80.5829
0.25	-45	48.2533
0.25	-45	-38.5897
0.25	-45	-142.464
0.25	-45	-21.3543
0.25	-45	102.064
0.25	-45	44.5331
0.25	-45	-13.9923
0.25	-45	-176.545
0.25	-45	-104.107
0.25	-45	-119.413
0.25	-45	-1.241
0.25	-45	-123.748
0.25	-45	-97.3966
0.25	-45	-98.9133
0.25	-45	-92.6217
0.25	-45	-129.14
0.25	-45	2.29241
0.25	-45	61.9497
0.25	-45	-158.774
0.25	-45	18.8479
0.25	-45	-69.3598
0.25	-45	-38.3033
0.25	-45	-36.2395
0.25	-45	57.5513
0.25	-45	55.6289
0.25	-45	50.0061
0.25	-45	69.5985
0.25	-45	-99.1503
0.25	-45	-13.1251
0.25	-45	-28.241
0.25	-45	91.564
0.25	-45	-143.97
0.25	-45	-177.138
0.25	-45	169.35
0.25	-45	137.297
0.25	-45	77.3349
0.25	-45	53.2506
0.25	-45	145.059
0.25	-45	-179.199
0.25	-45	179.069
0.25	-45	34.7732
0.25	-45	70.898
0.25	-45	80.2153
0.25	-45	-13.4141
0.25	-45	114.502
0.25	-45	-60.229
0.25	-45	-11.3312
0.25	-45	89.781
0.25	-45	97.5583
0.25	-45	-36.5098
0.25	-45	-85.8656
0.25	-45	-151.587
0.25	-45	-102.961
0.25	-45	85.2438
0.25	-45	152.606
0.25	-45	63.8625
0.25	-45	70.3039
0.25	-45	-9.06218
0.25	-45	-126.988
0.25	-45	-166.424
0.25	-45	170.471
0.25	-45	-89.0423
0.25	-45	176.558
0.25	-45	-90.607
0.25	-45	-112.232
0.25	-45	143.098
0.25	-45	-157.991
0.25	-45	-74.3469
0.25	-45	-105.598
0.25	-45	-18.7515
0.25	-45	-171.997
0.25	-45	44.7709
0.25	-45	89.3023
0.25	-45	-109.834
0.25	-45	-67.9192
0.25	-45	96.0196
0.25	-45	160.866
0.25	-45	153.319
0.25	-45	-95.4215
0.25	-45	-91.6229
0.25	-45	62.3437
0.25	-45	154.666
0.25	-45	54.8142
0.25	-45	-164.812
0.25	-45	97.138
0.25	-45	-55.7169
0.25	-45	43.5498
0.25	-45	64.694
0.25	-45	-157.319
0.25	-45	-83.05
0.25	-45	110.815
0.25	-45	175.907
0.25	-45	-116.893
0.25	-45	-156.898
0.25	-45	166.732
0.25	-45	175.638
0.25	-45	-165.939
0.25	-45	74.82
0.25	-45	126.264
0.25	-45	-81.7758
0.25	-45	56.6945
0.25	-45	-149.616
0.25	-45	120.153
0.25	-45	-174.745
0.25	-45	-29.8944
0.25	-45	-37.895
0.25	-45	154.411
0.25	-45	-34.4699
0.25	-45	62.2429
0.25	-45	-179.496
0.25	-45	85.9284
0.25	-45	-127.219
0.25	-45	148.345
0.25	-45	-114.065
0.25	-45	39.3605
0.25	-45	-54.6541
0.25	-45	97.6764
0.25	-45	75.8797
0.25	-45	95.5987
0.25	-45	5.75774
0.25	-45	55.3393
0.25	-45	-90.4621
0.25	-45	-159.633
0.25	-45	-68.4387
0.25	-45	-164.258
0.25	-45	-26.8313
0.25	-45	149.918
0.25	-45	163.938
0.25	-45	-4.16151
0.25	-45	-166.814
0.25	-45	74.7238
0.25	-45	-68.2139
0.25	-45	-73.1641
0.25	-45	18.0356
0.25	-45	24.1328
0.25	-45	28.3109
0.25	-45	164.75
0.25	-45	-125.315
0.25	-45	-5.97031
0.25	-45	-58.0878
0.25	-45	2.6602
0.25	-45	162.563
0.25	-45	44.705
0.25	-45	-125.023
0.25	-45	-54.7605
0.25	-45	-14.203
0.25	-45	84.2443
0.25	-45	8.31082
0.25	-45	112.255
0.25	-45	-78.1641
0.25	-45	-118.087
0.25	-45	120.913
0.25	-45	-137.388
0.25	-45	3.16881
0.25	-45	38.0832
0.25	-45	-8.22962
0.25	-45	-155.039
0.25	-45	-68.8465
0.25	-45	104.449
0.25	-45	42.9025
0.25	-45	60.7406
0.25	-45	3.72233
0.25	-45	49.3661
0.25	-45	76.1885
0.25	-45	-2.31739
0.25	-45	-29.1314
0.25	-45	-10.2077
0.25	-45	179.741
0.25	-45	90.9248
0.25	-45	-163.189
0.25	-45	-34.9713
0.25	-45	-62.546
0.25	-45	173.652
0.25	-45	165.575
0.25	-45	-78.6589
0.25	-45	29.8028
0.25	-45	15.9574
0.25	-45	9.08226
0.25	-45	105.474
0.25	-45	78.1657
0.25	-45	35.4643
0.25	-45	-55.5777
0.25	-45	-50.6038
0.25	-45	36.7778
0.25	-45	-94.2453
0.25	-45	159.423
0.25	-45	-42.2387
0.25	-45	-83.8505
0.25	-45	131.893
0.25	-45	-175.016
0.25	-45	-28.0798
0.25	-45	-143.773
0.25	-45	55.123
0.25	-45	87.8274
0.25	-45	-43.0806
0.25	-45	-113.061
0.25	-45	-120.278
0.25	-45	-22.6431
0.25	-45	-80.4997
0.25	-45	145.673
0.25	-45	-63.4621
0.25	-45	128.336
0.25	-45	161.27
0.25	-45	-110.793
0.25	-45	134.373
0.25	-45	169.318
0.25	-45	-148.362
0.25	-45	85.3982
0.25	-45	13.1845
0.25	-45	103.353
0.25	-45	-174.559
0.25	-45	-60.0609
0.25	-45	163.109
0.25	-45	47.4238
0.25	-45	158.9
0.25	-45	-57.5233
0.25	-45	-83.5519
0.25	-45	76.6971
0.25	-45	43.547
0.25	-45	98.8694
0.25	-45	150.064
0.25	-45	138.793
0.25	-45	169.975
0.25	-45	28.9802
0.25	-45	126.442
0.25	-45	65.1583
0.25	-45	-114.604
0.25	-45	-26.8635
0.25	-45	-151.883
0.25	-45	-118.958
0.25	-45	-146.831
0.25	-45	-32.3472
0.25	-45	59.2371
0.25	-45	85.6535
0.25	-45	73.2466
0.25	-45	-56.8508
0.25	-45	-80.0606
0.25	-45	36.0501
0.25	-45	-6.33327
0.25	-45	-136.388
0.25	-45	-167.598
0.25	-45	-148.356
0.25	-45	56.4186
0.25	-45	143.37
0.25	-45	-13.1012
0.25	-45	-147.826
0.25	-45	-22.0061
0.25	-45	-77.9136
0.25	-45	-140.831
0.25	-45	117.309
0.25	-45	-57.4006
0.25	-45	-158.85
0.25	-45	-127.505
0.25	-45	-140.561
0.25	-45	-33.5328
0.25	-45	121.277
0.25	-45	-84.5103
0.25	-45	3.64513
0.25	-45	-91.7129
0.25	-45	-66.028
0.25	-45	-147.551
0.25	-45	-114.757
0.25	-45	58.2727
0.25	-45	37.9585
0.25	-45	-174.729
0.25	-45	-146.56
0.25	-45	155.159
0.25	-45	-1.94028
0.25	-45	8.84919
0.25	-45	53.4368
0.25	-45	29.2313
0.25	-45	-43.7858
0.25	-45	-143.995
0.25	-45	-129.932
0.25	-45	-29.2903
0.25	-45	149.353
0.25	-45	-104.091
0.25	-45	-37.7389
0.25	-45	-31.3319
0.25	-45	-107.289
0.25	-45	-153.338
0.25	-45	123.765
0.25	-45	34.1083
0.25	-45	26.18
0.25	-45	167.261
0.25	-45	9.09501
0.25	-45	-87.9172
0.25	-45	-148.317
0.25	-45	-92.5837
0.25	-45	41.9874
0.25	-45	-138.264
0.25	-45	166.276
0.25	-45	65.9412
0.25	-45	-11.4975
0.25	-45	93.1202
0.25	-45	-69.6883
0.25	-45	99.5367
0.25	-45	-55.4343
0.25	-45	26.6868
0.25	-45	-75.0534
0.25	-45	84.2932
0.25	-45	-75.3535
0.25	-45	147.345
0.25	-45	-91.5596
0.25	-45	29.9252
0.25	-45	15.0398
0.25	-45	80.607
0.25	-45	43.0635
0.25	-45	92.2963
0.25	-45	79.166
0.25	-45	135.262
0.25	-45	20.2037
0.25	-45	-17.6524
0.25	-45	141.12
0.25	-45	-56.0862
0.25	-45	-59.9166
0.25	-45	22.5762
0.25	-45	11.1285
0.25	-45	92.7829
0.25	-45	-101.169
0.25	-45	95.4558
0.25	-45	-145.276
0.25	-45	140.519
0.25	-45	-157.625
0.25	-45	20.6393
0.25	-45	-153.174
0.25	-45	-44.04
0.25	-45	-30.3155
0.25	-45	-11.9919
0.25	-45	-161.747
0.25	-45	-174.63
0.25	-45	-88.6504
0.25	-45	-75.9037
0.25	-45	-31.4133
0.25	-45	111.594
0.25	-45	-28.251
0.25	-45	-134.289
0.25	-45	86.1568
0.25	-45	-157.561
0.25	-45	-12.7004
0.25	-45	-65.0117
0.25	-45	-163.838
0.25	-45	121.343
0.25	-45	107.87
0.25	-45	20.5282
0.25	-45	61.1303
0.25	-45	-33.2364
0.25	-45	32.52
0.25	-45	60.8439
0.25	-45	-146.287
0.25	-45	94.6857
0.25	-45	-33.5051
0.25	-45	-168.244
0.25	-45	-74.8501
0.25	-45	-137.02
0.25	-45	160.694
0.25	-45	161.56
0.25	-45	57.0261
0.25	-45	-146.123
0.25	-45	-11.1092
0.25	-45	-6.88995
0.25	-45	-175.869
0.25	-45	-128.158
0.25	-45	115.339
0.25	-45	-84.6449
0.25	-45	-20.6356
0.25	-45	31.3861
0.25	-45	-91.3444
0.25	-45	45.4959
0.25	-45	73.1945
0.25	-45	-164.262
0.25	-45	-172.088
0.25	-45	138.396
0.25	-45	25.2199
0.25	-45	171.395
0.25	-45	-168.859
0.25	-45	108.535
0.25	-45	158.732
0.25	-45	11.2335
0.25	-45	-143.083
0.25	-45	-172.714
0.25	-45	131.887
0.25	-45	-118.188
0.25	-45	-74.1281
0.25	-45	-88.6853
0.25	-45	-22.5949
0.25	-45	4.1221
0.25	-45	179.555
0.25	-45	30.2055
0.25	-45	-105.314
0.25	-45	57.8837
0.25	-45	-156.682
0.25	-45	69.6557
0.25	-45	165.972
0.25	-45	-0.748061
0.25	-45	-171.281
0.25	-45	57.9427
0.25	-45	158.21
0.25	-45	-45.0727
0.25	-45	154.247
0.25	-45	-22.45
0.25	-45	94.8063
0.25	-45	106.784
0.25	-45	61.0754
0.25	-45	-98.2308
0.25	-45	-131.876
0.25	-45	93.7698
0.25	-45	-174.076
0.25	-45	-61.5507
0.25	-45	143.364
0.25	-45	23.6356
0.25	-45	-155.201
0.25	-45	-82.9862
0.25	-45	82.6254
0.25	-45	-33.7195
0.25	-45	103.824
0.25	-45	-102.799
0.25	-45	-95.5787
0.25	-45	73.7281
0.25	-45	1.10472
0.25	-45	54.4702
0.25	-45	-15.1245
0.25	-45	-121.643
0.25	-45	46.7966
0.25	-45	-84.8218
0.25	-45	-39.1689
0.25	-45	-173.236
0.25	-45	96.8465
0.25	-45	120.254
0.25	-45	52.664
0.25	-45	147.642
0.25	-45	115.403
0.25	-45	10.832
0.25	-45	-66.2211
0.25	-45	114.829
0.25	-45	-144.568
0.25	-45	-149.872
0.25	-45	-88.3146
0.25	-45	-49.8353
0.25	-45	-115.65
0.25	-45	142.612
0.25	-45	-133.009
0.25	-45	29.2319
0.25	-45	-161.458
0.25	-45	-170.202
0.25	-45	141.501
0.25	-45	49.3079
0.25	-45	-67.1569
0.25	-45	-67.4284
0.25	-45	56.5585
0.25	-45	101.236
0.25	-45	171.069
0.25	-45	-168.645
0.25	-45	-52.016
0.25	-45	151.22
0.25	-45	171.715
0.25	-45	-137.885
0.25	-45	71.002
0.25	-45	112.419
0.25	-45	-18.3655
0.25	-45	-34.9314
0.25	-45	146.853
0.25	-45	103.215
0.25	-45	163.361
0.25	-45	88.2491
0.25	-45	59.7563
0.25	-45	131.531
0.25	-45	-61.8526
0.25	-45	116.934
0.25	-45	-127.829
0.25	-45	-106.225
0.25	-45	116.715
0.25	-45	-150.249
0.25	-45	-127.423
0.25	-45	115.155
0.25	-45	-54.5457
0.25	-45	-40.5433
0.25	-45	-167.457
0.25	-45	-77.3365
0.25	-45	-164.819
0.25	-45	-163.903
0.25	-45	70.9586
0.25	-45	132.353
0.25	-45	-102.693
0.25	-45	-112.051
0.25	-45	-141.29
0.25	-45	112.489
0.25	-45	153.997
0.25	-45	170.34
0.25	-45	88.8901
0.25	-45	17.3042
0.25	-45	4.10774
0.25	-45	36.128
0.25	-45	-5.36122
0.25	-45	-154.67
0.25	-45	119.023
0.25	-45	127.703
0.25	-45	-2.35053
0.25	-45	160.247
0.25	-45	-91.142
0.25	-45	49.4382
0.25	-45	108.463
0.25	-45	-6.79429
0.25	-45	50.6248
0.25	-45	23.1459
0.25	-45	151.36
0.25	-45	169.563
0.25	-45	69.1214
0.25	-45	-73.7576
0.25	-45	168.344
0.25	-45	-157.377
0.25	-45	-76.1698
0.25	-45	-33.9573
0.25	-45	158.292
0.25	-45	-99.0045
0.25	-45	-88.6067
0.25	-45	30.9016
0.25	-45	-144.241
0.25	-45	-68.1515
0.25	-45	-113.426
0.25	-45	34.4203
0.25	-45	-22.3528
0.25	-45	-48.8309
0.25	-45	15.3177
0.25	-45	-115.837
0.25	-45	-69.6943
0.25	-45	174.085
0.25	-45	155.827
0.25	-45	61.6549
0.25	-45	-107.763
0.25	-45	-81.9561
0.25	-45	120.124
0.25	-45	158.042
0.25	-45	76.1407
0.25	-45	-71.78
0.25	-45	72.1232
0.25	-45	-25.5532
0.25	-45	-164.165
0.25	-45	12.0494
0.25	-45	-134.133
0.25	-45	-96.3425
0.25	-45	67.2857
0.25	-45	-82.1623
0.25	-45	87.3701
0.25	-45	-94.8487
0.25	-45	-163.628
0.25	-45	-53.6002
0.25	-45	77.2377
0.25	-45	87.4074
0.25	-45	-74.0832
0.25	-45	-106.347
0.25	-45	-95.7389
0.25	-45	-75.3509
0.25	-45	0.654431
0.25	-45	59.5094
0.25	-45	-70.3133
0.25	-45	10.8371
0.25	-45	106.698
0.25	-45	113.826
0.25	-45	-47.5972
0.25	-45	-45.122
0.25	-45	-47.5658
0.25	-45	75.9287
0.25	-45	-65.2088
0.25	-45	-163.544
0.25	-45	-7.30944
0.25	-45	111.415
0.25	-45	-121.965
0.25	-45	108.213
0.25	-45	179.554
0.25	-45	-8.32165
0.25	-45	91.5358
0.25	-45	121.272
0.25	-45	-151.473
0.25	-45	-5.32485
0.25	-45	129.692
0.25	-45	88.213
0.25	-45	134.595
0.25	-45	-80.5152
0.25	-45	57.7684
0.25	-45	-76.3397
0.25	-45	-109.47
0.25	-45	139.811
0.25	-45	-49.039
0.25	-45	-63.8243
0.25	-45	-152.65
0.25	-45	3.61396
0.25	-45	41.2697
0.25	-45	19.4219
0.25	-45	15.8573
0.25	-45	168.961
0.25	-45	-77.2042
0.25	-45	32.9984
0.25	-45	-40.6991
0.25	-45	-130.542
0.25	-45	-129.339
0.25	-45	-87.2916
0.25	-45	48.0164
0.25	-45	98.9225
0.25	-45	-2.78012
0.25	-45	152.558
0.25	-45	-37.3507
0.25	-45	-176.334
0.25	-45	-105.067
0.25	-45	-137.477
0.25	-45	155.35
0.25	-45	151.94
0.25	-45	155.888
0.25	-45	-113.397
0.25	-45	133.211
0.25	-45	-80.2798
0.25	-45	-155.146
0.25	-45	-34.5477
0.25	-45	-56.0208
0.25	-45	-143.889
0.25	-45	168.082
0.25	-45	165.9
0.25	-45	151.255
0.25	-45	23.0489
0.25	-45	28.7141
0.25	-45	-155.689
0.25	-45	-143.883
0.25	-45	86.4525
0.25	-45	-135.555
0.25	-45	169.908
0.25	-45	-87.4221
0.25	-45	64.9303
0.25	-45	-146.797
0.25	-45	107.587
0.25	-45	49.8093
0.25	-45	39.6634
0.25	-45	-144.37
0.25	-45	-151.588
0.25	-45	-11.6216
0.25	-45	70.5767
0.25	-45	-11.4298
0.25	-45	82.5382
0.25	-45	-91.0677
0.25	-45	-112.729
0.25	-45	-77.8742
0.25	-45	61.2325
