pol	setting	phi
0.3	45	146.015
0.3	45	92.0678
0.3	45	-34.5146
0.3	45	-71.0784
0.3	45	-93.4175
0.3	45	31.6618
0.3	45	41.3335
0.3	45	94.0054
0.3	45	-138.578
0.3	45	105.993
0.3	45	164.926
0.3	45	7.75791
0.3	45	177.948
0.3	45	-178.468
0.3	45	-83.3629
0.3	45	-12.3548
0.3	45	-11.7338
0.3	45	20.3825
0.3	45	2.89213
0.3	45	-178.773
0.3	45	-110.064
0.3	45	121.442
0.3	45	-1.04218
0.3	45	94.6247
0.3	45	-150.431
0.3	45	19.1073
0.3	45	133.628
0.3	45	66.9466
0.3	45	-34.5402
0.3	45	-104.201
0.3	45	-160.633
0.3	45	11.8166
0.3	45	168.456
0.3	45	-19.6795
0.3	45	79.9236
0.3	45	-42.9746
0.3	45	127.185
0.3	45	-52.9803
0.3	45	83.6945
0.3	45	117.067
0.3	45	64.7623
0.3	45	164.86
0.3	45	-17.6902
0.3	45	169.82
0.3	45	90.6345
0.3	45	-162.116
0.3	45	170.402
0.3	45	70.0379
0.3	45	-146.481
0.3	45	-141.834
0.3	45	-0.456205
0.3	45	109.672
0.3	45	126.427
0.3	45	-120.019
0.3	45	138.359
0.3	45	-66.6731
0.3	45	-141.504
0.3	45	-54.5388
0.3	45	-176.979
0.3	45	-79.4188
0.3	45	101.76
0.3	45	-103.063
0.3	45	171.828
0.3	45	-82.911
0.3	45	45.0846
0.3	45	94.7122
0.3	45	-71.8602
0.3	45	84.7405
0.3	45	-33.8626
0.3	45	42.6763
0.3	45	161.352
0.3	45	179.772
0.3	45	175.657
0.3	45	-111.314
0.3	45	70.1333
0.3	45	125.76
0.3	45	134.411
0.3	45	-27.5302
0.3	45	169.198
0.3	45	-124.197
0.3	45	60.5903
0.3	45	-166.113
0.3	45	-157.9
0.3	45	112.699
0.3	45	157.935
0.3	45	-156.901
0.3	45	-67.5233
0.3	45	-107.321
0.3	45	82.0869
0.3	45	-132.001
0.3	45	124.287
0.3	45	-96.6346
0.3	45	30.9421
0.3	45	22.7567
0.3	45	36.2729
0.3	45	-81.2314
0.3	45	121.956
0.3	45	175.533
0.3	45	76.0629
0.3	45	156.962
0.3	45	-95.7423
0.3	45	97.203
0.3	45	166.721
0.3	45	119.941
0.3	45	-178.402
0.3	45	-179.619
0.3	45	99.6935
0.3	45	0.114841
0.3	45	166.416
0.3	45	110.513
0.3	45	45.7885
0.3	45	149.155
0.3	45	-73.8392
0.3	45	-103.478
0.3	45	89.4541
0.3	45	-64.8836
0.3	45	66.5918
0.3	45	25.8955
0.3	45	36.1771
0.3	45	135.356
0.3	45	43.6407
0.3	45	21.0902
0.3	45	169.661
0.3	45	-175.841
0.3	45	-20.4211
0.3	45	-16.868
0.3	45	-58.5555
0.3	45	1.02521
0.3	45	97.3346
0.3	45	128.917
0.3	45	13.7131
0.3	45	-122.915
0.3	45	47.8497
0.3	45	-103.991
0.3	45	-86.4833
0.3	45	90.1695
0.3	45	-92.5004
0.3	45	18.6707
0.3	45	120.937
0.3	45	-40.5046
0.3	45	81.1158
0.3	45	-67.3717
0.3	45	130.255
0.3	45	-29.065
0.3	45	-141.78
0.3	45	123.273
0.3	45	-82.233
0.3	45	32.4114
0.3	45	-133.32
0.3	45	-76.0786
0.3	45	-33.8799
0.3	45	36.0401
0.3	45	171.618
0.3	45	123.796
0.3	45	-155.715
0.3	45	156.912
0.3	45	147.966
0.3	45	-16.3941
0.3	45	-78.2475
0.3	45	104.638
0.3	45	-118.001
0.3	45	-127.214
0.3	45	144.103
0.3	45	156.929
0.3	45	51.7965
0.3	45	133.579
0.3	45	49.0344
0.3	45	10.9602
0.3	45	42.4074
0.3	45	73.7466
0.3	45	104.602
0.3	45	-122.723
0.3	45	-178.082
0.3	45	110.339
0.3	45	-95.2539
0.3	45	-95.8606
0.3	45	138.48
0.3	45	-54.9681
0.3	45	98.1905
0.3	45	-122.285
0.3	45	-37.3346
0.3	45	109.261
0.3	45	-90.6803
0.3	45	152.17
0.3	45	-151.378
0.3	45	9.71305
0.3	45	108.442
0.3	45	-41.45
0.3	45	-14.7346
0.3	45	8.17284
0.3	45	-94.7552
0.3	45	-86.5229
0.3	45	1.71997
0.3	45	-60.7834
0.3	45	91.7407
0.3	45	35.9596
0.3	45	-93.5886
0.3	45	85.3525
0.3	45	-49.9436
0.3	45	171.029
0.3	45	-72.865
0.3	45	80.2112
0.3	45	-119.461
0.3	45	-176.855
0.3	45	-48.4077
0.3	45	-120.902
0.3	45	-109.792
0.3	45	-145.706
0.3	45	-45.33
0.3	45	30.6597
0.3	45	-25.6424
0.3	45	-88.4202
0.3	45	-114.054
0.3	45	177.815
0.3	45	-168.873
0.3	45	106.914
0.3	45	-92.6655
0.3	45	170.056
0.3	45	-67.0116
0.3	45	65.5009
0.3	45	-28.9021
0.3	45	-113.533
0.3	45	-97.3728
0.3	45	-27.5821
0.3	45	85.9065
0.3	45	-154.644
0.3	45	-151.897
0.3	45	83.3849
0.3	45	-103.77
0.3	45	-106.345
0.3	45	-106.976
0.3	45	-155.042
0.3	45	-85.3311
0.3	45	-149.117
0.3	45	-147.654
0.3	45	174.98
0.3	45	-118.625
0.3	45	-48.5797
0.3	45	142.637
0.3	45	-83.1912
0.3	45	0.971644
0.3	45	139.312
0.3	45	165.374
0.3	45	-174.696
0.3	45	173.446
0.3	45	132.79
0.3	45	-101.681
0.3	45	159.658
0.3	45	179.98
0.3	45	71.1202
0.3	45	79.2483
0.3	45	-92.714
0.3	45	-175.272
0.3	45	114.116
0.3	45	-155.569
0.3	45	-25.2373
0.3	45	-179.046
0.3	45	56.8182
0.3	45	50.0809
0.3	45	-38.0756
0.3	45	151.436
0.3	45	-87.7596
0.3	45	153.906
0.3	45	-8.14701
0.3	45	48.4869
0.3	45	176.118
0.3	45	80.868
0.3	45	-107.04
0.3	45	-179.736
0.3	45	-42.6083
0.3	45	156.809
0.3	45	-132.548
0.3	45	-64.7853
0.3	45	-121.812
0.3	45	62.4436
0.3	45	-125.34
0.3	45	13.1439
0.3	45	-62.6427
0.3	45	25.5907
0.3	45	103.694
0.3	45	76.6675
0.3	45	78.1677
0.3	45	161.253
0.3	45	-35.4121
0.3	45	117.473
0.3	45	-23.9476
0.3	45	-146.083
0.3	45	99.7514
0.3	45	-68.8243
0.3	45	-146.933
0.3	45	143.985
0.3	45	-22.8185
0.3	45	-24.7531
0.3	45	-109.779
0.3	45	117.913
0.3	45	119.41
0.3	45	29.8129
0.3	45	-76.2397
0.3	45	25.2119
0.3	45	12.65
0.3	45	-159.962
0.3	45	-119.386
0.3	45	-110.424
0.3	45	67.7059
0.3	45	141.467
0.3	45	-166.512
0.3	45	-85.3593
0.3	45	-130.843
0.3	45	-138.299
0.3	45	146.979
0.3	45	148.303
0.3	45	168.714
0.3	45	-72.5637
0.3	45	168.002
0.3	45	-77.6816
0.3	45	114.114
0.3	45	23.0957
0.3	45	-37.4446
0.3	45	12.7887
0.3	45	-166.959
0.3	45	-132.967
0.3	45	-73.3434
0.3	45	-133.354
0.3	45	13.9336
0.3	45	115.145
0.3	45	-70.6016
0.3	45	69.9318
0.3	45	-78.5796
0.3	45	132.666
0.3	45	-75.999
0.3	45	11.9058
0.3	45	-104.863
0.3	45	-24.147
0.3	45	-129.376
0.3	45	-146.419
0.3	45	-31.5768
0.3	45	66.6658
0.3	45	68.0537
0.3	45	103.405
0.3	45	-179.333
0.3	45	-59.1091
0.3	45	111.178
0.3	45	-14.0089
0.3	45	-44.0057
0.3	45	162.183
0.3	45	41.7783
0.3	45	-4.75439
0.3	45	56.576
0.3	45	-114.684
0.3	45	-85.5276
0.3	45	157.806
0.3	45	84.367
0.3	45	80.8805
0.3	45	-91.9668
0.3	45	9.07439
0.3	45	-132.395
0.3	45	-43.5206
0.3	45	-14.5771
0.3	45	151.949
0.3	45	-98.2689
0.3	45	109.238
0.3	45	-177.441
0.3	45	90.6698
0.3	45	-162.855
0.3	45	-122.682
0.3	45	41.8515
0.3	45	171.962
0.3	45	73.0413
0.3	45	-13.431
0.3	45	43.0709
0.3	45	69.9203
0.3	45	-71.4216
0.3	45	179.295
0.3	45	158.151
0.3	45	-5.61434
0.3	45	-76.0144
0.3	45	-156.478
0.3	45	63.8465
0.3	45	-99.6572
0.3	45	10.0775
0.3	45	105.977
0.3	45	119.62
0.3	45	-116.426
0.3	45	-105.295
0.3	45	75.3006
0.3	45	-176.165
0.3	45	-114.359
0.3	45	142.695
0.3	45	172.988
0.3	45	111.83
0.3	45	-24.6048
0.3	45	-72.3025
0.3	45	139.906
0.3	45	166.351
0.3	45	-147.74
0.3	45	-30.2846
0.3	45	14.0118
0.3	45	139.565
0.3	45	143.858
0.3	45	27.9477
0.3	45	-174.604
0.3	45	74.547
0.3	45	119.425
0.3	45	179.376
0.3	45	-144.76
0.3	45	99.2681
0.3	45	164.923
0.3	45	-37.7233
0.3	45	112.227
0.3	45	-83.7355
0.3	45	-34.4922
0.3	45	1.42088
0.3	45	89.8518
0.3	45	-99.6108
0.3	45	-104.525
0.3	45	150.253
0.3	45	139.285
0.3	45	145.855
0.3	45	173.939
0.3	45	-85.8939
0.3	45	-165.509
0.3	45	-142.387
0.3	45	-104.618
0.3	45	-81.5349
0.3	45	20.1181
0.3	45	-5.34676
0.3	45	48.1948
0.3	45	83.1238
0.3	45	17.1958
0.3	45	113.229
0.3	45	-53.398
0.3	45	74.6079
0.3	45	51.1673
0.3	45	157.958
0.3	45	-42.9248
0.3	45	-81.1203
0.3	45	-40.8293
0.3	45	27.0855
0.3	45	-88.566
0.3	45	-169.791
0.3	45	-138.412
0.3	45	35.3794
0.3	45	-4.77951
0.3	45	-107.007
0.3	45	149.522
0.3	45	149.435
0.3	45	-42.7122
0.3	45	-146.554
0.3	45	133.763
0.3	45	171.083
0.3	45	-36.1179
0.3	45	9.64744
0.3	45	-139.334
0.3	45	149.947
0.3	45	-11.6524
0.3	45	122.508
0.3	45	-6.22269
0.3	45	-156.034
0.3	45	-146.172
0.3	45	1.38166
0.3	45	-146.869
0.3	45	67.1592
0.3	45	9.50007
0.3	45	165.585
0.3	45	136.997
0.3	45	-11.631
0.3	45	35.7151
0.3	45	-162.029
0.3	45	75.174
0.3	45	37.9643
0.3	45	89.6969
0.3	45	-104.208
0.3	45	13.1608
0.3	45	10.5458
0.3	45	151.322
0.3	45	157.625
0.3	45	-136.708
0.3	45	5.48478
0.3	45	-114.002
0.3	45	24.375
0.3	45	-63.309
0.3	45	-116.564
0.3	45	42.5618
0.3	45	-4.45253
0.3	45	-28.0689
0.3	45	-35.5598
0.3	45	-12.4307
0.3	45	90.5389
0.3	45	28.0744
0.3	45	-92.7943
0.3	45	-5.94654
0.3	45	-8.67822
0.3	45	-79.2146
0.3	45	-141.239
0.3	45	82.0416
0.3	45	-53.0369
0.3	45	34.8889
0.3	45	25.4291
0.3	45	138.289
0.3	45	10.0166
0.3	45	21.1375
0.3	45	76.5451
0.3	45	-106.359
0.3	45	-107.579
0.3	45	-51.0969
0.3	45	170.123
0.3	45	-168.725
0.3	45	117.304
0.3	45	142.13
0.3	45	-140.275
0.3	45	177.297
0.3	45	-138.368
0.3	45	-92.5124
0.3	45	-109.428
0.3	45	46.9075
0.3	45	146.791
0.3	45	175.328
0.3	45	-14.2238
0.3	45	-66.8907
0.3	45	96.6148
0.3	45	-5.3587
0.3	45	-5.43636
0.3	45	-172.766
0.3	45	-26.9974
0.3	45	88.5737
0.3	45	-144.516
0.3	45	-60.8531
0.3	45	103.597
0.3	45	88.0888
0.3	45	151.393
0.3	45	78.5401
0.3	45	16.7401
0.3	45	-64.3274
0.3	45	-50.3583
0.3	45	139.851
0.3	45	132.967
0.3	45	121.593
0.3	45	-10.1877
0.3	45	126.571
0.3	45	134.351
0.3	45	150.634
0.3	45	-150.259
0.3	45	108.674
0.3	45	15.1121
0.3	45	31.1787
0.3	45	177.484
0.3	45	77.9245
0.3	45	103.201
0.3	45	-65.6058
0.3	45	-94.7503
0.3	45	-21.6796
0.3	45	-13.366
0.3	45	-120.56
0.3	45	-167.756
0.3	45	32.4931
0.3	45	-117.816
0.3	45	-174.239
0.3	45	133.313
0.3	45	160.995
0.3	45	-67.9966
0.3	45	61.2661
0.3	45	30.1867
0.3	45	-60.8042
0.3	45	62.2917
0.3	45	-95.9711
0.3	45	49.0734
0.3	45	-178.966
0.3	45	-81.6471
0.3	45	-148.61
0.3	45	-70.2198
0.3	45	6.4062
0.3	45	123.354
0.3	45	-114.75
0.3	45	-69.4743
0.3	45	122.891
0.3	45	103.997
0.3	45	70.0267
0.3	45	-157.294
0.3	45	60.1459
0.3	45	-14.3582
0.3	45	-166.379
0.3	45	25.5411
0.3	45	30.8419
0.3	45	93.1327
0.3	45	62.5646
0.3	45	-79.6296
0.3	45	-7.62242
0.3	45	112.04
0.3	45	-147.92
0.3	45	77.8024
0.3	45	-170.468
0.3	45	-179.931
0.3	45	167.709
0.3	45	-101.632
0.3	45	-82.6706
0.3	45	-64.4225
0.3	45	-116.671
0.3	45	156.41
0.3	45	122.021
0.3	45	-39.5186
0.3	45	-103.595
0.3	45	21.8634
0.3	45	-84.4777
0.3	45	-131.427
0.3	45	-17.2752
0.3	45	-91.0625
0.3	45	152.343
0.3	45	9.72879
0.3	45	-161.452
0.3	45	-143.419
0.3	45	-75.84
0.3	45	-120.446
0.3	45	-42.3292
0.3	45	-30.8438
0.3	45	-73.0608
0.3	45	-121.75
0.3	45	-151.623
0.3	45	121.06
0.3	45	93.9038
0.3	45	-64.3838
0.3	45	-97.8482
0.3	45	125.266
0.3	45	10.2169
0.3	45	-70.8879
0.3	45	-36.8716
0.3	45	-44.0373
0.3	45	171.938
0.3	45	123.03
0.3	45	-72.4573
0.3	45	-87.8665
0.3	45	-48.2516
0.3	45	128.922
0.3	45	160.599
0.3	45	87.0187
0.3	45	106.271
0.3	45	-12.0155
0.3	45	161.86
0.3	45	-94.0442
0.3	45	-170.714
0.3	45	122.113
0.3	45	-46.0946
0.3	45	-68.3134
0.3	45	-139.888
0.3	45	103.032
0.3	45	-90.3188
0.3	45	-35.4133
0.3	45	68.75
0.3	45	-89.4788
0.3	45	112.92
0.3	45	45.8309
0.3	45	-151.11
0.3	45	-126.554
0.3	45	-85.9592
0.3	45	179.16
0.3	45	114.76
0.3	45	-135.911
0.3	45	-71.385
0.3	45	101.189
0.3	45	-40.2762
0.3	45	-116.9
0.3	45	162.713
0.3	45	3.6725
0.3	45	-57.2663
0.3	45	96.5074
0.3	45	-75.3402
0.3	45	79.3463
0.3	45	58.9366
0.3	45	-140.619
0.3	45	-73.4858
0.3	45	65.6757
0.3	45	117.649
0.3	45	106.34
0.3	45	75.372
0.3	45	-2.79548
0.3	45	-74.2188
0.3	45	-127.155
0.3	45	-73.9471
0.3	45	-87.808
0.3	45	-15.5922
0.3	45	162.07
0.3	45	133.623
0.3	45	147.735
0.3	45	40.7982
0.3	45	101.513
0.3	45	48.5208
0.3	45	-5.12691
0.3	45	69.1747
0.3	45	-11.5418
0.3	45	139.371
0.3	45	75.5159
0.3	45	-76.8714
0.3	45	-73.0917
0.3	45	-163.838
0.3	45	-30.1732
0.3	45	35.469
0.3	45	-18.0533
0.3	45	145.195
0.3	45	-163.708
0.3	45	-15.822
0.3	45	46.6505
0.3	45	-40.715
0.3	45	32.9273
0.3	45	-87.459
0.3	45	82.7154
0.3	45	-50.6025
0.3	45	-87.0074
0.3	45	-15.9957
0.3	45	144.354
0.3	45	-12.469
0.3	45	116.1
0.3	45	86.5016
0.3	45	-118.735
0.3	45	-14.8107
0.3	45	-2.04128
0.3	45	113.977
0.3	45	12.5112
0.3	45	2.73746
0.3	45	-66.5812
0.3	45	107.05
0.3	45	-99.3897
0.3	45	174.477
0.3	45	38.7744
0.3	45	-68.9682
0.3	45	15.4659
0.3	45	-105.91
0.3	45	86.3183
0.3	45	164.516
0.3	45	115.844
0.3	45	139.997
0.3	45	99.9485
0.3	45	94.8896
0.3	45	-45.3242
0.3	45	145.219
0.3	45	-39.5426
0.3	45	24.9366
0.3	45	101.437
0.3	45	-128.137
0.3	45	5.13006
0.3	45	-1.90988
0.3	45	122.993
0.3	45	60.0732
0.3	45	149.618
0.3	45	3.49252
0.3	45	-81.3914
0.3	45	115.987
0.3	45	-97.5468
0.3	45	143.342
0.3	45	114.047
0.3	45	-121.936
0.3	45	90.9061
0.3	45	-27.0153
0.3	45	-176.522
0.3	45	106.523
0.3	45	36.2875
0.3	45	-61.8701
0.3	45	87.135
0.3	45	-5.80502
0.3	45	-132.964
0.3	45	52.9086
0.3	45	-92.4295
0.3	45	109.32
0.3	45	-63.3995
0.3	45	-118.448
0.3	45	-56.5266
0.3	45	67.3914
0.3	45	-70.0056
0.3	45	92.0015
0.3	45	151.622
0.3	45	-76.1223
0.3	45	-89.8207
0.3	45	148.605
0.3	45	-40.6549
0.3	45	-130.646
0.3	45	-126.69
0.3	45	19.9712
0.3	45	-141.25
0.3	45	102.474
0.3	45	-21.0745
0.3	45	-109.308
0.3	45	-27.0683
0.3	45	11.3374
0.3	45	168.551
0.3	45	132.889
0.3	45	-149.744
0.3	45	149.814
0.3	45	-163.484
0.3	45	-61.0331
0.3	45	-101.699
0.3	45	-128.396
0.3	45	-21.6896
0.3	45	-126.218
0.3	45	157.28
0.3	45	-112.796
0.3	45	-61.1769
0.3	45	-60.8945
0.3	45	-83.5265
0.3	45	18.4391
0.3	45	-33.8398
0.3	45	-26.2789
0.3	45	131.611
0.3	45	36.4305
0.3	45	-70.8773
0.3	45	139.418
0.3	45	-125.359
0.3	45	-147.259
0.3	45	-71.0541
0.3	45	63.2909
0.3	45	-75.9854
0.3	45	-76.4763
0.3	45	70.3792
0.3	45	-179.089
0.3	45	-23.6398
0.3	45	49.4174
0.3	45	-41.4982
0.3	45	32.3202
0.3	45	-176.211
0.3	45	-115.025
0.3	45	-145.925
0.3	45	-127.45
0.3	45	124.307
0.3	45	-54.2503
0.3	45	166.863
0.3	45	-24.7068
0.3	45	-15.1034
0.3	45	91.1973
0.3	45	-39.0369
0.3	45	100.88
0.3	45	-71.5548
0.3	45	-46.2052
0.3	45	3.36635
0.3	45	-7.22486
0.3	45	-150.55
0.3	45	133.91
0.3	45	72.327
0.3	45	74.2822
0.3	45	-19.467
0.3	45	-87.4566
0.3	45	157.33
0.3	45	-143.589
0.3	45	-66.7895
0.3	45	74.2709
0.3	45	133.723
0.3	45	14.7818
0.3	45	-129.864
0.3	45	34.1539
0.3	45	-83.0325
0.3	45	106.928
0.3	45	40.3392
0.3	45	29.2452
0.3	45	-61.8351
0.3	45	-61.9194
0.3	45	-122.43
0.3	45	178.56
0.3	45	145.025
0.3	45	-99.0335
0.3	45	-130.126
0.3	45	-61.1935
0.3	45	-113.434
0.3	45	57.0474
0.3	45	-29.6288
0.3	45	38.1934
0.3	45	55.1939
0.3	45	95.47
0.3	45	-59.2013
0.3	45	161.728
0.3	45	149.103
0.3	45	130.372
0.3	45	0.840984
0.3	45	54.1706
0.3	45	132.537
0.3	45	-13.7309
0.3	45	133.807
0.3	45	-117.494
0.3	45	-174.352
0.3	45	66.4393
0.3	45	73.8871
0.3	45	29.7971
0.3	45	-126.503
0.3	45	-81.4026
0.3	45	30.335
0.3	45	-121.841
0.3	45	140.623
0.3	45	-129.489
0.3	45	136.624
0.3	45	-76.4725
0.3	45	135.093
0.3	45	-38.6641
0.3	45	-130.501
0.3	45	-34.3301
0.3	45	126.654
0.3	45	-79.8401
0.3	45	-41.7905
0.3	45	117.663
0.3	45	-169.393
0.3	45	115.838
0.3	45	-29.65
0.3	45	-71.4572
0.3	45	169.842
0.3	45	-51.8702
0.3	45	95.677
0.3	45	118.877
0.3	45	81.2472
0.3	45	-32.2775
0.3	45	55.6601
0.3	45	172.195
0.3	45	70.5433
0.3	45	-58.9143
0.3	45	-35.1076
0.3	45	-3.20876
0.3	45	42.14
0.3	45	50.6127
0.3	45	-145.126
0.3	45	20.1148
0.3	45	76.6646
0.3	45	-149.123
0.3	45	55.7242
0.3	45	-23.5154
0.3	45	-165.215
0.3	45	-172.004
0.3	45	-75.7357
0.3	45	-11.5451
0.3	45	-160.735
0.3	45	-95.9049
0.3	45	14.8291
0.3	45	-172.647
0.3	45	171.478
0.3	45	-109.794
0.3	45	144.595
0.3	45	94.2171
0.3	45	91.7931
0.3	45	-47.8417
0.3	45	-49.598
0.3	45	42.4702
0.3	45	-57.1253
0.3	45	-81.968
0.3	45	11.3368
0.3	45	-33.2011
0.3	45	153.491
0.3	45	-85.6881
0.3	45	142.124
0.3	45	145.498
0.3	45	-106.474
0.3	45	59.0506
0.3	45	116.751
0.3	45	-45.089
0.3	45	171.473
0.3	45	-32.3869
0.3	45	31.9727
0.3	45	-27.0462
0.3	45	50.9086
0.3	45	166.046
0.3	45	3.68714
0.3	45	-157.308
0.3	45	-133.286
0.3	45	-143.139
0.3	45	8.08421
0.3	45	-86.5786
0.3	45	76.0525
0.3	45	-159.404
0.3	45	-24.4972
0.3	45	119.365
0.3	45	138.618
0.3	45	-125.44
0.3	45	-11.7113
0.3	45	-7.05281
0.3	45	155.494
0.3	45	-91.1149
0.3	45	-17.9773
0.3	45	34.349
0.3	45	61.6257
0.3	45	43.5164
0.3	45	-80.9449
0.3	45	-162.896
0.3	45	-62.0492
0.3	45	36.4683
0.3	45	24.7585
0.3	45	14.1339
0.3	45	163.995
0.3	45	-13.6094
0.3	45	-94.535
0.3	45	123.292
0.3	45	-27.4158
0.3	45	-51.3554
0.3	45	-178.295
0.3	45	-74.4229
0.3	45	17.6172
0.3	45	-97.5109
0.3	45	65.8224
0.3	45	135.375
0.3	45	-101.506
0.3	45	120.295
0.3	45	9.73922
0.3	45	5.3791
0.3	45	-138.933
0.3	45	24.3407
0.3	45	-179.405
0.3	45	-156.661
0.3	45	-61.5184
0.3	45	104.778
0.3	45	55.3095
0.25	-45	-160.927
0.25	-45	-25.6238
0.25	-45	-64.7527
0.25	-45	-28.7738
0.25	-45	55.4742
0.25	-45	-109.07
0.25	-45	-43.2731
0.25	-45	-129.791
0.25	-45	-36.0634
0.25	-45	-19.9741
0.25	-45	-156.523
0.25	-45	-156.664
0.25	-45	-87.0061
0.25	-45	-132.485
0.25	-45	-61.3035
0.25	-45	-84.0419
0.25	-45	137.992
0.25	-45	166.747
0.25	-45	66.5089
0.25	-45	-179.411
0.25	-45	-73.0614
0.25	-45	-133.94
0.25	-45	-82.5727
0.25	-45	173.795
0.25	-45	-30.1986
0.25	-45	-2.49909
0.25	-45	108.234
0.25	-45	-93.5408
0.25	-45	136.534
0.25	-45	158.933
0.25	-45	30.1222
0.25	-45	135.61
0.25	-45	97.6286
0.25	-45	143.269
0.25	-45	-5.59788
0.25	-45	79.8748
0.25	-45	76.5188
0.25	-45	13.4857
0.25	-45	-176.71
0.25	-45	49.2857
0.25	-45	-131.651
0.25	-45	150.891
0.25	-45	-43.4296
0.25	-45	-147.536
0.25	-45	-79.2342
0.25	-45	-27.7136
0.25	-45	177.617
0.25	-45	-20.5589
0.25	-45	26.3873
0.25	-45	-129.413
0.25	-45	-102.851
0.25	-45	136.695
0.25	-45	-103.345
0.25	-45	-101.155
0.25	-45	39.3788
0.25	-45	112.631
0.25	-45	-156.003
0.25	-45	84.7508
0.25	-45	-133.565
0.25	-45	61.6722
0.25	-45	-49.8214
0.25	-45	-134.985
0.25	-45	132.478
0.25	-45	-131.166
0.25	-45	-125.779
0.25	-45	-146.556
0.25	-45	-90.8435
0.25	-45	133.509
0.25	-45	-109.476
0.25	-45	107.289
0.25	-45	2.50398
0.25	-45	0.770181
0.25	-45	83.4043
0.25	-45	-17.4024
0.25	-45	74.9547
0.25	-45	-28.5243
0.25	-45	139.625
0.25	-45	-66.605
0.25	-45	-54.8486
0.25	-45	41.7813
0.25	-45	53.1613
0.25	-45	-145.676
0.25	-45	133.991
0.25	-45	168.253
0.25	-45	83.3533
0.25	-45	-154.251
0.25	-45	-145.015
0.25	-45	98.4719
0.25	-45	12.3835
0.25	-45	133.1
0.25	-45	-32.4654
0.25	-45	175.426
0.25	-45	44.422
0.25	-45	166.009
0.25	-45	-44.297
0.25	-45	-41.3356
0.25	-45	96.3697
0.25	-45	65.3336
0.25	-45	57.4875
0.25	-45	-130.944
0.25	-45	47.6925
0.25	-45	140.446
0.25	-45	-134.143
0.25	-45	-107.131
0.25	-45	172.858
0.25	-45	-137.011
0.25	-45	-98.8612
0.25	-45	-109.066
0.25	-45	130.718
0.25	-45	-101.463
0.25	-45	-136.262
0.25	-45	132.916
0.25	-45	-119.011
0.25	-45	-120.407
0.25	-45	78.4779
0.25	-45	-123.041
0.25	-45	-103.238
0.25	-45	114.464
0.25	-45	-62.6556
0.25	-45	0.739955
0.25	-45	-121.747
0.25	-45	92.1799
0.25	-45	-39.2661
0.25	-45	84.6357
0.25	-45	-74.3285
0.25	-45	17.8697
0.25	-45	118.542
0.25	-45	-144.443
0.25	-45	63.7261
0.25	-45	-82.5418
0.25	-45	-88.9964
0.25	-45	160.032
0.25	-45	-38.6362
0.25	-45	-172.471
0.25	-45	-0.97288
0.25	-45	-3.82752
0.25	-45	25.9187
0.25	-45	34.4932
0.25	-45	46.5886
0.25	-45	64.9447
0.25	-45	122.235
0.25	-45	139.768
0.25	-45	-110.644
0.25	-45	21.0612
0.25	-45	10.0149
0.25	-45	-89.1756
0.25	-45	-39.7976
0.25	-45	-107.762
0.25	-45	158.26
0.25	-45	94.924
0.25	-45	-122.826
0.25	-45	61.4322
0.25	-45	-31.5859
0.25	-45	165.62
0.25	-45	0.225501
0.25	-45	39.4456
0.25	-45	40.8043
0.25	-45	112.567
0.25	-45	135.193
0.25	-45	-26.8696
0.25	-45	15.6847
0.25	-45	36.4137
0.25	-45	30.8343
0.25	-45	-85.9927
0.25	-45	100.884
0.25	-45	-64.3988
0.25	-45	-125.566
0.25	-45	107.292
0.25	-45	143.482
0.25	-45	64.8173
0.25	-45	-115.823
0.25	-45	-111.311
0.25	-45	84.5297
0.25	-45	-48.7534
0.25	-45	-158.326
0.25	-45	13.1399
0.25	-45	-67.6226
0.25	-45	73.5642
0.25	-45	65.3663
0.25	-45	-68.3742
0.25	-45	34.1054
0.25	-45	0.0329517
0.25	-45	-117.435
0.25	-45	-126.841
0.25	-45	-26.8816
0.25	-45	37.2155
0.25	-45	159.457
0.25	-45	-111.98
0.25	-45	63.0949
0.25	-45	-21.6321
0.25	-45	-23.5205
0.25	-45	-83.4783
0.25	-45	32.0648
0.25	-45	-162.223
0.25	-45	135.996
0.25	-45	-90.2534
0.25	-45	-125.156
0.25	-45	-156.146
0.25	-45	-4.27615
0.25	-45	25.0528
0.25	-45	124.649
0.25	-45	-14.8418
0.25	-45	-169.872
0.25	-45	-133.087
0.25	-45	59.7567
0.25	-45	27.8759
0.25	-45	-95.4935
0.25	-45	-162.25
0.25	-45	15.9882
0.25	-45	164.959
0.25	-45	-108.247
0.25	-45	67.6913
0.25	-45	-43.121
0.25	-45	11.4708
0.25	-45	20.5831
0.25	-45	-11.8359
0.25	-45	90.9448
0.25	-45	21.4998
0.25	-45	83.8659
0.25	-45	-24.0129
0.25	-45	-20.9117
0.25	-45	26.3644
0.25	-45	98.4901
0.25	-45	41.8861
0.25	-45	87.3758
0.25	-45	-109.837
0.25	-45	13.6613
0.25	-45	-4.27555
0.25	-45	161.921
0.25	-45	73.0217
0.25	-45	138.738
0.25	-45	82.6232
0.25	-45	-84.3808
0.25	-45	-174.715
0.25	-45	-91.3546
0.25	-45	-120.475
0.25	-45	31.8248
0.25	-45	127.145
0.25	-45	-85.0151
0.25	-45	-4.90019
0.25	-45	-128.644
0.25	-45	148.109
0.25	-45	-172.759
0.25	-45	94.4177
0.25	-45	143.422
0.25	-45	-130.684
0.25	-45	-95.5105
0.25	-45	52.287
0.25	-45	-44.8913
0.25	-45	-89.4199
0.25	-45	-2.10724
0.25	-45	70.2479
0.25	-45	-61.0625
0.25	-45	105.851
0.25	-45	-169.545
0.25	-45	-138.815
0.25	-45	-109.406
0.25	-45	-110.402
0.25	-45	-143.901
0.25	-45	-73.7649
0.25	-45	1.97057
0.25	-45	33.5016
0.25	-45	41.5747
0.25	-45	19.7602
0.25	-45	75.9271
0.25	-45	-36.2348
0.25	-45	-122.856
0.25	-45	14.4687
0.25	-45	-46.9862
0.25	-45	-78.4138
0.25	-45	162.433
0.25	-45	-56.1627
0.25	-45	51.514
0.25	-45	140.805
0.25	-45	73.5532
0.25	-45	9.22241
0.25	-45	11.4961
0.25	-45	-157.685
0.25	-45	139.726
0.25	-45	-62.7177
0.25	-45	-41.1495
0.25	-45	48.2518
0.25	-45	153.792
0.25	-45	-47.3849
0.25	-45	-115.8
0.25	-45	178.157
0.25	-45	-57.1165
0.25	-45	-71.763
0.25	-45	-68.6601
0.25	-45	0.199839
0.25	-45	21.9087
0.25	-45	-36.1193
0.25	-45	139.885
0.25	-45	-140.621
0.25	-45	79.9768
0.25	-45	-70.9918
0.25	-45	115.55
0.25	-45	-130.53
0.25	-45	62.6216
0.25	-45	90.5114
0.25	-45	32.1841
0.25	-45	124.16
0.25	-45	1.95933
0.25	-45	108.711
0.25	-45	102.316
0.25	-45	119.432
0.25	-45	28.4066
0.25	-45	-99.9614
0.25	-45	100.401
0.25	-45	-164.145
0.25	-45	161.661
0.25	-45	-66.5714
0.25	-45	86.5372
0.25	-45	114.769
0.25	-45	-40.7769
0.25	-45	-90.554
0.25	-45	48.1964
0.25	-45	-39.8629
0.25	-45	137.557
0.25	-45	136.73
0.25	-45	-30.7435
0.25	-45	96.8288
0.25	-45	175.234
0.25	-45	-159.326
0.25	-45	128.556
0.25	-45	-174.776
0.25	-45	95.3353
0.25	-45	-98.2292
0.25	-45	22.2029
0.25	-45	-63.1814
0.25	-45	19.4458
0.25	-45	-24.4691
0.25	-45	-84.3719
0.25	-45	29.3611
0.25	-45	-4.43427
0.25	-45	-47.491
0.25	-45	-20.9661
0.25	-45	-80.5065
0.25	-45	-86.364
0.25	-45	-137.041
0.25	-45	-91.675
0.25	-45	91.1003
0.25	-45	-15.0489
0.25	-45	-20.336
0.25	-45	-67.3524
0.25	-45	-129.06
0.25	-45	119.777
0.25	-45	102.787
0.25	-45	171.751
0.25	-45	110.606
0.25	-45	-22.4973
0.25	-45	-86.7903
0.25	-45	-31.639
0.25	-45	-57.1857
0.25	-45	127.333
0.25	-45	-139.271
0.25	-45	-92.5923
0.25	-45	-44.0229
0.25	-45	57.1707
0.25	-45	-148.289
0.25	-45	-90.966
0.25	-45	-62.1459
0.25	-45	-21.4996
0.25	-45	-160.644
0.25	-45	170.313
0.25	-45	28.2004
0.25	-45	45.6765
0.25	-45	1.94046
0.25	-45	111.867
0.25	-45	-95.9283
0.25	-45	-62.4559
0.25	-45	113.497
0.25	-45	-117.911
0.25	-45	-178.076
0.25	-45	79.1478
0.25	-45	-67.3813
0.25	-45	93.4471
0.25	-45	31.5791
0.25	-45	-176.236
0.25	-45	-139.88
0.25	-45	-29.348
0.25	-45	-61.0362
0.25	-45	-121.087
0.25	-45	19.5139
0.25	-45	-0.923317
0.25	-45	-93.6136
0.25	-45	99.2945
0.25	-45	-142.941
0.25	-45	127.447
0.25	-45	34.4865
0.25	-45	-94.3591
0.25	-45	-9.94085
0.25	-45	78.5683
0.25	-45	99.0949
0.25	-45	-98.3223
0.25	-45	-137.07
0.25	-45	-159.412
0.25	-45	148.476
0.25	-45	46.0715
0.25	-45	23.7818
0.25	-45	-34.3148
0.25	-45	167.168
0.25	-45	-34.4757
0.25	-45	175.91
0.25	-45	38.1416
0.25	-45	119.176
0.25	-45	-25.7361
0.25	-45	135.189
0.25	-45	21.5627
0.25	-45	-68.4166
0.25	-45	161.324
0.25	-45	55.4399
0.25	-45	-21.5427
0.25	-45	-24.693
0.25	-45	140.222
0.25	-45	-42.3159
0.25	-45	-105.073
0.25	-45	116.92
0.25	-45	110.468
0.25	-45	71.2684
0.25	-45	151.002
0.25	-45	17.8043
0.25	-45	77.8551
0.25	-45	-93.3339
0.25	-45	92.9874
0.25	-45	-111.282
0.25	-45	-149.51
0.25	-45	113.889
0.25	-45	110.564
0.25	-45	6.48816
0.25	-45	-130.425
0.25	-45	135.121
0.25	-45	-24.0381
0.25	-45	-113.611
0.25	-45	-116.347
0.25	-45	19.5419
0.25	-45	127.37
0.25	-45	151.207
0.25	-45	-10.0248
0.25	-45	37.2131
0.25	-45	-77.208
0.25	-45	-63.9401
0.25	-45	20.9676
0.25	-45	-121.234
0.25	-45	29.2427
0.25	-45	-7.50012
0.25	-45	-42.714
0.25	-45	41.4133
0.25	-45	98.3144
0.25	-45	65.901
0.25	-45	-24.3517
0.25	-45	118.466
0.25	-45	-26.7431
0.25	-45	55.7953
0.25	-45	98.7011
0.25	-45	143.921
0.25	-45	-89.9973
0.25	-45	-92.9562
0.25	-45	117.971
0.25	-45	92.6971
0.25	-45	158.883
0.25	-45	108
0.25	-45	-70.8085
0.25	-45	-102.452
0.25	-45	19.5072
0.25	-45	146.084
0.25	-45	-110.348
0.25	-45	-138.349
0.25	-45	-135.753
0.25	-45	94.4532
0.25	-45	-152.765
0.25	-45	-60.0311
0.25	-45	-148.882
0.25	-45	-119.088
0.25	-45	-115.551
0.25	-45	22.7829
0.25	-45	-151.257
0.25	-45	177.175
0.25	-45	81.2007
0.25	-45	4.08049
0.25	-45	171.976
0.25	-45	-140.579
0.25	-45	13.2043
0.25	-45	-72.1346
0.25	-45	30.3911
0.25	-45	-88.6246
0.25	-45	5.54835
0.25	-45	-159.168
0.25	-45	-130.261
0.25	-45	-85.6686
0.25	-45	-1.45257
0.25	-45	-42.6631
0.25	-45	-21.8445
0.25	-45	164.534
0.25	-45	-63.365
0.25	-45	85.5231
0.25	-45	-30.9735
0.25	-45	120.24
0.25	-45	136.314
0.25	-45	21.0015
0.25	-45	-162.888
0.25	-45	-127.556
0.25	-45	-85.5448
0.25	-45	-91.3757
0.25	-45	-69.6358
0.25	-45	-134.716
0.25	-45	63.4593
0.25	-45	52.6643
0.25	-45	58.7534
0.25	-45	158.724
0.25	-45	-71.9324
0.25	-45	114.213
0.25	-45	84.2883
0.25	-45	-42.026
0.25	-45	-19.2327
0.25	-45	-108.992
0.25	-45	19.4203
0.25	-45	-174.984
0.25	-45	-120.136
0.25	-45	-7.91997
0.25	-45	103.317
0.25	-45	-65.8202
0.25	-45	25.8898
0.25	-45	-174.025
0.25	-45	2.32826
0.25	-45	1.2612
0.25	-45	153.721
0.25	-45	-0.115301
0.25	-45	-1.30397
0.25	-45	118.727
0.25	-45	-138.465
0.25	-45	6.45694
0.25	-45	23.568
0.25	-45	1.63223
0.25	-45	89.7756
0.25	-45	-44.1548
0.25	-45	61.1448
0.25	-45	-3.49084
0.25	-45	-91.9868
0.25	-45	-148.329
0.25	-45	-86.2641
0.25	-45	133.196
0.25	-45	105.098
0.25	-45	-38.9405
0.25	-45	-78.4382
0.25	-45	102.877
0.25	-45	-106.609
0.25	-45	-166.072
0.25	-45	-126.069
0.25	-45	86.3126
0.25	-45	83.1376
0.25	-45	68.796
0.25	-45	40.0426
0.25	-45	15.8769
0.25	-45	79.8812
0.25	-45	17.4823
0.25	-45	51.7683
0.25	-45	-48.3132
0.25	-45	-159.637
0.25	-45	68.8383
0.25	-45	93.192
0.25	-45	-106.433
0.25	-45	-9.68787
0.25	-45	82.8923
0.25	-45	111.692
0.25	-45	-61.3058
0.25	-45	23.2719
0.25	-45	164.313
0.25	-45	110.673
0.25	-45	98.1794
0.25	-45	47.9086
0.25	-45	94.5486
0.25	-45	115.919
0.25	-45	109.799
0.25	-45	-51.1143
0.25	-45	112.129
0.25	-45	132.454
0.25	-45	3.61882
0.25	-45	-35.4021
0.25	-45	129.517
0.25	-45	-174.397
0.25	-45	132
0.25	-45	-146.715
0.25	-45	18.013
0.25	-45	-57.97
0.25	-45	-156.254
0.25	-45	-116.567
0.25	-45	-67.086
0.25	-45	120.718
0.25	-45	135.082
0.25	-45	95.3461
0.25	-45	170.582
0.25	-45	-49.8173
0.25	-45	173.903
0.25	-45	53.9696
0.25	-45	20.6362
0.25	-45	-110.096
0.25	-45	75.5096
0.25	-45	-40.6502
0.25	-45	-90.1627
0.25	-45	-86.2374
0.25	-45	-136.834
0.25	-45	110.435
0.25	-45	143.653
0.25	-45	154.809
0.25	-45	37.4344
0.25	-45	7.41369
0.25	-45	104.878
0.25	-45	-149.707
0.25	-45	44.071
0.25	-45	-49.2148
0.25	-45	-146.56
0.25	-45	37.4453
0.25	-45	36.2186
0.25	-45	-161.457
0.25	-45	-72.9127
0.25	-45	54.9329
0.25	-45	171.614
0.25	-45	-169.409
0.25	-45	-38.5218
0.25	-45	127.834
0.25	-45	3.56227
0.25	-45	64.1231
0.25	-45	18.163
0.25	-45	-128.959
0.25	-45	-81.4751
0.25	-45	-56.796
0.25	-45	113.776
0.25	-45	69.1551
0.25	-45	-107.378
0.25	-45	143.798
0.25	-45	98.1118
0.25	-45	178.986
0.25	-45	-76.7624
0.25	-45	122.721
0.25	-45	125.653
0.25	-45	178.328
0.25	-45	-172.468
0.25	-45	26.6431
0.25	-45	119.95
0.25	-45	-127.499
0.25	-45	30.7321
0.25	-45	-145.67
0.25	-45	-119.877
0.25	-45	-24.8732
0.25	-45	-156.356
0.25	-45	-49.9856
0.25	-45	-95.5038
0.25	-45	51.573
0.25	-45	-64.6847
0.25	-45	-5.04342
0.25	-45	-42.4503
0.25	-45	-151.481
0.25	-45	-71.9836
0.25	-45	148.921
0.25	-45	78.4668
0.25	-45	129.713
0.25	-45	-102.821
0.25	-45	-9.31149
0.25	-45	153.45
0.25	-45	82.3034
0.25	-45	142.029
0.25	-45	121.507
0.25	-45	-153.684
0.25	-45	33.9943
0.25	-45	-81.4898
0.25	-45	-80.327
0.25	-45	117.173
0.25	-45	-107.731
0.25	-45	151.509
0.25	-45	-11.603
0.25	-45	-29.3184
0.25	-45	51.5814
0.25	-45	-68.1249
0.25	-45	-141.961
0.25	-45	37.9301
0.25	-45	45.2823
0.25	-45	-21.0658
0.25	-45	-91.0066
0.25	-45	112.156
0.25	-45	-118.078
0.25	-45	23.3167
0.25	-45	101.805
0.25	-45	-126.36
0.25	-45	28.0955
0.25	-45	-120.076
0.25	-45	-41.9583
0.25	-45	-79.945
0.25	-45	-98.8324
0.25	-45	102.824
0.25	-45	124.457
0.25	-45	160.089
0.25	-45	141.222
0.25	-45	-18.371
0.25	-45	-30.6506
0.25	-45	-35.4844
0.25	-45	37.377
0.25	-45	1.45941
0.25	-45	118.222
0.25	-45	4.59537
0.25	-45	89.7034
0.25	-45	-148.876
0.25	-45	-10.0251
0.25	-45	138.548
0.25	-45	141.353
0.25	-45	-179.631
0.25	-45	-101.399
0.25	-45	43.9717
0.25	-45	-77.2726
0.25	-45	81.9544
0.25	-45	31.6982
0.25	-45	88.9948
0.25	-45	116.317
0.25	-45	64.2156
0.25	-45	-75.7264
0.25	-45	-113.511
0.25	-45	-68.6962
0.25	-45	26.1321
0.25	-45	-146.507
0.25	-45	52.2087
0.25	-45	35.1066
0.25	-45	64.1718
0.25	-45	-120.892
0.25	-45	168.02
0.25	-45	-9.93581
0.25	-45	104.455
0.25	-45	173.566
0.25	-45	22.8121
0.25	-45	-134.057
0.25	-45	-86.2261
0.25	-45	106.435
0.25	-45	-125.623
0.25	-45	-20.844
0.25	-45	63.9985
0.25	-45	-60.7057
0.25	-45	2.37303
0.25	-45	114.37
0.25	-45	-85.1955
0.25	-45	38.3511
0.25	-45	128.64
0.25	-45	162.628
0.25	-45	-65.562
0.25	-45	59.307
0.25	-45	-114.641
0.25	-45	-175.467
0.25	-45	-5.17734
0.25	-45	158.861
0.25	-45	-95.0648
0.25	-45	-163.778
0.25	-45	-39.523
0.25	-45	-138.33
0.25	-45	155.294
0.25	-45	-176.964
0.25	-45	68.5268
0.25	-45	-145.189
0.25	-45	-120.232
0.25	-45	106.272
0.25	-45	-99.5397
0.25	-45	-69.6467
0.25	-45	-105.545
0.25	-45	124.123
0.25	-45	95.4475
0.25	-45	-84.6137
0.25	-45	-71.6239
0.25	-45	23.6299
0.25	-45	37.3074
0.25	-45	-146.049
0.25	-45	-13.9693
0.25	-45	-132.504
0.25	-45	14.196
0.25	-45	173.203
0.25	-45	-55.8829
0.25	-45	74.031
0.25	-45	85.9032
0.25	-45	-54.5759
0.25	-45	96.5127
0.25	-45	-161.451
0.25	-45	79.4598
0.25	-45	106.692
0.25	-45	-62.2967
0.25	-45	-111.588
0.25	-45	179.181
0.25	-45	-151.34
0.25	-45	-17.8074
0.25	-45	-112.993
0.25	-45	149.673
0.25	-45	38.7778
0.25	-45	-142.16
0.25	-45	50.7235
0.25	-45	-78.2498
0.25	-45	-147.998
0.25	-45	-89.2222
0.25	-45	169.327
0.25	-45	-122.928
0.25	-45	69.4496
0.25	-45	20.5015
0.25	-45	-13.2998
0.25	-45	-74.9942
0.25	-45	95.4501
0.25	-45	-1.40133
