pol	setting	phi
0.3	45	-2.28727
0.3	45	67.0137
0.3	45	-76.565
0.3	45	-177.949
0.3	45	-129.08
0.3	45	139.419
0.3	45	-79.8683
0.3	45	-92.0468
0.3	45	-132.543
0.3	45	45.8422
0.3	45	171.885
0.3	45	95.685
0.3	45	-170.826
0.3	45	-129.815
0.3	45	54.4473
0.3	45	19.7214
0.3	45	120.636
0.3	45	170.002
0.3	45	-135.138
0.3	45	-82.3454
0.3	45	172.363
0.3	45	-168.966
0.3	45	175.513
0.3	45	-168.729
0.3	45	157.538
0.3	45	-162.428
0.3	45	108.793
0.3	45	147.83
0.3	45	97.1397
0.3	45	-131.324
0.3	45	102.822
0.3	45	61.0582
0.3	45	-175.117
0.3	45	134.676
0.3	45	104.441
0.3	45	-19.8
0.3	45	-29.86
0.3	45	33.2924
0.3	45	166.987
0.3	45	50.6405
0.3	45	-77.092
0.3	45	-78.5753
0.3	45	117.127
0.3	45	70.0174
0.3	45	-104.845
0.3	45	143.734
0.3	45	-89.7167
0.3	45	-144.761
0.3	45	-157.931
0.3	45	-127.224
0.3	45	-5.0101
0.3	45	-12.0241
0.3	45	-41.9326
0.3	45	21.5964
0.3	45	93.0301
0.3	45	-11.434
0.3	45	-123.72
0.3	45	-11.5879
0.3	45	78.6125
0.3	45	156.901
0.3	45	18.166
0.3	45	125.027
0.3	45	-36.8793
0.3	45	-151.953
0.3	45	145.472
0.3	45	149.456
0.3	45	128.171
0.3	45	178.73
0.3	45	-15.1791
0.3	45	35.4465
0.3	45	-156.758
0.3	45	-115.824
0.3	45	25.6237
0.3	45	-133.423
0.3	45	-66.8953
0.3	45	25.6202
0.3	45	9.15075
0.3	45	-66.012
0.3	45	83.9071
0.3	45	156.875
0.3	45	66.8895
0.3	45	100.173
0.3	45	-159.977
0.3	45	-79.6397
0.3	45	5.82266
0.3	45	159.17
0.3	45	-92.3794
0.3	45	-49.0801
0.3	45	141.375
0.3	45	-50.2541
0.3	45	33.6047
0.3	45	-34.4657
0.3	45	63.9928
0.3	45	-55.5204
0.3	45	-67.9796
0.3	45	-115.467
0.3	45	-3.27843
0.3	45	22.727
0.3	45	-57.0674
0.3	45	-116.362
0.3	45	118.096
0.3	45	178.849
0.3	45	-138.933
0.3	45	147.51
0.3	45	138.029
0.3	45	-50.627
0.3	45	-37.7403
0.3	45	151.634
0.3	45	-80.1412
0.3	45	66.9776
0.3	45	-120.793
0.3	45	83.1607
0.3	45	43.175
0.3	45	109.28
0.3	45	-164.108
0.3	45	-24.9993
0.3	45	18.1276
0.3	45	-46.8033
0.3	45	95.2684
0.3	45	101.55
0.3	45	73.1381
0.3	45	-3.31106
0.3	45	77.2925
0.3	45	150.603
0.3	45	97.0563
0.3	45	-56.5094
0.3	45	-91.3852
0.3	45	-151.223
0.3	45	23.5586
0.3	45	42.8412
0.3	45	63.5647
0.3	45	114.665
0.3	45	-126.905
0.3	45	-24.2801
0.3	45	138.547
0.3	45	-121.164
0.3	45	7.09437
0.3	45	-121.674
0.3	45	-60.8731
0.3	45	-130.374
0.3	45	113.914
0.3	45	21.8062
0.3	45	-168.553
0.3	45	-15.8897
0.3	45	36.2075
0.3	45	-123.897
0.3	45	-160.157
0.3	45	86.014
0.3	45	74.9524
0.3	45	47.2286
0.3	45	-131.259
0.3	45	-2.06404
0.3	45	8.30279
0.3	45	10.8999
0.3	45	100.23
0.3	45	150.771
0.3	45	135.135
0.3	45	-41.959
0.3	45	2.59046
0.3	45	84.5818
0.3	45	174.26
0.3	45	-48.4184
0.3	45	-149.33
0.3	45	28.7954
0.3	45	115.976
0.3	45	-178.839
0.3	45	5.23277
0.3	45	-29.3362
0.3	45	-103.758
0.3	45	111.181
0.3	45	73.5224
0.3	45	-152.622
0.3	45	1.75434
0.3	45	-159.89
0.3	45	25.7606
0.3	45	-150.731
0.3	45	-177.027
0.3	45	-19.1258
0.3	45	-35.075
0.3	45	-41.2119
0.3	45	-177.342
0.3	45	-105.444
0.3	45	24.899
0.3	45	170.506
0.3	45	83.6919
0.3	45	-19.3085
0.3	45	-146.187
0.3	45	125.118
0.3	45	-57.7703
0.3	45	44.3376
0.3	45	49.9661
0.3	45	81.8683
0.3	45	-149.917
0.3	45	-147.592
0.3	45	-47.3361
0.3	45	-72.1361
0.3	45	178.598
0.3	45	102.934
0.3	45	-62.8603
0.3	45	133.706
0.3	45	-24.8555
0.3	45	58.7465
0.3	45	121.993
0.3	45	27.9001
0.3	45	39.7111
0.3	45	-24.0754
0.3	45	56.5593
0.3	45	45.7395
0.3	45	159.484
0.3	45	62.38
0.3	45	-74.7693
0.3	45	-98.3586
0.3	45	-15.5498
0.3	45	-57.0725
0.3	45	138.092
0.3	45	-157.77
0.3	45	128.787
0.3	45	-125.497
0.3	45	-48.6445
0.3	45	47.8453
0.3	45	178.107
0.3	45	78.1022
0.3	45	70.9782
0.3	45	55.2639
0.3	45	-51.234
0.3	45	17.2648
0.3	45	-161.343
0.3	45	-136.135
0.3	45	-140.582
0.3	45	-44.0185
0.3	45	-146.1
0.3	45	49.1841
0.3	45	75.1913
0.3	45	-95.4409
0.3	45	129.119
0.3	45	-124.697
0.3	45	-0.609391
0.3	45	-22.1226
0.3	45	-165.237
0.3	45	167.462
0.3	45	53.5035
0.3	45	-83.6617
0.3	45	-123.811
0.3	45	-30.4171
0.3	45	124.401
0.3	45	-111.792
0.3	45	54.7573
0.3	45	166.907
0.3	45	-155.101
0.3	45	-72.1943
0.3	45	-20.8596
0.3	45	-92.5309
0.3	45	77.7953
0.3	45	49.9013
0.3	45	-101.818
0.3	45	127.077
0.3	45	-94.8754
0.3	45	-42.5767
0.3	45	-91.3759
0.3	45	97.8997
0.3	45	52.5458
0.3	45	139.436
0.3	45	-57.5836
0.3	45	-158.283
0.3	45	29.5643
0.3	45	175.836
0.3	45	78.1861
0.3	45	124.725
0.3	45	90.9747
0.3	45	-160.995
0.3	45	168.6
0.3	45	36.0572
0.3	45	-33.8429
0.3	45	110.064
0.3	45	39.6923
0.3	45	147.084
0.3	45	54.8958
0.3	45	167.919
0.3	45	-145.712
0.3	45	-115.447
0.3	45	-150.019
0.3	45	-0.669655
0.3	45	32.627
0.3	45	118.01
0.3	45	-40.2623
0.3	45	-96.0506
0.3	45	-54.2825
0.3	45	25.1745
0.3	45	-46.0554
0.3	45	178.622
0.3	45	-55.9682
0.3	45	-168.306
0.3	45	68.4573
0.3	45	-101.061
0.3	45	95.8469
0.3	45	17.2238
0.3	45	-133.119
0.3	45	146.863
0.3	45	-168.247
0.3	45	142.521
0.3	45	129.937
0.3	45	79.1711
0.3	45	48.4164
0.3	45	-140.005
0.3	45	-97.4873
0.3	45	29.1115
0.3	45	149.991
0.3	45	83.5119
0.3	45	-158.536
0.3	45	-174.563
0.3	45	-10.7765
0.3	45	69.3502
0.3	45	-128.522
0.3	45	-26.7797
0.3	45	-5.38303
0.3	45	119.909
0.3	45	153.086
0.3	45	-178.297
0.3	45	-110.394
0.3	45	-71.5123
0.3	45	120.493
0.3	45	-78.6124
0.3	45	-106.832
0.3	45	127.256
0.3	45	-123.043
0.3	45	-80.9575
0.3	45	-94.229
0.3	45	89.2052
0.3	45	-15.0054
0.3	45	149.797
0.3	45	-69.1618
0.3	45	32.2554
0.3	45	-150.502
0.3	45	54.9479
0.3	45	-52.595
0.3	45	141.461
0.3	45	-87.666
0.3	45	-35.5705
0.3	45	-11.8203
0.3	45	-124.525
0.3	45	105.901
0.3	45	-171.795
0.3	45	-32.8825
0.3	45	-130.65
0.3	45	146.641
0.3	45	18.9431
0.3	45	-52.0252
0.3	45	-102.283
0.3	45	-91.3883
0.3	45	-33.845
0.3	45	80.9408
0.3	45	-83.5189
0.3	45	-125.941
0.3	45	-173.299
0.3	45	23.611
0.3	45	146.885
0.3	45	-18.6669
0.3	45	-14.8114
0.3	45	113.917
0.3	45	161.575
0.3	45	-97.8842
0.3	45	6.82869
0.3	45	-50.6843
0.3	45	-178.494
0.3	45	-172.318
0.3	45	-89.0046
0.3	45	-92.0003
0.3	45	88.5748
0.3	45	-74.5299
0.3	45	30.8905
0.3	45	-74.9417
0.3	45	57.1917
0.3	45	-133.454
0.3	45	-152.324
0.3	45	32.2224
0.3	45	-110.55
0.3	45	-137.14
0.3	45	165.732
0.3	45	-149.953
0.3	45	-79.4546
0.3	45	142.204
0.3	45	-57.7197
0.3	45	-115.477
0.3	45	93.3908
0.3	45	-113.858
0.3	45	-171.916
0.3	45	-8.70473
0.3	45	26.2158
0.3	45	19.764
0.3	45	75.1939
0.3	45	160.332
0.3	45	45.3454
0.3	45	145.265
0.3	45	-162.42
0.3	45	-51.5189
0.3	45	-87.095
0.3	45	170.078
0.3	45	-168.959
0.3	45	166.088
0.3	45	166.909
0.3	45	11.5669
0.3	45	29.1389
0.3	45	70.5841
0.3	45	74.1431
0.3	45	-132.122
0.3	45	-45.8443
0.3	45	-6.8523
0.3	45	-73.2883
0.3	45	-152.718
0.3	45	-32.6905
0.3	45	-92.2287
0.3	45	-90.1365
0.3	45	-42.9526
0.3	45	41.9817
0.3	45	162.073
0.3	45	-89.191
0.3	45	-77.6555
0.3	45	-41.6393
0.3	45	-140.173
0.3	45	161.152
0.3	45	10.9297
0.3	45	-135.038
0.3	45	-15.455
0.3	45	-117.883
0.3	45	-151.814
0.3	45	139.778
0.3	45	-163.791
0.3	45	138.155
0.3	45	142.381
0.3	45	120.611
0.3	45	-48.6769
0.3	45	65.3533
0.3	45	-37.066
0.3	45	115.769
0.3	45	-112.18
0.3	45	95.7508
0.3	45	129.272
0.3	45	177.676
0.3	45	-144.592
0.3	45	-88.5026
0.3	45	-157.496
0.3	45	17.6862
0.3	45	137.176
0.3	45	-5.41364
0.3	45	-46.8516
0.3	45	-26.849
0.3	45	19.8537
0.3	45	-151.823
0.3	45	-154.095
0.3	45	79.1974
0.3	45	69.2143
0.3	45	74.5629
0.3	45	144.031
0.3	45	-84.1045
0.3	45	-15.0229
0.3	45	-82.757
0.3	45	-79.0635
0.3	45	158.863
0.3	45	29.7191
0.3	45	-0.215143
0.3	45	163.2
0.3	45	-167.19
0.3	45	-73.5508
0.3	45	-174.818
0.3	45	-94.0387
0.3	45	-91.1067
0.3	45	118.092
0.3	45	-117.99
0.3	45	87.5818
0.3	45	-7.81215
0.3	45	-56.1645
0.3	45	-3.66529
0.3	45	162.419
0.3	45	18.3226
0.3	45	148.213
0.3	45	-142.414
0.3	45	35.5013
0.3	45	5.07359
0.3	45	111.246
0.3	45	-173.786
0.3	45	-21.3706
0.3	45	-110.234
0.3	45	111.843
0.3	45	-137.749
0.3	45	9.47089
0.3	45	-121.051
0.3	45	-104.547
0.3	45	-43.2145
0.3	45	-24.6657
0.3	45	-158.163
0.3	45	48.5656
0.3	45	142.885
0.3	45	-126.624
0.3	45	18.2043
0.3	45	130.899
0.3	45	-42.4754
0.3	45	-135.146
0.3	45	155.14
0.3	45	82.5164
0.3	45	23.7532
0.3	45	12.8108
0.3	45	158.273
0.3	45	169.653
0.3	45	-56.1487
0.3	45	93.0387
0.3	45	-122.785
0.3	45	37.4837
0.3	45	22.2994
0.3	45	10.0666
0.3	45	-92.7257
0.3	45	-161.189
0.3	45	-133.89
0.3	45	68.2319
0.3	45	-94.7438
0.3	45	155.411
0.3	45	150.333
0.3	45	62.8745
0.3	45	17.4104
0.3	45	42.2496
0.3	45	98.3456
0.3	45	-5.94373
0.3	45	173.129
0.3	45	-147.741
0.3	45	16.4108
0.3	45	-157.236
0.3	45	-59.3275
0.3	45	-33.3555
0.3	45	77.2481
0.3	45	124.632
0.3	45	86.6811
0.3	45	-124.957
0.3	45	-5.41958
0.3	45	-68.5352
0.3	45	-166.851
0.3	45	13.2639
0.3	45	-15.2423
0.3	45	-121.907
0.3	45	-142.657
0.3	45	5.71007
0.3	45	114.872
0.3	45	106.029
0.3	45	64.0847
0.3	45	60.8903
0.3	45	68.7161
0.3	45	-66.0816
0.3	45	118.387
0.3	45	-132.347
0.3	45	-173.007
0.3	45	-61.9709
0.3	45	-8.33291
0.3	45	-66.8381
0.3	45	-116.945
0.3	45	9.95813
0.3	45	-124.217
0.3	45	114.285
0.3	45	-112.295
0.3	45	94.6606
0.3	45	-48.9619
0.3	45	-145.884
0.3	45	-172.197
0.3	45	-142.087
0.3	45	-83.9069
0.3	45	45.4884
0.3	45	59.5132
0.3	45	114.039
0.3	45	19.3114
0.3	45	105.101
0.3	45	-159.251
0.3	45	88.2282
0.3	45	-26.3329
0.3	45	-145.518
0.3	45	53.6445
0.3	45	74.0626
0.3	45	38.5416
0.3	45	23.9654
0.3	45	122.18
0.3	45	160.168
0.3	45	144.877
0.3	45	28.428
0.3	45	-54.5285
0.3	45	73.5474
0.3	45	-39.061
0.3	45	66.5074
0.3	45	121.469
0.3	45	11.0424
0.3	45	-62.9201
0.3	45	12.5293
0.3	45	110.11
0.3	45	-96.8899
0.3	45	-172.179
0.3	45	-138.151
0.3	45	-10.7924
0.3	45	-98.4493
0.3	45	108.682
0.3	45	98.0186
0.3	45	34.9123
0.3	45	4.58936
0.3	45	123.882
0.3	45	66.8376
0.3	45	176.144
0.3	45	93.7695
0.3	45	67.1667
0.3	45	139.756
0.3	45	53.4934
0.3	45	131.848
0.3	45	175.591
0.3	45	167.877
0.3	45	-42.8826
0.3	45	-12.9913
0.3	45	-38.0202
0.3	45	176.908
0.3	45	-174.931
0.3	45	-164.913
0.3	45	-10.0336
0.3	45	73.8502
0.3	45	-149.96
0.3	45	-22.0104
0.3	45	-20.8207
0.3	45	-150.433
0.3	45	-165.175
0.3	45	91.5154
0.3	45	-72.1887
0.3	45	69.172
0.3	45	-80.8574
0.3	45	51.0954
0.3	45	-130.776
0.3	45	-0.940176
0.3	45	-16.6125
0.3	45	-163.641
0.3	45	143.197
0.3	45	-159.638
0.3	45	0.530958
0.3	45	163.593
0.3	45	8.44246
0.3	45	-124.531
0.3	45	-128.596
0.3	45	111.648
0.3	45	87.7014
0.3	45	-157.875
0.3	45	-91.6133
0.3	45	-14.1527
0.3	45	-77.8745
0.3	45	84.9788
0.3	45	174.806
0.3	45	-88.2029
0.3	45	136.298
0.3	45	-108.771
0.3	45	-0.304241
0.3	45	28.009
0.3	45	-128.112
0.3	45	-81.1916
0.3	45	84.0012
0.3	45	-60.3736
0.3	45	178.689
0.3	45	-178.384
0.3	45	57.0908
0.3	45	-38.851
0.3	45	16.3845
0.3	45	102.048
0.3	45	84.1862
0.3	45	-38.8612
0.3	45	40.6354
0.3	45	-167.158
0.3	45	21.7623
0.3	45	144.328
0.3	45	-137.134
0.3	45	52.7122
0.3	45	-77.3004
0.3	45	-1.31733
0.3	45	-150.631
0.3	45	66.5801
0.3	45	-84.791
0.3	45	-64.7663
0.3	45	-159.363
0.3	45	-14.057
0.3	45	177.632
0.3	45	45.1426
0.3	45	28.9548
0.3	45	-80.222
0.3	45	-111.587
0.3	45	4.39352
0.3	45	126.508
0.3	45	-1.44943
0.3	45	-57.4473
0.3	45	-146.547
0.3	45	-62.4649
0.3	45	-169.106
0.3	45	36.9482
0.3	45	4.13405
0.3	45	69.4352
0.3	45	-2.28422
0.3	45	-14.4118
0.3	45	95.0953
0.3	45	-39.1066
0.3	45	-159.205
0.3	45	-71.0481
0.3	45	-148.824
0.3	45	-145.217
0.3	45	160.084
0.3	45	57.3575
0.3	45	35.9319
0.3	45	-126.116
0.3	45	-33.3264
0.3	45	-120.234
0.3	45	-42.2887
0.3	45	-48.482
0.3	45	-84.6843
0.3	45	173.471
0.3	45	-39.8355
0.3	45	-3.9951
0.3	45	16.8858
0.3	45	-136.144
0.3	45	47.1312
0.3	45	-126.102
0.3	45	136.447
0.3	45	-144.89
0.3	45	-108.127
0.3	45	-96.2341
0.3	45	-8.36216
0.3	45	81.3359
0.3	45	-163.627
0.3	45	112.08
0.3	45	-165.275
0.3	45	-29.7535
0.3	45	-59.053
0.3	45	-79.9396
0.3	45	124.797
0.3	45	-44.2635
0.3	45	-92.6985
0.3	45	-110.681
0.3	45	-124.159
0.3	45	176.237
0.3	45	-0.0312665
0.3	45	-48.3304
0.3	45	144.365
0.3	45	-73.3737
0.3	45	-38.2217
0.3	45	48.487
0.3	45	-125.425
0.3	45	-49.334
0.3	45	157.974
0.3	45	143.293
0.3	45	-104.706
0.3	45	138.672
0.3	45	134.737
0.3	45	-13.6351
0.3	45	-107.608
0.3	45	97.1509
0.3	45	160.512
0.3	45	-84.4794
0.3	45	29.0742
0.3	45	132.367
0.3	45	60.7541
0.3	45	88.0115
0.3	45	-110.479
0.3	45	-54.6605
0.3	45	152.11
0.3	45	71.4844
0.3	45	-12.2499
0.3	45	76.841
0.3	45	-7.98786
0.3	45	-44.2682
0.3	45	-162.189
0.3	45	-46.3454
0.3	45	172.609
0.3	45	179.465
0.3	45	5.1333
0.3	45	80.8673
0.3	45	168.515
0.3	45	-114.318
0.3	45	-166.645
0.3	45	55.9816
0.3	45	38.4968
0.3	45	-107.114
0.3	45	29.0461
0.3	45	115.089
0.3	45	-75.231
0.3	45	-97.286
0.3	45	57.0032
0.3	45	26.5024
0.3	45	97.8826
0.3	45	59.5338
0.3	45	-118.686
0.3	45	-123.338
0.3	45	82.4559
0.3	45	56.5165
0.3	45	56.0637
0.3	45	110.06
0.3	45	-68.4616
0.3	45	63.9291
0.3	45	-82.9118
0.3	45	155.097
0.3	45	-72.3989
0.3	45	65.2839
0.3	45	-90.826
0.3	45	108.254
0.3	45	88.4366
0.3	45	-51.0598
0.3	45	-43.9529
0.3	45	168.429
0.3	45	153.505
0.3	45	-100.826
0.3	45	-76.6745
0.3	45	-147.427
0.3	45	54.5604
0.3	45	-21.9621
0.3	45	-147.083
0.3	45	-30.7975
0.3	45	143.515
0.3	45	-170.175
0.3	45	-133.191
0.3	45	82.0719
0.3	45	-63.1054
0.3	45	116.452
0.3	45	-159.087
0.3	45	-80.9603
0.3	45	-50.275
0.3	45	175.882
0.3	45	71.2291
0.3	45	-143.883
0.3	45	-83.8613
0.3	45	156.944
0.3	45	-36.0561
0.3	45	-72.2948
0.3	45	50.5512
0.3	45	106.3
0.3	45	179.459
0.3	45	56.4112
0.3	45	-106.343
0.3	45	-77.2497
0.3	45	119.559
0.3	45	98.765
0.3	45	-134.136
0.3	45	84.3374
0.3	45	-173.673
0.3	45	134.731
0.3	45	21.49
0.3	45	167.149
0.3	45	41.2102
0.3	45	-152.801
0.3	45	-124.234
0.3	45	-158.899
0.3	45	-23.1321
0.3	45	-24.772
0.3	45	-97.0859
0.3	45	-27.2257
0.3	45	-53.9117
0.3	45	-69.6791
0.3	45	-9.14555
0.3	45	131.822
0.3	45	28.8303
0.3	45	91.4491
0.3	45	39.9287
0.3	45	171.538
0.3	45	-156.37
0.3	45	-69.0561
0.3	45	111.069
0.3	45	-118.334
0.3	45	83.1409
0.3	45	166.271
0.3	45	-172.448
0.3	45	-95.0376
0.3	45	173.5
0.3	45	-139.088
0.3	45	-167.746
0.3	45	140.21
0.3	45	-106.166
0.3	45	141.081
0.3	45	-76.8483
0.3	45	-47.3062
0.3	45	145.506
0.3	45	20.9777
0.3	45	-7.82932
0.3	45	30.935
0.3	45	77.6681
0.3	45	75.455
0.3	45	-49.4961
0.3	45	-27.6872
0.3	45	98.6003
0.3	45	-91.9229
0.3	45	-126.077
0.3	45	22.1096
0.3	45	-161.616
0.3	45	133.541
0.3	45	-139.648
0.3	45	139.75
0.3	45	113.642
0.3	45	79.4566
0.3	45	-33.298
0.3	45	85.726
0.3	45	167.321
0.3	45	165.718
0.3	45	-117.694
0.3	45	107.155
0.3	45	-123.384
0.3	45	-91.496
0.3	45	-60.9918
0.3	45	116.073
0.3	45	174.179
0.3	45	-123.557
0.3	45	89.672
0.3	45	-133.2
0.3	45	-126.756
0.3	45	91.008
0.3	45	-58.0539
0.3	45	-14.2639
0.3	45	162.39
0.3	45	168.225
0.3	45	-32.1381
0.3	45	104.969
0.3	45	27.4587
0.3	45	20.6961
0.3	45	-115.451
0.3	45	-35.282
0.3	45	124.922
0.3	45	-68.1488
0.3	45	139.195
0.3	45	-60.7218
0.3	45	-144.638
0.3	45	-171.937
0.3	45	-52.9265
0.3	45	153.22
0.3	45	-77.6874
0.3	45	139.599
0.3	45	-99.6204
0.3	45	120.238
0.3	45	157.155
0.3	45	170.117
0.3	45	146.493
0.3	45	31.0556
0.3	45	122.8
0.3	45	2.08903
0.3	45	-101.05
0.3	45	-127.175
0.3	45	93.2075
0.3	45	-17.3315
0.3	45	-81.4868
0.3	45	169.616
0.3	45	123.402
0.3	45	-143.359
0.3	45	0.750199
0.3	45	-30.0068
0.3	45	111.044
0.3	45	-178.593
0.3	45	34.8678
0.3	45	25.1582
0.3	45	-143.036
0.3	45	-23.2553
0.3	45	44.8495
0.3	45	74.3432
0.3	45	-61.053
0.3	45	-106.937
0.3	45	44.3296
0.3	45	-44.0748
0.3	45	3.5467
0.3	45	-146.74
0.3	45	125.771
0.3	45	32.2879
0.3	45	74.462
0.3	45	-149.617
0.3	45	137.007
0.3	45	-43.4534
0.3	45	-151.883
0.3	45	-85.5645
0.3	45	-141.627
0.3	45	94.7916
0.3	45	106.247
0.3	45	73.7784
0.3	45	-82.9718
0.3	45	-150.132
0.3	45	-34.3904
0.3	45	91.964
0.3	45	45.1164
0.3	45	-140.759
0.3	45	15.5875
0.3	45	75.789
0.3	45	-115.576
0.3	45	-43.6938
0.3	45	4.10432
0.3	45	-170.209
0.3	45	-123.795
0.3	45	102.702
0.3	45	113.913
0.3	45	38.7135
0.3	45	-125.242
0.3	45	112.714
0.3	45	31.6959
0.3	45	-7.28626
0.3	45	30.2323
0.3	45	-159.938
0.3	45	126.114
0.3	45	23.6888
0.3	45	-161.972
0.3	45	-55.7892
0.3	45	-153.107
0.3	45	73.3576
0.3	45	2.6395
0.3	45	-89.2747
0.3	45	49.844
0.3	45	56.3759
0.25	-45	117.989
0.25	-45	141.716
0.25	-45	59.7711
0.25	-45	141.421
0.25	-45	23.3326
0.25	-45	-114.576
0.25	-45	54.8395
0.25	-45	162.017
0.25	-45	8.36134
0.25	-45	-8.08886
0.25	-45	-120.555
0.25	-45	-170.241
0.25	-45	-143.774
0.25	-45	156.755
0.25	-45	-135.488
0.25	-45	-28.8158
0.25	-45	1.24003
0.25	-45	32.8975
0.25	-45	-81.912
0.25	-45	116.285
0.25	-45	-153.488
0.25	-45	-79.4041
0.25	-45	95.0604
0.25	-45	154.554
0.25	-45	-41.0175
0.25	-45	-144.112
0.25	-45	48.8607
0.25	-45	122.642
0.25	-45	125.421
0.25	-45	-113.656
0.25	-45	-8.14461
0.25	-45	21.8814
0.25	-45	58.8115
0.25	-45	-170.37
0.25	-45	131.007
0.25	-45	140.25
0.25	-45	130.848
0.25	-45	-34.7493
0.25	-45	-130.067
0.25	-45	139.356
0.25	-45	-134.565
0.25	-45	-52.8506
0.25	-45	135.366
0.25	-45	8.60852
0.25	-45	116.374
0.25	-45	-174.323
0.25	-45	35.4649
0.25	-45	-70.6931
0.25	-45	-98.6107
0.25	-45	-107.701
0.25	-45	-156.077
0.25	-45	50.2848
0.25	-45	-51.7488
0.25	-45	-83.8217
0.25	-45	54.8657
0.25	-45	-122.707
0.25	-45	-27.2229
0.25	-45	-5.67138
0.25	-45	82.8111
0.25	-45	22.71
0.25	-45	17.5189
0.25	-45	141.968
0.25	-45	-40.4229
0.25	-45	-119.339
0.25	-45	-2.41868
0.25	-45	-174.514
0.25	-45	-155.619
0.25	-45	125.37
0.25	-45	142.204
0.25	-45	-93.5545
0.25	-45	26.7869
0.25	-45	-150.097
0.25	-45	-36.7122
0.25	-45	-151.737
0.25	-45	32.0109
0.25	-45	-110.363
0.25	-45	-104.089
0.25	-45	52.0823
0.25	-45	-82.6082
0.25	-45	-179.195
0.25	-45	93.5666
0.25	-45	-138.566
0.25	-45	11.1066
0.25	-45	-48.4421
0.25	-45	-103.573
0.25	-45	150.637
0.25	-45	-122.682
0.25	-45	150.821
0.25	-45	-170.139
0.25	-45	20.637
0.25	-45	-85.0391
0.25	-45	154.793
0.25	-45	-126.818
0.25	-45	103.58
0.25	-45	-140.136
0.25	-45	93.5975
0.25	-45	101.778
0.25	-45	45.4143
0.25	-45	91.4664
0.25	-45	59.7932
0.25	-45	-165.057
0.25	-45	-155.118
0.25	-45	4.27675
0.25	-45	-170.681
0.25	-45	-94.3127
0.25	-45	-171.992
0.25	-45	172.591
0.25	-45	-160.896
0.25	-45	-47.41
0.25	-45	-136.647
0.25	-45	-121.173
0.25	-45	47.0399
0.25	-45	31.2024
0.25	-45	42.4679
0.25	-45	61.6576
0.25	-45	168.108
0.25	-45	72.4899
0.25	-45	-137.757
0.25	-45	176.774
0.25	-45	40.3129
0.25	-45	-17.8844
0.25	-45	-139.506
0.25	-45	-103.206
0.25	-45	41.519
0.25	-45	-24.2136
0.25	-45	-42.2753
0.25	-45	45.8773
0.25	-45	70.3708
0.25	-45	-38.3248
0.25	-45	96.103
0.25	-45	-110.295
0.25	-45	-93.2021
0.25	-45	19.4927
0.25	-45	58.5397
0.25	-45	128.837
0.25	-45	-143.023
0.25	-45	60.1759
0.25	-45	-119.446
0.25	-45	145.053
0.25	-45	-134.841
0.25	-45	-142.656
0.25	-45	-103.719
0.25	-45	-93.0394
0.25	-45	30.8645
0.25	-45	-116.666
0.25	-45	108.211
0.25	-45	-165.299
0.25	-45	-160.829
0.25	-45	8.08332
0.25	-45	-179.634
0.25	-45	81.6951
0.25	-45	-98.7465
0.25	-45	52.5556
0.25	-45	-9.4631
0.25	-45	105.394
0.25	-45	-61.6111
0.25	-45	-148.041
0.25	-45	131.933
0.25	-45	-150.044
0.25	-45	52.1018
0.25	-45	-17.7012
0.25	-45	54.86
0.25	-45	-123.786
0.25	-45	-148.525
0.25	-45	-149.935
0.25	-45	115.678
0.25	-45	32.3636
0.25	-45	20.5601
0.25	-45	28.4862
0.25	-45	83.4334
0.25	-45	21.383
0.25	-45	62.2817
0.25	-45	-18.064
0.25	-45	145.104
0.25	-45	-147.146
0.25	-45	120.084
0.25	-45	2.76681
0.25	-45	-150.912
0.25	-45	-46.8102
0.25	-45	44.244
0.25	-45	-85.2085
0.25	-45	3.22817
0.25	-45	-23.5683
0.25	-45	-135.796
0.25	-45	65.4132
0.25	-45	171.251
0.25	-45	-141.033
0.25	-45	153.034
0.25	-45	70.04
0.25	-45	-102.217
0.25	-45	42.2938
0.25	-45	-171.542
0.25	-45	-15.4312
0.25	-45	-163.283
0.25	-45	-128.965
0.25	-45	-162.318
0.25	-45	37.8121
0.25	-45	111.614
0.25	-45	174.689
0.25	-45	156.173
0.25	-45	63.6797
0.25	-45	36.7453
0.25	-45	122.172
0.25	-45	18.5247
0.25	-45	-124.869
0.25	-45	16.4666
0.25	-45	26.5638
0.25	-45	27.2516
0.25	-45	-36.2661
0.25	-45	57.6517
0.25	-45	89.9087
0.25	-45	41.095
0.25	-45	-132.842
0.25	-45	41.6769
0.25	-45	-135.923
0.25	-45	-94.2801
0.25	-45	113.699
0.25	-45	153.165
0.25	-45	138.28
0.25	-45	-143.911
0.25	-45	-170.866
0.25	-45	-114.45
0.25	-45	55.5246
0.25	-45	173.053
0.25	-45	43.5641
0.25	-45	112.535
0.25	-45	18.9729
0.25	-45	13.6884
0.25	-45	-106.015
0.25	-45	-131.994
0.25	-45	-110.774
0.25	-45	-122.651
0.25	-45	-52.2603
0.25	-45	-127.707
0.25	-45	-66.3685
0.25	-45	73.8154
0.25	-45	28.3327
0.25	-45	-48.7684
0.25	-45	58.531
0.25	-45	42.9017
0.25	-45	39.5842
0.25	-45	89.6944
0.25	-45	-69.6341
0.25	-45	-154.328
0.25	-45	-160.426
0.25	-45	40.8247
0.25	-45	-124.949
0.25	-45	-63.475
0.25	-45	-39.8564
0.25	-45	-25.5575
0.25	-45	92.8853
0.25	-45	25.348
0.25	-45	-47.3371
0.25	-45	0.556722
0.25	-45	-165.085
0.25	-45	70.7096
0.25	-45	-55.96
0.25	-45	-62.4708
0.25	-45	9.31963
0.25	-45	-168.829
0.25	-45	82.7586
0.25	-45	120.339
0.25	-45	64.0558
0.25	-45	-115.678
0.25	-45	172.292
0.25	-45	-61.5001
0.25	-45	-95.7387
0.25	-45	-53.0828
0.25	-45	99.2701
0.25	-45	133.941
0.25	-45	-176.182
0.25	-45	166.373
0.25	-45	-147.366
0.25	-45	133.834
0.25	-45	127.04
0.25	-45	-45.1462
0.25	-45	7.12706
0.25	-45	-177.153
0.25	-45	44.3112
0.25	-45	67.7134
0.25	-45	15.6043
0.25	-45	117.444
0.25	-45	-40.1929
0.25	-45	142.879
0.25	-45	162.937
0.25	-45	-53.5058
0.25	-45	45.3
0.25	-45	79.8512
0.25	-45	91.4984
0.25	-45	88.8496
0.25	-45	-135.612
0.25	-45	-154.437
0.25	-45	-66.8183
0.25	-45	-144.289
0.25	-45	153.097
0.25	-45	-118.314
0.25	-45	-13.4863
0.25	-45	-153.837
0.25	-45	-80.7057
0.25	-45	41.1994
0.25	-45	-100.105
0.25	-45	-77.7336
0.25	-45	138.261
0.25	-45	-83.6987
0.25	-45	91.1533
0.25	-45	58.4327
0.25	-45	82.0935
0.25	-45	28.3735
0.25	-45	155.888
0.25	-45	48.2744
0.25	-45	-78.151
0.25	-45	154.332
0.25	-45	87.337
0.25	-45	-170.851
0.25	-45	-175.361
0.25	-45	-13.4748
0.25	-45	-116.529
0.25	-45	-80.3185
0.25	-45	-87.3415
0.25	-45	120.184
0.25	-45	-75.6888
0.25	-45	-169.244
0.25	-45	-121.675
0.25	-45	-160.416
0.25	-45	28.3259
0.25	-45	-116.72
0.25	-45	85.2313
0.25	-45	-146.194
0.25	-45	119.924
0.25	-45	-12.0075
0.25	-45	-148.204
0.25	-45	70.2058
0.25	-45	33.7379
0.25	-45	-133.171
0.25	-45	-91.8285
0.25	-45	83.6421
0.25	-45	-79.3999
0.25	-45	137.641
0.25	-45	-135.983
0.25	-45	103.556
0.25	-45	-120.462
0.25	-45	-134.675
0.25	-45	95.8279
0.25	-45	-34.6761
0.25	-45	165.554
0.25	-45	54.9252
0.25	-45	158.65
0.25	-45	163.978
0.25	-45	166.762
0.25	-45	93.5228
0.25	-45	-1.10612
0.25	-45	117.987
0.25	-45	83.4797
0.25	-45	69.0593
0.25	-45	-106.25
0.25	-45	91.8299
0.25	-45	-82.7796
0.25	-45	-108.05
0.25	-45	-80.9949
0.25	-45	54.1251
0.25	-45	31.5617
0.25	-45	-118.675
0.25	-45	-142.24
0.25	-45	-130.211
0.25	-45	3.28776
0.25	-45	83.901
0.25	-45	-71.9913
0.25	-45	174.527
0.25	-45	-158.938
0.25	-45	74.2438
0.25	-45	-140.12
0.25	-45	-155.043
0.25	-45	-15.3041
0.25	-45	-172.11
0.25	-45	174.04
0.25	-45	-53.8477
0.25	-45	55.152
0.25	-45	-92.8859
0.25	-45	-36.4155
0.25	-45	-11.3914
0.25	-45	-63.6443
0.25	-45	-155.799
0.25	-45	-76.1688
0.25	-45	-175.567
0.25	-45	61.9057
0.25	-45	-123.585
0.25	-45	-138.766
0.25	-45	155.063
0.25	-45	101.241
0.25	-45	16.6644
0.25	-45	-140.388
0.25	-45	85.6013
0.25	-45	33.2214
0.25	-45	-144.659
0.25	-45	35.998
0.25	-45	75.7484
0.25	-45	-4.07285
0.25	-45	34.6347
0.25	-45	99.5572
0.25	-45	97.9202
0.25	-45	-132.567
0.25	-45	103.492
0.25	-45	-131.36
0.25	-45	31.7451
0.25	-45	135.929
0.25	-45	16.0029
0.25	-45	16.1982
0.25	-45	-168.172
0.25	-45	-149.912
0.25	-45	-121.51
0.25	-45	-151.067
0.25	-45	5.0709
0.25	-45	95.5978
0.25	-45	-97.8493
0.25	-45	-33.9672
0.25	-45	-7.18405
0.25	-45	168.326
0.25	-45	-55.4009
0.25	-45	-80.1313
0.25	-45	43.7918
0.25	-45	78.4949
0.25	-45	87.7368
0.25	-45	77.7302
0.25	-45	91.1898
0.25	-45	-145.9
0.25	-45	-126.469
0.25	-45	-93.9247
0.25	-45	-92.7203
0.25	-45	-133.541
0.25	-45	118.712
0.25	-45	-121.09
0.25	-45	-137.692
0.25	-45	-63.3197
0.25	-45	-80.7947
0.25	-45	-149.786
0.25	-45	148.566
0.25	-45	-177.795
0.25	-45	-137.65
0.25	-45	55.8539
0.25	-45	147.743
0.25	-45	-10.7835
0.25	-45	-56.7931
0.25	-45	-93.5182
0.25	-45	-5.18844
0.25	-45	52.9843
0.25	-45	-75.3939
0.25	-45	-21.5328
0.25	-45	-171.777
0.25	-45	75.4554
0.25	-45	178.924
0.25	-45	39.4049
0.25	-45	145.8
0.25	-45	-16.3622
0.25	-45	-118.704
0.25	-45	164.562
0.25	-45	104.386
0.25	-45	32.6778
0.25	-45	-36.7311
0.25	-45	16.6709
0.25	-45	-165.195
0.25	-45	-101.695
0.25	-45	-157.417
0.25	-45	-175.568
0.25	-45	-1.46232
0.25	-45	-144.97
0.25	-45	134.187
0.25	-45	82.6732
0.25	-45	-70.8469
0.25	-45	-0.301107
0.25	-45	-135.227
0.25	-45	115.552
0.25	-45	-7.79001
0.25	-45	-163.835
0.25	-45	20.8884
0.25	-45	6.90431
0.25	-45	-110.774
0.25	-45	34.4444
0.25	-45	-111.044
0.25	-45	-146.623
0.25	-45	61.0901
0.25	-45	156.485
0.25	-45	-23.746
0.25	-45	-72.5565
0.25	-45	-75.2335
0.25	-45	-10.6161
0.25	-45	-167.833
0.25	-45	38.8313
0.25	-45	-10.9304
0.25	-45	56.867
0.25	-45	81.3748
0.25	-45	166.345
0.25	-45	-134.154
0.25	-45	32.1514
0.25	-45	-105.052
0.25	-45	-74.4156
0.25	-45	77.9238
0.25	-45	96.1208
0.25	-45	125.634
0.25	-45	34.6218
0.25	-45	138.646
0.25	-45	-33.0259
0.25	-45	160.47
0.25	-45	97.7977
0.25	-45	-105.297
0.25	-45	82.1178
0.25	-45	-126.347
0.25	-45	-139.726
0.25	-45	156.289
0.25	-45	-114.19
0.25	-45	-42.0939
0.25	-45	-66.2431
0.25	-45	121.388
0.25	-45	-128.247
0.25	-45	129.903
0.25	-45	-11.2368
0.25	-45	3.83216
0.25	-45	-99.9161
0.25	-45	-139.841
0.25	-45	-22.6025
0.25	-45	-87.9319
0.25	-45	-80.7987
0.25	-45	-46.5091
0.25	-45	131.061
0.25	-45	-123.006
0.25	-45	139.557
0.25	-45	-75.8526
0.25	-45	-11.219
0.25	-45	7.93773
0.25	-45	-38.6449
0.25	-45	65.2873
0.25	-45	49.5252
0.25	-45	88.1949
0.25	-45	-155.622
0.25	-45	-143.661
0.25	-45	-168.509
0.25	-45	32.2336
0.25	-45	121.897
0.25	-45	28.6815
0.25	-45	-148.988
0.25	-45	-100.967
0.25	-45	-47.0225
0.25	-45	-62.7635
0.25	-45	-29.6592
0.25	-45	-11.5204
0.25	-45	138.645
0.25	-45	-30.5004
0.25	-45	146.458
0.25	-45	-163.822
0.25	-45	88.1468
0.25	-45	-61.1348
0.25	-45	-94.6419
0.25	-45	50.3142
0.25	-45	-95.0494
0.25	-45	81.7287
0.25	-45	-37.9633
0.25	-45	-170.83
0.25	-45	7.60897
0.25	-45	-172.506
0.25	-45	-102.3
0.25	-45	66.854
0.25	-45	-11.0686
0.25	-45	-149.33
0.25	-45	83.3448
0.25	-45	107.689
0.25	-45	-58.803
0.25	-45	10.3387
0.25	-45	168.436
0.25	-45	39.0344
0.25	-45	79.8744
0.25	-45	-63.1748
0.25	-45	-166.886
0.25	-45	102.671
0.25	-45	98.8171
0.25	-45	160.158
0.25	-45	19.1975
0.25	-45	85.4161
0.25	-45	81.7946
0.25	-45	-160.521
0.25	-45	-24.8276
0.25	-45	-151.274
0.25	-45	-100.799
0.25	-45	-108.854
0.25	-45	-114.513
0.25	-45	-83.1313
0.25	-45	27.7151
0.25	-45	170.423
0.25	-45	-9.98232
0.25	-45	62.4778
0.25	-45	37.4552
0.25	-45	60.0357
0.25	-45	56.1437
0.25	-45	153.362
0.25	-45	164.537
0.25	-45	130.991
0.25	-45	-167.217
0.25	-45	114.843
0.25	-45	-156.317
0.25	-45	39.7023
0.25	-45	-15.6886
0.25	-45	54.8767
0.25	-45	-90.6427
0.25	-45	-34.1966
0.25	-45	-178.643
0.25	-45	92.6656
0.25	-45	-28.657
0.25	-45	126.334
0.25	-45	142.927
0.25	-45	-35.0649
0.25	-45	-73.8861
0.25	-45	15.6438
0.25	-45	39.3015
0.25	-45	-45.3834
0.25	-45	-148.915
0.25	-45	-62.9602
0.25	-45	120.969
0.25	-45	157.925
0.25	-45	-103.773
0.25	-45	100.396
0.25	-45	-49.2758
0.25	-45	65.7879
0.25	-45	-138.806
0.25	-45	54.8375
0.25	-45	0.692361
0.25	-45	31.9615
0.25	-45	3.05332
0.25	-45	82.3166
0.25	-45	109.773
0.25	-45	-168.544
0.25	-45	75.7463
0.25	-45	-91.7085
0.25	-45	42.7747
0.25	-45	-117.813
0.25	-45	-172.446
0.25	-45	60.959
0.25	-45	3.43492
0.25	-45	-9.55109
0.25	-45	-132.974
0.25	-45	153.015
0.25	-45	170.613
0.25	-45	-158.806
0.25	-45	163.584
0.25	-45	15.2231
0.25	-45	-25.1998
0.25	-45	87.8443
0.25	-45	-67.6713
0.25	-45	-90.4298
0.25	-45	-42.2323
0.25	-45	168.636
0.25	-45	-178.83
0.25	-45	99.5503
0.25	-45	-74.5174
0.25	-45	-167.722
0.25	-45	122.827
0.25	-45	59.4062
0.25	-45	-60.5233
0.25	-45	-59.6467
0.25	-45	-104.009
0.25	-45	177.223
0.25	-45	77.8518
0.25	-45	-156.929
0.25	-45	118.447
0.25	-45	177.034
0.25	-45	118.199
0.25	-45	128.481
0.25	-45	-5.78513
0.25	-45	60.8197
0.25	-45	-83.821
0.25	-45	8.04546
0.25	-45	10.1217
0.25	-45	-17.3223
0.25	-45	99.2799
0.25	-45	52.8634
0.25	-45	38.5608
0.25	-45	-32.6955
0.25	-45	-67.8304
0.25	-45	-19.1892
0.25	-45	115.985
0.25	-45	27.8058
0.25	-45	-94.7497
0.25	-45	-139.504
0.25	-45	-122.887
0.25	-45	144.21
0.25	-45	161.102
0.25	-45	165.884
0.25	-45	-92.9688
0.25	-45	-10.2817
0.25	-45	-151.936
0.25	-45	133.422
0.25	-45	-103.517
0.25	-45	16.4176
0.25	-45	0.811222
0.25	-45	-166.696
0.25	-45	-25.066
0.25	-45	47.7296
0.25	-45	-26.3301
0.25	-45	49.6038
0.25	-45	175.785
0.25	-45	142.596
0.25	-45	-162.154
0.25	-45	-77.6073
0.25	-45	-32.2972
0.25	-45	168.451
0.25	-45	161.103
0.25	-45	-66.6679
0.25	-45	66.0144
0.25	-45	43.0162
0.25	-45	-31.7611
0.25	-45	-99.1814
0.25	-45	171.55
0.25	-45	178.714
0.25	-45	-10.3499
0.25	-45	-6.44568
0.25	-45	108.288
0.25	-45	-124.763
0.25	-45	101.377
0.25	-45	-134.501
0.25	-45	-52.094
0.25	-45	-113.398
0.25	-45	-153.652
0.25	-45	132.034
0.25	-45	80.9063
0.25	-45	-129.415
0.25	-45	110.165
0.25	-45	-106.674
0.25	-45	82.9653
0.25	-45	70.4627
0.25	-45	-65.0811
0.25	-45	-77.1454
0.25	-45	-121.912
0.25	-45	139.958
0.25	-45	30.0087
0.25	-45	175.459
0.25	-45	3.43898
0.25	-45	-133.503
0.25	-45	108.155
0.25	-45	135.963
0.25	-45	-8.74611
0.25	-45	-169.751
0.25	-45	-23.8582
0.25	-45	-138.911
0.25	-45	96.3225
0.25	-45	-123.729
0.25	-45	-25.1994
0.25	-45	172.319
0.25	-45	-47.0068
0.25	-45	-157.98
0.25	-45	122.885
0.25	-45	-148.918
0.25	-45	-119.772
0.25	-45	-47.7063
0.25	-45	123.377
0.25	-45	-158.634
0.25	-45	135.613
0.25	-45	-64.2434
0.25	-45	146.216
0.25	-45	-63.3671
0.25	-45	-99.017
0.25	-45	148.815
0.25	-45	-109.603
0.25	-45	111.277
0.25	-45	119.681
0.25	-45	122.786
0.25	-45	-23.2975
0.25	-45	54.5457
0.25	-45	5.42108
0.25	-45	47.1575
0.25	-45	113.031
0.25	-45	16.853
0.25	-45	-51.7991
0.25	-45	176.505
0.25	-45	-174.377
0.25	-45	-76.205
0.25	-45	81.3797
0.25	-45	-61.9831
0.25	-45	112.819
0.25	-45	102.498
0.25	-45	-145.603
0.25	-45	-110.795
0.25	-45	47.0117
0.25	-45	-119.276
0.25	-45	-146.763
0.25	-45	-125.655
0.25	-45	-123.263
0.25	-45	27.3341
0.25	-45	-91.5307
0.25	-45	31.2437
0.25	-45	-61.9537
0.25	-45	82.807
0.25	-45	-115.643
0.25	-45	-86.4023
0.25	-45	-40.8448
0.25	-45	-85.952
0.25	-45	-81.8029
0.25	-45	-102.168
0.25	-45	-33.3716
0.25	-45	59.4617
0.25	-45	-5.70922
0.25	-45	-163.105
0.25	-45	-133.7
0.25	-45	14.2382
