pol	setting	phi
0.3	45	115.077
0.3	45	-164.77
0.3	45	155.053
0.3	45	-73.3262
0.3	45	102.056
0.3	45	-133.122
0.3	45	-128.32
0.3	45	-75.6858
0.3	45	-128.592
0.3	45	-28.8147
0.3	45	7.54341
0.3	45	-49.5362
0.3	45	18.1028
0.3	45	168.053
0.3	45	45.6653
0.3	45	-169.511
0.3	45	-84.1614
0.3	45	-155.377
0.3	45	-26.1256
0.3	45	91.1891
0.3	45	132.774
0.3	45	-59.4562
0.3	45	-12.8356
0.3	45	-116.525
0.3	45	-152.827
0.3	45	51.125
0.3	45	-124.253
0.3	45	94.7795
0.3	45	10.803
0.3	45	-52.5863
0.3	45	-86.6897
0.3	45	101.876
0.3	45	31.3454
0.3	45	-141.586
0.3	45	-32.0497
0.3	45	98.1961
0.3	45	12.9473
0.3	45	-107.118
0.3	45	-121.852
0.3	45	-153.111
0.3	45	-103.335
0.3	45	145.888
0.3	45	106.81
0.3	45	21.6944
0.3	45	-83.4628
0.3	45	-28.5099
0.3	45	-110.922
0.3	45	-5.18881
0.3	45	-61.9167
0.3	45	63.3269
0.3	45	111.575
0.3	45	164.134
0.3	45	104.193
0.3	45	-17.5612
0.3	45	127.591
0.3	45	149.975
0.3	45	150.325
0.3	45	-101.121
0.3	45	-67.6954
0.3	45	-98.6489
0.3	45	-29.1333
0.3	45	-40.0713
0.3	45	-167.733
0.3	45	-141.869
0.3	45	-4.10743
0.3	45	25.5535
0.3	45	-171.963
0.3	45	66.3919
0.3	45	72.6471
0.3	45	-166.109
0.3	45	18.6071
0.3	45	-31.7206
0.3	45	-101.011
0.3	45	-15.6497
0.3	45	-161.318
0.3	45	7.5711
0.3	45	-32.0952
0.3	45	-17.038
0.3	45	-179.811
0.3	45	-3.06452
0.3	45	44.2211
0.3	45	-123.468
0.3	45	-141.628
0.3	45	-3.63562
0.3	45	105.215
0.3	45	-128.928
0.3	45	61.9111
0.3	45	-115.305
0.3	45	-166.382
0.3	45	-61.5242
0.3	45	84.7816
0.3	45	79.6056
0.3	45	80.3545
0.3	45	-144.168
0.3	45	132.984
0.3	45	-10.12
0.3	45	-75.1314
0.3	45	-74.677
0.3	45	-54.8178
0.3	45	37.5452
0.3	45	-84.8732
0.3	45	-79.3928
0.3	45	82.7482
0.3	45	-159.507
0.3	45	-9.31151
0.3	45	-52.1808
0.3	45	-152.297
0.3	45	173.565
0.3	45	-62.0284
0.3	45	125.492
0.3	45	-7.57837
0.3	45	-35.0238
0.3	45	14.3548
0.3	45	138.655
0.3	45	-1.53904
0.3	45	-137.183
0.3	45	171.638
0.3	45	124.736
0.3	45	151.879
0.3	45	-67.0451
0.3	45	115.858
0.3	45	-20.6379
0.3	45	77.8153
0.3	45	74.7786
0.3	45	7.90605
0.3	45	-160.316
0.3	45	-50.7468
0.3	45	51.4736
0.3	45	1.26276
0.3	45	-78.0136
0.3	45	86.6382
0.3	45	-41.1554
0.3	45	84.8477
0.3	45	176.289
0.3	45	92.1567
0.3	45	67.4463
0.3	45	124.323
0.3	45	167.731
0.3	45	148.598
0.3	45	124.412
0.3	45	-128.107
0.3	45	34.2529
0.3	45	-4.05644
0.3	45	149.574
0.3	45	140.742
0.3	45	-72.0554
0.3	45	-77.7508
0.3	45	34.4372
0.3	45	-131.092
0.3	45	15.7935
0.3	45	-111.497
0.3	45	-111.469
0.3	45	-149.436
0.3	45	-54.1317
0.3	45	122.363
0.3	45	-107.988
0.3	45	-135.441
0.3	45	142.413
0.3	45	-139.243
0.3	45	132.798
0.3	45	149.145
0.3	45	41.9787
0.3	45	147.509
0.3	45	-71.394
0.3	45	130.967
0.3	45	101.531
0.3	45	16.5268
0.3	45	131.773
0.3	45	-47.8174
0.3	45	-159.365
0.3	45	86.2829
0.3	45	-103.12
0.3	45	165.951
0.3	45	-63.7317
0.3	45	15.9254
0.3	45	-66.8543
0.3	45	-123.19
0.3	45	-78.6701
0.3	45	136.817
0.3	45	-2.63772
0.3	45	135.209
0.3	45	155.072
0.3	45	-66.2069
0.3	45	-144.493
0.3	45	-58.6886
0.3	45	99.2304
0.3	45	105.114
0.3	45	-10.2153
0.3	45	-109.487
0.3	45	-110.044
0.3	45	16.3899
0.3	45	-34.6152
0.3	45	-94.1962
0.3	45	-141.512
0.3	45	163.332
0.3	45	65.4028
0.3	45	114.558
0.3	45	124.578
0.3	45	-164.181
0.3	45	-71.9706
0.3	45	29.4568
0.3	45	49.9387
0.3	45	-94.344
0.3	45	7.71465
0.3	45	-94.2895
0.3	45	-15.7295
0.3	45	27.8126
0.3	45	-45.0734
0.3	45	-141.309
0.3	45	-93.528
0.3	45	94.2539
0.3	45	-112.472
0.3	45	-127.72
0.3	45	145.484
0.3	45	-55.6283
0.3	45	113.932
0.3	45	45.2406
0.3	45	123.915
0.3	45	-17.8003
0.3	45	-73.5943
0.3	45	46.0038
0.3	45	-122.762
0.3	45	151.075
0.3	45	148.93
0.3	45	145.017
0.3	45	-134.598
0.3	45	139.689
0.3	45	-141.363
0.3	45	-23.3125
0.3	45	55.3566
0.3	45	-1.81079
0.3	45	-157.712
0.3	45	-112.502
0.3	45	25.025
0.3	45	158.008
0.3	45	-67.9244
0.3	45	-48.8202
0.3	45	146.918
0.3	45	-170.688
0.3	45	-8.42711
0.3	45	60.1772
0.3	45	103.635
0.3	45	2.58582
0.3	45	169.069
0.3	45	-170.645
0.3	45	160.398
0.3	45	120.059
0.3	45	164.706
0.3	45	41.563
0.3	45	107.867
0.3	45	-48.8175
0.3	45	-43.973
0.3	45	-88.3791
0.3	45	1.70823
0.3	45	159.091
0.3	45	-156.024
0.3	45	178.819
0.3	45	-121.923
0.3	45	175.53
0.3	45	-59.785
0.3	45	22.8002
0.3	45	28.3573
0.3	45	-133.213
0.3	45	53.0521
0.3	45	48.8901
0.3	45	-4.46874
0.3	45	143.082
0.3	45	167.417
0.3	45	-42.9818
0.3	45	89.8277
0.3	45	80.1761
0.3	45	106.825
0.3	45	91.918
0.3	45	-73.9953
0.3	45	-177.529
0.3	45	-43.0959
0.3	45	50.962
0.3	45	118.692
0.3	45	-58.2815
0.3	45	65.9113
0.3	45	117.957
0.3	45	-123.993
0.3	45	146.077
0.3	45	17.3803
0.3	45	178.867
0.3	45	-78.0464
0.3	45	177.456
0.3	45	-164.889
0.3	45	67.6898
0.3	45	163.602
0.3	45	109.414
0.3	45	-113.467
0.3	45	139.791
0.3	45	178.485
0.3	45	118.284
0.3	45	-52.9595
0.3	45	126.841
0.3	45	-150.792
0.3	45	-60.9551
0.3	45	-43.29
0.3	45	-126.674
0.3	45	160.934
0.3	45	87.468
0.3	45	-39.673
0.3	45	-122.882
0.3	45	-21.8403
0.3	45	18.3012
0.3	45	86.6087
0.3	45	-35.0467
0.3	45	175.757
0.3	45	-161.994
0.3	45	164.506
0.3	45	-78.3971
0.3	45	-115.41
0.3	45	-176.714
0.3	45	-41.4694
0.3	45	-78.3056
0.3	45	-86.9465
0.3	45	118.177
0.3	45	-20.6277
0.3	45	-54.1742
0.3	45	-135.551
0.3	45	80.9863
0.3	45	-91.9937
0.3	45	171.358
0.3	45	-13.3685
0.3	45	-59.5201
0.3	45	147.505
0.3	45	-157.042
0.3	45	-26.1946
0.3	45	-89.4589
0.3	45	6.85278
0.3	45	-74.5096
0.3	45	154.318
0.3	45	-31.992
0.3	45	-23.9849
0.3	45	-155.409
0.3	45	155.338
0.3	45	98.5054
0.3	45	-79.9635
0.3	45	-67.9792
0.3	45	72.8511
0.3	45	-71.4337
0.3	45	38.0036
0.3	45	177.352
0.3	45	168.123
0.3	45	-41.6103
0.3	45	-93.4426
0.3	45	-77.1632
0.3	45	-53.9551
0.3	45	83.0714
0.3	45	-150
0.3	45	43.4566
0.3	45	-17.8497
0.3	45	131.533
0.3	45	105.894
0.3	45	-102.25
0.3	45	-160.794
0.3	45	-38.4461
0.3	45	-69.9957
0.3	45	157.652
0.3	45	99.2254
0.3	45	-103.94
0.3	45	43.3193
0.3	45	-55.0624
0.3	45	-70.0648
0.3	45	151.597
0.3	45	-0.470174
0.3	45	18.2469
0.3	45	130.002
0.3	45	-89.0597
0.3	45	78.9636
0.3	45	153.961
0.3	45	-168.63
0.3	45	54.9575
0.3	45	141.004
0.3	45	-156.12
0.3	45	139.795
0.3	45	22.3051
0.3	45	-159.998
0.3	45	-173.467
0.3	45	177.605
0.3	45	-36.1563
0.3	45	-9.33128
0.3	45	-79.8517
0.3	45	161.448
0.3	45	-148.667
0.3	45	-75.9561
0.3	45	-44.3284
0.3	45	87.1194
0.3	45	-72.0777
0.3	45	178.089
0.3	45	-179.768
0.3	45	-60.4307
0.3	45	-31.6757
0.3	45	-26.1152
0.3	45	-106.796
0.3	45	-89.7385
0.3	45	-98.4176
0.3	45	-80.6833
0.3	45	121.686
0.3	45	-142.601
0.3	45	-80.2677
0.3	45	-13.4426
0.3	45	162.942
0.3	45	109.679
0.3	45	-52.5618
0.3	45	83.8848
0.3	45	17.3033
0.3	45	-142.277
0.3	45	-92.76
0.3	45	-85.4759
0.3	45	24.5289
0.3	45	-161.847
0.3	45	-147.682
0.3	45	-148.524
0.3	45	-7.31201
0.3	45	94.156
0.3	45	-167.612
0.3	45	118.46
0.3	45	20.2745
0.3	45	-154.67
0.3	45	57.8
0.3	45	-66.9588
0.3	45	-48.8401
0.3	45	-160.785
0.3	45	-81.5411
0.3	45	53.1453
0.3	45	-172.347
0.3	45	166.736
0.3	45	21.3007
0.3	45	105.782
0.3	45	-72.7977
0.3	45	44.9041
0.3	45	-53.7026
0.3	45	110.171
0.3	45	29.6907
0.3	45	125.674
0.3	45	-29.811
0.3	45	-111.397
0.3	45	-63.1973
0.3	45	-13.4159
0.3	45	-95.096
0.3	45	-43.8291
0.3	45	-45.4486
0.3	45	116.501
0.3	45	29.0375
0.3	45	8.35686
0.3	45	-8.29887
0.3	45	104.363
0.3	45	124.389
0.3	45	140.97
0.3	45	-22.4436
0.3	45	58.2283
0.3	45	33.2845
0.3	45	20.7188
0.3	45	-130.629
0.3	45	-159.006
0.3	45	105.371
0.3	45	-42.4848
0.3	45	-142.284
0.3	45	-121.208
0.3	45	-76.551
0.3	45	-65.1623
0.3	45	-100.447
0.3	45	176.849
0.3	45	-171.685
0.3	45	149.536
0.3	45	21.7167
0.3	45	-168.072
0.3	45	8.96631
0.3	45	87.988
0.3	45	-16.1473
0.3	45	38.7773
0.3	45	1.72335
0.3	45	-22.043
0.3	45	-92.9468
0.3	45	68.7408
0.3	45	126.139
0.3	45	-79.0037
0.3	45	170.18
0.3	45	-107.109
0.3	45	-157.756
0.3	45	-124.764
0.3	45	84.1877
0.3	45	61.3521
0.3	45	121.61
0.3	45	153.098
0.3	45	-174.997
0.3	45	-147.948
0.3	45	-71.499
0.3	45	-18.2131
0.3	45	62.5429
0.3	45	-156.503
0.3	45	-117.102
0.3	45	143.444
0.3	45	-179.645
0.3	45	-133.922
0.3	45	144.813
0.3	45	173.106
0.3	45	4.71665
0.3	45	-67.9997
0.3	45	115.125
0.3	45	5.97488
0.3	45	-165.818
0.3	45	80.2664
0.3	45	8.12385
0.3	45	32.2328
0.3	45	32.8182
0.3	45	125.689
0.3	45	27.1034
0.3	45	11.8794
0.3	45	-107.488
0.3	45	80.3822
0.3	45	131.455
0.3	45	100.361
0.3	45	-168.043
0.3	45	-18.6263
0.3	45	36.6849
0.3	45	-20.2279
0.3	45	42.3194
0.3	45	-152.471
0.3	45	104.474
0.3	45	-52.1922
0.3	45	153.119
0.3	45	146.069
0.3	45	-103.299
0.3	45	126.506
0.3	45	-23.2052
0.3	45	-64.3167
0.3	45	-84.8405
0.3	45	-47.4237
0.3	45	-11.7794
0.3	45	179.71
0.3	45	82.165
0.3	45	-139.937
0.3	45	147.941
0.3	45	-26.5768
0.3	45	-119.462
0.3	45	-17.9466
0.3	45	-33.6912
0.3	45	-108.141
0.3	45	98.5746
0.3	45	76.0744
0.3	45	65.2957
0.3	45	49.5245
0.3	45	36.3285
0.3	45	-30.8572
0.3	45	19.1917
0.3	45	-146.653
0.3	45	-93.8008
0.3	45	100.121
0.3	45	86.4425
0.3	45	38.7762
0.3	45	-62.0085
0.3	45	-5.00051
0.3	45	-3.7705
0.3	45	173.959
0.3	45	130.027
0.3	45	44.4119
0.3	45	-176.724
0.3	45	-126.982
0.3	45	12.1974
0.3	45	-46.6381
0.3	45	-179.129
0.3	45	-144.392
0.3	45	-32.0197
0.3	45	79.8543
0.3	45	147.954
0.3	45	119.416
0.3	45	56.1343
0.3	45	51.2761
0.3	45	-147.63
0.3	45	-56.0711
0.3	45	74.2062
0.3	45	76.41
0.3	45	96.0943
0.3	45	-92.5463
0.3	45	169.007
0.3	45	148.791
0.3	45	-34.2106
0.3	45	97.7808
0.3	45	-54.9315
0.3	45	129.762
0.3	45	-88.8721
0.3	45	158.29
0.3	45	127.866
0.3	45	-165.627
0.3	45	94.9615
0.3	45	91.101
0.3	45	-111.962
0.3	45	39.3808
0.3	45	148.451
0.3	45	-161.268
0.3	45	75.867
0.3	45	-118.627
0.3	45	-2.95909
0.3	45	-104.511
0.3	45	159.576
0.3	45	-104.517
0.3	45	-105.427
0.3	45	52.8988
0.3	45	136.794
0.3	45	151.834
0.3	45	164.911
0.3	45	163.444
0.3	45	102.867
0.3	45	68.4651
0.3	45	130.13
0.3	45	103.243
0.3	45	-33.5723
0.3	45	148.444
0.3	45	156.651
0.3	45	114.526
0.3	45	141.785
0.3	45	-95.9346
0.3	45	-49.0571
0.3	45	126.091
0.3	45	-98.7626
0.3	45	48.0864
0.3	45	20.2712
0.3	45	-70.9559
0.3	45	83.792
0.3	45	19.8183
0.3	45	33.1046
0.3	45	84.0362
0.3	45	135.45
0.3	45	-26.9907
0.3	45	46.4363
0.3	45	-91.4106
0.3	45	-70.7267
0.3	45	-149.271
0.3	45	7.5651
0.3	45	-140.779
0.3	45	-158.266
0.3	45	172.342
0.3	45	155.469
0.3	45	70.5301
0.3	45	153.729
0.3	45	165.455
0.3	45	-142.948
0.3	45	-174.69
0.3	45	-76.1413
0.3	45	28.3051
0.3	45	-130.122
0.3	45	168.454
0.3	45	147.705
0.3	45	73.1844
0.3	45	40.0208
0.3	45	-139.588
0.3	45	-0.82487
0.3	45	16.9111
0.3	45	-28.3637
0.3	45	1.96915
0.3	45	-137.416
0.3	45	64.7433
0.3	45	-100.916
0.3	45	173.914
0.3	45	4.35546
0.3	45	-81.8803
0.3	45	-111.9
0.3	45	167.361
0.3	45	32.3035
0.3	45	72.8636
0.3	45	-141.273
0.3	45	152.78
0.3	45	-19.2606
0.3	45	-81.4203
0.3	45	-158.042
0.3	45	58.7794
0.3	45	-139.039
0.3	45	-145.724
0.3	45	-30.7469
0.3	45	-78.1356
0.3	45	74.6212
0.3	45	151.519
0.3	45	-86.8046
0.3	45	106.539
0.3	45	80.1627
0.3	45	-84.662
0.3	45	-167.529
0.3	45	106.912
0.3	45	-70.2455
0.3	45	47.7475
0.3	45	8.89416
0.3	45	-73.7394
0.3	45	-113.454
0.3	45	128.624
0.3	45	151.201
0.3	45	106.869
0.3	45	-132.367
0.3	45	127.348
0.3	45	-38.7516
0.3	45	75.6381
0.3	45	79.1931
0.3	45	62.621
0.3	45	-178.815
0.3	45	29.902
0.3	45	167.33
0.3	45	140.932
0.3	45	170.711
0.3	45	-173.44
0.3	45	-5.92684
0.3	45	-53.2279
0.3	45	-167.987
0.3	45	96.0324
0.3	45	-160.234
0.3	45	48.9462
0.3	45	-8.0647
0.3	45	138.926
0.3	45	72.5054
0.3	45	57.0694
0.3	45	34.5462
0.3	45	52.9378
0.3	45	-94.5289
0.3	45	179.584
0.3	45	-22.4978
0.3	45	98.2094
0.3	45	-35.1517
0.3	45	-101.637
0.3	45	-91.285
0.3	45	-9.05447
0.3	45	-25.0876
0.3	45	-134.147
0.3	45	132.375
0.3	45	-175.13
0.3	45	-155.68
0.3	45	28.2803
0.3	45	89.8765
0.3	45	126.754
0.3	45	-42.5213
0.3	45	52.8408
0.3	45	53.1353
0.3	45	157.591
0.3	45	146.554
0.3	45	39.7533
0.3	45	-79.5013
0.3	45	94.5097
0.3	45	-45.9676
0.3	45	151.234
0.3	45	10.197
0.3	45	-86.9219
0.3	45	-46.6385
0.3	45	128.158
0.3	45	24.7991
0.3	45	-113.403
0.3	45	40.497
0.3	45	91.494
0.3	45	107.535
0.3	45	-72.0074
0.3	45	-57.9188
0.3	45	-24.5453
0.3	45	-177.165
0.3	45	-79.3237
0.3	45	31.2961
0.3	45	-172.905
0.3	45	7.9555
0.3	45	74.9647
0.3	45	-29.3518
0.3	45	-137.275
0.3	45	-114.885
0.3	45	-82.989
0.3	45	-64.4925
0.3	45	109.215
0.3	45	-45.4304
0.3	45	79.8708
0.3	45	-117.901
0.3	45	114.146
0.3	45	131.94
0.3	45	-82.6623
0.3	45	-124.551
0.3	45	-79.0676
0.3	45	-75.5131
0.3	45	-29.7962
0.3	45	-151.057
0.3	45	-166.796
0.3	45	-116.561
0.3	45	162.485
0.3	45	-63.4282
0.3	45	142.978
0.3	45	-146.82
0.3	45	-87.0479
0.3	45	-41.1208
0.3	45	10.3175
0.3	45	59.0589
0.3	45	-110.485
0.3	45	-3.92847
0.3	45	-25.1948
0.3	45	-153.031
0.3	45	18.4595
0.3	45	-66.0505
0.3	45	156.881
0.3	45	-178.451
0.3	45	80.6808
0.3	45	66.2223
0.3	45	-46.3317
0.3	45	-102.726
0.3	45	-51.5123
0.3	45	127.862
0.3	45	-103.691
0.3	45	31.1034
0.3	45	164.435
0.3	45	-48.9994
0.3	45	-51.142
0.3	45	149.245
0.3	45	0.239785
0.3	45	-9.04498
0.3	45	166.235
0.3	45	70.6406
0.3	45	19.3335
0.3	45	149.835
0.3	45	-95.8652
0.3	45	-68.733
0.3	45	115.193
0.3	45	152.711
0.3	45	-111.972
0.3	45	66.8223
0.3	45	-65.8754
0.3	45	-65.4701
0.3	45	-77.2955
0.3	45	11.0317
0.3	45	149.506
0.3	45	175.817
0.3	45	43.259
0.3	45	-160.143
0.3	45	-153.971
0.3	45	47.4346
0.3	45	144.11
0.3	45	42.0607
0.3	45	119.185
0.3	45	54.8148
0.3	45	-57.0834
0.3	45	33.4539
0.3	45	33.6161
0.3	45	-140.62
0.3	45	-26.8118
0.3	45	168.331
0.3	45	47.1364
0.3	45	-31.148
0.3	45	-106.866
0.3	45	-31.456
0.3	45	26.3539
0.3	45	-6.15964
0.3	45	12.24
0.3	45	-51.5171
0.3	45	106.834
0.3	45	-57.6466
0.3	45	-136.331
0.3	45	-112.578
0.3	45	56.6495
0.3	45	-100.547
0.3	45	-125.634
0.3	45	-157.843
0.3	45	50.7839
0.3	45	-49.4855
0.3	45	90.1768
0.3	45	170.638
0.3	45	2.60357
0.3	45	92.1266
0.3	45	-122.618
0.3	45	152.887
0.3	45	87.8127
0.3	45	5.48904
0.3	45	-86.8816
0.3	45	49.8937
0.3	45	112.285
0.3	45	-35.7185
0.3	45	-86.8907
0.3	45	-50.1862
0.3	45	-24.1821
0.3	45	74.9154
0.3	45	-117.654
0.3	45	100.676
0.3	45	115.402
0.3	45	-155.297
0.3	45	-160.811
0.3	45	25.6392
0.3	45	-128.021
0.3	45	143.229
0.3	45	-74.7761
0.3	45	120.871
0.3	45	143.445
0.3	45	75.4815
0.3	45	177.679
0.3	45	166.893
0.3	45	-156.28
0.3	45	-72.3155
0.3	45	2.59177
0.3	45	38.6857
0.3	45	-138.453
0.3	45	164
0.3	45	100.319
0.3	45	68.9636
0.3	45	-45.115
0.3	45	107.19
0.3	45	123.923
0.3	45	113.958
0.3	45	171.3
0.3	45	31.6692
0.3	45	23.0857
0.3	45	167.471
0.3	45	-10.1521
0.3	45	13.5408
0.3	45	79.9252
0.3	45	170.26
0.3	45	-93.1785
0.3	45	95.7969
0.3	45	175.912
0.3	45	-55.1421
0.3	45	-155.367
0.3	45	86.9861
0.3	45	163.675
0.3	45	-158.967
0.3	45	39.4272
0.3	45	-66.9317
0.3	45	116.948
0.3	45	43.2608
0.3	45	-147.727
0.3	45	-42.1972
0.3	45	-6.34816
0.3	45	-14.2741
0.3	45	68.0015
0.3	45	-128.869
0.3	45	41.324
0.3	45	-12.7293
0.3	45	29.6449
0.3	45	20.5515
0.3	45	-56.5111
0.3	45	157.344
0.3	45	43.7829
0.3	45	2.53875
0.3	45	-173.635
0.3	45	61.9231
0.3	45	116.843
0.3	45	152.906
0.3	45	65.6707
0.3	45	-85.3607
0.3	45	-19.5867
0.3	45	-107.082
0.3	45	-47.759
0.3	45	13.0067
0.3	45	-98.8521
0.3	45	80.8894
0.3	45	176.402
0.3	45	154.707
0.3	45	-113.857
0.3	45	6.3279
0.3	45	-26.4442
0.3	45	142.278
0.3	45	-116.241
0.3	45	-83.3395
0.3	45	-29.7
0.3	45	15.5605
0.3	45	124.52
0.3	45	112.634
0.3	45	113.215
0.3	45	-48.6269
0.3	45	30.519
0.3	45	83.0877
0.3	45	-163.116
0.3	45	88.908
0.3	45	123.061
0.3	45	-143.53
0.3	45	-46.4852
0.3	45	-129.842
0.3	45	-152.347
0.3	45	-123.674
0.3	45	134.133
0.3	45	146.587
0.3	45	-84.0699
0.3	45	-76.8306
0.3	45	-3.30671
0.3	45	70.0483
0.3	45	24.5004
0.3	45	42.9557
0.3	45	104.989
0.3	45	-41.2837
0.3	45	74.9024
0.3	45	-46.4595
0.3	45	153.695
0.3	45	-146.95
0.3	45	-70.8493
0.3	45	128.627
0.3	45	-177.613
0.3	45	-134.194
0.3	45	142.48
0.3	45	106.905
0.3	45	-63.2519
0.3	45	-73.8506
0.3	45	168.183
0.3	45	-37.7131
0.3	45	30.8658
0.3	45	22.5291
0.3	45	64.0321
0.3	45	-78.5453
0.3	45	133.776
0.3	45	-113.617
0.3	45	146.735
0.3	45	-51.8914
0.3	45	94.4918
0.25	-45	-126.736
0.25	-45	54.0381
0.25	-45	84.6158
0.25	-45	-176.072
0.25	-45	-173.581
0.25	-45	-45.994
0.25	-45	-51.8185
0.25	-45	-151.377
0.25	-45	-87.9362
0.25	-45	26.8878
0.25	-45	172.825
0.25	-45	-118.901
0.25	-45	50.0814
0.25	-45	11.8821
0.25	-45	46.6569
0.25	-45	-127.341
0.25	-45	-62.8596
0.25	-45	-6.55147
0.25	-45	85.5015
0.25	-45	101.841
0.25	-45	65.7439
0.25	-45	-5.50573
0.25	-45	56.617
0.25	-45	-152.943
0.25	-45	-163.897
0.25	-45	171.929
0.25	-45	-101.719
0.25	-45	47.3494
0.25	-45	150.722
0.25	-45	-105.336
0.25	-45	-174.703
0.25	-45	-116.778
0.25	-45	158.225
0.25	-45	108.654
0.25	-45	-72.1402
0.25	-45	71.7402
0.25	-45	-147.924
0.25	-45	-105.673
0.25	-45	-178.707
0.25	-45	-163.107
0.25	-45	-139.975
0.25	-45	-127.698
0.25	-45	-172.122
0.25	-45	-175.614
0.25	-45	-118.064
0.25	-45	140.805
0.25	-45	40.1892
0.25	-45	92.1822
0.25	-45	-90.4711
0.25	-45	-71.4751
0.25	-45	58.9883
0.25	-45	-164.955
0.25	-45	-160.194
0.25	-45	55.3513
0.25	-45	-27.1054
0.25	-45	-18.9788
0.25	-45	-37.7769
0.25	-45	4.25748
0.25	-45	59.3673
0.25	-45	-78.0077
0.25	-45	130.363
0.25	-45	-30.8237
0.25	-45	31.9194
0.25	-45	-92.362
0.25	-45	91.4261
0.25	-45	147.379
0.25	-45	153.584
0.25	-45	100.264
0.25	-45	158.366
0.25	-45	-99.3334
0.25	-45	-172.393
0.25	-45	106.03
0.25	-45	-86.7716
0.25	-45	-115.511
0.25	-45	-177.367
0.25	-45	-140.624
0.25	-45	105.874
0.25	-45	65.9495
0.25	-45	123.307
0.25	-45	-144.829
0.25	-45	-4.64905
0.25	-45	126.527
0.25	-45	-145.368
0.25	-45	67.1609
0.25	-45	-73.9574
0.25	-45	-25.2847
0.25	-45	-19.4937
0.25	-45	173.137
0.25	-45	-92.995
0.25	-45	-80.3971
0.25	-45	75.9065
0.25	-45	79.9361
0.25	-45	98.5905
0.25	-45	-76.8856
0.25	-45	51.1733
0.25	-45	46.9334
0.25	-45	174.011
0.25	-45	93.61
0.25	-45	-57.7331
0.25	-45	58.4829
0.25	-45	51.2588
0.25	-45	-75.353
0.25	-45	-20.6392
0.25	-45	4.90311
0.25	-45	-81.6329
0.25	-45	44.9452
0.25	-45	-82.9878
0.25	-45	130.426
0.25	-45	3.08762
0.25	-45	-95.103
0.25	-45	18.7294
0.25	-45	64.9498
0.25	-45	-61.7991
0.25	-45	-61.1145
0.25	-45	103.45
0.25	-45	-138.278
0.25	-45	53.5692
0.25	-45	122.085
0.25	-45	-43.3216
0.25	-45	-21.4066
0.25	-45	174.314
0.25	-45	22.7252
0.25	-45	58.8764
0.25	-45	-110.892
0.25	-45	85.785
0.25	-45	172.872
0.25	-45	46.0237
0.25	-45	84.7587
0.25	-45	-17.1004
0.25	-45	172.166
0.25	-45	38.0105
0.25	-45	-50.3435
0.25	-45	2.29888
0.25	-45	-44.4667
0.25	-45	-32.2943
0.25	-45	-175.738
0.25	-45	109.271
0.25	-45	69.0188
0.25	-45	40.3128
0.25	-45	-71.4287
0.25	-45	15.6486
0.25	-45	-95.6469
0.25	-45	-123.207
0.25	-45	152.959
0.25	-45	-48.0798
0.25	-45	170.501
0.25	-45	-23.0734
0.25	-45	153.8
0.25	-45	2.39968
0.25	-45	-85.2244
0.25	-45	127.84
0.25	-45	-179.271
0.25	-45	11.8213
0.25	-45	-118.845
0.25	-45	-79.1899
0.25	-45	-7.08655
0.25	-45	171
0.25	-45	-75.1008
0.25	-45	134.09
0.25	-45	-26.1323
0.25	-45	37.6119
0.25	-45	-92.0295
0.25	-45	-17.4795
0.25	-45	-123.421
0.25	-45	-57.2139
0.25	-45	-90.956
0.25	-45	176.776
0.25	-45	-113.69
0.25	-45	77.1115
0.25	-45	110.399
0.25	-45	84.5703
0.25	-45	59.11
0.25	-45	-29.8091
0.25	-45	8.33751
0.25	-45	66.4427
0.25	-45	87.059
0.25	-45	165.479
0.25	-45	-124.544
0.25	-45	-5.75457
0.25	-45	127.307
0.25	-45	-142.119
0.25	-45	-114.113
0.25	-45	-100.046
0.25	-45	112.065
0.25	-45	-1.49094
0.25	-45	173.252
0.25	-45	-20.1477
0.25	-45	103.869
0.25	-45	-161.109
0.25	-45	6.24735
0.25	-45	-45.1667
0.25	-45	-42.6868
0.25	-45	162.951
0.25	-45	156.609
0.25	-45	39.6651
0.25	-45	-72.3975
0.25	-45	146.247
0.25	-45	-160.736
0.25	-45	143.667
0.25	-45	-45.9238
0.25	-45	-17.2896
0.25	-45	168.365
0.25	-45	-88.1554
0.25	-45	60.2954
0.25	-45	-161.173
0.25	-45	93.7794
0.25	-45	-175.851
0.25	-45	110.246
0.25	-45	34.1585
0.25	-45	15.7964
0.25	-45	136.53
0.25	-45	-11.9283
0.25	-45	-104.774
0.25	-45	107.692
0.25	-45	148.817
0.25	-45	14.6633
0.25	-45	-72.9596
0.25	-45	-31.5249
0.25	-45	20.3505
0.25	-45	116.79
0.25	-45	64.8533
0.25	-45	24.5548
0.25	-45	-149.118
0.25	-45	18.9953
0.25	-45	-15.6552
0.25	-45	-30.332
0.25	-45	-113.073
0.25	-45	-99.1377
0.25	-45	-32.3934
0.25	-45	-138.061
0.25	-45	108.034
0.25	-45	72.2883
0.25	-45	123.647
0.25	-45	179.751
0.25	-45	-171.71
0.25	-45	113.521
0.25	-45	-29.2342
0.25	-45	-66.5493
0.25	-45	-98.4012
0.25	-45	-43.2757
0.25	-45	158.942
0.25	-45	106.328
0.25	-45	50.6005
0.25	-45	-175.54
0.25	-45	-42.8493
0.25	-45	95.3477
0.25	-45	160.477
0.25	-45	91.8725
0.25	-45	120.393
0.25	-45	158.68
0.25	-45	13.5396
0.25	-45	-91.9827
0.25	-45	-107.935
0.25	-45	-115.984
0.25	-45	7.41487
0.25	-45	118.624
0.25	-45	-41.7597
0.25	-45	28.0367
0.25	-45	-56.5465
0.25	-45	5.15272
0.25	-45	0.0696068
0.25	-45	-21.6106
0.25	-45	-25.0677
0.25	-45	-128.486
0.25	-45	59.9284
0.25	-45	-33.0412
0.25	-45	136.16
0.25	-45	44.7423
0.25	-45	84.3697
0.25	-45	105.564
0.25	-45	124.205
0.25	-45	62.7814
0.25	-45	99.807
0.25	-45	-72.1898
0.25	-45	-165.936
0.25	-45	19.0327
0.25	-45	-152.088
0.25	-45	150.552
0.25	-45	-135.346
0.25	-45	15.8409
0.25	-45	-88.5333
0.25	-45	-14.1685
0.25	-45	77.0313
0.25	-45	-94.7952
0.25	-45	69.1335
0.25	-45	-131.94
0.25	-45	114.158
0.25	-45	-83.9262
0.25	-45	-157.649
0.25	-45	61.0083
0.25	-45	-16.4652
0.25	-45	108.641
0.25	-45	-144.331
0.25	-45	-98.5698
0.25	-45	35.3195
0.25	-45	160.466
0.25	-45	-11.2394
0.25	-45	-84.1654
0.25	-45	110.304
0.25	-45	144.062
0.25	-45	-130.269
0.25	-45	-141.618
0.25	-45	85.059
0.25	-45	55.2191
0.25	-45	-31.1906
0.25	-45	-36.4461
0.25	-45	-75.6963
0.25	-45	155.187
0.25	-45	-84.3661
0.25	-45	-4.96546
0.25	-45	-160.887
0.25	-45	95.5068
0.25	-45	-58.7691
0.25	-45	-114.425
0.25	-45	-143.307
0.25	-45	58.9156
0.25	-45	-49.0085
0.25	-45	155.442
0.25	-45	-147.217
0.25	-45	-63.605
0.25	-45	16.0277
0.25	-45	90.6174
0.25	-45	166.418
0.25	-45	-47.4596
0.25	-45	-84.9656
0.25	-45	50.6291
0.25	-45	-11.5785
0.25	-45	-163.073
0.25	-45	172.121
0.25	-45	-40.3019
0.25	-45	-68.3115
0.25	-45	-125.167
0.25	-45	61.3926
0.25	-45	-22.8314
0.25	-45	33.781
0.25	-45	-151.5
0.25	-45	-3.37103
0.25	-45	96.6333
0.25	-45	-124.067
0.25	-45	-90.3479
0.25	-45	67.2172
0.25	-45	-148.098
0.25	-45	57.9011
0.25	-45	10.3264
0.25	-45	5.5309
0.25	-45	109.398
0.25	-45	-88.4143
0.25	-45	33.4209
0.25	-45	-0.234988
0.25	-45	-151.649
0.25	-45	27.0221
0.25	-45	147.964
0.25	-45	-100.196
0.25	-45	110.619
0.25	-45	-129.126
0.25	-45	-42.4529
0.25	-45	-116.83
0.25	-45	-85.5196
0.25	-45	178.179
0.25	-45	151.053
0.25	-45	-134.82
0.25	-45	139.018
0.25	-45	27.1173
0.25	-45	-176.778
0.25	-45	157.859
0.25	-45	92.6809
0.25	-45	90.1083
0.25	-45	115.53
0.25	-45	-172.976
0.25	-45	18.1985
0.25	-45	152.616
0.25	-45	-159.974
0.25	-45	157.723
0.25	-45	173.34
0.25	-45	-77.9647
0.25	-45	141.842
0.25	-45	7.60911
0.25	-45	-13.5291
0.25	-45	112.864
0.25	-45	-42.6657
0.25	-45	-173.675
0.25	-45	113.804
0.25	-45	110.685
0.25	-45	68.7127
0.25	-45	32.6808
0.25	-45	-30.5757
0.25	-45	175.502
0.25	-45	168.221
0.25	-45	175.786
0.25	-45	103.246
0.25	-45	-118.996
0.25	-45	71.0903
0.25	-45	46.2931
0.25	-45	165.832
0.25	-45	60.7441
0.25	-45	42.7948
0.25	-45	-8.39677
0.25	-45	-154.578
0.25	-45	71.7454
0.25	-45	-158.094
0.25	-45	31.515
0.25	-45	52.9303
0.25	-45	-108.568
0.25	-45	-98.4423
0.25	-45	-52.1873
0.25	-45	-14.4754
0.25	-45	27.625
0.25	-45	-130.724
0.25	-45	-64.1649
0.25	-45	-15.8596
0.25	-45	-90.765
0.25	-45	124.887
0.25	-45	-44.7137
0.25	-45	8.87266
0.25	-45	-122.882
0.25	-45	32.6144
0.25	-45	-14.6774
0.25	-45	65.2368
0.25	-45	-125.795
0.25	-45	147.126
0.25	-45	158.878
0.25	-45	1.42498
0.25	-45	-78.7581
0.25	-45	152.035
0.25	-45	146.884
0.25	-45	111.658
0.25	-45	41.0276
0.25	-45	-15.4747
0.25	-45	-130.066
0.25	-45	-124.525
0.25	-45	-45.7276
0.25	-45	-77.491
0.25	-45	-40.1308
0.25	-45	-99.5833
0.25	-45	52.2735
0.25	-45	-123.22
0.25	-45	156.462
0.25	-45	-178.558
0.25	-45	-132.769
0.25	-45	142.272
0.25	-45	140.337
0.25	-45	-93.5102
0.25	-45	53.0434
0.25	-45	35.4874
0.25	-45	49.5997
0.25	-45	-44.1713
0.25	-45	-74.3016
0.25	-45	106.835
0.25	-45	160.254
0.25	-45	77.4143
0.25	-45	-66.4712
0.25	-45	47.4849
0.25	-45	-24.3342
0.25	-45	76.9686
0.25	-45	-88.3562
0.25	-45	33.7448
0.25	-45	165.301
0.25	-45	121.216
0.25	-45	165.18
0.25	-45	-39.8198
0.25	-45	90.0568
0.25	-45	-78.8945
0.25	-45	-93.8805
0.25	-45	87.7521
0.25	-45	109.677
0.25	-45	88.1152
0.25	-45	52.8759
0.25	-45	-15.8129
0.25	-45	133.742
0.25	-45	14.7502
0.25	-45	-67.4738
0.25	-45	168.793
0.25	-45	-164.439
0.25	-45	63.4802
0.25	-45	-4.57632
0.25	-45	59.8958
0.25	-45	165.558
0.25	-45	126.509
0.25	-45	-39.9103
0.25	-45	149.261
0.25	-45	146.025
0.25	-45	109.685
0.25	-45	0.97444
0.25	-45	152.044
0.25	-45	88.5633
0.25	-45	-115.448
0.25	-45	26.8537
0.25	-45	-105.114
0.25	-45	-34.8757
0.25	-45	24.204
0.25	-45	104.589
0.25	-45	99.6828
0.25	-45	82.0221
0.25	-45	-135.516
0.25	-45	-72.9065
0.25	-45	68.4986
0.25	-45	-5.16602
0.25	-45	160.963
0.25	-45	-84.3616
0.25	-45	-44.536
0.25	-45	-137.903
0.25	-45	-146.16
0.25	-45	-146.573
0.25	-45	48.3037
0.25	-45	58.1138
0.25	-45	-46.4065
0.25	-45	118.294
0.25	-45	46.5816
0.25	-45	-20.5656
0.25	-45	-93.1716
0.25	-45	72.0039
0.25	-45	78.7215
0.25	-45	-176.688
0.25	-45	-51.595
0.25	-45	-87.6011
0.25	-45	-153.072
0.25	-45	-47.4899
0.25	-45	116.611
0.25	-45	105.092
0.25	-45	-112.285
0.25	-45	62.5032
0.25	-45	27.3242
0.25	-45	-103.979
0.25	-45	-11.5915
0.25	-45	-167.701
0.25	-45	-145.615
0.25	-45	10.6799
0.25	-45	128.094
0.25	-45	17.7221
0.25	-45	-179.408
0.25	-45	-45.5116
0.25	-45	48.0665
0.25	-45	-19.1763
0.25	-45	149.388
0.25	-45	-124.149
0.25	-45	-54.6517
0.25	-45	54.2211
0.25	-45	128.632
0.25	-45	-143.173
0.25	-45	48.8752
0.25	-45	-123.354
0.25	-45	4.84028
0.25	-45	163.18
0.25	-45	-167.487
0.25	-45	-142.589
0.25	-45	176.5
0.25	-45	-75.3057
0.25	-45	-130.641
0.25	-45	-173.198
0.25	-45	145.06
0.25	-45	-20.898
0.25	-45	-51.5113
0.25	-45	49.9638
0.25	-45	-63.5275
0.25	-45	120.997
0.25	-45	135.608
0.25	-45	172.785
0.25	-45	-57.8872
0.25	-45	1.82133
0.25	-45	113.487
0.25	-45	-39.5821
0.25	-45	-45.1624
0.25	-45	39.3126
0.25	-45	9.72285
0.25	-45	-15.8486
0.25	-45	-119.637
0.25	-45	-83.9995
0.25	-45	137.312
0.25	-45	-171.204
0.25	-45	-94.0894
0.25	-45	-177.897
0.25	-45	-28.424
0.25	-45	45.9496
0.25	-45	91.4631
0.25	-45	-49.6383
0.25	-45	-107.259
0.25	-45	-38.7786
0.25	-45	-82.6353
0.25	-45	-80.4988
0.25	-45	-16.7891
0.25	-45	-67.529
0.25	-45	79.8133
0.25	-45	-153.34
0.25	-45	-105.198
0.25	-45	34.4477
0.25	-45	18.5506
0.25	-45	-49.2459
0.25	-45	164.359
0.25	-45	153.69
0.25	-45	-88.8411
0.25	-45	53.3099
0.25	-45	-176.822
0.25	-45	74.8135
0.25	-45	-159.58
0.25	-45	-85.9675
0.25	-45	88.7857
0.25	-45	35.1309
0.25	-45	-81.1196
0.25	-45	84.0769
0.25	-45	-68.8014
0.25	-45	43.4042
0.25	-45	7.84073
0.25	-45	11.5456
0.25	-45	-65.1828
0.25	-45	69.3561
0.25	-45	8.74991
0.25	-45	78.7498
0.25	-45	-67.4065
0.25	-45	-131.539
0.25	-45	27.379
0.25	-45	31.0035
0.25	-45	71.7541
0.25	-45	97.2434
0.25	-45	142.83
0.25	-45	-1.53463
0.25	-45	170.651
0.25	-45	-8.40748
0.25	-45	-125.31
0.25	-45	-124.008
0.25	-45	-150.058
0.25	-45	-37.9067
0.25	-45	114.219
0.25	-45	-161.488
0.25	-45	-167.4
0.25	-45	23.8275
0.25	-45	-109.318
0.25	-45	156.711
0.25	-45	60.0019
0.25	-45	139.333
0.25	-45	-148.293
0.25	-45	-95.7605
0.25	-45	-48.1397
0.25	-45	-129.767
0.25	-45	17.1695
0.25	-45	-65.9437
0.25	-45	159.539
0.25	-45	47.6174
0.25	-45	47.3299
0.25	-45	124.13
0.25	-45	-164.707
0.25	-45	-17.8547
0.25	-45	110.236
0.25	-45	10.5923
0.25	-45	-112.639
0.25	-45	-105.762
0.25	-45	-177.306
0.25	-45	-47.2869
0.25	-45	43.1678
0.25	-45	-25.6722
0.25	-45	-65.1849
0.25	-45	94.1522
0.25	-45	117.352
0.25	-45	50.3023
0.25	-45	-178.628
0.25	-45	-38.4789
0.25	-45	69.4625
0.25	-45	-164.839
0.25	-45	164.442
0.25	-45	128.823
0.25	-45	-118.765
0.25	-45	-85.9017
0.25	-45	-117.411
0.25	-45	-6.82328
0.25	-45	47.2234
0.25	-45	-19.8081
0.25	-45	114.248
0.25	-45	127.533
0.25	-45	-73.0493
0.25	-45	-48.8538
0.25	-45	-23.3584
0.25	-45	-63.4629
0.25	-45	-122.906
0.25	-45	-175.21
0.25	-45	24.478
0.25	-45	-142.156
0.25	-45	-102.024
0.25	-45	128.05
0.25	-45	-64.0494
0.25	-45	-150.465
0.25	-45	14.9493
0.25	-45	140.668
0.25	-45	81.8896
0.25	-45	98.6058
0.25	-45	-36.4502
0.25	-45	80.9738
0.25	-45	47.6684
0.25	-45	107.043
0.25	-45	31.306
0.25	-45	61.1701
0.25	-45	-89.1449
0.25	-45	86.9875
0.25	-45	-139.279
0.25	-45	-78.4074
0.25	-45	10.9906
0.25	-45	-109.327
0.25	-45	-32.8582
0.25	-45	-40.039
0.25	-45	-115.987
0.25	-45	8.19602
0.25	-45	154.517
0.25	-45	16.9413
0.25	-45	172.326
0.25	-45	164.206
0.25	-45	16.2709
0.25	-45	-13.9878
0.25	-45	-87.8101
0.25	-45	-140.498
0.25	-45	64.6424
0.25	-45	-169.643
0.25	-45	86.0473
0.25	-45	44.9236
0.25	-45	115.018
0.25	-45	105.768
0.25	-45	-93.4927
0.25	-45	-97.0873
0.25	-45	46.1411
0.25	-45	-125.555
0.25	-45	-177.584
0.25	-45	74.1027
0.25	-45	-101.969
0.25	-45	51.0211
0.25	-45	-120.314
0.25	-45	-141.107
0.25	-45	34.4446
0.25	-45	-139.236
0.25	-45	154.045
0.25	-45	166.508
0.25	-45	-140.022
0.25	-45	161.587
0.25	-45	174.693
0.25	-45	-23.0687
0.25	-45	-125.256
0.25	-45	131.503
0.25	-45	45.5385
0.25	-45	53.277
0.25	-45	-59.8637
0.25	-45	134.368
0.25	-45	132.354
0.25	-45	-157.855
0.25	-45	19.7451
0.25	-45	42.9407
0.25	-45	-39.8635
0.25	-45	-69.0058
0.25	-45	22.9423
0.25	-45	127.411
0.25	-45	127.427
0.25	-45	-117.245
0.25	-45	-138.471
0.25	-45	144.852
0.25	-45	160.16
0.25	-45	-1.64509
0.25	-45	-120.205
0.25	-45	126.98
0.25	-45	-89.3875
0.25	-45	-53.5904
0.25	-45	140.122
0.25	-45	130.665
0.25	-45	-179.96
0.25	-45	64.5824
0.25	-45	-179.542
0.25	-45	-94.9265
0.25	-45	9.03336
0.25	-45	147.628
0.25	-45	85.2696
0.25	-45	-2.4677
0.25	-45	18.3
0.25	-45	15.3377
0.25	-45	-54.3915
0.25	-45	-39.4144
0.25	-45	-168.328
0.25	-45	-10.8939
0.25	-45	143.622
0.25	-45	71.6399
0.25	-45	32.548
0.25	-45	-175.221
0.25	-45	-61.72
0.25	-45	-136.328
0.25	-45	170.209
0.25	-45	35.4564
0.25	-45	0.0756813
0.25	-45	-150.965
0.25	-45	-4.53179
0.25	-45	30.7856
0.25	-45	-88.2831
0.25	-45	-171.038
0.25	-45	-165.567
0.25	-45	-27.6961
0.25	-45	38.5287
0.25	-45	70.5367
0.25	-45	-42.8997
0.25	-45	-91.3182
0.25	-45	98.7269
0.25	-45	-107.367
0.25	-45	-148.354
0.25	-45	173.2
0.25	-45	-97.2854
0.25	-45	-63.7678
0.25	-45	-43.5669
0.25	-45	161.673
0.25	-45	-169.566
