pol	setting	phi
0.3	45	-13.8093
0.3	45	-136.612
0.3	45	18.2628
0.3	45	161.477
0.3	45	-34.2921
0.3	45	20.6506
0.3	45	73.8262
0.3	45	12.8372
0.3	45	-57.0826
0.3	45	24.6246
0.3	45	35.7384
0.3	45	57.2481
0.3	45	-7.78
0.3	45	124.433
0.3	45	128.415
0.3	45	-33.2306
0.3	45	-76.4019
0.3	45	133.922
0.3	45	120.193
0.3	45	-125.388
0.3	45	175.003
0.3	45	-147.223
0.3	45	149.264
0.3	45	69.3099
0.3	45	117.486
0.3	45	70.0258
0.3	45	-59.5781
0.3	45	-51.1093
0.3	45	118.25
0.3	45	-121.791
0.3	45	55.6814
0.3	45	151.507
0.3	45	157.976
0.3	45	-69.4452
0.3	45	-37.2827
0.3	45	-90.0096
0.3	45	-14.2619
0.3	45	87.9979
0.3	45	-107.73
0.3	45	-3.40891
0.3	45	41.829
0.3	45	-53.593
0.3	45	-112.79
0.3	45	56.9611
0.3	45	79.8303
0.3	45	-62.6446
0.3	45	-161.512
0.3	45	60.0843
0.3	45	-173.05
0.3	45	-20.2094
0.3	45	-2.99213
0.3	45	-106.114
0.3	45	135.763
0.3	45	-100.68
0.3	45	49.9815
0.3	45	-131.216
0.3	45	-172.708
0.3	45	138.989
0.3	45	17.3881
0.3	45	-98.3185
0.3	45	-159.671
0.3	45	105.407
0.3	45	-147.674
0.3	45	87.0097
0.3	45	-134.892
0.3	45	-1.60481
0.3	45	170.39
0.3	45	1.55024
0.3	45	-93.2584
0.3	45	2.78437
0.3	45	8.44171
0.3	45	-132.414
0.3	45	83.4346
0.3	45	64.9846
0.3	45	-146.639
0.3	45	-131.177
0.3	45	178.277
0.3	45	-40.8259
0.3	45	106.767
0.3	45	-152.069
0.3	45	-36.075
0.3	45	-14.6522
0.3	45	-136.119
0.3	45	153.909
0.3	45	-15.3085
0.3	45	100.72
0.3	45	-82.4814
0.3	45	127.835
0.3	45	-95.0264
0.3	45	-111.564
0.3	45	83.3816
0.3	45	122.02
0.3	45	31.6645
0.3	45	2.62101
0.3	45	104.489
0.3	45	156.141
0.3	45	30.2715
0.3	45	116.151
0.3	45	-146.487
0.3	45	-120.967
0.3	45	155.868
0.3	45	71.3563
0.3	45	-8.8202
0.3	45	114.393
0.3	45	-116.25
0.3	45	36.1213
0.3	45	167.539
0.3	45	108.928
0.3	45	-61.8385
0.3	45	54.1483
0.3	45	-69.7622
0.3	45	-174.294
0.3	45	13.4987
0.3	45	52.2378
0.3	45	28.5929
0.3	45	52.541
0.3	45	-145.343
0.3	45	62.5493
0.3	45	-73.9474
0.3	45	47.1726
0.3	45	-84.2131
0.3	45	143.329
0.3	45	124.632
0.3	45	-136.31
0.3	45	112.028
0.3	45	52.8449
0.3	45	-86.9161
0.3	45	-4.63237
0.3	45	-123.733
0.3	45	-31.1004
0.3	45	-95.2196
0.3	45	-127.173
0.3	45	-150.376
0.3	45	-170.364
0.3	45	173.887
0.3	45	103.247
0.3	45	-69.0078
0.3	45	-82.6547
0.3	45	-20.6445
0.3	45	-167.119
0.3	45	51.5016
0.3	45	-108.522
0.3	45	-12.8195
0.3	45	169.828
0.3	45	-66.747
0.3	45	-26.0701
0.3	45	-28.5567
0.3	45	-63.888
0.3	45	58.2107
0.3	45	29.9764
0.3	45	47.9382
0.3	45	92.7451
0.3	45	-109.334
0.3	45	-85.3754
0.3	45	-116.513
0.3	45	132.102
0.3	45	3.22393
0.3	45	68.9433
0.3	45	-45.743
0.3	45	145.853
0.3	45	55.5584
0.3	45	-161.768
0.3	45	-137.113
0.3	45	0.0357084
0.3	45	131.679
0.3	45	116.936
0.3	45	125.601
0.3	45	57.8204
0.3	45	-166.485
0.3	45	108.918
0.3	45	-103.72
0.3	45	-11.898
0.3	45	129.581
0.3	45	-156.308
0.3	45	-54.3793
0.3	45	94.1514
0.3	45	-42.9994
0.3	45	-119.163
0.3	45	-3.35987
0.3	45	108.292
0.3	45	70.9761
0.3	45	38.2727
0.3	45	-108.786
0.3	45	122.106
0.3	45	69.3832
0.3	45	-109.005
0.3	45	-143.658
0.3	45	87.4087
0.3	45	20.8312
0.3	45	38.9355
0.3	45	80.477
0.3	45	4.55921
0.3	45	47.5863
0.3	45	-158.36
0.3	45	100.06
0.3	45	75.5917
0.3	45	-29.0324
0.3	45	-150.663
0.3	45	79.8783
0.3	45	152.643
0.3	45	-25.6489
0.3	45	109.823
0.3	45	-72.2114
0.3	45	-161.585
0.3	45	34.188
0.3	45	-163.562
0.3	45	52.6489
0.3	45	93.0654
0.3	45	-142.832
0.3	45	-117.252
0.3	45	-16.494
0.3	45	118.367
0.3	45	140.161
0.3	45	7.97291
0.3	45	126.737
0.3	45	101.634
0.3	45	59.2556
0.3	45	-25.6763
0.3	45	122.791
0.3	45	-42.1292
0.3	45	-135.076
0.3	45	-177.812
0.3	45	7.17897
0.3	45	111.793
0.3	45	141.972
0.3	45	-108.747
0.3	45	65.4187
0.3	45	129.003
0.3	45	-34.4217
0.3	45	-153.056
0.3	45	131.866
0.3	45	-92.2455
0.3	45	37.1946
0.3	45	-2.54822
0.3	45	-24.474
0.3	45	111.938
0.3	45	95.6732
0.3	45	60.7875
0.3	45	77.6811
0.3	45	-83.8394
0.3	45	169.209
0.3	45	-29.0305
0.3	45	70.4737
0.3	45	169.738
0.3	45	-85.7383
0.3	45	58.5682
0.3	45	106.155
0.3	45	140.983
0.3	45	18.246
0.3	45	146.09
0.3	45	126.935
0.3	45	-26.2359
0.3	45	-172.653
0.3	45	109.704
0.3	45	157.458
0.3	45	99.3337
0.3	45	143.75
0.3	45	-46.4571
0.3	45	167.939
0.3	45	104.341
0.3	45	-73.3577
0.3	45	158.321
0.3	45	83.4601
0.3	45	162.53
0.3	45	14.8589
0.3	45	119.536
0.3	45	-100.419
0.3	45	121.011
0.3	45	-53.9291
0.3	45	99.3905
0.3	45	168.546
0.3	45	-146.273
0.3	45	-115.27
0.3	45	-126.507
0.3	45	-147.894
0.3	45	-43.4005
0.3	45	-8.53869
0.3	45	-161.696
0.3	45	-171.593
0.3	45	122.639
0.3	45	-32.4041
0.3	45	107.392
0.3	45	112.085
0.3	45	65.1535
0.3	45	-3.60617
0.3	45	165.68
0.3	45	10.3032
0.3	45	-24.2398
0.3	45	-102.908
0.3	45	93.265
0.3	45	133.956
0.3	45	46.1849
0.3	45	-75.1288
0.3	45	67.2056
0.3	45	-115.248
0.3	45	-124.697
0.3	45	-73.9127
0.3	45	54.9919
0.3	45	-105.028
0.3	45	132.976
0.3	45	-103.852
0.3	45	-88.7172
0.3	45	134.36
0.3	45	-179.371
0.3	45	76.6801
0.3	45	138.848
0.3	45	25.4861
0.3	45	-13.3648
0.3	45	-60.2449
0.3	45	-68.6794
0.3	45	134.137
0.3	45	-23.297
0.3	45	-4.46263
0.3	45	54.8668
0.3	45	33.095
0.3	45	126.409
0.3	45	-52.1265
0.3	45	-75.822
0.3	45	-91.1294
0.3	45	93.0384
0.3	45	-16.3868
0.3	45	75.7348
0.3	45	106.286
0.3	45	103.691
0.3	45	36.4543
0.3	45	134.382
0.3	45	144.088
0.3	45	130.539
0.3	45	103.747
0.3	45	0.74246
0.3	45	117.07
0.3	45	5.06173
0.3	45	146.49
0.3	45	12.8696
0.3	45	-37.6618
0.3	45	179.458
0.3	45	27.4565
0.3	45	-28.6913
0.3	45	112.419
0.3	45	-47.5439
0.3	45	153.136
0.3	45	93.0573
0.3	45	-59.1551
0.3	45	-0.802387
0.3	45	61.1889
0.3	45	-145.788
0.3	45	174.645
0.3	45	-82.1472
0.3	45	-67.5993
0.3	45	140.667
0.3	45	-25.3535
0.3	45	102.994
0.3	45	155.272
0.3	45	-47.3133
0.3	45	-35.6723
0.3	45	164.86
0.3	45	7.99077
0.3	45	8.4852
0.3	45	-3.41553
0.3	45	-31.2628
0.3	45	-15.226
0.3	45	141.525
0.3	45	-79.1249
0.3	45	-111.802
0.3	45	-56.4367
0.3	45	65.1
0.3	45	-21.7381
0.3	45	-174.227
0.3	45	24.7122
0.3	45	-142.845
0.3	45	143.096
0.3	45	83.0544
0.3	45	41.5468
0.3	45	174.737
0.3	45	87.9421
0.3	45	-174.881
0.3	45	-141.163
0.3	45	-57.2078
0.3	45	117.683
0.3	45	49.5746
0.3	45	-140.497
0.3	45	19.7644
0.3	45	-56.7264
0.3	45	-153.126
0.3	45	-73.4117
0.3	45	23.4186
0.3	45	36.5525
0.3	45	-149.601
0.3	45	-114.535
0.3	45	148.648
0.3	45	-67.4454
0.3	45	23.2096
0.3	45	40.2507
0.3	45	-54.1007
0.3	45	-53.9979
0.3	45	-77.2632
0.3	45	172.72
0.3	45	-102.545
0.3	45	-108.047
0.3	45	-147.569
0.3	45	67.4088
0.3	45	-103.57
0.3	45	-83.8875
0.3	45	-144.693
0.3	45	52.0445
0.3	45	62.0674
0.3	45	-40.4329
0.3	45	-26.4182
0.3	45	112.698
0.3	45	83.6324
0.3	45	-104.321
0.3	45	79.1027
0.3	45	-121.959
0.3	45	137.22
0.3	45	79.4195
0.3	45	-39.088
0.3	45	-5.44872
0.3	45	30.9472
0.3	45	143.444
0.3	45	88.2078
0.3	45	-53.9365
0.3	45	-48.7525
0.3	45	43.8753
0.3	45	70.103
0.3	45	74.3909
0.3	45	-63.7554
0.3	45	-154.2
0.3	45	-54.6661
0.3	45	72.8385
0.3	45	71.1713
0.3	45	4.54448
0.3	45	-127.955
0.3	45	-87.43
0.3	45	-135.902
0.3	45	-63.3809
0.3	45	128.042
0.3	45	42.4878
0.3	45	-29.5087
0.3	45	-165.024
0.3	45	42.2149
0.3	45	173.708
0.3	45	-110.571
0.3	45	123.777
0.3	45	28.0949
0.3	45	-126.041
0.3	45	-148.582
0.3	45	37.9016
0.3	45	-18.9027
0.3	45	160.159
0.3	45	76.052
0.3	45	74.3445
0.3	45	-123.921
0.3	45	10.7116
0.3	45	115.015
0.3	45	173.435
0.3	45	-108.21
0.3	45	-82.975
0.3	45	-144.071
0.3	45	108.967
0.3	45	54.498
0.3	45	19.953
0.3	45	-27.7648
0.3	45	-30.5194
0.3	45	-174.035
0.3	45	127.35
0.3	45	138.673
0.3	45	-54.6086
0.3	45	120.798
0.3	45	19.3171
0.3	45	-91.5903
0.3	45	90.8206
0.3	45	-89.1305
0.3	45	178.591
0.3	45	135.528
0.3	45	-80.2805
0.3	45	-138.736
0.3	45	-102.736
0.3	45	-8.82153
0.3	45	-105.949
0.3	45	-75.6565
0.3	45	-18.7418
0.3	45	107.605
0.3	45	-171.435
0.3	45	-126.598
0.3	45	-150.021
0.3	45	-98.0481
0.3	45	172.293
0.3	45	124.985
0.3	45	-95.9824
0.3	45	-1.06185
0.3	45	-25.336
0.3	45	78.6848
0.3	45	98.7553
0.3	45	104.429
0.3	45	-177.132
0.3	45	-113.021
0.3	45	21.0976
0.3	45	39.8007
0.3	45	-79.1474
0.3	45	-24.1456
0.3	45	-66.4537
0.3	45	-104.321
0.3	45	-63.9309
0.3	45	-105.671
0.3	45	-69.7849
0.3	45	-48.5324
0.3	45	-149.708
0.3	45	-161.343
0.3	45	-81.7041
0.3	45	104.984
0.3	45	-117.622
0.3	45	-79.0882
0.3	45	28.9765
0.3	45	64.6997
0.3	45	-24.6339
0.3	45	40.3604
0.3	45	-142.287
0.3	45	131.123
0.3	45	146.098
0.3	45	123.494
0.3	45	118.828
0.3	45	125.665
0.3	45	-92.7639
0.3	45	-135.071
0.3	45	-32.896
0.3	45	-82.5861
0.3	45	129.961
0.3	45	-38.364
0.3	45	135.91
0.3	45	-118.558
0.3	45	1.62938
0.3	45	-28.0485
0.3	45	68.2676
0.3	45	11.8474
0.3	45	-74.4561
0.3	45	96.0933
0.3	45	-1.90306
0.3	45	120.749
0.3	45	-125.294
0.3	45	92.5064
0.3	45	-141.546
0.3	45	-114.142
0.3	45	-87.5794
0.3	45	5.62301
0.3	45	-29.7462
0.3	45	-11.7311
0.3	45	70.9842
0.3	45	90.9587
0.3	45	165.82
0.3	45	105.065
0.3	45	-102.226
0.3	45	-131.825
0.3	45	113.259
0.3	45	-17.5546
0.3	45	-136.244
0.3	45	101.202
0.3	45	-68.2934
0.3	45	16.5724
0.3	45	-59.1635
0.3	45	49.0295
0.3	45	34.4818
0.3	45	-148.363
0.3	45	11.7363
0.3	45	32.9459
0.3	45	83.6365
0.3	45	-65.8265
0.3	45	-147.423
0.3	45	-78.2893
0.3	45	-96.5163
0.3	45	84.0457
0.3	45	130.262
0.3	45	-62.6903
0.3	45	-36.4358
0.3	45	-36.552
0.3	45	-3.78036
0.3	45	16.9461
0.3	45	-88.4232
0.3	45	-57.4062
0.3	45	-38.5069
0.3	45	123.393
0.3	45	-10.7718
0.3	45	-80.5689
0.3	45	163.28
0.3	45	-109.576
0.3	45	-68.4168
0.3	45	-153.512
0.3	45	86.3511
0.3	45	119.569
0.3	45	163.516
0.3	45	60.9917
0.3	45	-19.4117
0.3	45	-123.124
0.3	45	46.7096
0.3	45	-38.5975
0.3	45	162.9
0.3	45	-65.701
0.3	45	39.0508
0.3	45	21.6268
0.3	45	-95.1761
0.3	45	158.399
0.3	45	-64.9732
0.3	45	39.8411
0.3	45	-1.93551
0.3	45	-176.384
0.3	45	158.997
0.3	45	167.37
0.3	45	176.165
0.3	45	-150.848
0.3	45	-161.571
0.3	45	-139.884
0.3	45	87.508
0.3	45	-130.135
0.3	45	-17.5708
0.3	45	-29.8766
0.3	45	-160.719
0.3	45	163.565
0.3	45	-80.6591
0.3	45	-145.873
0.3	45	-144.649
0.3	45	-150.197
0.3	45	-51.9424
0.3	45	91.2382
0.3	45	124.063
0.3	45	93.2787
0.3	45	43.6852
0.3	45	-50.5474
0.3	45	-170.855
0.3	45	102.372
0.3	45	95.0793
0.3	45	-100.38
0.3	45	-156.506
0.3	45	-78.8534
0.3	45	-69.1502
0.3	45	-2.86885
0.3	45	-96.57
0.3	45	-173.455
0.3	45	-119.414
0.3	45	135.542
0.3	45	-107
0.3	45	145.661
0.3	45	177.633
0.3	45	53.3065
0.3	45	-111.497
0.3	45	113.601
0.3	45	-177.009
0.3	45	81.5508
0.3	45	-26.4196
0.3	45	-156.756
0.3	45	52.275
0.3	45	-178.104
0.3	45	-67.1587
0.3	45	94.4
0.3	45	-179.309
0.3	45	93.3705
0.3	45	-163.067
0.3	45	-86.5897
0.3	45	-70.0384
0.3	45	130.534
0.3	45	-13.8202
0.3	45	-23.967
0.3	45	56.2825
0.3	45	-74.934
0.3	45	-14.5753
0.3	45	76.3667
0.3	45	168.096
0.3	45	25.8876
0.3	45	152.699
0.3	45	-78.702
0.3	45	35.893
0.3	45	-108.952
0.3	45	-121.558
0.3	45	-0.662709
0.3	45	24.9496
0.3	45	60.7224
0.3	45	51.4971
0.3	45	-49.7976
0.3	45	47.6603
0.3	45	156.12
0.3	45	-135.61
0.3	45	154.054
0.3	45	-92.8873
0.3	45	146.483
0.3	45	44.7776
0.3	45	121.883
0.3	45	106.748
0.3	45	97.6474
0.3	45	33.9797
0.3	45	103.238
0.3	45	-72.1299
0.3	45	-160.023
0.3	45	-117.679
0.3	45	96.5404
0.3	45	-73.8244
0.3	45	-86.212
0.3	45	-177.139
0.3	45	99.268
0.3	45	103.094
0.3	45	-90.3041
0.3	45	-167.454
0.3	45	-24.9346
0.3	45	-135.961
0.3	45	127.92
0.3	45	-36.8592
0.3	45	161.349
0.3	45	18.8377
0.3	45	-59.8229
0.3	45	123.994
0.3	45	108.643
0.3	45	-102.763
0.3	45	-106.658
0.3	45	-37.3095
0.3	45	-21.1842
0.3	45	38.6101
0.3	45	-144.847
0.3	45	135.687
0.3	45	103.57
0.3	45	-64.5604
0.3	45	-107.414
0.3	45	42.308
0.3	45	90.3034
0.3	45	-173.86
0.3	45	115.224
0.3	45	179.689
0.3	45	-153.798
0.3	45	105.728
0.3	45	117.2
0.3	45	-91.3088
0.3	45	171.041
0.3	45	-163.09
0.3	45	-5.56215
0.3	45	108.614
0.3	45	-36.0699
0.3	45	-13.5553
0.3	45	15.0659
0.3	45	-37.7762
0.3	45	-59.2927
0.3	45	-68.3358
0.3	45	-60.8965
0.3	45	157.281
0.3	45	40.5156
0.3	45	-85.9937
0.3	45	-155.365
0.3	45	-131.946
0.3	45	-144.938
0.3	45	-81.7123
0.3	45	-33.0259
0.3	45	3.64855
0.3	45	-64.9287
0.3	45	-168.677
0.3	45	146.301
0.3	45	-101.665
0.3	45	-66.2472
0.3	45	-105.579
0.3	45	61.0265
0.3	45	146.897
0.3	45	-94.9927
0.3	45	131.209
0.3	45	-106.932
0.3	45	-128.344
0.3	45	63.0204
0.3	45	-151.131
0.3	45	-28.8881
0.3	45	139.402
0.3	45	-168.783
0.3	45	152.498
0.3	45	-54.0076
0.3	45	-64.1754
0.3	45	65.559
0.3	45	75.8784
0.3	45	-80.5844
0.3	45	-97.9483
0.3	45	-8.33448
0.3	45	71.1802
0.3	45	146.214
0.3	45	-167.975
0.3	45	127.973
0.3	45	53.4225
0.3	45	-91.4228
0.3	45	171.898
0.3	45	-145.256
0.3	45	-64.6274
0.3	45	-129.888
0.3	45	71.1795
0.3	45	156.476
0.3	45	-31.4338
0.3	45	-10.0483
0.3	45	149.247
0.3	45	-138.306
0.3	45	-114.462
0.3	45	21.8928
0.3	45	-74.6869
0.3	45	107.995
0.3	45	98.2227
0.3	45	-86.3058
0.3	45	-178.463
0.3	45	-14.1145
0.3	45	71.5377
0.3	45	-173.372
0.3	45	-61.5489
0.3	45	173.891
0.3	45	-18.3524
0.3	45	-176.309
0.3	45	162.957
0.3	45	178.779
0.3	45	-64.6935
0.3	45	-12.0404
0.3	45	43.0367
0.3	45	-9.35896
0.3	45	102.664
0.3	45	-160.416
0.3	45	131.167
0.3	45	-158.21
0.3	45	16.7391
0.3	45	111.056
0.3	45	-175.374
0.3	45	167.94
0.3	45	119.278
0.3	45	-150.744
0.3	45	-132.3
0.3	45	-153.529
0.3	45	-179.368
0.3	45	-85.5772
0.3	45	34.3161
0.3	45	120.238
0.3	45	-11.7931
0.3	45	19.5017
0.3	45	-64.6702
0.3	45	60.564
0.3	45	-173.436
0.3	45	-157.272
0.3	45	-80.2461
0.3	45	-74.2826
0.3	45	-37.8561
0.3	45	114.935
0.3	45	-101.838
0.3	45	133.552
0.3	45	178.487
0.3	45	-150.739
0.3	45	-13.3696
0.3	45	101.133
0.3	45	-15.818
0.3	45	-110.187
0.3	45	-111.827
0.3	45	50.0925
0.3	45	106.928
0.3	45	-145.73
0.3	45	168.746
0.3	45	176.965
0.3	45	173.968
0.3	45	-69.3518
0.3	45	-118.155
0.3	45	163.275
0.3	45	79.4783
0.3	45	-43.1979
0.3	45	-113.185
0.3	45	27.0256
0.3	45	129.375
0.3	45	17.0411
0.3	45	92.307
0.3	45	-36.1553
0.3	45	-72.0491
0.3	45	-161.567
0.3	45	-53.2072
0.3	45	178.748
0.3	45	14.3948
0.3	45	93.2597
0.3	45	-91.9932
0.3	45	-103.563
0.3	45	113.026
0.3	45	128.118
0.3	45	25.8527
0.3	45	49.6019
0.3	45	115.481
0.3	45	-20.192
0.3	45	97.4339
0.3	45	-179.593
0.3	45	-178.396
0.3	45	-92.0445
0.3	45	128.211
0.3	45	-52.003
0.3	45	164.98
0.3	45	114.355
0.3	45	36.0044
0.3	45	-94.8452
0.3	45	-51.2515
0.3	45	66.5874
0.3	45	-52.824
0.3	45	161.118
0.3	45	110.378
0.3	45	68.4314
0.3	45	49.9118
0.3	45	-5.12999
0.3	45	108.699
0.3	45	-52.0497
0.3	45	23.3198
0.3	45	13.2567
0.3	45	92.4493
0.3	45	-161.982
0.3	45	-27.9781
0.3	45	149.527
0.3	45	-147.121
0.3	45	-152.576
0.3	45	36.6708
0.3	45	141.519
0.3	45	-172.847
0.3	45	172.47
0.3	45	-48.0501
0.3	45	86.4415
0.3	45	55.377
0.3	45	16.4451
0.3	45	147.579
0.3	45	52.8877
0.3	45	-111.807
0.3	45	21.9369
0.3	45	-61.9458
0.3	45	-172.88
0.3	45	-12.8513
0.3	45	-137.989
0.3	45	72.5836
0.3	45	136.781
0.3	45	-163.696
0.3	45	124.283
0.3	45	148.052
0.3	45	-170.9
0.3	45	63.4074
0.3	45	52.6831
0.3	45	179.001
0.3	45	-117.966
0.3	45	76.3575
0.3	45	26.6885
0.3	45	140.841
0.3	45	-148.243
0.3	45	134.042
0.3	45	-40.2006
0.3	45	43.3003
0.3	45	-174.077
0.3	45	115.729
0.3	45	11.5108
0.3	45	-96.0903
0.3	45	-17.2568
0.3	45	162.762
0.3	45	54.7607
0.3	45	-48.0759
0.3	45	-168.918
0.3	45	-154.068
0.3	45	43.2129
0.3	45	-165.653
0.3	45	6.16407
0.3	45	98.1665
0.3	45	130.362
0.3	45	61.5027
0.3	45	-119.104
0.3	45	12.699
0.3	45	93.0042
0.3	45	108.755
0.3	45	-61.9904
0.3	45	-41.7058
0.3	45	-28.579
0.3	45	-6.93411
0.3	45	-37.8826
0.3	45	-6.55532
0.3	45	-21.0616
0.3	45	46.9501
0.3	45	-126.022
0.3	45	172.982
0.3	45	142.608
0.3	45	143.839
0.3	45	119.259
0.3	45	118.48
0.3	45	-0.766737
0.3	45	17.0725
0.3	45	142.153
0.3	45	-15.3702
0.3	45	55.4453
0.3	45	31.4934
0.3	45	128.216
0.3	45	-160.151
0.3	45	54.3252
0.3	45	-70.6307
0.3	45	-36.5061
0.3	45	-86.9369
0.3	45	52.2571
0.3	45	-123.943
0.3	45	110.817
0.3	45	46.2984
0.3	45	-176.413
0.3	45	-102.164
0.3	45	137.987
0.3	45	44.9979
0.3	45	101.516
0.3	45	-147.902
0.3	45	36.7771
0.3	45	39.1485
0.3	45	111.304
0.3	45	-126.703
0.3	45	169.809
0.3	45	173.436
0.3	45	-112.757
0.3	45	-15.1114
0.3	45	-164.559
0.25	-45	57.1802
0.25	-45	18.6319
0.25	-45	65.0026
0.25	-45	5.91563
0.25	-45	-105.768
0.25	-45	-121.792
0.25	-45	109.679
0.25	-45	-158.759
0.25	-45	30.9134
0.25	-45	-44.8059
0.25	-45	26.8405
0.25	-45	77.852
0.25	-45	102.372
0.25	-45	172.289
0.25	-45	-14.8746
0.25	-45	-137.702
0.25	-45	-96.9351
0.25	-45	104.774
0.25	-45	-74.0742
0.25	-45	-33.4214
0.25	-45	74.8789
0.25	-45	-19.0991
0.25	-45	-130.772
0.25	-45	160.84
0.25	-45	-173.248
0.25	-45	-20.0791
0.25	-45	96.7229
0.25	-45	57.5294
0.25	-45	-135.181
0.25	-45	27.2439
0.25	-45	-30.0051
0.25	-45	21.3321
0.25	-45	57.3187
0.25	-45	16.1104
0.25	-45	7.44295
0.25	-45	71.3151
0.25	-45	-121.794
0.25	-45	68.2453
0.25	-45	-114.819
0.25	-45	11.1382
0.25	-45	116.497
0.25	-45	171.895
0.25	-45	-54.0115
0.25	-45	-122.236
0.25	-45	147.014
0.25	-45	-106.563
0.25	-45	-23.0753
0.25	-45	106.916
0.25	-45	161.814
0.25	-45	-114.095
0.25	-45	-166.544
0.25	-45	88.5126
0.25	-45	-64.0902
0.25	-45	-58.8467
0.25	-45	-44.3403
0.25	-45	165.797
0.25	-45	147.475
0.25	-45	-131.932
0.25	-45	133.814
0.25	-45	72.8831
0.25	-45	2.69957
0.25	-45	156.145
0.25	-45	-11.9612
0.25	-45	-135.971
0.25	-45	-135.927
0.25	-45	-93.1312
0.25	-45	9.78448
0.25	-45	3.24292
0.25	-45	43.3013
0.25	-45	123.368
0.25	-45	-78.3812
0.25	-45	-50.4214
0.25	-45	13.7429
0.25	-45	98.3515
0.25	-45	-81.7234
0.25	-45	113.107
0.25	-45	-123.815
0.25	-45	151.858
0.25	-45	-7.95798
0.25	-45	71.5827
0.25	-45	-83.7091
0.25	-45	32.1543
0.25	-45	80.4635
0.25	-45	-97.6336
0.25	-45	70.65
0.25	-45	81.3264
0.25	-45	118.014
0.25	-45	173.788
0.25	-45	175.957
0.25	-45	-135.468
0.25	-45	-6.25787
0.25	-45	-98.7894
0.25	-45	-163.051
0.25	-45	-51.9722
0.25	-45	16.2682
0.25	-45	-84.2344
0.25	-45	178.832
0.25	-45	-155.594
0.25	-45	82.1665
0.25	-45	-158.168
0.25	-45	55.212
0.25	-45	170.57
0.25	-45	34.3077
0.25	-45	-93.6641
0.25	-45	87.0804
0.25	-45	165.262
0.25	-45	95.1115
0.25	-45	134.073
0.25	-45	-28.2489
0.25	-45	-66.2129
0.25	-45	40.811
0.25	-45	105.805
0.25	-45	67.7654
0.25	-45	11.0681
0.25	-45	-131.826
0.25	-45	-121.309
0.25	-45	-172.508
0.25	-45	146.109
0.25	-45	144.28
0.25	-45	-64.4789
0.25	-45	-127.312
0.25	-45	157.742
0.25	-45	126.906
0.25	-45	-51.4002
0.25	-45	-120.389
0.25	-45	-90.604
0.25	-45	-53.4355
0.25	-45	168.592
0.25	-45	179.749
0.25	-45	-121.276
0.25	-45	72.6513
0.25	-45	9.41702
0.25	-45	69.8854
0.25	-45	-159.913
0.25	-45	26.8353
0.25	-45	-150.488
0.25	-45	176.956
0.25	-45	-165.911
0.25	-45	96.0827
0.25	-45	-129.98
0.25	-45	-19.911
0.25	-45	-174.687
0.25	-45	103.833
0.25	-45	34.5897
0.25	-45	-157.542
0.25	-45	43.7651
0.25	-45	-41.9702
0.25	-45	75.539
0.25	-45	124.401
0.25	-45	153.167
0.25	-45	1.22835
0.25	-45	-85.7405
0.25	-45	146.193
0.25	-45	-53.4425
0.25	-45	-2.06938
0.25	-45	81.4286
0.25	-45	-114.974
0.25	-45	70.2275
0.25	-45	-159.547
0.25	-45	-149.086
0.25	-45	-166.192
0.25	-45	-50.4057
0.25	-45	41.37
0.25	-45	-141.224
0.25	-45	128.499
0.25	-45	158.065
0.25	-45	91.0396
0.25	-45	-157.518
0.25	-45	43.127
0.25	-45	-141.054
0.25	-45	-63.0342
0.25	-45	129.57
0.25	-45	97.2199
0.25	-45	-156.875
0.25	-45	159.877
0.25	-45	-169.868
0.25	-45	-116.733
0.25	-45	108.145
0.25	-45	-83.9449
0.25	-45	-41.4872
0.25	-45	95.9892
0.25	-45	17.7194
0.25	-45	-127.378
0.25	-45	-1.17715
0.25	-45	-104.953
0.25	-45	132.322
0.25	-45	61.205
0.25	-45	-54.4933
0.25	-45	-143.863
0.25	-45	-15.0596
0.25	-45	-164.245
0.25	-45	-36.8098
0.25	-45	-56.9036
0.25	-45	-76.997
0.25	-45	-150.491
0.25	-45	-4.53321
0.25	-45	-125.828
0.25	-45	175.285
0.25	-45	-86.1371
0.25	-45	-3.07827
0.25	-45	0.855799
0.25	-45	-1.02303
0.25	-45	124.955
0.25	-45	114.969
0.25	-45	17.3876
0.25	-45	101.082
0.25	-45	58.3273
0.25	-45	133.33
0.25	-45	124.91
0.25	-45	-157.469
0.25	-45	141.857
0.25	-45	-43.4219
0.25	-45	49.2158
0.25	-45	-69.5337
0.25	-45	54.1257
0.25	-45	10.8969
0.25	-45	2.64403
0.25	-45	79.5618
0.25	-45	-41.6758
0.25	-45	120.997
0.25	-45	139.902
0.25	-45	17.9342
0.25	-45	167.181
0.25	-45	142.019
0.25	-45	-68.6211
0.25	-45	-167.081
0.25	-45	16.467
0.25	-45	134.854
0.25	-45	-113.349
0.25	-45	59.5853
0.25	-45	4.59571
0.25	-45	-18.1593
0.25	-45	23.5569
0.25	-45	-30.3112
0.25	-45	105.947
0.25	-45	98.1077
0.25	-45	159.489
0.25	-45	11.2128
0.25	-45	2.95085
0.25	-45	120.088
0.25	-45	155.683
0.25	-45	173.896
0.25	-45	-30.3076
0.25	-45	156.76
0.25	-45	-65.9129
0.25	-45	-13.2679
0.25	-45	-3.45313
0.25	-45	170.702
0.25	-45	-36.5532
0.25	-45	-11.9171
0.25	-45	14.3863
0.25	-45	30.3787
0.25	-45	139.869
0.25	-45	-136.826
0.25	-45	53.9732
0.25	-45	-169.63
0.25	-45	-161.575
0.25	-45	137.66
0.25	-45	45.4519
0.25	-45	121.684
0.25	-45	-155.002
0.25	-45	-115.82
0.25	-45	70.5705
0.25	-45	104.659
0.25	-45	62.1984
0.25	-45	-168.504
0.25	-45	10.3487
0.25	-45	78.7335
0.25	-45	88.9584
0.25	-45	-130.795
0.25	-45	15.9493
0.25	-45	55.6461
0.25	-45	127.194
0.25	-45	-174.821
0.25	-45	80.9265
0.25	-45	79.5136
0.25	-45	137.708
0.25	-45	128.348
0.25	-45	-29.1614
0.25	-45	140.133
0.25	-45	-13.0116
0.25	-45	-81.6304
0.25	-45	119.154
0.25	-45	-92.9349
0.25	-45	-61.3078
0.25	-45	-10.4256
0.25	-45	145.4
0.25	-45	-145.094
0.25	-45	-93.4986
0.25	-45	-76.1489
0.25	-45	-145.563
0.25	-45	-165.901
0.25	-45	50.7228
0.25	-45	-12.2101
0.25	-45	51.4379
0.25	-45	31.2556
0.25	-45	-69.5191
0.25	-45	-160.144
0.25	-45	-76.2697
0.25	-45	10.7568
0.25	-45	147.973
0.25	-45	131.402
0.25	-45	-42.5812
0.25	-45	-151.971
0.25	-45	97.7408
0.25	-45	128.714
0.25	-45	28.0404
0.25	-45	-25.2154
0.25	-45	-124.206
0.25	-45	84.9957
0.25	-45	-148.009
0.25	-45	54.2896
0.25	-45	177.739
0.25	-45	77.5734
0.25	-45	-46.0369
0.25	-45	3.04821
0.25	-45	52.2095
0.25	-45	-175.753
0.25	-45	21.527
0.25	-45	-179.799
0.25	-45	-77.7402
0.25	-45	44.8841
0.25	-45	-7.90064
0.25	-45	-76.9767
0.25	-45	168.29
0.25	-45	-4.11563
0.25	-45	-119.972
0.25	-45	83.9407
0.25	-45	5.41572
0.25	-45	-106.479
0.25	-45	48.8344
0.25	-45	-29.1279
0.25	-45	15.5537
0.25	-45	147.76
0.25	-45	-46.7429
0.25	-45	30.436
0.25	-45	41.7331
0.25	-45	137.738
0.25	-45	-42.9234
0.25	-45	-133.076
0.25	-45	-19.2204
0.25	-45	136.913
0.25	-45	-47.6358
0.25	-45	1.2707
0.25	-45	46.23
0.25	-45	-138.94
0.25	-45	7.50682
0.25	-45	114.677
0.25	-45	134.724
0.25	-45	-172.992
0.25	-45	-90.8472
0.25	-45	-169.385
0.25	-45	91.0416
0.25	-45	-80.7827
0.25	-45	-91.6084
0.25	-45	28.8944
0.25	-45	14.5789
0.25	-45	-42.4636
0.25	-45	-74.1448
0.25	-45	97.947
0.25	-45	170.644
0.25	-45	34.2092
0.25	-45	145.326
0.25	-45	-36.0864
0.25	-45	60.1425
0.25	-45	85.5222
0.25	-45	86.3227
0.25	-45	175.299
0.25	-45	57.5849
0.25	-45	8.94463
0.25	-45	8.40019
0.25	-45	-158.705
0.25	-45	-87.5027
0.25	-45	148.96
0.25	-45	136.147
0.25	-45	87.0478
0.25	-45	-143.101
0.25	-45	-44.32
0.25	-45	-157.123
0.25	-45	155.089
0.25	-45	170.72
0.25	-45	-100.398
0.25	-45	112.323
0.25	-45	-78.6325
0.25	-45	124.283
0.25	-45	-124.508
0.25	-45	-151.074
0.25	-45	-116.134
0.25	-45	-110.988
0.25	-45	-151.681
0.25	-45	44.0038
0.25	-45	20.342
0.25	-45	-164.861
0.25	-45	-155.385
0.25	-45	-130.655
0.25	-45	-90.4536
0.25	-45	-82.3106
0.25	-45	-100.194
0.25	-45	8.23803
0.25	-45	-111.423
0.25	-45	72.8146
0.25	-45	156.278
0.25	-45	-26.5059
0.25	-45	149.928
0.25	-45	-40.8787
0.25	-45	-23.2474
0.25	-45	-160.398
0.25	-45	177.662
0.25	-45	7.46625
0.25	-45	-0.583027
0.25	-45	-32.4473
0.25	-45	78.14
0.25	-45	-83.9395
0.25	-45	0.457407
0.25	-45	-94.1857
0.25	-45	119.089
0.25	-45	-122.967
0.25	-45	0.771901
0.25	-45	118.7
0.25	-45	-85.2384
0.25	-45	-2.01833
0.25	-45	-82.73
0.25	-45	-175.106
0.25	-45	165.107
0.25	-45	-128.026
0.25	-45	97.2848
0.25	-45	157.901
0.25	-45	-179.684
0.25	-45	73.3206
0.25	-45	35.3181
0.25	-45	75.9808
0.25	-45	-130.071
0.25	-45	-104.225
0.25	-45	-151.232
0.25	-45	-71.0468
0.25	-45	-17.2805
0.25	-45	-146.22
0.25	-45	-35.4865
0.25	-45	-167.82
0.25	-45	-59.1066
0.25	-45	98.8685
0.25	-45	-75.2782
0.25	-45	27.7495
0.25	-45	76.5684
0.25	-45	89.8375
0.25	-45	-23.3328
0.25	-45	-94.4506
0.25	-45	-8.54399
0.25	-45	176.034
0.25	-45	142.841
0.25	-45	86.5712
0.25	-45	134.234
0.25	-45	-151.975
0.25	-45	176.356
0.25	-45	81.0242
0.25	-45	-75.6247
0.25	-45	-115.401
0.25	-45	-119.898
0.25	-45	26.7398
0.25	-45	-6.41933
0.25	-45	99.9172
0.25	-45	-179.654
0.25	-45	-37.7098
0.25	-45	-137.096
0.25	-45	-106.779
0.25	-45	152.698
0.25	-45	74.8632
0.25	-45	7.21872
0.25	-45	-123.517
0.25	-45	-165.572
0.25	-45	144.745
0.25	-45	123.099
0.25	-45	-173.15
0.25	-45	91.468
0.25	-45	-150.153
0.25	-45	149.035
0.25	-45	-86.819
0.25	-45	148.743
0.25	-45	164.157
0.25	-45	114.249
0.25	-45	166.717
0.25	-45	-148.298
0.25	-45	114.979
0.25	-45	-123.997
0.25	-45	163.518
0.25	-45	-91.2521
0.25	-45	21.6869
0.25	-45	96.4151
0.25	-45	35.2983
0.25	-45	-111.394
0.25	-45	-139.906
0.25	-45	-92.5333
0.25	-45	-34.332
0.25	-45	-29.9736
0.25	-45	-95.0073
0.25	-45	-126.686
0.25	-45	135.379
0.25	-45	-115.269
0.25	-45	-94.8271
0.25	-45	-97.072
0.25	-45	133.994
0.25	-45	-133.836
0.25	-45	171.589
0.25	-45	-43.304
0.25	-45	39.6091
0.25	-45	-82.7904
0.25	-45	105.102
0.25	-45	63.3339
0.25	-45	-8.05165
0.25	-45	98.7382
0.25	-45	-170.335
0.25	-45	-151.125
0.25	-45	-67.2507
0.25	-45	-129.012
0.25	-45	-134.2
0.25	-45	120.317
0.25	-45	39.5727
0.25	-45	54.0589
0.25	-45	-32.7964
0.25	-45	-119.193
0.25	-45	70.9221
0.25	-45	161.769
0.25	-45	16.6293
0.25	-45	131.5
0.25	-45	69.2076
0.25	-45	117.82
0.25	-45	20.7319
0.25	-45	-75.0105
0.25	-45	1.18134
0.25	-45	-117.231
0.25	-45	67.5175
0.25	-45	-18.6883
0.25	-45	-9.57827
0.25	-45	103.159
0.25	-45	-60.1493
0.25	-45	-172.467
0.25	-45	76.0374
0.25	-45	37.4028
0.25	-45	5.39943
0.25	-45	88.6506
0.25	-45	71.1959
0.25	-45	157.91
0.25	-45	152.958
0.25	-45	-75.6784
0.25	-45	-125.956
0.25	-45	-51.1293
0.25	-45	-158.345
0.25	-45	4.64827
0.25	-45	135.445
0.25	-45	177.963
0.25	-45	30.609
0.25	-45	44.9136
0.25	-45	142.494
0.25	-45	-128.348
0.25	-45	47.2793
0.25	-45	-134.755
0.25	-45	167.035
0.25	-45	45.1419
0.25	-45	11.3619
0.25	-45	115.136
0.25	-45	-112.903
0.25	-45	54.0982
0.25	-45	139.601
0.25	-45	126.612
0.25	-45	22.0107
0.25	-45	-18.9713
0.25	-45	-80.6052
0.25	-45	52.0147
0.25	-45	-99.2639
0.25	-45	-97.7364
0.25	-45	-157.082
0.25	-45	-36.2865
0.25	-45	-0.639438
0.25	-45	120.449
0.25	-45	-61.8437
0.25	-45	150.904
0.25	-45	-105.406
0.25	-45	-16.4496
0.25	-45	154.179
0.25	-45	-72.6598
0.25	-45	-32.3032
0.25	-45	-78.6959
0.25	-45	58.3511
0.25	-45	-117.886
0.25	-45	-71.7176
0.25	-45	-101.735
0.25	-45	39.1315
0.25	-45	144.696
0.25	-45	154.467
0.25	-45	76.2202
0.25	-45	168.398
0.25	-45	6.6432
0.25	-45	-166.363
0.25	-45	106.807
0.25	-45	-39.7363
0.25	-45	-25.3348
0.25	-45	102.646
0.25	-45	-69.439
0.25	-45	-156.488
0.25	-45	-170.351
0.25	-45	99.7155
0.25	-45	149.236
0.25	-45	-61.7455
0.25	-45	-165.59
0.25	-45	73.0865
0.25	-45	35.7711
0.25	-45	74.8827
0.25	-45	-2.23347
0.25	-45	1.85591
0.25	-45	-31.2712
0.25	-45	-106.872
0.25	-45	109.53
0.25	-45	-89.707
0.25	-45	106.425
0.25	-45	-26.6099
0.25	-45	32.1954
0.25	-45	-107.939
0.25	-45	19.3826
0.25	-45	-52.4958
0.25	-45	-70.2014
0.25	-45	-50.3503
0.25	-45	100.717
0.25	-45	145.028
0.25	-45	-134.432
0.25	-45	-27.7845
0.25	-45	31.988
0.25	-45	-130.301
0.25	-45	-17.2365
0.25	-45	-11.3115
0.25	-45	-19.7535
0.25	-45	93.0367
0.25	-45	60.0698
0.25	-45	-164.106
0.25	-45	43.9148
0.25	-45	30.1861
0.25	-45	106.987
0.25	-45	97.61
0.25	-45	-32.8514
0.25	-45	107.488
0.25	-45	161.631
0.25	-45	36.5537
0.25	-45	-138.115
0.25	-45	157.264
0.25	-45	179.234
0.25	-45	50.1154
0.25	-45	-33.9095
0.25	-45	124.669
0.25	-45	-63.5555
0.25	-45	8.83134
0.25	-45	163.055
0.25	-45	149.68
0.25	-45	-142.747
0.25	-45	60.6224
0.25	-45	98.3371
0.25	-45	-8.47964
0.25	-45	16.3335
0.25	-45	-133.359
0.25	-45	-90.4756
0.25	-45	-125.948
0.25	-45	-75.5984
0.25	-45	58.3023
0.25	-45	12.694
0.25	-45	24.1283
0.25	-45	-105.423
0.25	-45	-148.531
0.25	-45	56.5306
0.25	-45	29.6756
0.25	-45	-66.9499
0.25	-45	115.367
0.25	-45	-91.2439
0.25	-45	163.222
0.25	-45	-127.043
0.25	-45	130.613
0.25	-45	-75.9107
0.25	-45	88.8143
0.25	-45	-31.4342
0.25	-45	13.8148
0.25	-45	25.6562
0.25	-45	159.062
0.25	-45	-89.1978
0.25	-45	34.0995
0.25	-45	-94.3365
0.25	-45	123.997
0.25	-45	-99.7063
0.25	-45	-89.5279
0.25	-45	134.388
0.25	-45	164.111
0.25	-45	-99.4451
0.25	-45	175.616
0.25	-45	44.7805
0.25	-45	88.8032
0.25	-45	-130.721
0.25	-45	-95.4692
0.25	-45	-14.4007
0.25	-45	-146.009
0.25	-45	64.1745
0.25	-45	40.6185
0.25	-45	78.1906
0.25	-45	-79.1112
0.25	-45	116.219
0.25	-45	115.163
0.25	-45	102.689
0.25	-45	-141.019
0.25	-45	152.466
0.25	-45	19.9594
0.25	-45	40.7553
0.25	-45	-85.0055
0.25	-45	142.346
0.25	-45	114.288
0.25	-45	91.2787
0.25	-45	21.7869
0.25	-45	64.9455
0.25	-45	119.029
0.25	-45	10.6189
0.25	-45	13.505
0.25	-45	2.64381
0.25	-45	11.9919
0.25	-45	-143.252
0.25	-45	-176.511
0.25	-45	-131.013
0.25	-45	-116.77
0.25	-45	18.1279
0.25	-45	160.23
0.25	-45	-2.89285
0.25	-45	70.6897
0.25	-45	-105.973
0.25	-45	87.3519
0.25	-45	40.2278
0.25	-45	38.9538
0.25	-45	-69.7593
0.25	-45	148.934
0.25	-45	-107.736
0.25	-45	114.688
0.25	-45	86.3057
0.25	-45	21.402
0.25	-45	111.33
0.25	-45	34.8287
0.25	-45	174.068
0.25	-45	117.758
0.25	-45	-165.495
0.25	-45	-64.5355
0.25	-45	-146.825
0.25	-45	-101.064
0.25	-45	76.4372
0.25	-45	-33.752
0.25	-45	162.74
0.25	-45	100.201
0.25	-45	-159.132
0.25	-45	-23.0257
0.25	-45	-150.177
0.25	-45	97.7535
0.25	-45	-41.5571
0.25	-45	-109.471
0.25	-45	156.402
0.25	-45	70.705
0.25	-45	-103.714
0.25	-45	86.1447
0.25	-45	156.695
0.25	-45	-82.9253
0.25	-45	-105.153
0.25	-45	-89.8971
0.25	-45	-70.969
0.25	-45	-75.0239
0.25	-45	-18.6802
0.25	-45	-45.398
0.25	-45	-133.86
0.25	-45	66.3195
0.25	-45	16.3569
0.25	-45	86.4646
0.25	-45	6.97283
0.25	-45	81.4154
0.25	-45	121.467
0.25	-45	-74.3132
0.25	-45	148.253
0.25	-45	-119.368
0.25	-45	-163.142
0.25	-45	16.1358
0.25	-45	-24.1084
0.25	-45	-10.0971
0.25	-45	160.247
0.25	-45	-10.3359
0.25	-45	-139.153
0.25	-45	40.2705
0.25	-45	-124.206
0.25	-45	-122.467
0.25	-45	12.7966
0.25	-45	176.16
0.25	-45	-87.3063
0.25	-45	166.168
0.25	-45	-109.1
0.25	-45	-55.1817
0.25	-45	-142.574
0.25	-45	-11.3771
0.25	-45	-25.7899
0.25	-45	26.1939
0.25	-45	70.7499
0.25	-45	-74.1435
0.25	-45	77.1383
0.25	-45	-8.99255
0.25	-45	-176.49
