pol	setting	phi
0.3	45	160.851
0.3	45	47.415
0.3	45	-130.108
0.3	45	44.8578
0.3	45	128.303
0.3	45	-16.3216
0.3	45	-147.278
0.3	45	-12.6982
0.3	45	-90.6799
0.3	45	-34.0537
0.3	45	111.622
0.3	45	117.92
0.3	45	-24.9116
0.3	45	-35.9976
0.3	45	-25.2504
0.3	45	-151.435
0.3	45	-175.832
0.3	45	-127.167
0.3	45	55.3969
0.3	45	19.3238
0.3	45	-102.487
0.3	45	48.2613
0.3	45	173.146
0.3	45	-73.2363
0.3	45	-135.038
0.3	45	-3.27379
0.3	45	-154.123
0.3	45	-52.8308
0.3	45	96.471
0.3	45	113.498
0.3	45	-5.09008
0.3	45	8.96219
0.3	45	-118.561
0.3	45	123.937
0.3	45	-97.7552
0.3	45	-139.291
0.3	45	-36.9628
0.3	45	62.238
0.3	45	-21.6934
0.3	45	120.82
0.3	45	64.8445
0.3	45	2.68427
0.3	45	139.812
0.3	45	-27.0593
0.3	45	-161.395
0.3	45	-16.6972
0.3	45	84.4442
0.3	45	-147.637
0.3	45	142.606
0.3	45	-46.6075
0.3	45	-49.4397
0.3	45	-157.423
0.3	45	-33.9244
0.3	45	-118.25
0.3	45	111.149
0.3	45	-21.8957
0.3	45	88.9908
0.3	45	-126.461
0.3	45	-170.116
0.3	45	-123.225
0.3	45	-21.3248
0.3	45	81.8986
0.3	45	99.2702
0.3	45	-60.9261
0.3	45	114.945
0.3	45	157.819
0.3	45	-42.0856
0.3	45	146.078
0.3	45	-122.623
0.3	45	173.964
0.3	45	-150.203
0.3	45	104.688
0.3	45	-85.4076
0.3	45	-76.0844
0.3	45	145.696
0.3	45	-35.0736
0.3	45	-156.1
0.3	45	-125.646
0.3	45	-136.276
0.3	45	-32.3509
0.3	45	132.408
0.3	45	150.107
0.3	45	74.0716
0.3	45	-48.4983
0.3	45	156.702
0.3	45	-58.2769
0.3	45	-153.667
0.3	45	59.52
0.3	45	-55.5367
0.3	45	103.228
0.3	45	30.6548
0.3	45	166.344
0.3	45	-17.8406
0.3	45	-16.7081
0.3	45	-139.329
0.3	45	-110.457
0.3	45	-130.079
0.3	45	-164.985
0.3	45	-129.375
0.3	45	-125.664
0.3	45	3.06095
0.3	45	-95.3556
0.3	45	-5.6727
0.3	45	-7.186
0.3	45	-83.8598
0.3	45	147.82
0.3	45	61.598
0.3	45	-88.1796
0.3	45	0.696625
0.3	45	74.3535
0.3	45	149.603
0.3	45	-81.5991
0.3	45	172.32
0.3	45	55.0346
0.3	45	-127.34
0.3	45	-28.2663
0.3	45	-56.4365
0.3	45	-74.6829
0.3	45	-26.9074
0.3	45	153.366
0.3	45	-139.103
0.3	45	-96.0657
0.3	45	166.814
0.3	45	-20.6184
0.3	45	49.1134
0.3	45	149.866
0.3	45	-53.7154
0.3	45	42.5297
0.3	45	82.5483
0.3	45	-77.0211
0.3	45	123.649
0.3	45	50.9882
0.3	45	-79.6553
0.3	45	-107.443
0.3	45	-144.55
0.3	45	103.315
0.3	45	65.4525
0.3	45	110.645
0.3	45	-157.972
0.3	45	94.4336
0.3	45	43.9179
0.3	45	66.9145
0.3	45	-25.4361
0.3	45	2.23585
0.3	45	79.3707
0.3	45	19.0019
0.3	45	-155.305
0.3	45	-30.7865
0.3	45	76.8382
0.3	45	39.2121
0.3	45	103.846
0.3	45	39.2156
0.3	45	-138.019
0.3	45	93.3178
0.3	45	148.456
0.3	45	-65.0297
0.3	45	53.6654
0.3	45	164.58
0.3	45	105.124
0.3	45	104.803
0.3	45	-54.3455
0.3	45	149.818
0.3	45	-121.015
0.3	45	124.72
0.3	45	34.0272
0.3	45	-39.7308
0.3	45	161.908
0.3	45	50.428
0.3	45	161.924
0.3	45	125.318
0.3	45	-69.9369
0.3	45	127.947
0.3	45	-101.65
0.3	45	-105.725
0.3	45	-101.233
0.3	45	-69.5798
0.3	45	4.58967
0.3	45	-75.0932
0.3	45	-122.389
0.3	45	43.1546
0.3	45	-144.354
0.3	45	-75.1602
0.3	45	140.508
0.3	45	-44.82
0.3	45	174.036
0.3	45	-144.168
0.3	45	-13.7369
0.3	45	75.8886
0.3	45	98.1264
0.3	45	-46.7359
0.3	45	-179.746
0.3	45	46.604
0.3	45	6.56623
0.3	45	94.8899
0.3	45	13.7562
0.3	45	117.629
0.3	45	75.7432
0.3	45	-23.6927
0.3	45	86.8807
0.3	45	-122.636
0.3	45	-14.2517
0.3	45	-137.945
0.3	45	19.7359
0.3	45	137.067
0.3	45	174.205
0.3	45	106.612
0.3	45	142.21
0.3	45	-68.6304
0.3	45	-50.2454
0.3	45	131.089
0.3	45	26.3716
0.3	45	47.4494
0.3	45	-39.3812
0.3	45	43.6329
0.3	45	40.7542
0.3	45	-36.0707
0.3	45	-138.816
0.3	45	-18.0366
0.3	45	165.649
0.3	45	-21.9772
0.3	45	31.7464
0.3	45	-159.445
0.3	45	134.95
0.3	45	-68.3255
0.3	45	-112.661
0.3	45	93.5585
0.3	45	157.631
0.3	45	-109.707
0.3	45	-86.2232
0.3	45	-66.4387
0.3	45	119.188
0.3	45	74.2106
0.3	45	-137.938
0.3	45	85.8922
0.3	45	-99.0064
0.3	45	-95.5776
0.3	45	74.7945
0.3	45	163.652
0.3	45	-150.263
0.3	45	47.5051
0.3	45	-25.9722
0.3	45	-100.78
0.3	45	56.0666
0.3	45	-112.88
0.3	45	65.854
0.3	45	112.585
0.3	45	-64.9117
0.3	45	50.5443
0.3	45	-45.8092
0.3	45	-96.4234
0.3	45	163.254
0.3	45	57.9005
0.3	45	29.7379
0.3	45	-34.2206
0.3	45	-47.1583
0.3	45	137.387
0.3	45	-73.0958
0.3	45	-162.706
0.3	45	-93.882
0.3	45	-80.4652
0.3	45	-118.684
0.3	45	145.49
0.3	45	-151.648
0.3	45	-6.1341
0.3	45	-10.3033
0.3	45	-171.169
0.3	45	-46.1425
0.3	45	-32.487
0.3	45	-43.0085
0.3	45	53.0047
0.3	45	146.949
0.3	45	0.715824
0.3	45	176.95
0.3	45	-12.1719
0.3	45	-23.3735
0.3	45	-144.268
0.3	45	116.845
0.3	45	-23.6996
0.3	45	-51.8444
0.3	45	85.735
0.3	45	-67.7528
0.3	45	-160.187
0.3	45	146.182
0.3	45	61.2218
0.3	45	151.589
0.3	45	-48.7026
0.3	45	175.732
0.3	45	113.952
0.3	45	50.8456
0.3	45	141.157
0.3	45	8.00288
0.3	45	82.0042
0.3	45	-36.7942
0.3	45	-50.3661
0.3	45	-12.4871
0.3	45	-160.603
0.3	45	175.527
0.3	45	-88.4462
0.3	45	130.903
0.3	45	-149.152
0.3	45	32.754
0.3	45	104.886
0.3	45	4.71534
0.3	45	13.6664
0.3	45	-140.992
0.3	45	-119.774
0.3	45	122.052
0.3	45	91.4704
0.3	45	10.1451
0.3	45	60.3052
0.3	45	-112.345
0.3	45	97.3311
0.3	45	-121.6
0.3	45	-65.5685
0.3	45	125.58
0.3	45	143.3
0.3	45	112.148
0.3	45	-172.732
0.3	45	38.5317
0.3	45	-118.52
0.3	45	-65.5202
0.3	45	-30.2771
0.3	45	83.9991
0.3	45	167.353
0.3	45	-109.203
0.3	45	150.099
0.3	45	-118.857
0.3	45	-32.131
0.3	45	10.8315
0.3	45	-124.372
0.3	45	16.3421
0.3	45	26.8209
0.3	45	102.117
0.3	45	64.9459
0.3	45	20.1719
0.3	45	153.103
0.3	45	-1.59691
0.3	45	-37.1352
0.3	45	-120.731
0.3	45	-136.817
0.3	45	-5.61956
0.3	45	34.2005
0.3	45	-16.5011
0.3	45	173.453
0.3	45	10.6895
0.3	45	79.9959
0.3	45	92.7306
0.3	45	-46.5
0.3	45	44.4435
0.3	45	140.046
0.3	45	160.255
0.3	45	-55.0718
0.3	45	144.206
0.3	45	91.1085
0.3	45	40.457
0.3	45	-64.1424
0.3	45	-12.6421
0.3	45	-119.172
0.3	45	-3.66772
0.3	45	-64.716
0.3	45	-174.247
0.3	45	-116.289
0.3	45	-44.3773
0.3	45	-92.3885
0.3	45	61.6321
0.3	45	-179.707
0.3	45	-139.845
0.3	45	101.489
0.3	45	-28.4704
0.3	45	179.825
0.3	45	172.756
0.3	45	-175.933
0.3	45	25.9095
0.3	45	146.139
0.3	45	-166.928
0.3	45	-89.6295
0.3	45	-14.6442
0.3	45	106.004
0.3	45	18.3447
0.3	45	-33.3181
0.3	45	32.8259
0.3	45	143.702
0.3	45	-6.46647
0.3	45	131.722
0.3	45	-175.43
0.3	45	4.07793
0.3	45	-78.2014
0.3	45	141.049
0.3	45	104.925
0.3	45	33.4696
0.3	45	-17.1468
0.3	45	156.167
0.3	45	9.23583
0.3	45	-44.0006
0.3	45	-111.958
0.3	45	-93.0034
0.3	45	-175.661
0.3	45	105.832
0.3	45	106.365
0.3	45	-145.725
0.3	45	-100.841
0.3	45	-170.787
0.3	45	89.8572
0.3	45	23.726
0.3	45	-91.3376
0.3	45	41.4715
0.3	45	92.2743
0.3	45	83.9568
0.3	45	-48.8064
0.3	45	-145.319
0.3	45	137.424
0.3	45	54.9582
0.3	45	113.601
0.3	45	-49.0289
0.3	45	64.7073
0.3	45	-75.5243
0.3	45	145.897
0.3	45	-21.0526
0.3	45	162.286
0.3	45	-179.808
0.3	45	-107.313
0.3	45	24.137
0.3	45	-96.1014
0.3	45	114.686
0.3	45	-149.183
0.3	45	115.134
0.3	45	105.234
0.3	45	-67.6863
0.3	45	-122.884
0.3	45	136.414
0.3	45	-102.518
0.3	45	-35.3066
0.3	45	119.104
0.3	45	-46.735
0.3	45	23.5308
0.3	45	-33.8139
0.3	45	111.57
0.3	45	5.58189
0.3	45	106.454
0.3	45	-61.3328
0.3	45	-125.297
0.3	45	64.7254
0.3	45	-166.55
0.3	45	-98.1841
0.3	45	97.342
0.3	45	91.7493
0.3	45	-64.2017
0.3	45	-175.625
0.3	45	120.482
0.3	45	-173.97
0.3	45	-154.049
0.3	45	-70.0406
0.3	45	-148.242
0.3	45	-86.5959
0.3	45	178.331
0.3	45	-70.5213
0.3	45	162.927
0.3	45	142.474
0.3	45	-51.5633
0.3	45	104.613
0.3	45	150.225
0.3	45	32.8751
0.3	45	-102.269
0.3	45	-53.7122
0.3	45	30.4704
0.3	45	83.7696
0.3	45	-164.437
0.3	45	42.7119
0.3	45	-43.1923
0.3	45	156.425
0.3	45	-122.492
0.3	45	-84.5386
0.3	45	-96.6248
0.3	45	121.8
0.3	45	-130.826
0.3	45	138.97
0.3	45	126.29
0.3	45	-33.1332
0.3	45	155.002
0.3	45	-40.3134
0.3	45	-85.8669
0.3	45	7.85118
0.3	45	-69.1853
0.3	45	-125.026
0.3	45	-54.999
0.3	45	128.372
0.3	45	48.0533
0.3	45	140.707
0.3	45	147.109
0.3	45	88.2058
0.3	45	-10.8208
0.3	45	47.4137
0.3	45	-160.749
0.3	45	-62.7303
0.3	45	-3.34968
0.3	45	-130.162
0.3	45	71.3666
0.3	45	60.9612
0.3	45	0.722655
0.3	45	118.282
0.3	45	25.1592
0.3	45	10.208
0.3	45	-78.5757
0.3	45	154.559
0.3	45	161.375
0.3	45	-20.487
0.3	45	62.2419
0.3	45	128.15
0.3	45	-73.8118
0.3	45	135.427
0.3	45	19.0453
0.3	45	138.051
0.3	45	157.151
0.3	45	76.3498
0.3	45	-132.028
0.3	45	172.13
0.3	45	169.987
0.3	45	9.14514
0.3	45	-11.07
0.3	45	-150.592
0.3	45	44.7055
0.3	45	-6.63272
0.3	45	-85.8123
0.3	45	57.062
0.3	45	73.0666
0.3	45	44.2182
0.3	45	119.734
0.3	45	-131.62
0.3	45	114.044
0.3	45	-69.0883
0.3	45	-170.282
0.3	45	-53.8421
0.3	45	59.7073
0.3	45	119.493
0.3	45	-13.5195
0.3	45	153.969
0.3	45	127.135
0.3	45	-56.0003
0.3	45	-56.373
0.3	45	-133.315
0.3	45	168.862
0.3	45	-85.0943
0.3	45	0.0463035
0.3	45	-125.508
0.3	45	138.011
0.3	45	155.494
0.3	45	-63.3205
0.3	45	-6.5626
0.3	45	-67.0094
0.3	45	-45.5721
0.3	45	87.699
0.3	45	114.662
0.3	45	-72.2889
0.3	45	35.2157
0.3	45	-134.27
0.3	45	101.884
0.3	45	77.6359
0.3	45	-98.0145
0.3	45	6.4859
0.3	45	-104.04
0.3	45	111.252
0.3	45	-178.813
0.3	45	7.92451
0.3	45	-178.644
0.3	45	-69.0574
0.3	45	-32.1544
0.3	45	127.577
0.3	45	-56.6071
0.3	45	25.0286
0.3	45	-103.306
0.3	45	-111.205
0.3	45	139.337
0.3	45	-102.426
0.3	45	-26.9973
0.3	45	43.6436
0.3	45	12.9382
0.3	45	-154.551
0.3	45	-23.1947
0.3	45	80.8469
0.3	45	120.21
0.3	45	-14.2079
0.3	45	100.622
0.3	45	-72.04
0.3	45	-66.8746
0.3	45	151.881
0.3	45	-47.383
0.3	45	-122.846
0.3	45	-144.494
0.3	45	-100.532
0.3	45	-38.4016
0.3	45	-85.1749
0.3	45	175.248
0.3	45	-164.75
0.3	45	-110.564
0.3	45	65.194
0.3	45	-2.08119
0.3	45	6.991
0.3	45	-18.7451
0.3	45	-134.381
0.3	45	-2.81604
0.3	45	-46.0181
0.3	45	-100.715
0.3	45	50.6908
0.3	45	-74.9127
0.3	45	-85.3142
0.3	45	52.6415
0.3	45	-179.581
0.3	45	-37.7446
0.3	45	-138.905
0.3	45	-177.06
0.3	45	39.087
0.3	45	103.712
0.3	45	-47.8693
0.3	45	-158.338
0.3	45	-46.1943
0.3	45	-145.403
0.3	45	-29.0748
0.3	45	39.483
0.3	45	100.139
0.3	45	-161.045
0.3	45	132.821
0.3	45	-178.849
0.3	45	-172.149
0.3	45	166.749
0.3	45	49.3678
0.3	45	152.142
0.3	45	-34.5945
0.3	45	27.7667
0.3	45	-37.5464
0.3	45	102.426
0.3	45	160.418
0.3	45	-77.4487
0.3	45	-83.6426
0.3	45	42.7367
0.3	45	-68.9429
0.3	45	117.407
0.3	45	-126.13
0.3	45	136.177
0.3	45	-101.881
0.3	45	34.6326
0.3	45	163.614
0.3	45	-98.3821
0.3	45	-23.7197
0.3	45	-36.3736
0.3	45	-79.0389
0.3	45	-58.4044
0.3	45	42.2762
0.3	45	-41.4035
0.3	45	14.5589
0.3	45	-94.2099
0.3	45	63.7422
0.3	45	39.5113
0.3	45	161.117
0.3	45	174.962
0.3	45	25.3304
0.3	45	-93.9479
0.3	45	-157.476
0.3	45	29.8035
0.3	45	-18.7365
0.3	45	-122.407
0.3	45	-34.1787
0.3	45	-164.961
0.3	45	-63.7503
0.3	45	71.2922
0.3	45	22.0967
0.3	45	-32.3531
0.3	45	20.1949
0.3	45	96.2326
0.3	45	-70.7272
0.3	45	-134.759
0.3	45	6.8657
0.3	45	-142.689
0.3	45	173.615
0.3	45	46.6444
0.3	45	50.2398
0.3	45	165.854
0.3	45	103.925
0.3	45	142.546
0.3	45	37.9403
0.3	45	-40.3828
0.3	45	-55.6137
0.3	45	20.6284
0.3	45	132.262
0.3	45	-82.734
0.3	45	-12.0727
0.3	45	-134.663
0.3	45	159.194
0.3	45	-116.039
0.3	45	-144.882
0.3	45	37.5554
0.3	45	4.91249
0.3	45	-36.6735
0.3	45	-91.2861
0.3	45	-62.6316
0.3	45	50.974
0.3	45	-8.97798
0.3	45	125.418
0.3	45	-93.2879
0.3	45	-54.1446
0.3	45	170.71
0.3	45	-77.8613
0.3	45	-5.90029
0.3	45	114.513
0.3	45	1.73589
0.3	45	167.037
0.3	45	130.231
0.3	45	-77.7349
0.3	45	58.3622
0.3	45	61.958
0.3	45	-165.841
0.3	45	33.9066
0.3	45	-139.608
0.3	45	-102.265
0.3	45	42.5397
0.3	45	-53.5124
0.3	45	45.6043
0.3	45	-83.8103
0.3	45	49.6676
0.3	45	103.517
0.3	45	22.9302
0.3	45	-38.8067
0.3	45	88.074
0.3	45	-121.91
0.3	45	2.57703
0.3	45	-20.1572
0.3	45	34.8529
0.3	45	-124.994
0.3	45	-158.149
0.3	45	-63.0578
0.3	45	-100.906
0.3	45	118.968
0.3	45	-156.706
0.3	45	136.124
0.3	45	-36.6109
0.3	45	85.9018
0.3	45	-6.7324
0.3	45	145.205
0.3	45	-15.4817
0.3	45	-70.1192
0.3	45	154.683
0.3	45	33.27
0.3	45	8.17434
0.3	45	-49.0395
0.3	45	22.4283
0.3	45	159.354
0.3	45	-60.1425
0.3	45	-50.7188
0.3	45	-114.656
0.3	45	86.5674
0.3	45	130.644
0.3	45	143.112
0.3	45	104.058
0.3	45	-67.7161
0.3	45	100.492
0.3	45	128.275
0.3	45	58.2781
0.3	45	125.24
0.3	45	-53.8308
0.3	45	-27.6071
0.3	45	-49.7826
0.3	45	161.761
0.3	45	33.4922
0.3	45	-41.8981
0.3	45	8.48753
0.3	45	-48.9711
0.3	45	90.0661
0.3	45	-113.481
0.3	45	19.6484
0.3	45	132.215
0.3	45	-57.7163
0.3	45	-28.6203
0.3	45	44.6343
0.3	45	-26.0726
0.3	45	-52.6382
0.3	45	-85.602
0.3	45	124.438
0.3	45	-136.376
0.3	45	59.3753
0.3	45	-108.753
0.3	45	-105.915
0.3	45	2.03343
0.3	45	-167.476
0.3	45	80.7504
0.3	45	-66.3869
0.3	45	-22.6331
0.3	45	101.5
0.3	45	-38.7563
0.3	45	97.4248
0.3	45	-51.054
0.3	45	109.376
0.3	45	13.8957
0.3	45	-94.3993
0.3	45	-17.7534
0.3	45	133.135
0.3	45	-69.8234
0.3	45	5.10044
0.3	45	-54.3216
0.3	45	78.2785
0.3	45	-42.4782
0.3	45	103.975
0.3	45	169.038
0.3	45	148.868
0.3	45	151.691
0.3	45	52.5846
0.3	45	-162.569
0.3	45	44.6137
0.3	45	-36.7705
0.3	45	-76.8787
0.3	45	152.352
0.3	45	-111.856
0.3	45	-152.026
0.3	45	-108.982
0.3	45	151.473
0.3	45	-28.0879
0.3	45	74.7118
0.3	45	-60.1405
0.3	45	139.911
0.3	45	69.6805
0.3	45	-102.686
0.3	45	-173.137
0.3	45	-23.1148
0.3	45	-168.303
0.3	45	-9.84514
0.3	45	-172.021
0.3	45	55.8334
0.3	45	50.197
0.3	45	82.9339
0.3	45	93.1336
0.3	45	-80.0397
0.3	45	-170.587
0.3	45	-124.938
0.3	45	-25.5718
0.3	45	-154.947
0.3	45	141.625
0.3	45	167.965
0.3	45	-121.8
0.3	45	95.0157
0.3	45	-70.5543
0.3	45	43.4558
0.3	45	87.4682
0.3	45	-0.910084
0.3	45	-24.4331
0.3	45	-162.221
0.3	45	-14.8558
0.3	45	57.5568
0.3	45	-97.6319
0.3	45	-158.457
0.3	45	-103.723
0.3	45	-17.7022
0.3	45	108.654
0.3	45	169.724
0.3	45	112.294
0.3	45	-64.9507
0.3	45	93.6542
0.3	45	51.4828
0.3	45	-63.2924
0.3	45	22.7868
0.3	45	-99.0671
0.3	45	151.339
0.3	45	-98.1747
0.3	45	153.479
0.3	45	-74.8157
0.3	45	179.453
0.3	45	-138.709
0.3	45	36.2614
0.3	45	-178.211
0.3	45	22.4063
0.3	45	-163.578
0.3	45	-71.937
0.3	45	140.131
0.3	45	-149.407
0.3	45	175.506
0.3	45	-109.733
0.3	45	43.0814
0.3	45	163.772
0.3	45	156.964
0.3	45	54.2946
0.3	45	-20.4656
0.3	45	111.463
0.3	45	4.34704
0.3	45	-101.741
0.3	45	-37.8007
0.3	45	163.267
0.3	45	165.835
0.3	45	97.1147
0.3	45	-70.3023
0.3	45	80.0216
0.3	45	-134.674
0.3	45	179.196
0.3	45	96.4171
0.3	45	-153.957
0.3	45	-166.597
0.3	45	71.7404
0.3	45	128.15
0.3	45	175.279
0.3	45	-23.2016
0.3	45	171.759
0.3	45	-74.1187
0.3	45	115.939
0.3	45	47.1145
0.3	45	-14.64
0.3	45	165.545
0.3	45	-165.216
0.3	45	124.587
0.3	45	92.9836
0.3	45	-158.564
0.3	45	-36.505
0.3	45	123.326
0.3	45	-0.181654
0.3	45	-49.6296
0.3	45	13.6373
0.3	45	-0.162168
0.3	45	-93.3819
0.3	45	5.54607
0.3	45	162.331
0.3	45	-151.096
0.3	45	78.1656
0.3	45	160.784
0.3	45	78.7817
0.3	45	34.9901
0.3	45	-118.829
0.3	45	-95.3479
0.3	45	-60.0595
0.3	45	129.183
0.3	45	-110.4
0.3	45	11.4285
0.3	45	166.934
0.3	45	-170.484
0.3	45	6.14184
0.3	45	150.434
0.3	45	-115.727
0.3	45	-40.5084
0.3	45	93.8126
0.3	45	-54.4241
0.3	45	86.8484
0.3	45	-90.2682
0.3	45	-112.793
0.3	45	-63.7109
0.3	45	-115.024
0.3	45	-100.217
0.3	45	13.132
0.3	45	60.1027
0.3	45	136.018
0.3	45	4.22639
0.3	45	1.41759
0.3	45	-117.456
0.3	45	-3.98442
0.3	45	-101.558
0.3	45	122.664
0.3	45	129.721
0.3	45	111.397
0.3	45	128.699
0.3	45	83.7633
0.3	45	170.011
0.3	45	97.8364
0.3	45	-125.812
0.3	45	75.7773
0.3	45	-96.7454
0.3	45	-130.957
0.3	45	10.8167
0.3	45	44.0698
0.3	45	-142.886
0.3	45	-14.9905
0.3	45	-49.5486
0.3	45	164.435
0.3	45	86.6002
0.3	45	69.8649
0.3	45	-140.552
0.3	45	117.526
0.3	45	-64.1773
0.3	45	-58.9061
0.3	45	-16.1099
0.3	45	47.295
0.3	45	-143.411
0.3	45	-63.0199
0.3	45	-179.431
0.3	45	-96.8763
0.3	45	-34.2482
0.3	45	38.4109
0.3	45	-50.9466
0.3	45	-20.9408
0.3	45	-168.175
0.3	45	174.9
0.3	45	-71.3213
0.3	45	-65.5306
0.3	45	-149.911
0.3	45	89.6593
0.3	45	-102.649
0.3	45	21.5625
0.3	45	167.322
0.3	45	-70.1748
0.3	45	-11.0139
0.3	45	42.4066
0.3	45	-129.155
0.3	45	167.416
0.3	45	32.8809
0.3	45	-93.2755
0.3	45	98.8084
0.3	45	45.183
0.3	45	-127.562
0.25	-45	-8.58361
0.25	-45	80.7742
0.25	-45	122.163
0.25	-45	-162.003
0.25	-45	-118.946
0.25	-45	123.247
0.25	-45	65.0335
0.25	-45	-139.978
0.25	-45	100.132
0.25	-45	24.4536
0.25	-45	68.2663
0.25	-45	138.819
0.25	-45	143.147
0.25	-45	171.806
0.25	-45	-152.525
0.25	-45	-47.987
0.25	-45	-174.159
0.25	-45	136.407
0.25	-45	-121.041
0.25	-45	-41.9081
0.25	-45	154.767
0.25	-45	-136.395
0.25	-45	-12.103
0.25	-45	146.46
0.25	-45	82.215
0.25	-45	36.3135
0.25	-45	-149.628
0.25	-45	26.8697
0.25	-45	-163.712
0.25	-45	-54.2647
0.25	-45	168.695
0.25	-45	102.136
0.25	-45	-135.384
0.25	-45	46.0134
0.25	-45	-120.109
0.25	-45	26.9053
0.25	-45	-22.71
0.25	-45	167.06
0.25	-45	56.9281
0.25	-45	37.9643
0.25	-45	-91.9985
0.25	-45	130.458
0.25	-45	142.631
0.25	-45	-172.07
0.25	-45	-163.953
0.25	-45	1.96588
0.25	-45	-101.695
0.25	-45	-129.006
0.25	-45	49.1589
0.25	-45	178.835
0.25	-45	-55.3347
0.25	-45	113.288
0.25	-45	101.058
0.25	-45	-80.6782
0.25	-45	164.732
0.25	-45	68.1877
0.25	-45	-0.0231428
0.25	-45	3.38842
0.25	-45	47.4895
0.25	-45	-70.3656
0.25	-45	-116.194
0.25	-45	142.751
0.25	-45	76.921
0.25	-45	-121.149
0.25	-45	124.618
0.25	-45	26.6356
0.25	-45	-88.0496
0.25	-45	1.27016
0.25	-45	41.5744
0.25	-45	158.828
0.25	-45	-172.659
0.25	-45	24.1884
0.25	-45	6.35365
0.25	-45	-30.3927
0.25	-45	110.367
0.25	-45	7.65726
0.25	-45	-33.2639
0.25	-45	3.33761
0.25	-45	-111.211
0.25	-45	12.438
0.25	-45	40.0348
0.25	-45	64.9595
0.25	-45	79.1986
0.25	-45	-33.4852
0.25	-45	62.4054
0.25	-45	-14.0304
0.25	-45	146.111
0.25	-45	84.6047
0.25	-45	112.428
0.25	-45	122.473
0.25	-45	19.5879
0.25	-45	0.930904
0.25	-45	115.172
0.25	-45	-88.1455
0.25	-45	-3.07387
0.25	-45	46.7187
0.25	-45	169.501
0.25	-45	151.7
0.25	-45	-15.2967
0.25	-45	137.335
0.25	-45	0.169221
0.25	-45	-169.683
0.25	-45	173.235
0.25	-45	-82.1782
0.25	-45	74.9828
0.25	-45	-15.65
0.25	-45	64.5361
0.25	-45	46.5044
0.25	-45	-160.317
0.25	-45	-162.98
0.25	-45	130.449
0.25	-45	93.3557
0.25	-45	-106.534
0.25	-45	91.2302
0.25	-45	-154.437
0.25	-45	-117.481
0.25	-45	-95.3613
0.25	-45	57.1427
0.25	-45	29.9752
0.25	-45	-93.8945
0.25	-45	68.4642
0.25	-45	-23.281
0.25	-45	47.7847
0.25	-45	175.473
0.25	-45	56.2954
0.25	-45	20.7715
0.25	-45	-131.633
0.25	-45	-48.9397
0.25	-45	117.47
0.25	-45	59.9125
0.25	-45	17.5227
0.25	-45	-146.96
0.25	-45	-176.48
0.25	-45	-71.1604
0.25	-45	-29.6162
0.25	-45	-111.886
0.25	-45	179.131
0.25	-45	63.7866
0.25	-45	-43.0185
0.25	-45	-72.765
0.25	-45	-67.6969
0.25	-45	152.891
0.25	-45	-33.6259
0.25	-45	179.269
0.25	-45	10.8534
0.25	-45	59.2679
0.25	-45	-160.134
0.25	-45	-51.9805
0.25	-45	-151.54
0.25	-45	-141.992
0.25	-45	-67.1272
0.25	-45	70.7782
0.25	-45	-125.488
0.25	-45	-11.1222
0.25	-45	-174.121
0.25	-45	172.483
0.25	-45	-130.377
0.25	-45	-122.061
0.25	-45	-171.18
0.25	-45	170.435
0.25	-45	-63.6205
0.25	-45	33.8225
0.25	-45	84.7183
0.25	-45	-116.208
0.25	-45	-71.0257
0.25	-45	-111.203
0.25	-45	121.616
0.25	-45	-142.015
0.25	-45	-99.9448
0.25	-45	168.611
0.25	-45	157.427
0.25	-45	94.47
0.25	-45	-141.486
0.25	-45	68.2921
0.25	-45	-113.767
0.25	-45	-68.3361
0.25	-45	-179.534
0.25	-45	125.411
0.25	-45	-62.2229
0.25	-45	15.3175
0.25	-45	12.3311
0.25	-45	-178.368
0.25	-45	-97.2298
0.25	-45	36.6874
0.25	-45	-64.1438
0.25	-45	170.874
0.25	-45	-39.1339
0.25	-45	37.2334
0.25	-45	119.228
0.25	-45	68.6603
0.25	-45	9.4095
0.25	-45	106.897
0.25	-45	-117.737
0.25	-45	118.785
0.25	-45	66.2148
0.25	-45	100.987
0.25	-45	-9.51058
0.25	-45	113.2
0.25	-45	26.8754
0.25	-45	81.3344
0.25	-45	57.1478
0.25	-45	-89.5374
0.25	-45	-20.1774
0.25	-45	53.9377
0.25	-45	2.95041
0.25	-45	168.336
0.25	-45	84.6045
0.25	-45	-133.497
0.25	-45	-121.726
0.25	-45	113.203
0.25	-45	27.5696
0.25	-45	-110.609
0.25	-45	-93.9888
0.25	-45	-163.66
0.25	-45	73.0739
0.25	-45	-136.039
0.25	-45	88.0176
0.25	-45	110.061
0.25	-45	93.3251
0.25	-45	16.7337
0.25	-45	-48.4389
0.25	-45	1.94499
0.25	-45	104.56
0.25	-45	37.8399
0.25	-45	88.5804
0.25	-45	-124.528
0.25	-45	73.3702
0.25	-45	-72.8073
0.25	-45	30.8228
0.25	-45	4.66593
0.25	-45	31.6885
0.25	-45	64.6232
0.25	-45	-56.6276
0.25	-45	-179.563
0.25	-45	57.8674
0.25	-45	-29.4962
0.25	-45	-71.6302
0.25	-45	25.2943
0.25	-45	-34.8823
0.25	-45	-52.7051
0.25	-45	-143.756
0.25	-45	-60.4172
0.25	-45	134.828
0.25	-45	-81.7162
0.25	-45	-65.3719
0.25	-45	27.4472
0.25	-45	41.4034
0.25	-45	66.916
0.25	-45	13.2186
0.25	-45	-85.0229
0.25	-45	-119.266
0.25	-45	-105.261
0.25	-45	31.1357
0.25	-45	171.389
0.25	-45	-170.348
0.25	-45	-87.7628
0.25	-45	-145.111
0.25	-45	167.298
0.25	-45	-73.902
0.25	-45	167.032
0.25	-45	64.186
0.25	-45	-140.373
0.25	-45	154.237
0.25	-45	134.628
0.25	-45	86.978
0.25	-45	-146.687
0.25	-45	94.9572
0.25	-45	103.75
0.25	-45	-136.472
0.25	-45	-79.0062
0.25	-45	-94.3681
0.25	-45	29.9775
0.25	-45	96.5894
0.25	-45	32.877
0.25	-45	-131.761
0.25	-45	32.9175
0.25	-45	121.042
0.25	-45	78.5664
0.25	-45	-74.8474
0.25	-45	-174.899
0.25	-45	88.5283
0.25	-45	9.95098
0.25	-45	14.7059
0.25	-45	9.06156
0.25	-45	-132.402
0.25	-45	25.1594
0.25	-45	-12.8829
0.25	-45	-49.3089
0.25	-45	-32.8337
0.25	-45	-30.5224
0.25	-45	161.455
0.25	-45	-155.838
0.25	-45	-6.4465
0.25	-45	-92.365
0.25	-45	126.488
0.25	-45	65.0494
0.25	-45	-18.7705
0.25	-45	6.72099
0.25	-45	177.992
0.25	-45	153.014
0.25	-45	54.9344
0.25	-45	92.7388
0.25	-45	37.3844
0.25	-45	-164.767
0.25	-45	-61.7851
0.25	-45	-127.405
0.25	-45	151.905
0.25	-45	-1.86693
0.25	-45	84.721
0.25	-45	63.1085
0.25	-45	167.673
0.25	-45	-12.6854
0.25	-45	92.8231
0.25	-45	-168.42
0.25	-45	-16.3271
0.25	-45	20.4309
0.25	-45	-170.942
0.25	-45	66.6433
0.25	-45	65.592
0.25	-45	-51.3304
0.25	-45	178.58
0.25	-45	-148.472
0.25	-45	73.1629
0.25	-45	24.1543
0.25	-45	62.6606
0.25	-45	-86.8672
0.25	-45	120.254
0.25	-45	-132.53
0.25	-45	125.14
0.25	-45	-31.7561
0.25	-45	5.60174
0.25	-45	-16.2002
0.25	-45	103.502
0.25	-45	18.9749
0.25	-45	-174.575
0.25	-45	72.5161
0.25	-45	56.8443
0.25	-45	113.522
0.25	-45	-159.949
0.25	-45	80.842
0.25	-45	37.0206
0.25	-45	20.6798
0.25	-45	162.615
0.25	-45	69.1231
0.25	-45	-47.9843
0.25	-45	26.5461
0.25	-45	165.001
0.25	-45	163.083
0.25	-45	-10.6549
0.25	-45	85.9698
0.25	-45	-175.949
0.25	-45	132.516
0.25	-45	35.5407
0.25	-45	-56.0559
0.25	-45	-0.156456
0.25	-45	-98.8388
0.25	-45	-149.91
0.25	-45	98.5409
0.25	-45	-57.4619
0.25	-45	-30.4702
0.25	-45	81.8696
0.25	-45	-3.1747
0.25	-45	23.1228
0.25	-45	151.58
0.25	-45	-65.6167
0.25	-45	159.706
0.25	-45	-179.758
0.25	-45	-60.6234
0.25	-45	24.9223
0.25	-45	39.7133
0.25	-45	148.326
0.25	-45	55.8614
0.25	-45	-109.203
0.25	-45	113.31
0.25	-45	-94.2723
0.25	-45	111.225
0.25	-45	-132.403
0.25	-45	99.107
0.25	-45	82.1066
0.25	-45	59.3133
0.25	-45	-85.478
0.25	-45	162.392
0.25	-45	-56.625
0.25	-45	-94.5115
0.25	-45	-7.86951
0.25	-45	-61.7607
0.25	-45	-3.27639
0.25	-45	99.8504
0.25	-45	-54.8813
0.25	-45	179.001
0.25	-45	137.136
0.25	-45	162.217
0.25	-45	162.201
0.25	-45	126.863
0.25	-45	102.747
0.25	-45	-99.7421
0.25	-45	-161.169
0.25	-45	-39.1764
0.25	-45	49.2553
0.25	-45	69.36
0.25	-45	108.257
0.25	-45	80.8494
0.25	-45	97.5606
0.25	-45	164.353
0.25	-45	72.0258
0.25	-45	99.0435
0.25	-45	-101.143
0.25	-45	-167.435
0.25	-45	61.6687
0.25	-45	138.361
0.25	-45	-130.5
0.25	-45	60.5027
0.25	-45	109.744
0.25	-45	36.706
0.25	-45	117.868
0.25	-45	-66.8178
0.25	-45	119.02
0.25	-45	-57.2844
0.25	-45	-70.6811
0.25	-45	-39.8815
0.25	-45	-103.209
0.25	-45	126.546
0.25	-45	-136.368
0.25	-45	42.2597
0.25	-45	50.6391
0.25	-45	-166.715
0.25	-45	161.744
0.25	-45	-174.205
0.25	-45	176.371
0.25	-45	116.321
0.25	-45	-83.6376
0.25	-45	-58.0345
0.25	-45	-128.595
0.25	-45	-135.526
0.25	-45	-0.721868
0.25	-45	49.839
0.25	-45	-91.8085
0.25	-45	150.269
0.25	-45	147.802
0.25	-45	-123.412
0.25	-45	-146.691
0.25	-45	-128.752
0.25	-45	-152.322
0.25	-45	-167.024
0.25	-45	-51.284
0.25	-45	-95.7188
0.25	-45	-6.90985
0.25	-45	-11.1655
0.25	-45	-135.958
0.25	-45	58.198
0.25	-45	61.8075
0.25	-45	142.434
0.25	-45	-127.963
0.25	-45	17.3959
0.25	-45	169.47
0.25	-45	85.2141
0.25	-45	135.127
0.25	-45	-46.3088
0.25	-45	-171.445
0.25	-45	-56.5875
0.25	-45	136.366
0.25	-45	100.261
0.25	-45	-91.162
0.25	-45	22.7097
0.25	-45	-135.707
0.25	-45	146.986
0.25	-45	-12.6592
0.25	-45	-61.3141
0.25	-45	-100.258
0.25	-45	-136.27
0.25	-45	-43.7377
0.25	-45	7.21609
0.25	-45	38.2125
0.25	-45	140.944
0.25	-45	-37.5359
0.25	-45	101.346
0.25	-45	148.018
0.25	-45	33.6882
0.25	-45	84.294
0.25	-45	-80.1377
0.25	-45	-42.0367
0.25	-45	-140.842
0.25	-45	-176.904
0.25	-45	-76.3753
0.25	-45	31.8797
0.25	-45	-174.105
0.25	-45	-74.732
0.25	-45	-145.828
0.25	-45	-127.15
0.25	-45	24.7194
0.25	-45	150.175
0.25	-45	-3.65044
0.25	-45	-10.6867
0.25	-45	123.358
0.25	-45	105.508
0.25	-45	48.0889
0.25	-45	176.707
0.25	-45	-177.887
0.25	-45	164.738
0.25	-45	62.4276
0.25	-45	173.54
0.25	-45	36.1082
0.25	-45	31.7944
0.25	-45	-93.2773
0.25	-45	-81.6638
0.25	-45	-28.2705
0.25	-45	34.1136
0.25	-45	-118.746
0.25	-45	-144.454
0.25	-45	-103.047
0.25	-45	2.89463
0.25	-45	-165.235
0.25	-45	144.331
0.25	-45	91.2886
0.25	-45	1.59303
0.25	-45	-125.311
0.25	-45	-161.586
0.25	-45	-11.2386
0.25	-45	45.969
0.25	-45	155.795
0.25	-45	17.6645
0.25	-45	91.9395
0.25	-45	-38.4726
0.25	-45	-20.929
0.25	-45	-22.9519
0.25	-45	115.741
0.25	-45	137.476
0.25	-45	157.527
0.25	-45	99.759
0.25	-45	71.9209
0.25	-45	19.4837
0.25	-45	-42.5628
0.25	-45	137.897
0.25	-45	100.579
0.25	-45	-84.1318
0.25	-45	-175.62
0.25	-45	40.743
0.25	-45	-77.9142
0.25	-45	87.6844
0.25	-45	24.5196
0.25	-45	-136.019
0.25	-45	-98.6255
0.25	-45	-17.6893
0.25	-45	-48.529
0.25	-45	-77.0254
0.25	-45	-142.256
0.25	-45	-27.4716
0.25	-45	70.8366
0.25	-45	118.75
0.25	-45	133.164
0.25	-45	164.385
0.25	-45	80.4691
0.25	-45	65.813
0.25	-45	-2.65693
0.25	-45	81.8167
0.25	-45	-68.8595
0.25	-45	-96.5065
0.25	-45	-158.92
0.25	-45	26.2333
0.25	-45	26.5355
0.25	-45	132.944
0.25	-45	-46.5743
0.25	-45	-79.5902
0.25	-45	-83.2623
0.25	-45	-17.5247
0.25	-45	76.6219
0.25	-45	-119.66
0.25	-45	-27.8074
0.25	-45	-169.055
0.25	-45	153.341
0.25	-45	-108.158
0.25	-45	34.5812
0.25	-45	32.2589
0.25	-45	-3.87765
0.25	-45	-144.796
0.25	-45	-56.0776
0.25	-45	46.1501
0.25	-45	-80.2874
0.25	-45	-176.229
0.25	-45	144.279
0.25	-45	-62.6792
0.25	-45	-135.012
0.25	-45	-86.2918
0.25	-45	179.43
0.25	-45	-177.964
0.25	-45	174.577
0.25	-45	-15.2819
0.25	-45	178.346
0.25	-45	155.131
0.25	-45	-81.7334
0.25	-45	-17.0695
0.25	-45	-108.798
0.25	-45	-138.182
0.25	-45	10.2132
0.25	-45	-68.6454
0.25	-45	-136.26
0.25	-45	-25.2822
0.25	-45	57.2213
0.25	-45	-161.312
0.25	-45	-153.878
0.25	-45	-8.736
0.25	-45	-160.895
0.25	-45	-54.078
0.25	-45	-133.872
0.25	-45	-118.342
0.25	-45	37.6818
0.25	-45	137.217
0.25	-45	176.498
0.25	-45	57.1028
0.25	-45	89.1804
0.25	-45	17.4062
0.25	-45	-41.0653
0.25	-45	96.6409
0.25	-45	-15.3044
0.25	-45	-153.908
0.25	-45	46.747
0.25	-45	-95.1549
0.25	-45	19.1467
0.25	-45	58.9702
0.25	-45	45.2034
0.25	-45	-50.4162
0.25	-45	-6.21946
0.25	-45	169.469
0.25	-45	96.2687
0.25	-45	100.712
0.25	-45	58.3338
0.25	-45	117.072
0.25	-45	177.302
0.25	-45	60.2513
0.25	-45	-138.837
0.25	-45	61.1283
0.25	-45	-97.1146
0.25	-45	87.8219
0.25	-45	178.148
0.25	-45	126.644
0.25	-45	-159.97
0.25	-45	161.603
0.25	-45	65.5855
0.25	-45	23.1945
0.25	-45	-161.355
0.25	-45	-148.889
0.25	-45	162.36
0.25	-45	105.766
0.25	-45	112.677
0.25	-45	-115.23
0.25	-45	-79.2846
0.25	-45	32.7808
0.25	-45	-114.024
0.25	-45	-92.2145
0.25	-45	-92.5986
0.25	-45	126.428
0.25	-45	110.438
0.25	-45	-137.982
0.25	-45	77.0098
0.25	-45	39.81
0.25	-45	-167.965
0.25	-45	94.2609
0.25	-45	9.01583
0.25	-45	54.0282
0.25	-45	-26.0585
0.25	-45	112.842
0.25	-45	163.182
0.25	-45	103.28
0.25	-45	-5.67688
0.25	-45	-106.512
0.25	-45	-105.892
0.25	-45	-41.9995
0.25	-45	-26.8993
0.25	-45	-125.17
0.25	-45	13.9014
0.25	-45	122.364
0.25	-45	-69.4142
0.25	-45	159.279
0.25	-45	40.2387
0.25	-45	157.256
0.25	-45	-18.6405
0.25	-45	-121.75
0.25	-45	-21.8029
0.25	-45	-50.172
0.25	-45	-69.9316
0.25	-45	127.456
0.25	-45	119.635
0.25	-45	162.108
0.25	-45	-37.6721
0.25	-45	-174.886
0.25	-45	61.7411
0.25	-45	108.964
0.25	-45	39.2453
0.25	-45	41.9652
0.25	-45	-34.6956
0.25	-45	7.32937
0.25	-45	-67.4984
0.25	-45	-55.1429
0.25	-45	-145.236
0.25	-45	-154.045
0.25	-45	-133.942
0.25	-45	-113.773
0.25	-45	-163.734
0.25	-45	22.7564
0.25	-45	-35.6433
0.25	-45	-85.7852
0.25	-45	-147.92
0.25	-45	-136.34
0.25	-45	-141.941
0.25	-45	-46.7656
0.25	-45	71.3009
0.25	-45	15.642
0.25	-45	100.2
0.25	-45	144.491
0.25	-45	-16.4932
0.25	-45	-32.854
0.25	-45	-163.547
0.25	-45	132.565
0.25	-45	51.7486
0.25	-45	-51.6393
0.25	-45	-144.556
0.25	-45	154.958
0.25	-45	76.0283
0.25	-45	156.984
0.25	-45	-8.79193
0.25	-45	123.246
0.25	-45	159.855
0.25	-45	-82.1699
0.25	-45	-137.558
0.25	-45	-93.7422
0.25	-45	-150.08
0.25	-45	-90.3747
0.25	-45	35.875
0.25	-45	18.851
0.25	-45	-167.376
0.25	-45	159.071
0.25	-45	84.343
0.25	-45	34.3267
0.25	-45	27.7082
0.25	-45	128.01
0.25	-45	15.4099
0.25	-45	12.2024
0.25	-45	-38.7508
0.25	-45	144.131
0.25	-45	-175.884
0.25	-45	-7.47253
0.25	-45	-175.503
0.25	-45	-104.758
0.25	-45	-64.5724
0.25	-45	-95.6551
0.25	-45	3.29341
0.25	-45	-11.936
0.25	-45	31.1665
0.25	-45	109.899
0.25	-45	-52.7545
0.25	-45	-24.5359
0.25	-45	70.3976
0.25	-45	91.8379
0.25	-45	-131.197
0.25	-45	141.686
0.25	-45	-31.1747
0.25	-45	-132.548
0.25	-45	177.294
0.25	-45	25.657
0.25	-45	165.731
0.25	-45	-129.155
0.25	-45	138.239
0.25	-45	-20.7473
0.25	-45	87.4407
0.25	-45	-124.419
0.25	-45	155.65
0.25	-45	101.435
0.25	-45	-12.3315
0.25	-45	57.6277
0.25	-45	143.71
0.25	-45	34.8819
0.25	-45	158.802
0.25	-45	-107.737
0.25	-45	-107.518
0.25	-45	-28.2765
0.25	-45	124.053
0.25	-45	148.799
0.25	-45	-131.99
0.25	-45	102.483
0.25	-45	-48.3171
0.25	-45	3.59626
0.25	-45	-22.2475
0.25	-45	-18.9789
0.25	-45	161.012
0.25	-45	161.29
0.25	-45	146.767
0.25	-45	115.499
0.25	-45	-160.7
0.25	-45	7.14548
0.25	-45	-102.079
0.25	-45	26.364
0.25	-45	-92.2492
0.25	-45	-152.914
0.25	-45	40.0925
0.25	-45	35.3369
0.25	-45	-49.1025
0.25	-45	-90.4543
0.25	-45	30.3443
0.25	-45	116.64
0.25	-45	129.314
