pol	setting	phi
0.3	45	44.5556
0.3	45	-55.8875
0.3	45	165.378
0.3	45	73.2834
0.3	45	29.2227
0.3	45	-172.343
0.3	45	-33.3279
0.3	45	2.76046
0.3	45	86.9988
0.3	45	32.9616
0.3	45	-31.7561
0.3	45	-46.1245
0.3	45	-103.16
0.3	45	-176.09
0.3	45	141.923
0.3	45	-27.7018
0.3	45	-164.856
0.3	45	-161.331
0.3	45	79.3614
0.3	45	73.0413
0.3	45	-177.289
0.3	45	-84.5641
0.3	45	-142.962
0.3	45	27.0177
0.3	45	-148.57
0.3	45	-9.11565
0.3	45	77.7279
0.3	45	-1.29951
0.3	45	-60.815
0.3	45	-111.724
0.3	45	143.356
0.3	45	153.444
0.3	45	-85.9779
0.3	45	-52.7084
0.3	45	131.901
0.3	45	67.6336
0.3	45	175.802
0.3	45	-17.8173
0.3	45	162.717
0.3	45	-61.4576
0.3	45	-124.461
0.3	45	28.0264
0.3	45	-175.391
0.3	45	-65.8617
0.3	45	-61.7504
0.3	45	-83.0216
0.3	45	-96.5696
0.3	45	108.216
0.3	45	41.7032
0.3	45	108.37
0.3	45	126.68
0.3	45	-46.6149
0.3	45	-61.2629
0.3	45	94.3082
0.3	45	178.542
0.3	45	-38.0088
0.3	45	43.5778
0.3	45	-20.5035
0.3	45	-8.34015
0.3	45	-74.3094
0.3	45	2.7025
0.3	45	149.322
0.3	45	-63.2065
0.3	45	57.2026
0.3	45	29.6189
0.3	45	77.0084
0.3	45	131.73
0.3	45	65.7182
0.3	45	82.943
0.3	45	-162.828
0.3	45	-19.5112
0.3	45	13.646
0.3	45	-167.63
0.3	45	77.8745
0.3	45	140.587
0.3	45	133.495
0.3	45	140.504
0.3	45	-144.866
0.3	45	160.157
0.3	45	87.895
0.3	45	-134.761
0.3	45	-162.473
0.3	45	-65.6415
0.3	45	118.23
0.3	45	-33.9357
0.3	45	-137.782
0.3	45	158.436
0.3	45	176.718
0.3	45	91.8992
0.3	45	175.124
0.3	45	-161.263
0.3	45	-1.35205
0.3	45	-81.7561
0.3	45	-76.6106
0.3	45	0.808308
0.3	45	-97.949
0.3	45	-147.081
0.3	45	-111.865
0.3	45	23.3467
0.3	45	24.4843
0.3	45	41.7336
0.3	45	61.9936
0.3	45	64.8953
0.3	45	-117.467
0.3	45	64.4958
0.3	45	172.737
0.3	45	159.757
0.3	45	-37.8889
0.3	45	-52.6422
0.3	45	23.62
0.3	45	-148.816
0.3	45	-162.422
0.3	45	-83.9416
0.3	45	-69.4532
0.3	45	-50.5354
0.3	45	136.191
0.3	45	132.9
0.3	45	-101.361
0.3	45	-35.9772
0.3	45	102.919
0.3	45	157.131
0.3	45	59.9483
0.3	45	2.95063
0.3	45	-17.8064
0.3	45	-92.0156
0.3	45	26.2183
0.3	45	-105.81
0.3	45	-113.696
0.3	45	-40.3399
0.3	45	-150.911
0.3	45	26.5329
0.3	45	104.757
0.3	45	-19.0282
0.3	45	14.2675
0.3	45	92.5739
0.3	45	-153.341
0.3	45	-83.2483
0.3	45	-11.0012
0.3	45	134.421
0.3	45	-95.6503
0.3	45	-23.1
0.3	45	47.1934
0.3	45	87.2557
0.3	45	-90.6821
0.3	45	114.355
0.3	45	82.0044
0.3	45	76.4689
0.3	45	-80.6255
0.3	45	37.6947
0.3	45	-128.516
0.3	45	63.9414
0.3	45	-68.1197
0.3	45	-136.838
0.3	45	-29.8122
0.3	45	-163.126
0.3	45	91.6314
0.3	45	-70.5403
0.3	45	120.505
0.3	45	-92.0921
0.3	45	-67.1649
0.3	45	-116.937
0.3	45	104.323
0.3	45	-55.9068
0.3	45	118.793
0.3	45	79.6067
0.3	45	94.2967
0.3	45	5.89787
0.3	45	127.381
0.3	45	-102.347
0.3	45	7.23941
0.3	45	159.794
0.3	45	-150.451
0.3	45	17.6632
0.3	45	106.459
0.3	45	-164.36
0.3	45	173.577
0.3	45	-154.181
0.3	45	2.56365
0.3	45	-74.1748
0.3	45	52.6603
0.3	45	-33.2287
0.3	45	-42.9339
0.3	45	15.9118
0.3	45	-115.634
0.3	45	-20.3958
0.3	45	-162.088
0.3	45	91.5022
0.3	45	14.8337
0.3	45	69.7241
0.3	45	-179.81
0.3	45	91.0252
0.3	45	-134.294
0.3	45	136.172
0.3	45	21.059
0.3	45	155.521
0.3	45	20.7747
0.3	45	84.0272
0.3	45	123.995
0.3	45	142.714
0.3	45	-14.1259
0.3	45	-17.9855
0.3	45	-22.3031
0.3	45	-64.6312
0.3	45	-48.2651
0.3	45	16.7216
0.3	45	38.7541
0.3	45	-141.563
0.3	45	-133.512
0.3	45	99.77
0.3	45	174.095
0.3	45	152.079
0.3	45	34.5479
0.3	45	-167.944
0.3	45	96.4866
0.3	45	133.315
0.3	45	-79.8898
0.3	45	68.7705
0.3	45	82.9097
0.3	45	112.238
0.3	45	-64.2085
0.3	45	165.21
0.3	45	138.206
0.3	45	-36.0948
0.3	45	66.4077
0.3	45	-141.268
0.3	45	-79.5081
0.3	45	-42.2669
0.3	45	87.402
0.3	45	134.032
0.3	45	-132.111
0.3	45	-124.203
0.3	45	-15.458
0.3	45	94.7243
0.3	45	27.8723
0.3	45	-163.374
0.3	45	-4.75492
0.3	45	-5.33297
0.3	45	-4.55572
0.3	45	21.7013
0.3	45	39.8837
0.3	45	59.9706
0.3	45	111.586
0.3	45	-23.1036
0.3	45	163.872
0.3	45	133.479
0.3	45	-165.876
0.3	45	-161.081
0.3	45	151.499
0.3	45	168.991
0.3	45	6.57211
0.3	45	-132.229
0.3	45	120.373
0.3	45	35.9597
0.3	45	53.3245
0.3	45	41.9678
0.3	45	128.177
0.3	45	-153.508
0.3	45	66.5924
0.3	45	-139.966
0.3	45	34.8255
0.3	45	125.264
0.3	45	2.87164
0.3	45	112.164
0.3	45	-174.578
0.3	45	41.67
0.3	45	-37.2008
0.3	45	128.099
0.3	45	-6.9177
0.3	45	-17.376
0.3	45	48.9306
0.3	45	38.4176
0.3	45	-60.2185
0.3	45	-48.6952
0.3	45	-64.4512
0.3	45	-6.01674
0.3	45	3.45677
0.3	45	105.664
0.3	45	-51.9869
0.3	45	-108.268
0.3	45	13.5168
0.3	45	-24.1016
0.3	45	123.832
0.3	45	-6.47106
0.3	45	-170.842
0.3	45	-164.486
0.3	45	-140.428
0.3	45	-175.7
0.3	45	129.168
0.3	45	-19.9549
0.3	45	-27.0465
0.3	45	-24.2404
0.3	45	-10.2695
0.3	45	-179.042
0.3	45	-115.146
0.3	45	-22.0515
0.3	45	-31.8576
0.3	45	155.905
0.3	45	-8.1913
0.3	45	-120.621
0.3	45	117.546
0.3	45	-142
0.3	45	-3.88023
0.3	45	111.257
0.3	45	147.963
0.3	45	-37.0012
0.3	45	-146.689
0.3	45	112.178
0.3	45	-24.8469
0.3	45	-179.843
0.3	45	-125.35
0.3	45	-165.051
0.3	45	-3.07309
0.3	45	97.3033
0.3	45	-19.9627
0.3	45	-85.9927
0.3	45	160.394
0.3	45	95.1574
0.3	45	-106.203
0.3	45	-38.0053
0.3	45	-28.1701
0.3	45	-32.6462
0.3	45	13.3088
0.3	45	-67.2071
0.3	45	-151.035
0.3	45	74.2933
0.3	45	-168.078
0.3	45	-128.411
0.3	45	5.22502
0.3	45	110.91
0.3	45	155.916
0.3	45	-81.7116
0.3	45	-126.997
0.3	45	-107.022
0.3	45	-142.149
0.3	45	-77.2557
0.3	45	-68.6309
0.3	45	-31.962
0.3	45	45.717
0.3	45	-119.961
0.3	45	-39.3845
0.3	45	-86.9122
0.3	45	-149.166
0.3	45	-4.47089
0.3	45	101.731
0.3	45	31.4131
0.3	45	-161.113
0.3	45	-129.694
0.3	45	57.2178
0.3	45	-68.4852
0.3	45	3.32213
0.3	45	25.413
0.3	45	21.4769
0.3	45	-16.0923
0.3	45	-59.7263
0.3	45	-39.6021
0.3	45	12.4889
0.3	45	-86.6942
0.3	45	-34.4266
0.3	45	-123.563
0.3	45	45.7399
0.3	45	71.0946
0.3	45	140.32
0.3	45	165.495
0.3	45	-9.9798
0.3	45	-9.04305
0.3	45	22.3392
0.3	45	13.4387
0.3	45	-175.155
0.3	45	-10.3073
0.3	45	-41.3275
0.3	45	102.048
0.3	45	126.332
0.3	45	124.811
0.3	45	85.2186
0.3	45	70.3037
0.3	45	99.1357
0.3	45	15.7172
0.3	45	-126.588
0.3	45	-38.8055
0.3	45	-84.6749
0.3	45	72.0783
0.3	45	-153.926
0.3	45	18.3063
0.3	45	173.736
0.3	45	-19.3154
0.3	45	145.421
0.3	45	-44.636
0.3	45	0.363538
0.3	45	-112.458
0.3	45	84.4896
0.3	45	-10.412
0.3	45	-66.3492
0.3	45	117.138
0.3	45	-143.806
0.3	45	74.9489
0.3	45	131.481
0.3	45	157.941
0.3	45	10.8925
0.3	45	-156.355
0.3	45	14.2278
0.3	45	29.2346
0.3	45	89.178
0.3	45	-139.344
0.3	45	106.46
0.3	45	-2.13907
0.3	45	-137.625
0.3	45	102.754
0.3	45	-141.995
0.3	45	157.987
0.3	45	-90.6458
0.3	45	79.2435
0.3	45	-49.5532
0.3	45	-53.2877
0.3	45	57.3348
0.3	45	148.339
0.3	45	100.062
0.3	45	28.5888
0.3	45	-133.71
0.3	45	57.0758
0.3	45	-156.443
0.3	45	136.748
0.3	45	-66.3131
0.3	45	49.6315
0.3	45	-74.4927
0.3	45	-160.903
0.3	45	0.00839807
0.3	45	-60.8809
0.3	45	-169.434
0.3	45	156.125
0.3	45	-83.0143
0.3	45	21.6898
0.3	45	-166.621
0.3	45	-57.8038
0.3	45	-105.585
0.3	45	-50.1296
0.3	45	-136.368
0.3	45	157.113
0.3	45	-41.0821
0.3	45	-16.2249
0.3	45	15.6129
0.3	45	174.75
0.3	45	-126.709
0.3	45	-78.8813
0.3	45	-119.079
0.3	45	64.6742
0.3	45	112.543
0.3	45	-103.022
0.3	45	-121.263
0.3	45	12.569
0.3	45	108.769
0.3	45	153.388
0.3	45	22.2859
0.3	45	-158.069
0.3	45	-5.03802
0.3	45	7.57029
0.3	45	-108.295
0.3	45	-176.601
0.3	45	72.3626
0.3	45	66.2325
0.3	45	-69.3438
0.3	45	-137.781
0.3	45	172.546
0.3	45	78.4496
0.3	45	176.494
0.3	45	167.647
0.3	45	-132.995
0.3	45	19.6959
0.3	45	-16.1461
0.3	45	120.937
0.3	45	-177.692
0.3	45	-155.799
0.3	45	129.765
0.3	45	-33.3887
0.3	45	-128.644
0.3	45	68.4961
0.3	45	-116.28
0.3	45	16.7253
0.3	45	14.7662
0.3	45	127.87
0.3	45	42.7621
0.3	45	135.697
0.3	45	129.852
0.3	45	-29.165
0.3	45	-5.49304
0.3	45	-40.5507
0.3	45	89.9499
0.3	45	135.763
0.3	45	56.0833
0.3	45	133.765
0.3	45	171.663
0.3	45	164.387
0.3	45	58.4361
0.3	45	124.609
0.3	45	-67.1991
0.3	45	-129.983
0.3	45	-106.105
0.3	45	38.9939
0.3	45	158.404
0.3	45	-45.5953
0.3	45	-98.2239
0.3	45	-134.656
0.3	45	-18.146
0.3	45	-31.9064
0.3	45	-171.672
0.3	45	141.923
0.3	45	177.79
0.3	45	-11.4694
0.3	45	86.3324
0.3	45	114.812
0.3	45	-122.423
0.3	45	124.696
0.3	45	-157.855
0.3	45	130.852
0.3	45	-6.01554
0.3	45	117.291
0.3	45	-46.7153
0.3	45	-42.8398
0.3	45	-157.278
0.3	45	-30.4187
0.3	45	8.13174
0.3	45	-30.3618
0.3	45	-56.3613
0.3	45	-122.039
0.3	45	-100.625
0.3	45	51.6278
0.3	45	39.87
0.3	45	-63.1396
0.3	45	-102.4
0.3	45	121.904
0.3	45	-1.97877
0.3	45	67.839
0.3	45	-119.985
0.3	45	124.472
0.3	45	-177.875
0.3	45	-135.008
0.3	45	119.992
0.3	45	-108.277
0.3	45	-128.944
0.3	45	-160.826
0.3	45	49.6136
0.3	45	-18.4936
0.3	45	70.3303
0.3	45	29.5608
0.3	45	-17.6894
0.3	45	-116.018
0.3	45	-163.037
0.3	45	9.22461
0.3	45	35.0746
0.3	45	-23.6926
0.3	45	-103.991
0.3	45	-1.56153
0.3	45	9.37984
0.3	45	42.325
0.3	45	-121.14
0.3	45	-6.12342
0.3	45	-110.572
0.3	45	65.5602
0.3	45	-13.1719
0.3	45	70.3087
0.3	45	26.8891
0.3	45	-31.7556
0.3	45	-42.6907
0.3	45	7.75028
0.3	45	-36.1427
0.3	45	174.464
0.3	45	-138.017
0.3	45	39.9398
0.3	45	-62.8993
0.3	45	90.548
0.3	45	55.8976
0.3	45	150.212
0.3	45	-135.301
0.3	45	-112.344
0.3	45	146.613
0.3	45	-76.2824
0.3	45	31.6335
0.3	45	-43.948
0.3	45	100.778
0.3	45	74.8075
0.3	45	-54.4227
0.3	45	-106.257
0.3	45	-139.259
0.3	45	-42.0355
0.3	45	105.445
0.3	45	-33.4884
0.3	45	102.17
0.3	45	132.171
0.3	45	-110.719
0.3	45	10.5765
0.3	45	-97.3198
0.3	45	122.78
0.3	45	140.526
0.3	45	-111.334
0.3	45	-157.478
0.3	45	121.025
0.3	45	51.2501
0.3	45	-143.33
0.3	45	10.0594
0.3	45	-91.7123
0.3	45	48.8013
0.3	45	-138.867
0.3	45	-82.1858
0.3	45	153.178
0.3	45	-37.867
0.3	45	-7.53605
0.3	45	-56.9075
0.3	45	78.0185
0.3	45	-140.111
0.3	45	-165.763
0.3	45	-71.3511
0.3	45	116.974
0.3	45	74.0816
0.3	45	4.17342
0.3	45	-93.0006
0.3	45	72.6869
0.3	45	80.5547
0.3	45	172.423
0.3	45	117.672
0.3	45	43.0374
0.3	45	-137.341
0.3	45	-50.6617
0.3	45	-59.8081
0.3	45	-131.578
0.3	45	134.143
0.3	45	-118.879
0.3	45	106.866
0.3	45	-116.726
0.3	45	-22.7078
0.3	45	-0.853466
0.3	45	172.363
0.3	45	58.2031
0.3	45	-65.0614
0.3	45	-57.4694
0.3	45	-113.1
0.3	45	55.5332
0.3	45	106.992
0.3	45	-0.821907
0.3	45	160.721
0.3	45	99.7308
0.3	45	-111.185
0.3	45	-46.0717
0.3	45	-1.77256
0.3	45	26.0689
0.3	45	-177.433
0.3	45	-75.6001
0.3	45	-2.95757
0.3	45	-60.4252
0.3	45	-123.151
0.3	45	-177.771
0.3	45	119.867
0.3	45	-79.4491
0.3	45	-82.9787
0.3	45	42.1541
0.3	45	171.448
0.3	45	33.2506
0.3	45	-28.8299
0.3	45	-89.3345
0.3	45	28.0536
0.3	45	-81.76
0.3	45	65.3915
0.3	45	-62.2752
0.3	45	160.915
0.3	45	139.962
0.3	45	-24.7674
0.3	45	-10.0746
0.3	45	120.969
0.3	45	-1.58336
0.3	45	53.9684
0.3	45	2.59558
0.3	45	129.855
0.3	45	-24.0724
0.3	45	-11.4551
0.3	45	-141.518
0.3	45	67.3772
0.3	45	95.9791
0.3	45	-110.612
0.3	45	-63.5602
0.3	45	-179.975
0.3	45	-109.393
0.3	45	-154.548
0.3	45	-3.50307
0.3	45	1.45841
0.3	45	112.445
0.3	45	-178.099
0.3	45	100.878
0.3	45	105.738
0.3	45	138.097
0.3	45	-178.281
0.3	45	-52.0949
0.3	45	-15.3304
0.3	45	31.8296
0.3	45	-152.931
0.3	45	-148.744
0.3	45	23.4873
0.3	45	134.595
0.3	45	103.092
0.3	45	-147.319
0.3	45	148.009
0.3	45	132.428
0.3	45	-135.98
0.3	45	-141.826
0.3	45	-126.309
0.3	45	-28.6298
0.3	45	-0.0835318
0.3	45	51.2919
0.3	45	-86.319
0.3	45	-143.809
0.3	45	-0.125219
0.3	45	-149.588
0.3	45	117.648
0.3	45	161.359
0.3	45	116.072
0.3	45	99.5564
0.3	45	39.6061
0.3	45	162.075
0.3	45	115.566
0.3	45	-110.211
0.3	45	132.51
0.3	45	-35.9856
0.3	45	-61.0663
0.3	45	10.6427
0.3	45	-165.051
0.3	45	127.017
0.3	45	47.0955
0.3	45	86.4729
0.3	45	-70.7241
0.3	45	21.248
0.3	45	155.944
0.3	45	-42.1679
0.3	45	111.437
0.3	45	-101.214
0.3	45	-114.425
0.3	45	9.59805
0.3	45	169.626
0.3	45	-91.8398
0.3	45	-14.1844
0.3	45	139.803
0.3	45	95.8538
0.3	45	19.5103
0.3	45	170.675
0.3	45	-138.901
0.3	45	79.237
0.3	45	38.1374
0.3	45	-176.603
0.3	45	-26.7511
0.3	45	152.766
0.3	45	37.0084
0.3	45	-64.3144
0.3	45	-128.946
0.3	45	-165.899
0.3	45	32.3039
0.3	45	113.099
0.3	45	153.3
0.3	45	6.43082
0.3	45	-127.84
0.3	45	-13.5364
0.3	45	175.043
0.3	45	127.448
0.3	45	136.609
0.3	45	-166.946
0.3	45	153.964
0.3	45	102.702
0.3	45	-7.92247
0.3	45	-43.6685
0.3	45	-136.453
0.3	45	-114.398
0.3	45	168.918
0.3	45	102.379
0.3	45	158.697
0.3	45	145.154
0.3	45	49.4472
0.3	45	-178.054
0.3	45	-120.226
0.3	45	-62.2968
0.3	45	-146.952
0.3	45	105.017
0.3	45	-88.4443
0.3	45	-55.6279
0.3	45	-11.8571
0.3	45	109.402
0.3	45	-0.265618
0.3	45	-32.7138
0.3	45	-162.621
0.3	45	-17.1441
0.3	45	25.8204
0.3	45	139.682
0.3	45	87.189
0.3	45	127.232
0.3	45	112.804
0.3	45	27.6492
0.3	45	74.1194
0.3	45	-169.947
0.3	45	165.485
0.3	45	-168.564
0.3	45	145.185
0.3	45	-128.466
0.3	45	-28.0498
0.3	45	131.304
0.3	45	-106.66
0.3	45	23.1196
0.3	45	-50.9589
0.3	45	-141.684
0.3	45	143.441
0.3	45	6.892
0.3	45	-166.199
0.3	45	-111.215
0.3	45	167.134
0.3	45	155.244
0.3	45	-173.523
0.3	45	-110.594
0.3	45	-95.5514
0.3	45	44.0655
0.3	45	-143.496
0.3	45	61.8529
0.3	45	109.152
0.3	45	-47.4313
0.3	45	172.638
0.3	45	162.671
0.3	45	50.8796
0.3	45	-55.0734
0.3	45	177.396
0.3	45	89.005
0.3	45	56.8834
0.3	45	26.9014
0.3	45	65.6015
0.3	45	86.2425
0.3	45	21.406
0.3	45	-145.404
0.3	45	164.036
0.3	45	123.951
0.3	45	145.288
0.3	45	-110.67
0.3	45	-95.9091
0.3	45	140.144
0.3	45	-102.324
0.3	45	-100.047
0.3	45	174.84
0.3	45	102.367
0.3	45	166.9
0.3	45	-64.697
0.3	45	-85.5562
0.3	45	14.6318
0.3	45	-166.442
0.3	45	17.2307
0.3	45	-27.2582
0.3	45	-139.847
0.3	45	50.7619
0.3	45	-145.239
0.3	45	-55.3675
0.3	45	153.063
0.3	45	109.083
0.3	45	-15.0821
0.3	45	-148.32
0.3	45	-166.012
0.3	45	160.019
0.3	45	53.9832
0.3	45	120.486
0.3	45	90.6473
0.3	45	-34.7457
0.3	45	-139.754
0.3	45	-89.2321
0.3	45	-99.9086
0.3	45	-163.089
0.3	45	-156.146
0.3	45	172.543
0.3	45	29.4519
0.3	45	-110.615
0.3	45	-81.8973
0.3	45	103.601
0.3	45	-32.4311
0.3	45	-146.096
0.3	45	179.475
0.3	45	-94.6634
0.3	45	83.3958
0.3	45	-85.0534
0.3	45	-69.7555
0.3	45	170.968
0.3	45	-11.2459
0.3	45	174.419
0.3	45	39.3038
0.3	45	151.949
0.3	45	-132.803
0.3	45	-35.2918
0.3	45	-71.4808
0.3	45	20.8954
0.3	45	-128.578
0.3	45	140.84
0.3	45	179.99
0.3	45	106.745
0.3	45	25.694
0.3	45	164.528
0.3	45	19.6628
0.3	45	-64.2523
0.3	45	-140.616
0.3	45	-69.8459
0.3	45	-30.8083
0.3	45	13.9142
0.3	45	110.919
0.3	45	-132.559
0.3	45	88.774
0.3	45	147.676
0.3	45	-175.282
0.3	45	4.57044
0.3	45	150.497
0.3	45	135.069
0.3	45	-20.4546
0.3	45	-151.341
0.3	45	44.4209
0.3	45	54.3324
0.3	45	-156.312
0.3	45	108.749
0.3	45	-88.1281
0.3	45	-144.677
0.3	45	81.1628
0.3	45	-9.23126
0.3	45	-86.5911
0.3	45	84.4688
0.3	45	-79.156
0.3	45	9.91073
0.3	45	-41.9368
0.3	45	78.3371
0.3	45	31.6966
0.3	45	84.5359
0.3	45	93.3213
0.3	45	-77.1335
0.3	45	-143.072
0.3	45	-70.2003
0.3	45	-167.092
0.3	45	133.902
0.3	45	16.9373
0.3	45	33.179
0.3	45	57.211
0.3	45	114.346
0.3	45	-10.1124
0.3	45	-11.1608
0.3	45	70.6323
0.3	45	144.113
0.3	45	24.3534
0.3	45	-161.876
0.3	45	-170.639
0.3	45	-50.5778
0.3	45	67.7543
0.3	45	155.017
0.3	45	84.543
0.3	45	98.6496
0.3	45	16.8635
0.3	45	-84.7848
0.3	45	-107.302
0.3	45	-68.8073
0.3	45	126.134
0.3	45	-81.3655
0.3	45	4.98371
0.3	45	67.6019
0.3	45	143.168
0.3	45	13.4832
0.3	45	117.653
0.3	45	3.98835
0.3	45	11.0355
0.3	45	159.97
0.3	45	-159.123
0.3	45	-94.2263
0.3	45	-172.327
0.3	45	-120.134
0.3	45	-2.0328
0.3	45	-28.1898
0.3	45	12.0202
0.3	45	-111.634
0.3	45	153.086
0.3	45	-48.0725
0.3	45	-111.35
0.3	45	-6.92248
0.3	45	162.33
0.3	45	-59.6691
0.3	45	176.269
0.3	45	-71.5377
0.3	45	20.0991
0.3	45	-133.352
0.3	45	-37.438
0.3	45	-152.078
0.3	45	-103.039
0.3	45	69.1999
0.3	45	25.6922
0.3	45	-125.001
0.3	45	149.672
0.3	45	-121.783
0.3	45	-72.4766
0.3	45	-178.57
0.3	45	-3.73564
0.3	45	-75.0884
0.3	45	-68.7822
0.3	45	26.7259
0.3	45	-131.733
0.3	45	15.3032
0.3	45	-161.119
0.3	45	-47.3541
0.3	45	111.747
0.3	45	-42.182
0.3	45	127.377
0.3	45	-35.5643
0.3	45	78.7166
0.25	-45	36.9379
0.25	-45	66.0116
0.25	-45	-88.4507
0.25	-45	170.84
0.25	-45	43.4168
0.25	-45	81.2173
0.25	-45	-85.8104
0.25	-45	53.8923
0.25	-45	158.739
0.25	-45	47.4471
0.25	-45	-30.9521
0.25	-45	-81.5608
0.25	-45	46.7462
0.25	-45	-15.0992
0.25	-45	-120.756
0.25	-45	-72.705
0.25	-45	74.716
0.25	-45	131.888
0.25	-45	-63.6042
0.25	-45	26.3002
0.25	-45	96.513
0.25	-45	146.604
0.25	-45	-107.001
0.25	-45	153.606
0.25	-45	-13.6377
0.25	-45	114.074
0.25	-45	-14.1029
0.25	-45	-44.6836
0.25	-45	84.1995
0.25	-45	178.498
0.25	-45	127.268
0.25	-45	119.355
0.25	-45	161.698
0.25	-45	118.582
0.25	-45	-46.7022
0.25	-45	-49.6524
0.25	-45	172.253
0.25	-45	-70.0956
0.25	-45	-127.406
0.25	-45	-58.0996
0.25	-45	114.188
0.25	-45	-28.5
0.25	-45	-96.9925
0.25	-45	31.6535
0.25	-45	86.7562
0.25	-45	128.594
0.25	-45	22.0743
0.25	-45	-133.724
0.25	-45	-128.767
0.25	-45	-55.4987
0.25	-45	-137.996
0.25	-45	92.537
0.25	-45	75.7216
0.25	-45	-72.5221
0.25	-45	-77.6148
0.25	-45	-2.89291
0.25	-45	82.026
0.25	-45	60.3112
0.25	-45	-146.309
0.25	-45	85.4782
0.25	-45	-41.2228
0.25	-45	-30.6854
0.25	-45	167.718
0.25	-45	-141.046
0.25	-45	139.844
0.25	-45	145.609
0.25	-45	79.9067
0.25	-45	-54.4716
0.25	-45	-23.5891
0.25	-45	-98.3378
0.25	-45	154.615
0.25	-45	38.1551
0.25	-45	162.584
0.25	-45	127.848
0.25	-45	147.814
0.25	-45	-132.206
0.25	-45	60.6411
0.25	-45	127.591
0.25	-45	141.414
0.25	-45	-107.17
0.25	-45	-106.369
0.25	-45	-51.9918
0.25	-45	12.238
0.25	-45	49.7458
0.25	-45	127.071
0.25	-45	44.6005
0.25	-45	7.79343
0.25	-45	-156.434
0.25	-45	-150.926
0.25	-45	-79.1346
0.25	-45	-171.755
0.25	-45	17.935
0.25	-45	-157.319
0.25	-45	-106.339
0.25	-45	108.887
0.25	-45	-36.1397
0.25	-45	-135.269
0.25	-45	-163.016
0.25	-45	-117.46
0.25	-45	-37.6316
0.25	-45	53.8336
0.25	-45	159.919
0.25	-45	-86.8447
0.25	-45	-148.243
0.25	-45	7.31013
0.25	-45	64.6425
0.25	-45	21.9602
0.25	-45	-138.232
0.25	-45	-79.2073
0.25	-45	-68.0079
0.25	-45	-3.55884
0.25	-45	116.148
0.25	-45	109.758
0.25	-45	107.6
0.25	-45	-27.0375
0.25	-45	127.421
0.25	-45	177.027
0.25	-45	76.2561
0.25	-45	12.3033
0.25	-45	-119.121
0.25	-45	51.2414
0.25	-45	-150.734
0.25	-45	171.746
0.25	-45	103.268
0.25	-45	103.729
0.25	-45	35.0199
0.25	-45	-147.697
0.25	-45	91.3421
0.25	-45	-153.078
0.25	-45	-114.095
0.25	-45	91.7829
0.25	-45	176.499
0.25	-45	-91.161
0.25	-45	83.8601
0.25	-45	39.4747
0.25	-45	-166.63
0.25	-45	173.014
0.25	-45	-93.5893
0.25	-45	-38.4909
0.25	-45	-133.493
0.25	-45	-176.847
0.25	-45	-69.7951
0.25	-45	-70.5853
0.25	-45	-60.0327
0.25	-45	36.6921
0.25	-45	-107.879
0.25	-45	-44.5457
0.25	-45	105.662
0.25	-45	-140.967
0.25	-45	-31.0357
0.25	-45	-46.4045
0.25	-45	144.828
0.25	-45	143.134
0.25	-45	-10.5661
0.25	-45	69.5608
0.25	-45	158.628
0.25	-45	-167.389
0.25	-45	-88.5575
0.25	-45	-62.5845
0.25	-45	-9.65982
0.25	-45	-15.4584
0.25	-45	-63.9133
0.25	-45	132.705
0.25	-45	-26.4076
0.25	-45	-31.4662
0.25	-45	14.5694
0.25	-45	-42.003
0.25	-45	147.389
0.25	-45	158.292
0.25	-45	-171.651
0.25	-45	160.702
0.25	-45	-105.96
0.25	-45	22.7705
0.25	-45	92.3219
0.25	-45	-32.8614
0.25	-45	-101.42
0.25	-45	-101.296
0.25	-45	-37.8297
0.25	-45	66.1489
0.25	-45	19.3534
0.25	-45	161.825
0.25	-45	-23.1598
0.25	-45	-178.3
0.25	-45	117.495
0.25	-45	-13.956
0.25	-45	140.359
0.25	-45	-142.57
0.25	-45	-64.5714
0.25	-45	10.4353
0.25	-45	-37.7157
0.25	-45	71.8879
0.25	-45	-139.297
0.25	-45	-79.3664
0.25	-45	-45.9791
0.25	-45	77.9037
0.25	-45	56.985
0.25	-45	177.406
0.25	-45	-162.741
0.25	-45	-149.195
0.25	-45	59.9371
0.25	-45	117.747
0.25	-45	146.708
0.25	-45	107.502
0.25	-45	70.5035
0.25	-45	120.173
0.25	-45	-28.4299
0.25	-45	53.6941
0.25	-45	52.1848
0.25	-45	-79.3134
0.25	-45	8.19302
0.25	-45	96.8306
0.25	-45	138.084
0.25	-45	-159.302
0.25	-45	-148.768
0.25	-45	16.6018
0.25	-45	-114.227
0.25	-45	131.026
0.25	-45	-111.725
0.25	-45	-110.031
0.25	-45	134.588
0.25	-45	105.363
0.25	-45	-176.568
0.25	-45	-83.0113
0.25	-45	0.818851
0.25	-45	-162.22
0.25	-45	-158.343
0.25	-45	-44.466
0.25	-45	169.943
0.25	-45	-159.172
0.25	-45	-156.219
0.25	-45	-126.637
0.25	-45	174.529
0.25	-45	49.5557
0.25	-45	-3.00534
0.25	-45	65.8108
0.25	-45	130.012
0.25	-45	-124.993
0.25	-45	36.013
0.25	-45	97.3447
0.25	-45	113.567
0.25	-45	-33.7161
0.25	-45	159.459
0.25	-45	-158.605
0.25	-45	-156.346
0.25	-45	116.059
0.25	-45	-31.1779
0.25	-45	136.994
0.25	-45	116.987
0.25	-45	-98.8773
0.25	-45	175.432
0.25	-45	90.4889
0.25	-45	-95.7941
0.25	-45	156.668
0.25	-45	-48.5933
0.25	-45	-150.456
0.25	-45	-158.612
0.25	-45	-78.3306
0.25	-45	29.8578
0.25	-45	-145.02
0.25	-45	67.2303
0.25	-45	-59.3878
0.25	-45	149.481
0.25	-45	68.3604
0.25	-45	165.657
0.25	-45	58.8931
0.25	-45	86.112
0.25	-45	28.4775
0.25	-45	65.6091
0.25	-45	-146.857
0.25	-45	-123.202
0.25	-45	-105.569
0.25	-45	157.039
0.25	-45	-5.90656
0.25	-45	116.272
0.25	-45	-142.184
0.25	-45	-16.8738
0.25	-45	18.2971
0.25	-45	137.549
0.25	-45	-161.038
0.25	-45	-159.856
0.25	-45	-164.668
0.25	-45	98.6842
0.25	-45	47.4444
0.25	-45	-127.618
0.25	-45	-73.67
0.25	-45	-136.445
0.25	-45	14.7937
0.25	-45	-32.9824
0.25	-45	178.455
0.25	-45	-6.28787
0.25	-45	154.081
0.25	-45	-172.473
0.25	-45	-173.489
0.25	-45	88.5988
0.25	-45	129.285
0.25	-45	135.302
0.25	-45	-102.704
0.25	-45	-33.6415
0.25	-45	-59.2551
0.25	-45	-57.7598
0.25	-45	-99.7793
0.25	-45	99.053
0.25	-45	132.472
0.25	-45	-112.174
0.25	-45	37.0571
0.25	-45	51.7213
0.25	-45	50.5789
0.25	-45	-34.5398
0.25	-45	67.2981
0.25	-45	-157.4
0.25	-45	147.337
0.25	-45	-4.86261
0.25	-45	160.123
0.25	-45	-22.0602
0.25	-45	152.124
0.25	-45	-11.6924
0.25	-45	85.4063
0.25	-45	-101.77
0.25	-45	77.8234
0.25	-45	140.388
0.25	-45	-7.86509
0.25	-45	-168.117
0.25	-45	-61.8612
0.25	-45	70.7348
0.25	-45	34.7979
0.25	-45	53.3409
0.25	-45	165.63
0.25	-45	152.714
0.25	-45	136.972
0.25	-45	-98.7136
0.25	-45	-157.776
0.25	-45	-0.833175
0.25	-45	11.8493
0.25	-45	140.768
0.25	-45	151.839
0.25	-45	-38.7756
0.25	-45	68.7064
0.25	-45	13.8568
0.25	-45	65.6081
0.25	-45	59.4207
0.25	-45	-2.93209
0.25	-45	54.5032
0.25	-45	51.1371
0.25	-45	-21.2899
0.25	-45	-82.924
0.25	-45	-151.535
0.25	-45	-103.62
0.25	-45	-3.944
0.25	-45	-144.532
0.25	-45	0.904274
0.25	-45	-20.3124
0.25	-45	173.604
0.25	-45	-93.6609
0.25	-45	-177.384
0.25	-45	-115.34
0.25	-45	177.9
0.25	-45	-5.25245
0.25	-45	-130.838
0.25	-45	129.771
0.25	-45	43.6784
0.25	-45	116.834
0.25	-45	138.141
0.25	-45	176.651
0.25	-45	-20.4606
0.25	-45	-151.767
0.25	-45	-152.85
0.25	-45	-86.9473
0.25	-45	-123.887
0.25	-45	-108.246
0.25	-45	-119.469
0.25	-45	-118.47
0.25	-45	-88.5904
0.25	-45	155.889
0.25	-45	-124.553
0.25	-45	-161.977
0.25	-45	64.2319
0.25	-45	-125.939
0.25	-45	137.629
0.25	-45	112.256
0.25	-45	120.577
0.25	-45	-90.6215
0.25	-45	106.958
0.25	-45	10.0688
0.25	-45	50.3605
0.25	-45	-103.142
0.25	-45	-12.8091
0.25	-45	179.435
0.25	-45	-16.2749
0.25	-45	46.8737
0.25	-45	-82.7908
0.25	-45	60.2951
0.25	-45	-120.981
0.25	-45	-61.4789
0.25	-45	-67.0406
0.25	-45	151.78
0.25	-45	155.482
0.25	-45	-90.4983
0.25	-45	176.938
0.25	-45	-127.371
0.25	-45	179.924
0.25	-45	-28.714
0.25	-45	101.153
0.25	-45	-32.0956
0.25	-45	53.1596
0.25	-45	-158.729
0.25	-45	33.4513
0.25	-45	-114.154
0.25	-45	-141.527
0.25	-45	-16.9261
0.25	-45	-56.8873
0.25	-45	-10.9177
0.25	-45	169.641
0.25	-45	37.6671
0.25	-45	68.7888
0.25	-45	128.881
0.25	-45	102.217
0.25	-45	92.4615
0.25	-45	140.187
0.25	-45	-7.41504
0.25	-45	-64.1394
0.25	-45	144.647
0.25	-45	3.61385
0.25	-45	35.5017
0.25	-45	126.063
0.25	-45	6.57778
0.25	-45	-115.228
0.25	-45	39.8402
0.25	-45	177.697
0.25	-45	-104.452
0.25	-45	140.843
0.25	-45	146.529
0.25	-45	-112.768
0.25	-45	-37.5017
0.25	-45	-80.0244
0.25	-45	-116.386
0.25	-45	25.0415
0.25	-45	-9.93584
0.25	-45	-40.0208
0.25	-45	-160.573
0.25	-45	-16.0602
0.25	-45	-166.654
0.25	-45	-36.434
0.25	-45	-142.853
0.25	-45	-25.5803
0.25	-45	-46.5945
0.25	-45	122.865
0.25	-45	25.0953
0.25	-45	-89.1607
0.25	-45	133.062
0.25	-45	11.6519
0.25	-45	-102.306
0.25	-45	85.0775
0.25	-45	37.967
0.25	-45	-162.11
0.25	-45	30.0519
0.25	-45	-73.2523
0.25	-45	-82.9976
0.25	-45	141.074
0.25	-45	-81.1012
0.25	-45	-81.7316
0.25	-45	-32.4344
0.25	-45	-111.578
0.25	-45	23.688
0.25	-45	-105.08
0.25	-45	124.544
0.25	-45	-17.3638
0.25	-45	115.409
0.25	-45	-157.414
0.25	-45	168.915
0.25	-45	-112.029
0.25	-45	-84.9519
0.25	-45	132.676
0.25	-45	-66.8761
0.25	-45	129.663
0.25	-45	76.2503
0.25	-45	-66.1312
0.25	-45	103.49
0.25	-45	-145.314
0.25	-45	77.4546
0.25	-45	32.6207
0.25	-45	-54.1575
0.25	-45	-133.866
0.25	-45	-48.8546
0.25	-45	100.957
0.25	-45	158.1
0.25	-45	-116.295
0.25	-45	179.167
0.25	-45	-60.6772
0.25	-45	174.925
0.25	-45	-33.4353
0.25	-45	-45.3159
0.25	-45	124.225
0.25	-45	107.959
0.25	-45	98.9405
0.25	-45	-51.7178
0.25	-45	-178.497
0.25	-45	148.479
0.25	-45	-58.617
0.25	-45	-61.7397
0.25	-45	168.483
0.25	-45	-119.787
0.25	-45	12.625
0.25	-45	-47.7541
0.25	-45	-110.879
0.25	-45	-147.171
0.25	-45	132.34
0.25	-45	-0.0528699
0.25	-45	63.2887
0.25	-45	-107.372
0.25	-45	82.3609
0.25	-45	-65.1696
0.25	-45	-1.91118
0.25	-45	-50.6848
0.25	-45	-72.8199
0.25	-45	-90.1318
0.25	-45	-65.4397
0.25	-45	-21.5914
0.25	-45	-100.298
0.25	-45	-177.095
0.25	-45	76.0126
0.25	-45	-107.055
0.25	-45	155.807
0.25	-45	-112.74
0.25	-45	175.309
0.25	-45	-39.6517
0.25	-45	93.9822
0.25	-45	6.39921
0.25	-45	-40.2834
0.25	-45	136.28
0.25	-45	66.1007
0.25	-45	-107.605
0.25	-45	-47.4914
0.25	-45	125.477
0.25	-45	124.011
0.25	-45	119.917
0.25	-45	115.392
0.25	-45	-50.93
0.25	-45	-146.447
0.25	-45	-46.0763
0.25	-45	-88.2863
0.25	-45	167.403
0.25	-45	91.7693
0.25	-45	-12.7619
0.25	-45	175.174
0.25	-45	4.67677
0.25	-45	-114.704
0.25	-45	-24.0631
0.25	-45	-62.7592
0.25	-45	32.0258
0.25	-45	87.8812
0.25	-45	-150.88
0.25	-45	-128.785
0.25	-45	-2.81889
0.25	-45	128.378
0.25	-45	-0.275275
0.25	-45	-148.894
0.25	-45	-115.743
0.25	-45	-49.5454
0.25	-45	15.3689
0.25	-45	35.3872
0.25	-45	-123.898
0.25	-45	11.7696
0.25	-45	131.645
0.25	-45	8.46279
0.25	-45	155.006
0.25	-45	-73.1717
0.25	-45	55.3194
0.25	-45	-179.318
0.25	-45	97.749
0.25	-45	67.991
0.25	-45	-114.917
0.25	-45	128.652
0.25	-45	-74.8504
0.25	-45	175.152
0.25	-45	44.9673
0.25	-45	-122.994
0.25	-45	121.814
0.25	-45	-0.820244
0.25	-45	76.051
0.25	-45	14.7442
0.25	-45	9.66041
0.25	-45	151.963
0.25	-45	-55.089
0.25	-45	-106.76
0.25	-45	-65.5769
0.25	-45	146.138
0.25	-45	-172.604
0.25	-45	-111.7
0.25	-45	-58.8778
0.25	-45	45.4527
0.25	-45	112.04
0.25	-45	107.747
0.25	-45	70.1805
0.25	-45	-148.978
0.25	-45	-153.217
0.25	-45	133.866
0.25	-45	112.409
0.25	-45	90.4284
0.25	-45	-10.3556
0.25	-45	-165.871
0.25	-45	-10.4132
0.25	-45	-138.668
0.25	-45	137.731
0.25	-45	-131.84
0.25	-45	101.448
0.25	-45	156.143
0.25	-45	145.443
0.25	-45	-101.641
0.25	-45	26.0218
0.25	-45	-174.009
0.25	-45	147.71
0.25	-45	5.21223
0.25	-45	134.836
0.25	-45	-118.538
0.25	-45	-64.7807
0.25	-45	-178.3
0.25	-45	166.624
0.25	-45	89.0709
0.25	-45	-179.776
0.25	-45	-118.867
0.25	-45	44.8167
0.25	-45	-81.7999
0.25	-45	83.6727
0.25	-45	-167.991
0.25	-45	153.642
0.25	-45	-154.604
0.25	-45	-165.309
0.25	-45	-64.1637
0.25	-45	-42.6366
0.25	-45	-103.183
0.25	-45	171.577
0.25	-45	-52.5003
0.25	-45	36.1564
0.25	-45	-176.148
0.25	-45	-71.9605
0.25	-45	-114.174
0.25	-45	-88.8343
0.25	-45	45.906
0.25	-45	-68.5585
0.25	-45	85.7311
0.25	-45	-66.6313
0.25	-45	-70.3349
0.25	-45	142.713
0.25	-45	48.6444
0.25	-45	92.0441
0.25	-45	160.364
0.25	-45	-132.758
0.25	-45	127.001
0.25	-45	8.17985
0.25	-45	108.339
0.25	-45	-22.3435
0.25	-45	-35.8067
0.25	-45	-154.776
0.25	-45	-129.66
0.25	-45	50.2286
0.25	-45	-151.794
0.25	-45	28.3313
0.25	-45	-109.328
0.25	-45	101.229
0.25	-45	82.4556
0.25	-45	-69.8151
0.25	-45	75.5752
0.25	-45	48.17
0.25	-45	-60.106
0.25	-45	-116.328
0.25	-45	-46.7136
0.25	-45	178.684
0.25	-45	140.478
0.25	-45	-119.99
0.25	-45	163.447
0.25	-45	147.662
0.25	-45	147.113
0.25	-45	13.85
0.25	-45	10.2619
0.25	-45	-86.3127
0.25	-45	-132.29
0.25	-45	-46.0536
0.25	-45	172.446
0.25	-45	-112.517
0.25	-45	-70.6473
0.25	-45	140.512
0.25	-45	9.3878
0.25	-45	-50.8407
0.25	-45	110.101
0.25	-45	-31.9561
0.25	-45	-79.7332
0.25	-45	-131.327
0.25	-45	173.824
0.25	-45	97.9973
0.25	-45	176.13
0.25	-45	-141.316
0.25	-45	-142.046
0.25	-45	90.0565
0.25	-45	176.763
0.25	-45	-161.01
0.25	-45	108.582
0.25	-45	15.3887
0.25	-45	-105.75
0.25	-45	-96.1225
0.25	-45	92.3013
0.25	-45	110.093
0.25	-45	152.478
0.25	-45	-5.44112
0.25	-45	68.8657
0.25	-45	157.907
0.25	-45	-3.98621
0.25	-45	-153.169
0.25	-45	20.5627
0.25	-45	156.962
0.25	-45	117.843
0.25	-45	146.191
0.25	-45	75.4607
0.25	-45	-160.414
0.25	-45	-87.8385
0.25	-45	-138.138
0.25	-45	-153.207
0.25	-45	18.6988
0.25	-45	23.0061
0.25	-45	-166.322
0.25	-45	150.546
0.25	-45	36.2807
0.25	-45	-91.464
0.25	-45	91.9144
0.25	-45	-130.857
0.25	-45	-90.187
0.25	-45	-94.3321
0.25	-45	95.078
0.25	-45	-85.0477
0.25	-45	62.4964
0.25	-45	50.9741
0.25	-45	-95.8874
0.25	-45	31.7292
0.25	-45	169.201
0.25	-45	161.915
0.25	-45	-25.5986
0.25	-45	-67.9513
0.25	-45	148.454
0.25	-45	56.5046
0.25	-45	-152.95
0.25	-45	53.635
0.25	-45	131.775
0.25	-45	-55.6616
0.25	-45	-30.933
0.25	-45	-13.2686
0.25	-45	34.0107
0.25	-45	55.9517
0.25	-45	119.866
0.25	-45	-86.2535
0.25	-45	68.0378
0.25	-45	-158.532
0.25	-45	-154.288
0.25	-45	167.705
0.25	-45	-114.349
0.25	-45	111.881
0.25	-45	161.783
0.25	-45	121.492
0.25	-45	171.419
0.25	-45	21.4275
0.25	-45	169.292
0.25	-45	159.195
0.25	-45	-152.394
0.25	-45	-136.403
0.25	-45	161.614
0.25	-45	166.77
0.25	-45	-93.8417
0.25	-45	167.322
0.25	-45	-131.584
0.25	-45	-100.645
0.25	-45	-43.4113
0.25	-45	-91.1467
0.25	-45	-27.1655
0.25	-45	52.0931
0.25	-45	136.075
0.25	-45	23.9721
0.25	-45	-104.116
0.25	-45	72.6755
0.25	-45	95.3817
0.25	-45	48.1584
0.25	-45	36.9324
0.25	-45	-102.257
0.25	-45	-177.422
0.25	-45	-0.35587
0.25	-45	53.2068
0.25	-45	-31.2202
0.25	-45	-60.2675
0.25	-45	150.24
0.25	-45	-148.234
0.25	-45	153.225
0.25	-45	-25.5126
0.25	-45	-160.82
0.25	-45	-110.367
0.25	-45	-123.711
0.25	-45	-174.783
0.25	-45	127.047
0.25	-45	-100.535
0.25	-45	-80.3269
0.25	-45	-69.4423
0.25	-45	177.803
0.25	-45	9.4663
0.25	-45	-64.3511
