pol	setting	phi
0.3	45	126.376
0.3	45	-65.2588
0.3	45	136.373
0.3	45	-104.752
0.3	45	-120.545
0.3	45	118.284
0.3	45	179.373
0.3	45	43.147
0.3	45	-54.3409
0.3	45	178.33
0.3	45	117.197
0.3	45	-147.712
0.3	45	130.906
0.3	45	150.494
0.3	45	-9.71319
0.3	45	157.911
0.3	45	115.653
0.3	45	-158.948
0.3	45	-115.72
0.3	45	160.868
0.3	45	0.159173
0.3	45	99.4986
0.3	45	-40.0005
0.3	45	35.698
0.3	45	-89.9622
0.3	45	-29.7302
0.3	45	-87.7638
0.3	45	-28.9993
0.3	45	40.6944
0.3	45	143.651
0.3	45	85.2437
0.3	45	-78.3692
0.3	45	-17.0847
0.3	45	9.62379
0.3	45	32.1625
0.3	45	-107.062
0.3	45	62.7347
0.3	45	149.504
0.3	45	-44.4474
0.3	45	90.6788
0.3	45	-59.7659
0.3	45	-63.9254
0.3	45	-156.694
0.3	45	-70.9218
0.3	45	130.073
0.3	45	-32.1925
0.3	45	-77.1856
0.3	45	-149.607
0.3	45	-110.599
0.3	45	-19.5069
0.3	45	9.56433
0.3	45	40.4725
0.3	45	52.4033
0.3	45	-57.1482
0.3	45	161.653
0.3	45	-178.192
0.3	45	16.9845
0.3	45	157.506
0.3	45	163.763
0.3	45	112.236
0.3	45	-78.9016
0.3	45	-156.311
0.3	45	-91.375
0.3	45	-72.3764
0.3	45	-54.4558
0.3	45	128.866
0.3	45	18.7095
0.3	45	114.632
0.3	45	-19.1084
0.3	45	31.9848
0.3	45	123.486
0.3	45	42.7529
0.3	45	-156.468
0.3	45	-72.7454
0.3	45	-47.8595
0.3	45	-166.456
0.3	45	47.9068
0.3	45	-45.2201
0.3	45	151.878
0.3	45	-111.711
0.3	45	138.096
0.3	45	-108.426
0.3	45	112.617
0.3	45	16.7227
0.3	45	57.5642
0.3	45	-170.897
0.3	45	62.691
0.3	45	-59.2787
0.3	45	32.5671
0.3	45	102.965
0.3	45	154.146
0.3	45	121.351
0.3	45	156.277
0.3	45	124.191
0.3	45	-158.944
0.3	45	-133.426
0.3	45	118.383
0.3	45	132.801
0.3	45	-153.052
0.3	45	143.715
0.3	45	-78.4381
0.3	45	-144.318
0.3	45	138.509
0.3	45	162.835
0.3	45	-49.928
0.3	45	105.902
0.3	45	126.877
0.3	45	41.8521
0.3	45	151.01
0.3	45	-88.8808
0.3	45	-146.306
0.3	45	-96.3286
0.3	45	24.2098
0.3	45	-30.7568
0.3	45	161.145
0.3	45	158.824
0.3	45	124.697
0.3	45	-34.3044
0.3	45	-68.9256
0.3	45	-41.5028
0.3	45	-91.6137
0.3	45	135.655
0.3	45	80.6295
0.3	45	35.3166
0.3	45	-100.614
0.3	45	-138.043
0.3	45	175.993
0.3	45	43.2778
0.3	45	-44.6549
0.3	45	102.729
0.3	45	112.299
0.3	45	116.868
0.3	45	-95.3658
0.3	45	125.845
0.3	45	83.7298
0.3	45	37.4101
0.3	45	-110.401
0.3	45	94.3464
0.3	45	-43.7683
0.3	45	123.232
0.3	45	-138.535
0.3	45	-32.0208
0.3	45	-155.834
0.3	45	-143.257
0.3	45	169.384
0.3	45	117.033
0.3	45	-78.7328
0.3	45	162.042
0.3	45	-16.9813
0.3	45	-127.858
0.3	45	-112.137
0.3	45	-29.2587
0.3	45	12.2264
0.3	45	177.648
0.3	45	-97.1466
0.3	45	22.4597
0.3	45	50.4326
0.3	45	37.6556
0.3	45	0.681789
0.3	45	-106.315
0.3	45	78.1008
0.3	45	-155.952
0.3	45	159.321
0.3	45	-24.8426
0.3	45	168.015
0.3	45	156.988
0.3	45	-58.7841
0.3	45	55.489
0.3	45	84.2806
0.3	45	48.7694
0.3	45	26.8496
0.3	45	-34.9319
0.3	45	-26.9801
0.3	45	-19.6324
0.3	45	-104.455
0.3	45	60.0903
0.3	45	-131.669
0.3	45	124.177
0.3	45	57.1297
0.3	45	137.617
0.3	45	-91.0328
0.3	45	19.2177
0.3	45	-168.228
0.3	45	-31.6893
0.3	45	98.4933
0.3	45	178.181
0.3	45	128.169
0.3	45	137.395
0.3	45	-85.0245
0.3	45	-176.627
0.3	45	-145.138
0.3	45	59.1121
0.3	45	166.445
0.3	45	-138.249
0.3	45	9.93246
0.3	45	-70.0339
0.3	45	25.4272
0.3	45	-24.5179
0.3	45	-83.9971
0.3	45	-53.5017
0.3	45	-139.282
0.3	45	-96.6371
0.3	45	-88.1681
0.3	45	-49.7938
0.3	45	44.4124
0.3	45	-65.1723
0.3	45	28.0032
0.3	45	-179.994
0.3	45	-68.0362
0.3	45	144.831
0.3	45	-178.75
0.3	45	148.951
0.3	45	86.1478
0.3	45	15.5733
0.3	45	-119.786
0.3	45	143.734
0.3	45	162.566
0.3	45	-147.76
0.3	45	-106.002
0.3	45	-108.629
0.3	45	135.653
0.3	45	-144.504
0.3	45	-106.527
0.3	45	-101.035
0.3	45	-51.4362
0.3	45	141.909
0.3	45	31.2911
0.3	45	-48.5454
0.3	45	102.204
0.3	45	-83.9651
0.3	45	66.5618
0.3	45	113.281
0.3	45	-149.687
0.3	45	37.421
0.3	45	-72.965
0.3	45	-122.193
0.3	45	-70.6178
0.3	45	164.58
0.3	45	154.049
0.3	45	137.486
0.3	45	32.5631
0.3	45	-26.3753
0.3	45	-162.329
0.3	45	-26.3603
0.3	45	-80.1041
0.3	45	143.167
0.3	45	73.2761
0.3	45	105.437
0.3	45	-148.612
0.3	45	116.238
0.3	45	66.0866
0.3	45	39.7857
0.3	45	169.602
0.3	45	60.519
0.3	45	-87.467
0.3	45	-111.802
0.3	45	-45.5379
0.3	45	-141.089
0.3	45	-124.964
0.3	45	-71.5656
0.3	45	57.267
0.3	45	156.549
0.3	45	109.765
0.3	45	-13.3119
0.3	45	126.643
0.3	45	130.419
0.3	45	146.736
0.3	45	49.8289
0.3	45	111.082
0.3	45	-5.59096
0.3	45	-75.3999
0.3	45	-38.9827
0.3	45	162.662
0.3	45	134.091
0.3	45	-13.5355
0.3	45	-101.589
0.3	45	151.825
0.3	45	55.3575
0.3	45	-173.459
0.3	45	31.9943
0.3	45	139.731
0.3	45	67.6019
0.3	45	157.181
0.3	45	-107.228
0.3	45	112.028
0.3	45	-9.39184
0.3	45	-156.307
0.3	45	18.862
0.3	45	-127.061
0.3	45	-64.3877
0.3	45	174.241
0.3	45	42.5653
0.3	45	-99.9637
0.3	45	-65.8007
0.3	45	110.55
0.3	45	-46.239
0.3	45	-125.885
0.3	45	53.5566
0.3	45	-161.973
0.3	45	-15.0367
0.3	45	-10.6322
0.3	45	-174.503
0.3	45	139.859
0.3	45	-154.275
0.3	45	132.153
0.3	45	-171.701
0.3	45	-117.673
0.3	45	93.9341
0.3	45	13.392
0.3	45	127.874
0.3	45	-75.3535
0.3	45	-100.504
0.3	45	-118.086
0.3	45	118.458
0.3	45	171.841
0.3	45	78.8126
0.3	45	29.1488
0.3	45	-62.0716
0.3	45	103.036
0.3	45	163.375
0.3	45	53.2632
0.3	45	71.4059
0.3	45	-33.8793
0.3	45	-116.37
0.3	45	31.855
0.3	45	-153.375
0.3	45	83.2396
0.3	45	-54.7664
0.3	45	161.909
0.3	45	22.6984
0.3	45	-174.573
0.3	45	100.461
0.3	45	-42.9117
0.3	45	-40.123
0.3	45	138.926
0.3	45	-159.231
0.3	45	-88.9165
0.3	45	148.117
0.3	45	112.823
0.3	45	-131.984
0.3	45	111.47
0.3	45	-30.3855
0.3	45	168.159
0.3	45	120.384
0.3	45	168.707
0.3	45	-61.9668
0.3	45	-84.5589
0.3	45	79.3115
0.3	45	11.4132
0.3	45	-71.0572
0.3	45	-116.057
0.3	45	63.1553
0.3	45	-170.081
0.3	45	32.5558
0.3	45	39.7506
0.3	45	169.441
0.3	45	112.523
0.3	45	23.7431
0.3	45	150.05
0.3	45	-169.731
0.3	45	-105.206
0.3	45	29.9459
0.3	45	-134.47
0.3	45	-174.802
0.3	45	151.997
0.3	45	147.637
0.3	45	126.176
0.3	45	-122.474
0.3	45	106.004
0.3	45	-28.3597
0.3	45	161.536
0.3	45	-107.501
0.3	45	34.7397
0.3	45	13.9766
0.3	45	-11.4429
0.3	45	-50.5133
0.3	45	-65.6523
0.3	45	56.1335
0.3	45	39.846
0.3	45	-65.1636
0.3	45	69.1764
0.3	45	168.249
0.3	45	163.657
0.3	45	22.907
0.3	45	163.713
0.3	45	-121.303
0.3	45	-138.623
0.3	45	88.0018
0.3	45	99.3605
0.3	45	-170.866
0.3	45	134.724
0.3	45	-95.1873
0.3	45	-128.48
0.3	45	-107.808
0.3	45	54.3882
0.3	45	137.047
0.3	45	64.8962
0.3	45	-61.79
0.3	45	150.645
0.3	45	47.0233
0.3	45	51.2099
0.3	45	-109.165
0.3	45	-0.720888
0.3	45	-16.837
0.3	45	19.2326
0.3	45	-48.105
0.3	45	99.4375
0.3	45	136.547
0.3	45	174.891
0.3	45	52.1295
0.3	45	171.495
0.3	45	86.3339
0.3	45	94.3685
0.3	45	-0.610995
0.3	45	-103.325
0.3	45	-19.936
0.3	45	115.169
0.3	45	-7.03539
0.3	45	-105.229
0.3	45	-23.4576
0.3	45	-46.8306
0.3	45	-42.7
0.3	45	-30.5107
0.3	45	92.174
0.3	45	79.156
0.3	45	-28.4514
0.3	45	-20.3746
0.3	45	63.1625
0.3	45	116.734
0.3	45	37.0657
0.3	45	66.129
0.3	45	-136.136
0.3	45	86.8675
0.3	45	2.91711
0.3	45	175.669
0.3	45	157.771
0.3	45	166.928
0.3	45	-64.2596
0.3	45	-134.533
0.3	45	-177.044
0.3	45	-50.0188
0.3	45	-158.887
0.3	45	-146.736
0.3	45	-58.0317
0.3	45	58.9823
0.3	45	-134.22
0.3	45	-62.0029
0.3	45	-82.8154
0.3	45	-44.3807
0.3	45	130.519
0.3	45	-94.8429
0.3	45	73.9645
0.3	45	46.8678
0.3	45	-156.901
0.3	45	131.475
0.3	45	168.317
0.3	45	-61.7733
0.3	45	-94.9256
0.3	45	-65.5395
0.3	45	-74.4494
0.3	45	-27.5716
0.3	45	-168.004
0.3	45	112.254
0.3	45	-159.164
0.3	45	127.374
0.3	45	55.2442
0.3	45	3.30752
0.3	45	165.572
0.3	45	-75.6114
0.3	45	-26.5492
0.3	45	-134.912
0.3	45	148.659
0.3	45	-161.599
0.3	45	10.9983
0.3	45	99.4293
0.3	45	10.3646
0.3	45	-145.145
0.3	45	-79.4972
0.3	45	44.78
0.3	45	-64.8385
0.3	45	142.592
0.3	45	-154.973
0.3	45	-174.1
0.3	45	-105.869
0.3	45	59.2355
0.3	45	156.792
0.3	45	-89.2486
0.3	45	-107.492
0.3	45	16.7013
0.3	45	-99.6789
0.3	45	-83.5234
0.3	45	-61.7337
0.3	45	-97.4105
0.3	45	22.3789
0.3	45	105.945
0.3	45	119.883
0.3	45	-171.396
0.3	45	166.431
0.3	45	29.7575
0.3	45	-62.0264
0.3	45	14.6754
0.3	45	125.842
0.3	45	18.3765
0.3	45	-19.6484
0.3	45	-150.189
0.3	45	-133.747
0.3	45	-176.595
0.3	45	-99.5363
0.3	45	-100.333
0.3	45	49.5599
0.3	45	-28.7547
0.3	45	-164.767
0.3	45	-19.1413
0.3	45	76.7596
0.3	45	-117.512
0.3	45	81.3204
0.3	45	130.082
0.3	45	-134.014
0.3	45	16.7759
0.3	45	101.375
0.3	45	72.1222
0.3	45	153.273
0.3	45	119.933
0.3	45	4.40853
0.3	45	57.2836
0.3	45	-138.507
0.3	45	-32.2963
0.3	45	-111.836
0.3	45	84.4762
0.3	45	-163.791
0.3	45	161.65
0.3	45	-139.455
0.3	45	-9.01276
0.3	45	111.354
0.3	45	-58.5549
0.3	45	163.803
0.3	45	60.9994
0.3	45	143.029
0.3	45	139.375
0.3	45	145.429
0.3	45	-98.0839
0.3	45	58.252
0.3	45	169.596
0.3	45	96.5035
0.3	45	-87.333
0.3	45	-159.431
0.3	45	21.6057
0.3	45	36.4881
0.3	45	-118.047
0.3	45	85.7693
0.3	45	135.357
0.3	45	169.089
0.3	45	142.744
0.3	45	-144.465
0.3	45	-57.1943
0.3	45	-39.7955
0.3	45	-91.3992
0.3	45	70.8203
0.3	45	-91.2178
0.3	45	74.8328
0.3	45	133.625
0.3	45	-58.174
0.3	45	173.166
0.3	45	26.6106
0.3	45	38.2934
0.3	45	52.2735
0.3	45	169.566
0.3	45	-100.884
0.3	45	75.5463
0.3	45	86.9051
0.3	45	-150.443
0.3	45	146.007
0.3	45	124.784
0.3	45	0.136485
0.3	45	67.8
0.3	45	124.397
0.3	45	58.0681
0.3	45	178.189
0.3	45	7.1444
0.3	45	-32.2693
0.3	45	175.806
0.3	45	147.554
0.3	45	-126.197
0.3	45	91.9013
0.3	45	26.3204
0.3	45	-129.973
0.3	45	-140.403
0.3	45	-33.6079
0.3	45	-71.7611
0.3	45	88.4408
0.3	45	-151.604
0.3	45	97.8436
0.3	45	132.296
0.3	45	-61.4468
0.3	45	38.13
0.3	45	-150.44
0.3	45	-118.885
0.3	45	61.1874
0.3	45	-137.699
0.3	45	-4.33487
0.3	45	159.871
0.3	45	-64.0893
0.3	45	-46.6375
0.3	45	-96.1093
0.3	45	-91.2069
0.3	45	29.3119
0.3	45	93.9105
0.3	45	-136.073
0.3	45	166.394
0.3	45	63.4185
0.3	45	158.707
0.3	45	-177.569
0.3	45	-51.0209
0.3	45	99.9591
0.3	45	73.0492
0.3	45	21.4719
0.3	45	-116.224
0.3	45	177.023
0.3	45	9.05103
0.3	45	-99.0585
0.3	45	-110.281
0.3	45	-153.898
0.3	45	134.91
0.3	45	113.75
0.3	45	-119.52
0.3	45	41.7056
0.3	45	-5.84358
0.3	45	-17.6077
0.3	45	20.9363
0.3	45	13.3879
0.3	45	-138.78
0.3	45	-83.7084
0.3	45	-96.3345
0.3	45	146.481
0.3	45	116.748
0.3	45	169.88
0.3	45	-30.9405
0.3	45	-29.3963
0.3	45	-24.4238
0.3	45	-164.746
0.3	45	-63.1562
0.3	45	-52.9324
0.3	45	-47.1098
0.3	45	-137.566
0.3	45	86.572
0.3	45	86.5993
0.3	45	126.604
0.3	45	-115.701
0.3	45	-0.493356
0.3	45	78.6529
0.3	45	-82.0161
0.3	45	-36.4847
0.3	45	34.0437
0.3	45	-113.907
0.3	45	-120.327
0.3	45	159.587
0.3	45	-96.4851
0.3	45	-179.76
0.3	45	-142.514
0.3	45	-95.4443
0.3	45	-48.0269
0.3	45	134.162
0.3	45	-33.0908
0.3	45	-52.5648
0.3	45	74.3651
0.3	45	-0.350187
0.3	45	131.9
0.3	45	-143.864
0.3	45	-169.548
0.3	45	128.669
0.3	45	-117.928
0.3	45	-124.374
0.3	45	-138.883
0.3	45	59.9725
0.3	45	5.87875
0.3	45	34.7174
0.3	45	-135.019
0.3	45	-166.795
0.3	45	138.849
0.3	45	151.174
0.3	45	32.9744
0.3	45	110.513
0.3	45	-173.897
0.3	45	-18.2093
0.3	45	-167.556
0.3	45	131.543
0.3	45	-103.777
0.3	45	0.798076
0.3	45	-117.968
0.3	45	-7.0429
0.3	45	111.108
0.3	45	-86.5694
0.3	45	-77.6825
0.3	45	136.863
0.3	45	102.966
0.3	45	131.451
0.3	45	66.5467
0.3	45	98.9928
0.3	45	8.48261
0.3	45	-35.1021
0.3	45	-175.819
0.3	45	-40.3347
0.3	45	95.0438
0.3	45	-170.827
0.3	45	48.6713
0.3	45	-76.2265
0.3	45	-94.5554
0.3	45	-123.199
0.3	45	-168.829
0.3	45	-57.2031
0.3	45	146.739
0.3	45	-53.9688
0.3	45	-115.436
0.3	45	-1.09108
0.3	45	96.8179
0.3	45	99.9585
0.3	45	-20.5779
0.3	45	-108.441
0.3	45	-64.7867
0.3	45	110.804
0.3	45	106.751
0.3	45	-14.5422
0.3	45	-28.3436
0.3	45	49.994
0.3	45	-150.689
0.3	45	122.719
0.3	45	-150.037
0.3	45	86.7682
0.3	45	55.0206
0.3	45	-173.854
0.3	45	93.0209
0.3	45	67.0845
0.3	45	107.457
0.3	45	-103.947
0.3	45	82.6833
0.3	45	77.7497
0.3	45	179.381
0.3	45	67.5176
0.3	45	-77.6304
0.3	45	-22.8565
0.3	45	-4.76788
0.3	45	-112.587
0.3	45	-174.351
0.3	45	69.6364
0.3	45	-93.2636
0.3	45	56.6282
0.3	45	-149.916
0.3	45	-71.0777
0.3	45	-142.036
0.3	45	-168.441
0.3	45	-17.5369
0.3	45	-64.2519
0.3	45	-115.779
0.3	45	21.1202
0.3	45	-142.485
0.3	45	157.749
0.3	45	105.445
0.3	45	41.4881
0.3	45	-133.309
0.3	45	-114.282
0.3	45	173.562
0.3	45	-79.9735
0.3	45	22.4413
0.3	45	-130.141
0.3	45	-60.7154
0.3	45	157.902
0.3	45	18.4739
0.3	45	130.304
0.3	45	-24.5445
0.3	45	86.936
0.3	45	162.711
0.3	45	-143.108
0.3	45	67.9649
0.3	45	111.292
0.3	45	-61.7353
0.3	45	37.5257
0.3	45	-158.299
0.3	45	-67.0083
0.3	45	-121.529
0.3	45	0.945625
0.3	45	-38.0737
0.3	45	37.9015
0.3	45	93.8956
0.3	45	-144.998
0.3	45	-70.4205
0.3	45	-21.3653
0.3	45	-145.61
0.3	45	141.692
0.3	45	-149.048
0.3	45	17.2729
0.3	45	-147.764
0.3	45	57.6443
0.3	45	-44.3399
0.3	45	111.62
0.3	45	87.7278
0.3	45	-6.48792
0.3	45	80.0692
0.3	45	21.312
0.3	45	17.4077
0.3	45	122.845
0.3	45	50.1323
0.3	45	27.7483
0.3	45	-101.735
0.3	45	-16.5835
0.3	45	-116.292
0.3	45	120.632
0.3	45	112.173
0.3	45	32.0673
0.3	45	50.553
0.3	45	-61.0004
0.3	45	-77.9914
0.3	45	1.4168
0.3	45	-6.83186
0.3	45	-103.131
0.3	45	43.7462
0.3	45	139.153
0.3	45	107.717
0.3	45	-119.291
0.3	45	-20.4291
0.3	45	87.6507
0.3	45	32.4412
0.3	45	16.0076
0.3	45	94.301
0.3	45	-64.9475
0.3	45	114.196
0.3	45	-34.4565
0.3	45	118.974
0.3	45	-154.109
0.3	45	95.3263
0.3	45	14.1336
0.3	45	21.1663
0.3	45	-147.643
0.3	45	129.17
0.3	45	53.108
0.3	45	-69.7908
0.3	45	-80.9427
0.3	45	-18.6698
0.3	45	142.461
0.3	45	-138.599
0.3	45	43.1427
0.3	45	173.767
0.3	45	41.0476
0.3	45	70.6232
0.3	45	161.743
0.3	45	125.313
0.3	45	121.084
0.3	45	-170.223
0.3	45	-169.707
0.3	45	-107.741
0.3	45	134.38
0.3	45	-10.529
0.3	45	83.1494
0.3	45	176.19
0.3	45	135.505
0.3	45	102.102
0.3	45	-177.652
0.3	45	-86.9058
0.3	45	152.552
0.3	45	-7.30651
0.3	45	-146.311
0.3	45	144.824
0.3	45	-109
0.3	45	103.902
0.3	45	28.8413
0.3	45	162.7
0.3	45	107.25
0.3	45	104.605
0.3	45	152.192
0.3	45	148.744
0.3	45	-71.6198
0.3	45	-7.47876
0.3	45	160.264
0.3	45	179.479
0.3	45	147.35
0.3	45	-50.1898
0.3	45	-39.7407
0.3	45	122.275
0.3	45	42.1647
0.3	45	-31.292
0.3	45	-103.33
0.3	45	-146.421
0.3	45	-66.0206
0.3	45	175.913
0.3	45	-23.806
0.3	45	43.7193
0.3	45	-170.287
0.3	45	107.717
0.3	45	59.9308
0.3	45	-105.16
0.3	45	-115.82
0.3	45	-143.806
0.3	45	11.0123
0.3	45	-97.4606
0.3	45	174.264
0.3	45	101.836
0.3	45	35.5666
0.3	45	99.1438
0.3	45	-4.85409
0.3	45	48.9548
0.3	45	128.57
0.3	45	152.546
0.3	45	-136.814
0.3	45	-61.7088
0.3	45	-101.743
0.3	45	119.995
0.3	45	102.878
0.3	45	106.786
0.3	45	-44.3607
0.3	45	-170.357
0.3	45	101.2
0.3	45	-88.0053
0.3	45	32.0789
0.3	45	-172.043
0.3	45	84.4048
0.3	45	-179.805
0.3	45	-157.715
0.3	45	-124.331
0.3	45	-48.9436
0.3	45	-152.585
0.3	45	19.3034
0.3	45	-93.7417
0.3	45	178.675
0.3	45	-101.716
0.3	45	147.202
0.3	45	1.88145
0.3	45	-41.667
0.3	45	-115.996
0.3	45	-7.6705
0.3	45	-93.5221
0.3	45	173.292
0.3	45	-50.8523
0.3	45	-94.0285
0.3	45	-31.4523
0.3	45	63.8189
0.3	45	-153.614
0.3	45	123.315
0.3	45	43.2064
0.3	45	-75.4075
0.3	45	86.708
0.3	45	-162.932
0.3	45	-36.2948
0.3	45	123.526
0.3	45	-51.0844
0.3	45	-168.13
0.3	45	-131.978
0.3	45	-37.2123
0.3	45	37.8938
0.3	45	-108.142
0.3	45	-91.2133
0.3	45	60.0853
0.3	45	-105.674
0.3	45	-74.3395
0.3	45	118.049
0.3	45	-134.723
0.3	45	-122.562
0.3	45	-14.9499
0.3	45	36.1071
0.3	45	-171.156
0.3	45	-102.618
0.3	45	80.6022
0.3	45	-175.447
0.3	45	111.724
0.3	45	-48.1708
0.3	45	-21.8044
0.3	45	37.0858
0.3	45	135.794
0.3	45	118.982
0.3	45	-60.0158
0.3	45	-131.818
0.3	45	-78.894
0.3	45	-14.3394
0.3	45	-116.679
0.3	45	152.672
0.3	45	-58.8799
0.3	45	-109.686
0.3	45	70.2921
0.3	45	-127.92
0.3	45	13.8174
0.3	45	-145.902
0.3	45	-41.5518
0.3	45	69.0657
0.3	45	-35.485
0.3	45	-90.0682
0.3	45	170.999
0.3	45	-110.993
0.3	45	107.533
0.3	45	92.7792
0.3	45	118.832
0.3	45	-68.4563
0.3	45	142.922
0.3	45	139.758
0.3	45	-72.0895
0.3	45	148.631
0.3	45	-110.151
0.3	45	123.004
0.3	45	82.3502
0.3	45	-139.294
0.3	45	-31.708
0.3	45	-3.44941
0.3	45	-60.7424
0.25	-45	-68.1693
0.25	-45	-146.383
0.25	-45	-25.3147
0.25	-45	-94.8148
0.25	-45	161.726
0.25	-45	-102.457
0.25	-45	116.365
0.25	-45	41.0406
0.25	-45	-147.272
0.25	-45	72.227
0.25	-45	91.2818
0.25	-45	50.8018
0.25	-45	143.375
0.25	-45	-98.3335
0.25	-45	133.684
0.25	-45	5.15483
0.25	-45	28.3982
0.25	-45	-112.016
0.25	-45	2.5985
0.25	-45	-91.7217
0.25	-45	-27.603
0.25	-45	-91.3704
0.25	-45	-10.702
0.25	-45	155.925
0.25	-45	-6.9616
0.25	-45	130.682
0.25	-45	27.0305
0.25	-45	-122.135
0.25	-45	-73.0021
0.25	-45	-116.414
0.25	-45	136.654
0.25	-45	-92.2701
0.25	-45	-12.5442
0.25	-45	-153.588
0.25	-45	91.9368
0.25	-45	156.009
0.25	-45	136.613
0.25	-45	-0.0665473
0.25	-45	-8.90481
0.25	-45	-129.768
0.25	-45	91.5877
0.25	-45	43.4293
0.25	-45	146.769
0.25	-45	-88.7272
0.25	-45	103.032
0.25	-45	93.618
0.25	-45	106.508
0.25	-45	86.3885
0.25	-45	162.256
0.25	-45	-148.182
0.25	-45	-101.872
0.25	-45	-141.183
0.25	-45	-113.65
0.25	-45	46.1538
0.25	-45	-103.646
0.25	-45	-67.8287
0.25	-45	-71.4522
0.25	-45	-108.767
0.25	-45	23.8
0.25	-45	-36.942
0.25	-45	108.261
0.25	-45	68.3635
0.25	-45	48.4685
0.25	-45	-85.7867
0.25	-45	-61.1083
0.25	-45	-92.995
0.25	-45	-89.0131
0.25	-45	9.10424
0.25	-45	172.932
0.25	-45	130.164
0.25	-45	54.5055
0.25	-45	73.6878
0.25	-45	174.046
0.25	-45	-53.629
0.25	-45	-168.452
0.25	-45	90.8651
0.25	-45	166.139
0.25	-45	97.7609
0.25	-45	-91.38
0.25	-45	-19.9431
0.25	-45	-68.92
0.25	-45	83.9602
0.25	-45	-162.654
0.25	-45	169.429
0.25	-45	-35.1145
0.25	-45	-51.1309
0.25	-45	-11.7761
0.25	-45	-170.276
0.25	-45	-19.8019
0.25	-45	-122.935
0.25	-45	-119.848
0.25	-45	88.2603
0.25	-45	74.2637
0.25	-45	-68.0628
0.25	-45	-96.9616
0.25	-45	-50.4904
0.25	-45	135.842
0.25	-45	94.2338
0.25	-45	-88.7036
0.25	-45	-128.328
0.25	-45	174.111
0.25	-45	-105.699
0.25	-45	46.3913
0.25	-45	-12.1769
0.25	-45	-90.5237
0.25	-45	96.3765
0.25	-45	-25.5472
0.25	-45	-177.581
0.25	-45	49.5235
0.25	-45	-124.134
0.25	-45	16.1175
0.25	-45	-34.8197
0.25	-45	131.316
0.25	-45	-146.341
0.25	-45	-31.3703
0.25	-45	121.936
0.25	-45	18.4307
0.25	-45	156.343
0.25	-45	-41.3265
0.25	-45	54.0311
0.25	-45	102.192
0.25	-45	-135.747
0.25	-45	178.859
0.25	-45	93.6664
0.25	-45	-0.399595
0.25	-45	-150.927
0.25	-45	-133.894
0.25	-45	-150.184
0.25	-45	-88.4324
0.25	-45	-22.9268
0.25	-45	-77.5584
0.25	-45	-62.0834
0.25	-45	18.8564
0.25	-45	67.4725
0.25	-45	-129.719
0.25	-45	30.8529
0.25	-45	96.1628
0.25	-45	112.738
0.25	-45	-61.9814
0.25	-45	-142.827
0.25	-45	-63.615
0.25	-45	14.4822
0.25	-45	147.652
0.25	-45	116.007
0.25	-45	-71.2007
0.25	-45	-104.392
0.25	-45	60.3544
0.25	-45	124.461
0.25	-45	0.242123
0.25	-45	-71.2095
0.25	-45	173.883
0.25	-45	-63.0607
0.25	-45	168.769
0.25	-45	110.948
0.25	-45	-156.816
0.25	-45	157.548
0.25	-45	164.829
0.25	-45	-160.813
0.25	-45	-103.001
0.25	-45	-136.396
0.25	-45	12.6448
0.25	-45	-112.035
0.25	-45	-47.6686
0.25	-45	160.043
0.25	-45	178.381
0.25	-45	15.6304
0.25	-45	-135.64
0.25	-45	98.2663
0.25	-45	131.744
0.25	-45	119.629
0.25	-45	140.412
0.25	-45	-167.216
0.25	-45	-78.8823
0.25	-45	-83.1905
0.25	-45	106.095
0.25	-45	-68.7577
0.25	-45	-156.768
0.25	-45	118.331
0.25	-45	47.8837
0.25	-45	29.6185
0.25	-45	-95.3621
0.25	-45	-57.8732
0.25	-45	-13.601
0.25	-45	-113.667
0.25	-45	52.2103
0.25	-45	113.99
0.25	-45	90.058
0.25	-45	-95.0498
0.25	-45	85.7007
0.25	-45	139.798
0.25	-45	-158.135
0.25	-45	113.008
0.25	-45	-30.7878
0.25	-45	98.9188
0.25	-45	-47.7801
0.25	-45	28.3259
0.25	-45	-72.9766
0.25	-45	-176.742
0.25	-45	-154.526
0.25	-45	79.0009
0.25	-45	-81.5703
0.25	-45	164.605
0.25	-45	157.331
0.25	-45	-145.522
0.25	-45	-150.334
0.25	-45	70.1895
0.25	-45	120.94
0.25	-45	19.065
0.25	-45	-143.812
0.25	-45	-55.2201
0.25	-45	120.597
0.25	-45	121.873
0.25	-45	-18.3894
0.25	-45	-170.264
0.25	-45	33.6399
0.25	-45	-101.403
0.25	-45	65.6516
0.25	-45	130.877
0.25	-45	120.136
0.25	-45	159.009
0.25	-45	29.497
0.25	-45	-122.842
0.25	-45	-8.46425
0.25	-45	-8.56367
0.25	-45	36.8944
0.25	-45	-145.745
0.25	-45	-97.8234
0.25	-45	-93.3177
0.25	-45	102.968
0.25	-45	-172.616
0.25	-45	145.014
0.25	-45	-153.949
0.25	-45	0.731432
0.25	-45	-99.1823
0.25	-45	10.3325
0.25	-45	24.3129
0.25	-45	11.9313
0.25	-45	68.0042
0.25	-45	-65.3127
0.25	-45	-51.3722
0.25	-45	78.9687
0.25	-45	-4.75218
0.25	-45	57.8079
0.25	-45	104.785
0.25	-45	-37.6985
0.25	-45	173.629
0.25	-45	129.263
0.25	-45	-114.798
0.25	-45	88.363
0.25	-45	-136.067
0.25	-45	-76.2161
0.25	-45	139.47
0.25	-45	-97.9749
0.25	-45	-97.1114
0.25	-45	-148.992
0.25	-45	153.347
0.25	-45	158.904
0.25	-45	-128.794
0.25	-45	-65.0215
0.25	-45	-110.058
0.25	-45	-110.649
0.25	-45	-12.7078
0.25	-45	-31.0704
0.25	-45	25.9944
0.25	-45	48.8458
0.25	-45	-130.636
0.25	-45	26.9672
0.25	-45	148.915
0.25	-45	-161.542
0.25	-45	-171.105
0.25	-45	150.826
0.25	-45	-161.995
0.25	-45	-122.907
0.25	-45	-106.563
0.25	-45	134.052
0.25	-45	-86.2551
0.25	-45	-140.286
0.25	-45	37.7908
0.25	-45	163.513
0.25	-45	54.6591
0.25	-45	98.7373
0.25	-45	-173.02
0.25	-45	-120.563
0.25	-45	59.583
0.25	-45	142.792
0.25	-45	43.3411
0.25	-45	-98.1803
0.25	-45	50.0999
0.25	-45	-158.415
0.25	-45	143.231
0.25	-45	44.1339
0.25	-45	48.7362
0.25	-45	28.5532
0.25	-45	-44.7963
0.25	-45	60.0279
0.25	-45	-63.4002
0.25	-45	-45.398
0.25	-45	176.037
0.25	-45	-14.1845
0.25	-45	34.4613
0.25	-45	-67.2022
0.25	-45	-67.3686
0.25	-45	8.17641
0.25	-45	-146.87
0.25	-45	114.573
0.25	-45	-76.3809
0.25	-45	126.241
0.25	-45	-86.2514
0.25	-45	96.5411
0.25	-45	98.566
0.25	-45	75.5097
0.25	-45	-89.8498
0.25	-45	175.151
0.25	-45	142.931
0.25	-45	-121.873
0.25	-45	-84.385
0.25	-45	-20.9185
0.25	-45	111.434
0.25	-45	85.4579
0.25	-45	-10.497
0.25	-45	-79.3183
0.25	-45	168.992
0.25	-45	77.0882
0.25	-45	-94.1013
0.25	-45	19.2287
0.25	-45	88.9677
0.25	-45	45.4839
0.25	-45	-22.5588
0.25	-45	28.9861
0.25	-45	-35.9652
0.25	-45	144.156
0.25	-45	90.5118
0.25	-45	95.9643
0.25	-45	142.456
0.25	-45	-128.32
0.25	-45	12.058
0.25	-45	17.545
0.25	-45	158.395
0.25	-45	175.595
0.25	-45	-153.857
0.25	-45	34.1537
0.25	-45	-133.413
0.25	-45	46.626
0.25	-45	33.5
0.25	-45	-96.9117
0.25	-45	-53.8608
0.25	-45	-63.4101
0.25	-45	-140.588
0.25	-45	-162.95
0.25	-45	-22.7485
0.25	-45	85.4693
0.25	-45	-35.5797
0.25	-45	79.3954
0.25	-45	-5.30667
0.25	-45	-46.022
0.25	-45	50.6095
0.25	-45	6.66384
0.25	-45	56.4561
0.25	-45	-151.016
0.25	-45	178.149
0.25	-45	91.0701
0.25	-45	-154.757
0.25	-45	30.5843
0.25	-45	33.8745
0.25	-45	-31.1545
0.25	-45	145.082
0.25	-45	-111.468
0.25	-45	30.6199
0.25	-45	150.349
0.25	-45	94.2052
0.25	-45	-5.91763
0.25	-45	65.2339
0.25	-45	126.584
0.25	-45	-104.809
0.25	-45	58.8431
0.25	-45	-66.221
0.25	-45	62.3224
0.25	-45	111.395
0.25	-45	-74.381
0.25	-45	145.999
0.25	-45	115.157
0.25	-45	138.014
0.25	-45	-177.624
0.25	-45	-170.752
0.25	-45	-21.347
0.25	-45	-127.608
0.25	-45	137.369
0.25	-45	25.768
0.25	-45	-4.8417
0.25	-45	16.1359
0.25	-45	-43.621
0.25	-45	-65.6529
0.25	-45	-5.07656
0.25	-45	-152.955
0.25	-45	-76.8272
0.25	-45	-70.8426
0.25	-45	-24.3861
0.25	-45	90.6433
0.25	-45	142.116
0.25	-45	-73.2095
0.25	-45	-28.3879
0.25	-45	-163.274
0.25	-45	-105.176
0.25	-45	-29.0518
0.25	-45	-162.043
0.25	-45	-75.9875
0.25	-45	78.6405
0.25	-45	-120.189
0.25	-45	49.4199
0.25	-45	17.3589
0.25	-45	-150.724
0.25	-45	11.7331
0.25	-45	-38.732
0.25	-45	-101.727
0.25	-45	-12.2359
0.25	-45	-167.933
0.25	-45	-27.8758
0.25	-45	35.1796
0.25	-45	38.5017
0.25	-45	-12.446
0.25	-45	-149.361
0.25	-45	166.977
0.25	-45	68.9422
0.25	-45	-18.184
0.25	-45	24.584
0.25	-45	-144.956
0.25	-45	-142.799
0.25	-45	-1.18342
0.25	-45	-89.7287
0.25	-45	39.9479
0.25	-45	164.041
0.25	-45	-56.9066
0.25	-45	157.916
0.25	-45	128.073
0.25	-45	-20.4806
0.25	-45	-8.42853
0.25	-45	16.6966
0.25	-45	-33.8938
0.25	-45	128.47
0.25	-45	15.5605
0.25	-45	-64.604
0.25	-45	-28.1576
0.25	-45	-11.2237
0.25	-45	-118.573
0.25	-45	165.777
0.25	-45	75.2628
0.25	-45	127.284
0.25	-45	-137.95
0.25	-45	158.849
0.25	-45	88.6755
0.25	-45	163.626
0.25	-45	-153.864
0.25	-45	153.856
0.25	-45	153.618
0.25	-45	-40.2006
0.25	-45	-86.0847
0.25	-45	-109.863
0.25	-45	-55.4154
0.25	-45	-49.5413
0.25	-45	57.8159
0.25	-45	15.4953
0.25	-45	105.314
0.25	-45	-35.4774
0.25	-45	84.8302
0.25	-45	-89.1777
0.25	-45	-147.181
0.25	-45	-131.066
0.25	-45	142.645
0.25	-45	151.63
0.25	-45	68.5642
0.25	-45	-109.106
0.25	-45	174.115
0.25	-45	-175.144
0.25	-45	-78.8339
0.25	-45	90.5385
0.25	-45	-68.0763
0.25	-45	-19.6731
0.25	-45	13.67
0.25	-45	-105.869
0.25	-45	-73.3132
0.25	-45	-3.97829
0.25	-45	-68.3002
0.25	-45	-34.1525
0.25	-45	61.365
0.25	-45	-64.2472
0.25	-45	127.02
0.25	-45	-117.734
0.25	-45	40.4009
0.25	-45	144.083
0.25	-45	121.174
0.25	-45	-165.783
0.25	-45	106.504
0.25	-45	-111.841
0.25	-45	123.182
0.25	-45	28.2972
0.25	-45	-7.58875
0.25	-45	52.2264
0.25	-45	-95.8183
0.25	-45	-17.6095
0.25	-45	66.3691
0.25	-45	36.5673
0.25	-45	85.1912
0.25	-45	24.1499
0.25	-45	15.7127
0.25	-45	-81.0065
0.25	-45	-68.8073
0.25	-45	170.662
0.25	-45	-174.766
0.25	-45	73.3349
0.25	-45	168.148
0.25	-45	-80.4206
0.25	-45	-107.073
0.25	-45	159.158
0.25	-45	-6.57365
0.25	-45	22.6223
0.25	-45	110.486
0.25	-45	34.8977
0.25	-45	-172.751
0.25	-45	-111.853
0.25	-45	38.555
0.25	-45	-3.67985
0.25	-45	-155.439
0.25	-45	-124.77
0.25	-45	54.6479
0.25	-45	94.8218
0.25	-45	92.9155
0.25	-45	-51.926
0.25	-45	93.4526
0.25	-45	-113.2
0.25	-45	121.149
0.25	-45	-34.8972
0.25	-45	48.9353
0.25	-45	31.1194
0.25	-45	-143.063
0.25	-45	-123.564
0.25	-45	51.3562
0.25	-45	49.0011
0.25	-45	-53.983
0.25	-45	157.655
0.25	-45	-127.161
0.25	-45	-101.917
0.25	-45	-167.094
0.25	-45	74.3932
0.25	-45	68.6906
0.25	-45	-68.3248
0.25	-45	-146.908
0.25	-45	49.3243
0.25	-45	-126.726
0.25	-45	-154.234
0.25	-45	-156.622
0.25	-45	-178.103
0.25	-45	27.9409
0.25	-45	124.624
0.25	-45	-115.202
0.25	-45	-49.2668
0.25	-45	149.323
0.25	-45	163.058
0.25	-45	-118.632
0.25	-45	-138.738
0.25	-45	1.76874
0.25	-45	-25.9711
0.25	-45	-136.781
0.25	-45	61.1251
0.25	-45	-99.8339
0.25	-45	18.147
0.25	-45	-144.365
0.25	-45	-134.401
0.25	-45	-52.8134
0.25	-45	106.401
0.25	-45	56.5257
0.25	-45	36.7902
0.25	-45	-4.34246
0.25	-45	90.1651
0.25	-45	-18.9637
0.25	-45	-155.287
0.25	-45	-51.4628
0.25	-45	-4.99945
0.25	-45	115.218
0.25	-45	-85.2428
0.25	-45	-150.98
0.25	-45	111.101
0.25	-45	-131.114
0.25	-45	138.519
0.25	-45	-16.2009
0.25	-45	34.6721
0.25	-45	-73.4578
0.25	-45	-112.443
0.25	-45	-104.122
0.25	-45	-152.213
0.25	-45	98.4949
0.25	-45	4.69779
0.25	-45	-29.7423
0.25	-45	161.159
0.25	-45	81.3458
0.25	-45	-160.034
0.25	-45	-101.003
0.25	-45	135.308
0.25	-45	111.609
0.25	-45	46.2097
0.25	-45	-111.889
0.25	-45	64.5833
0.25	-45	33.0599
0.25	-45	157.265
0.25	-45	-89.7923
0.25	-45	-166.931
0.25	-45	164.172
0.25	-45	174.503
0.25	-45	39.8909
0.25	-45	140.764
0.25	-45	-174.265
0.25	-45	-143.539
0.25	-45	28.3687
0.25	-45	-79.6628
0.25	-45	-98.1049
0.25	-45	161.938
0.25	-45	141.648
0.25	-45	25.8158
0.25	-45	-14.3446
0.25	-45	-115.255
0.25	-45	143.208
0.25	-45	120.84
0.25	-45	-27.9145
0.25	-45	78.8862
0.25	-45	-75.3124
0.25	-45	178.108
0.25	-45	37.5799
0.25	-45	139.119
0.25	-45	143.577
0.25	-45	59.3863
0.25	-45	-111.255
0.25	-45	54.26
0.25	-45	101.353
0.25	-45	-179.846
0.25	-45	-142.042
0.25	-45	-68.1343
0.25	-45	-12.916
0.25	-45	-113.352
0.25	-45	-118.532
0.25	-45	7.27866
0.25	-45	62.6933
0.25	-45	-141.628
0.25	-45	79.281
0.25	-45	104.818
0.25	-45	-170.396
0.25	-45	39.2513
0.25	-45	159.952
0.25	-45	-54.9515
0.25	-45	1.87227
0.25	-45	-3.46095
0.25	-45	-47.2732
0.25	-45	140.837
0.25	-45	60.7289
0.25	-45	-74.1998
0.25	-45	-7.65141
0.25	-45	149.186
0.25	-45	-61.1369
0.25	-45	-22.2189
0.25	-45	109.738
0.25	-45	-126.251
0.25	-45	-64.406
0.25	-45	73.6713
0.25	-45	-56.2686
0.25	-45	-138.27
0.25	-45	-125.712
0.25	-45	94.3771
0.25	-45	156.983
0.25	-45	-108.53
0.25	-45	-1.79844
0.25	-45	152.976
0.25	-45	143.064
0.25	-45	-56.2582
0.25	-45	-38.408
0.25	-45	176.923
0.25	-45	-3.58369
0.25	-45	7.80185
0.25	-45	74.5409
0.25	-45	-45.1755
0.25	-45	-6.26307
0.25	-45	111.216
0.25	-45	-114.623
0.25	-45	42.1369
0.25	-45	-154.51
0.25	-45	74.67
0.25	-45	107.319
0.25	-45	-150.977
0.25	-45	-77.8597
0.25	-45	-5.38413
0.25	-45	-85.4094
0.25	-45	-88.0215
0.25	-45	-1.76678
0.25	-45	-122.874
0.25	-45	-65.6822
0.25	-45	-25.3718
0.25	-45	-157.363
0.25	-45	29.2225
0.25	-45	-35.6256
0.25	-45	87.0302
0.25	-45	121.595
0.25	-45	-58.0872
0.25	-45	69.8146
0.25	-45	-111.348
0.25	-45	-24.9428
0.25	-45	-53.0968
0.25	-45	-126.956
0.25	-45	109.884
0.25	-45	87.2193
0.25	-45	-36.3603
0.25	-45	56.8821
0.25	-45	106.841
0.25	-45	-154.633
0.25	-45	-87.3591
0.25	-45	142.693
0.25	-45	-172.107
0.25	-45	84.2116
0.25	-45	-70.5262
0.25	-45	3.01953
0.25	-45	-49.0383
0.25	-45	-50.2229
0.25	-45	-34.9151
0.25	-45	47.0325
0.25	-45	31.3666
0.25	-45	32.6667
0.25	-45	-40.7467
0.25	-45	-65.1624
0.25	-45	143.731
0.25	-45	-112.458
0.25	-45	-26.9686
0.25	-45	179.747
0.25	-45	155.518
0.25	-45	1.96361
0.25	-45	95.8696
0.25	-45	-120.81
0.25	-45	17.7449
0.25	-45	-0.383624
0.25	-45	-145.546
0.25	-45	-138.929
0.25	-45	164.325
0.25	-45	140.258
0.25	-45	162.662
0.25	-45	107.711
0.25	-45	31.6033
0.25	-45	-11.0572
0.25	-45	-103.316
0.25	-45	75.4232
0.25	-45	-167.525
0.25	-45	104.181
0.25	-45	50.0722
0.25	-45	-93.9038
0.25	-45	-4.97266
0.25	-45	-101.564
0.25	-45	3.05474
0.25	-45	25.5999
0.25	-45	-64.0092
0.25	-45	-115.019
0.25	-45	-2.78089
0.25	-45	95.4853
0.25	-45	97.8211
0.25	-45	-16.2548
0.25	-45	-59.3463
0.25	-45	-118.919
0.25	-45	37.7379
0.25	-45	161.862
0.25	-45	111.835
0.25	-45	-107.056
0.25	-45	-78.9339
0.25	-45	-111.896
0.25	-45	120.483
0.25	-45	109.76
0.25	-45	20.7861
0.25	-45	53.5577
0.25	-45	-27.2319
0.25	-45	-158.679
0.25	-45	-16.9977
0.25	-45	-120.645
0.25	-45	151.026
0.25	-45	129.889
0.25	-45	170.096
0.25	-45	-168.717
0.25	-45	176.561
0.25	-45	-49.5693
0.25	-45	137.695
0.25	-45	-135.54
0.25	-45	109.567
0.25	-45	-29.9729
0.25	-45	21.1071
0.25	-45	106.854
0.25	-45	82.2899
0.25	-45	179.014
0.25	-45	-78.9487
0.25	-45	80.3722
0.25	-45	-93.324
0.25	-45	89.9237
0.25	-45	15.6826
0.25	-45	36.3912
0.25	-45	-153.401
0.25	-45	-166.709
0.25	-45	-169.892
0.25	-45	-117.84
0.25	-45	136.846
0.25	-45	-50.0251
