pol	setting	phi
0.3	45	-82.4665
0.3	45	-54.3399
0.3	45	-26.8848
0.3	45	-111.666
0.3	45	-135.357
0.3	45	128.432
0.3	45	34.293
0.3	45	173.629
0.3	45	-161.696
0.3	45	127.472
0.3	45	-68.6095
0.3	45	-127.486
0.3	45	-0.470635
0.3	45	-127.08
0.3	45	94.355
0.3	45	70.2093
0.3	45	100.73
0.3	45	133.09
0.3	45	146.596
0.3	45	169.605
0.3	45	-18.612
0.3	45	155.385
0.3	45	179.066
0.3	45	0.398495
0.3	45	-78.5243
0.3	45	159.269
0.3	45	-72.8488
0.3	45	-87.9292
0.3	45	-34.774
0.3	45	-14.5698
0.3	45	99.3576
0.3	45	117.315
0.3	45	147.879
0.3	45	152.102
0.3	45	-51.3885
0.3	45	84.634
0.3	45	-172.869
0.3	45	-0.904397
0.3	45	124.773
0.3	45	89.1283
0.3	45	-95.7171
0.3	45	149.341
0.3	45	161.793
0.3	45	87.3972
0.3	45	-8.80858
0.3	45	-170.226
0.3	45	-49.4024
0.3	45	-105.764
0.3	45	-37.4919
0.3	45	-43.74
0.3	45	-77.0067
0.3	45	-105.903
0.3	45	-158.618
0.3	45	116.16
0.3	45	-139.577
0.3	45	-46.1143
0.3	45	16.3975
0.3	45	-69.9637
0.3	45	-150.331
0.3	45	2.90445
0.3	45	-104.669
0.3	45	27.5804
0.3	45	95.49
0.3	45	-41.4908
0.3	45	-9.93289
0.3	45	-4.95649
0.3	45	-34.6972
0.3	45	2.14375
0.3	45	69.9836
0.3	45	92.9384
0.3	45	-77.464
0.3	45	155.608
0.3	45	37.0912
0.3	45	-111.995
0.3	45	14.0336
0.3	45	90.779
0.3	45	-156.664
0.3	45	-145.756
0.3	45	32.9274
0.3	45	14.4592
0.3	45	-28.7548
0.3	45	19.1444
0.3	45	-166.085
0.3	45	-121.921
0.3	45	-45.8679
0.3	45	-3.46617
0.3	45	106.601
0.3	45	94.1261
0.3	45	-169.88
0.3	45	-178.147
0.3	45	-173.695
0.3	45	-175.514
0.3	45	-134.213
0.3	45	-14.4318
0.3	45	-72.3101
0.3	45	117.358
0.3	45	18.8206
0.3	45	92.2111
0.3	45	63.8876
0.3	45	-9.15034
0.3	45	-136.647
0.3	45	-19.2492
0.3	45	-37.088
0.3	45	-99.9009
0.3	45	-28.6585
0.3	45	-166.013
0.3	45	-38.3306
0.3	45	-60.0628
0.3	45	-173.667
0.3	45	-169.43
0.3	45	4.75835
0.3	45	-61.2552
0.3	45	-139.805
0.3	45	-175.444
0.3	45	57.1051
0.3	45	179.741
0.3	45	118.435
0.3	45	-69.5263
0.3	45	-23.0948
0.3	45	135.708
0.3	45	-2.45616
0.3	45	-174.281
0.3	45	56.4121
0.3	45	179.896
0.3	45	109.452
0.3	45	-92.8856
0.3	45	144.698
0.3	45	52.7501
0.3	45	-66.8326
0.3	45	8.88393
0.3	45	130.206
0.3	45	93.6538
0.3	45	-155.551
0.3	45	-70.6437
0.3	45	54.1009
0.3	45	80.7238
0.3	45	-179.539
0.3	45	-127.233
0.3	45	110.883
0.3	45	16.9324
0.3	45	149.403
0.3	45	82.2798
0.3	45	-134.396
0.3	45	149.05
0.3	45	-122.733
0.3	45	82.4026
0.3	45	-127.565
0.3	45	-56.1488
0.3	45	-69.1645
0.3	45	127.679
0.3	45	-112.096
0.3	45	68.7303
0.3	45	77.3159
0.3	45	124.932
0.3	45	74.7656
0.3	45	-86.5448
0.3	45	36.8509
0.3	45	-57.5601
0.3	45	-162.438
0.3	45	139.711
0.3	45	-21.2386
0.3	45	-123.485
0.3	45	26.2218
0.3	45	122.408
0.3	45	-1.35849
0.3	45	48.6767
0.3	45	-152.458
0.3	45	-174.739
0.3	45	170.332
0.3	45	160.346
0.3	45	-154.17
0.3	45	46.2823
0.3	45	117.078
0.3	45	126.914
0.3	45	-173.437
0.3	45	143.519
0.3	45	-160.395
0.3	45	-119.789
0.3	45	98.2555
0.3	45	-54.8421
0.3	45	44.4202
0.3	45	81.7761
0.3	45	-47.2536
0.3	45	86.0872
0.3	45	2.29206
0.3	45	11.4352
0.3	45	-179.098
0.3	45	130.071
0.3	45	-175.711
0.3	45	9.59477
0.3	45	-95.1641
0.3	45	-122.008
0.3	45	-15.1081
0.3	45	153.15
0.3	45	20.5055
0.3	45	169.407
0.3	45	-53.7026
0.3	45	-172.199
0.3	45	119.951
0.3	45	-36.2299
0.3	45	-132.587
0.3	45	154.049
0.3	45	-43.1697
0.3	45	-36.7895
0.3	45	80.0359
0.3	45	83.3844
0.3	45	56.5389
0.3	45	-20.7407
0.3	45	-155.474
0.3	45	62.6032
0.3	45	90.3067
0.3	45	-102.313
0.3	45	-58.3218
0.3	45	19.0519
0.3	45	-37.5007
0.3	45	-158.702
0.3	45	-8.88717
0.3	45	-19.0259
0.3	45	-143.889
0.3	45	107.129
0.3	45	-133.216
0.3	45	103.743
0.3	45	-89.6898
0.3	45	-104.534
0.3	45	-30.4215
0.3	45	-141.682
0.3	45	-152.477
0.3	45	-58.9163
0.3	45	57.2517
0.3	45	162.602
0.3	45	-24.3809
0.3	45	-124.513
0.3	45	-76.9712
0.3	45	-137.3
0.3	45	110.76
0.3	45	28.2707
0.3	45	-144.7
0.3	45	142.803
0.3	45	56.6541
0.3	45	60.9456
0.3	45	54.294
0.3	45	-164.559
0.3	45	156.018
0.3	45	-150.485
0.3	45	15.7991
0.3	45	79.9494
0.3	45	147.939
0.3	45	-52.0943
0.3	45	43.176
0.3	45	-10.3149
0.3	45	-133.143
0.3	45	-93.522
0.3	45	36.0451
0.3	45	-41.3384
0.3	45	17.7276
0.3	45	-109.192
0.3	45	-99.2895
0.3	45	88.1199
0.3	45	-148.95
0.3	45	-49.4541
0.3	45	158.497
0.3	45	-127.797
0.3	45	155.229
0.3	45	85.9862
0.3	45	170.873
0.3	45	-141.633
0.3	45	-36.0845
0.3	45	89.2601
0.3	45	155.046
0.3	45	112.68
0.3	45	96.7117
0.3	45	-126.016
0.3	45	-146.06
0.3	45	-50.8946
0.3	45	-174.801
0.3	45	-150.407
0.3	45	-72.1262
0.3	45	-4.70638
0.3	45	-69.8133
0.3	45	40.4891
0.3	45	-55.5756
0.3	45	29.9523
0.3	45	-127.313
0.3	45	-110.212
0.3	45	-47.0455
0.3	45	115.299
0.3	45	-116.925
0.3	45	-78.8345
0.3	45	148.067
0.3	45	-135.14
0.3	45	132.608
0.3	45	21.4066
0.3	45	107.758
0.3	45	-84.5366
0.3	45	39.9415
0.3	45	-17.4406
0.3	45	-151.79
0.3	45	168.915
0.3	45	-85.4789
0.3	45	170.347
0.3	45	-84.3306
0.3	45	-36.2533
0.3	45	52.8408
0.3	45	-165.559
0.3	45	14.2039
0.3	45	74.7552
0.3	45	-22.8011
0.3	45	28.9836
0.3	45	-174.705
0.3	45	128.536
0.3	45	-125.264
0.3	45	53.6495
0.3	45	21.8176
0.3	45	124.201
0.3	45	1.71515
0.3	45	-99.8039
0.3	45	116.51
0.3	45	-69.3187
0.3	45	-70.5261
0.3	45	74.269
0.3	45	96.2628
0.3	45	138.159
0.3	45	-11.8202
0.3	45	128.462
0.3	45	-134.897
0.3	45	-3.36696
0.3	45	-126.425
0.3	45	-109.885
0.3	45	-45.3982
0.3	45	36.4146
0.3	45	52.7525
0.3	45	-19.6075
0.3	45	-104.948
0.3	45	-19.964
0.3	45	-173.893
0.3	45	-32.7614
0.3	45	60.5047
0.3	45	95.5162
0.3	45	-2.5573
0.3	45	112.842
0.3	45	-110.77
0.3	45	68
0.3	45	-112.412
0.3	45	162.975
0.3	45	-31.5258
0.3	45	128.9
0.3	45	-128.43
0.3	45	-66.9376
0.3	45	-75.1907
0.3	45	23.3562
0.3	45	155.978
0.3	45	-92.4878
0.3	45	-64.3822
0.3	45	-154.287
0.3	45	-102.088
0.3	45	-47.6461
0.3	45	23.7043
0.3	45	60.1566
0.3	45	48.8165
0.3	45	-142.834
0.3	45	120.833
0.3	45	161.587
0.3	45	16.6965
0.3	45	126.72
0.3	45	66.4585
0.3	45	138.932
0.3	45	5.70917
0.3	45	-148.631
0.3	45	13.4396
0.3	45	155.393
0.3	45	-177.601
0.3	45	-25.1483
0.3	45	-64.5817
0.3	45	-92.5657
0.3	45	84.1649
0.3	45	120.093
0.3	45	109.094
0.3	45	-16.8762
0.3	45	-40.2425
0.3	45	116.077
0.3	45	-125.95
0.3	45	-46.0171
0.3	45	-30.0192
0.3	45	-78.4096
0.3	45	56.5193
0.3	45	66.9407
0.3	45	145.679
0.3	45	178.001
0.3	45	5.29424
0.3	45	-31.8705
0.3	45	74.7907
0.3	45	-13.4087
0.3	45	144.927
0.3	45	-78.3926
0.3	45	-150.574
0.3	45	-106.237
0.3	45	46.73
0.3	45	-15.3739
0.3	45	-179.607
0.3	45	-146.635
0.3	45	159.017
0.3	45	172.329
0.3	45	111.488
0.3	45	121.716
0.3	45	-40.2711
0.3	45	83.2345
0.3	45	89.6769
0.3	45	-128.292
0.3	45	118.608
0.3	45	152.831
0.3	45	-178.487
0.3	45	85.3861
0.3	45	54.5791
0.3	45	121.443
0.3	45	115.074
0.3	45	-109.015
0.3	45	-38.4851
0.3	45	-21.536
0.3	45	-105.521
0.3	45	72.2494
0.3	45	95.2698
0.3	45	52.9719
0.3	45	96.3716
0.3	45	-56.4961
0.3	45	-68.191
0.3	45	110.604
0.3	45	90.8061
0.3	45	56.9643
0.3	45	-94.1125
0.3	45	115.947
0.3	45	-100.754
0.3	45	164.767
0.3	45	97.461
0.3	45	-76.0625
0.3	45	-169.924
0.3	45	159.764
0.3	45	-119.747
0.3	45	-159.222
0.3	45	-119.28
0.3	45	22.4404
0.3	45	105.937
0.3	45	146.14
0.3	45	41.238
0.3	45	-176.397
0.3	45	-139.19
0.3	45	-100.772
0.3	45	144.725
0.3	45	-41.699
0.3	45	103.589
0.3	45	-93.4725
0.3	45	-68.0926
0.3	45	-95.777
0.3	45	113.802
0.3	45	159.96
0.3	45	177.698
0.3	45	62.5189
0.3	45	-134.412
0.3	45	74.7695
0.3	45	17.6347
0.3	45	113.103
0.3	45	-35.495
0.3	45	-146.438
0.3	45	-135.786
0.3	45	18.3762
0.3	45	-135.548
0.3	45	-118.615
0.3	45	17.9072
0.3	45	37.837
0.3	45	39.8293
0.3	45	153.945
0.3	45	-101.216
0.3	45	-36.0441
0.3	45	166.351
0.3	45	-28.9284
0.3	45	147.01
0.3	45	-170.574
0.3	45	44.1953
0.3	45	-60.4691
0.3	45	-13.6551
0.3	45	40.4689
0.3	45	11.2218
0.3	45	109.343
0.3	45	-172.285
0.3	45	155.713
0.3	45	120.342
0.3	45	-35.3104
0.3	45	-175.77
0.3	45	-31.9485
0.3	45	1.44725
0.3	45	-112.831
0.3	45	177.633
0.3	45	-71.9148
0.3	45	165.708
0.3	45	-148.388
0.3	45	-14.1985
0.3	45	-78.2242
0.3	45	88.0808
0.3	45	96.254
0.3	45	-146.147
0.3	45	171.972
0.3	45	30.8746
0.3	45	-36.2698
0.3	45	-65.5499
0.3	45	27.2004
0.3	45	-132.914
0.3	45	154.728
0.3	45	128.473
0.3	45	-142.279
0.3	45	-140.436
0.3	45	95.3776
0.3	45	-77.5602
0.3	45	118.897
0.3	45	87.1856
0.3	45	126.774
0.3	45	23.3195
0.3	45	69.6355
0.3	45	50.9262
0.3	45	120.06
0.3	45	138.512
0.3	45	99.9003
0.3	45	-158.882
0.3	45	132.517
0.3	45	-48.7579
0.3	45	-168.802
0.3	45	91.7275
0.3	45	6.38445
0.3	45	125.193
0.3	45	21.3639
0.3	45	168.385
0.3	45	-172.523
0.3	45	34.5308
0.3	45	-51.057
0.3	45	-40.5569
0.3	45	139.039
0.3	45	-115.332
0.3	45	88.5516
0.3	45	24.1648
0.3	45	63.5726
0.3	45	173.231
0.3	45	50.2499
0.3	45	177.917
0.3	45	-137.444
0.3	45	116.761
0.3	45	174.173
0.3	45	-82.3438
0.3	45	-147.353
0.3	45	157.362
0.3	45	108.942
0.3	45	-18.0293
0.3	45	102.081
0.3	45	-152.237
0.3	45	-136.827
0.3	45	100.876
0.3	45	133.491
0.3	45	72.0567
0.3	45	104.458
0.3	45	-78.8696
0.3	45	-11.1204
0.3	45	69.4545
0.3	45	56.7585
0.3	45	47.2954
0.3	45	161.174
0.3	45	-151.607
0.3	45	-57.413
0.3	45	-112.026
0.3	45	85.5096
0.3	45	112.435
0.3	45	-45.5238
0.3	45	-130.422
0.3	45	170.791
0.3	45	-41.7038
0.3	45	169.441
0.3	45	151.875
0.3	45	152.539
0.3	45	-115.623
0.3	45	26.8251
0.3	45	-138.4
0.3	45	129.792
0.3	45	14.9628
0.3	45	145.485
0.3	45	50.4492
0.3	45	-135.821
0.3	45	146.96
0.3	45	97.1351
0.3	45	-98.2242
0.3	45	49.0172
0.3	45	-59.9075
0.3	45	42.4078
0.3	45	113.504
0.3	45	110.014
0.3	45	-64.9855
0.3	45	111.831
0.3	45	164.954
0.3	45	-115.655
0.3	45	-29.518
0.3	45	32.6819
0.3	45	-66.5381
0.3	45	-116.18
0.3	45	168.651
0.3	45	66.5557
0.3	45	-102.904
0.3	45	-169.199
0.3	45	34.3055
0.3	45	-81.0152
0.3	45	151.831
0.3	45	52.6563
0.3	45	-22.2272
0.3	45	117.133
0.3	45	53.8042
0.3	45	117.121
0.3	45	143.942
0.3	45	178.599
0.3	45	108.462
0.3	45	177.333
0.3	45	-24.0558
0.3	45	-77.442
0.3	45	-57.0301
0.3	45	-81.6937
0.3	45	96.6076
0.3	45	54.8912
0.3	45	0.140813
0.3	45	-108.277
0.3	45	-147.162
0.3	45	-67.7567
0.3	45	-30.9547
0.3	45	93.7483
0.3	45	173.756
0.3	45	21.2089
0.3	45	16.8867
0.3	45	84.2412
0.3	45	-32.3184
0.3	45	116.724
0.3	45	77.8983
0.3	45	-66.2568
0.3	45	-10.9931
0.3	45	-116.654
0.3	45	135.65
0.3	45	42.3007
0.3	45	34.0823
0.3	45	37.6356
0.3	45	77.1256
0.3	45	-78.7258
0.3	45	114.883
0.3	45	116.6
0.3	45	137.848
0.3	45	34.3966
0.3	45	-36.5484
0.3	45	-154.928
0.3	45	67.6254
0.3	45	75.8829
0.3	45	156.225
0.3	45	59.3355
0.3	45	144.262
0.3	45	-126.916
0.3	45	-57.5061
0.3	45	148.183
0.3	45	-150.297
0.3	45	172.872
0.3	45	-176.578
0.3	45	16.1195
0.3	45	-127.558
0.3	45	-133.129
0.3	45	-43.5929
0.3	45	157.654
0.3	45	-146.312
0.3	45	97.4852
0.3	45	2.50552
0.3	45	-160.69
0.3	45	122.367
0.3	45	5.21064
0.3	45	20.1039
0.3	45	24.9119
0.3	45	-39.135
0.3	45	85.4988
0.3	45	135.192
0.3	45	86.698
0.3	45	78.2054
0.3	45	39.772
0.3	45	114.778
0.3	45	-13.1002
0.3	45	-29.9638
0.3	45	-43.6676
0.3	45	-112.062
0.3	45	-161.642
0.3	45	133.291
0.3	45	-16.2636
0.3	45	-38.3037
0.3	45	-125.282
0.3	45	96.5667
0.3	45	-137.656
0.3	45	43.0238
0.3	45	-167.855
0.3	45	-53.2636
0.3	45	137.702
0.3	45	-22.9249
0.3	45	-32.3064
0.3	45	4.49518
0.3	45	159.134
0.3	45	-132.945
0.3	45	29.771
0.3	45	38.5861
0.3	45	40.6758
0.3	45	-167.147
0.3	45	80.7369
0.3	45	80.5266
0.3	45	175.673
0.3	45	-120.924
0.3	45	166.514
0.3	45	-21.6036
0.3	45	169.001
0.3	45	-175.136
0.3	45	138.239
0.3	45	-151.443
0.3	45	147.971
0.3	45	-26.0898
0.3	45	-111.22
0.3	45	84.4266
0.3	45	-91.778
0.3	45	-112.784
0.3	45	16.8705
0.3	45	-12.107
0.3	45	-175.107
0.3	45	91.3171
0.3	45	126.365
0.3	45	-22.4915
0.3	45	129.278
0.3	45	-122.82
0.3	45	83.9706
0.3	45	-14.6258
0.3	45	22.8125
0.3	45	161.98
0.3	45	27.8924
0.3	45	169.669
0.3	45	-120.648
0.3	45	-143.587
0.3	45	20.8001
0.3	45	-7.65444
0.3	45	-158.838
0.3	45	-128.486
0.3	45	-136.057
0.3	45	-22.77
0.3	45	80.0602
0.3	45	-88.9108
0.3	45	-96.9857
0.3	45	-33.3277
0.3	45	-144.347
0.3	45	-96.0833
0.3	45	-41.9617
0.3	45	-89.5034
0.3	45	-174.614
0.3	45	31.9866
0.3	45	165.034
0.3	45	-152.353
0.3	45	-91.1296
0.3	45	-69.0288
0.3	45	-61.2959
0.3	45	111.337
0.3	45	-43.4923
0.3	45	53.5871
0.3	45	19.2218
0.3	45	-5.41588
0.3	45	-138.989
0.3	45	177.256
0.3	45	-25.014
0.3	45	137.991
0.3	45	-137.438
0.3	45	151.67
0.3	45	68.3892
0.3	45	20.0367
0.3	45	101.826
0.3	45	-92.9811
0.3	45	-8.55114
0.3	45	99.2927
0.3	45	-34.969
0.3	45	154.443
0.3	45	-48.9904
0.3	45	121.942
0.3	45	-86.4018
0.3	45	-107.369
0.3	45	-54.0498
0.3	45	-11.9962
0.3	45	152.94
0.3	45	88.6351
0.3	45	62.094
0.3	45	25.9332
0.3	45	-73.8664
0.3	45	-151.122
0.3	45	133.891
0.3	45	21.9343
0.3	45	-120.469
0.3	45	33.8602
0.3	45	33.2874
0.3	45	-20.0066
0.3	45	33.6746
0.3	45	106.719
0.3	45	131.271
0.3	45	-89.5707
0.3	45	-39.6203
0.3	45	-3.30892
0.3	45	150.979
0.3	45	48.9001
0.3	45	-149.543
0.3	45	153.179
0.3	45	139.027
0.3	45	-47.6461
0.3	45	-121.128
0.3	45	178.966
0.3	45	-77.1528
0.3	45	-145.701
0.3	45	-125.884
0.3	45	-94.6442
0.3	45	-28.1519
0.3	45	-70.4658
0.3	45	-81.6159
0.3	45	-46.7011
0.3	45	15.6707
0.3	45	-70.1321
0.3	45	99.3205
0.3	45	-171.008
0.3	45	-50.1622
0.3	45	104.406
0.3	45	-124.37
0.3	45	117.677
0.3	45	129.853
0.3	45	104.515
0.3	45	127.407
0.3	45	109.033
0.3	45	-176.072
0.3	45	13.4224
0.3	45	-147.148
0.3	45	-139.15
0.3	45	-61.0519
0.3	45	137.187
0.3	45	82.5083
0.3	45	155.995
0.3	45	130.937
0.3	45	96.9219
0.3	45	135.925
0.3	45	103.284
0.3	45	4.94055
0.3	45	137.943
0.3	45	156.389
0.3	45	-59.5109
0.3	45	132.813
0.3	45	-156.425
0.3	45	-179.121
0.3	45	-168.067
0.3	45	156.857
0.3	45	176.749
0.3	45	-10.6372
0.3	45	-30.03
0.3	45	115.005
0.3	45	-131.362
0.3	45	-158.07
0.3	45	-16.2954
0.3	45	-146.22
0.3	45	-52.2246
0.3	45	32.2956
0.3	45	-106.409
0.3	45	176.45
0.3	45	15.0738
0.3	45	93.6367
0.3	45	-122.898
0.3	45	-1.66189
0.3	45	-35.1523
0.3	45	-62.9541
0.3	45	-52.6616
0.3	45	124.309
0.3	45	129.267
0.3	45	60.1985
0.3	45	-119.951
0.3	45	-173.232
0.3	45	-143.753
0.3	45	-77.4338
0.3	45	116.859
0.3	45	84.7101
0.3	45	-140.815
0.3	45	-169.711
0.3	45	141.835
0.3	45	136.609
0.3	45	51.8205
0.3	45	156.486
0.3	45	27.9866
0.3	45	-103.31
0.3	45	104.92
0.3	45	10.1108
0.3	45	155.924
0.3	45	85.1273
0.3	45	101.982
0.3	45	-98.8183
0.3	45	-39.5187
0.3	45	-117.556
0.3	45	-24.034
0.3	45	-18.1611
0.3	45	-88.0939
0.3	45	-48.0879
0.3	45	15.7092
0.3	45	171.595
0.3	45	-161.766
0.3	45	-15.4956
0.3	45	-110.575
0.3	45	112.941
0.3	45	-120.5
0.3	45	-124.576
0.3	45	-29.6682
0.3	45	-46.7792
0.3	45	114.762
0.3	45	59.5079
0.3	45	129.863
0.3	45	-129.662
0.3	45	-151.399
0.3	45	-52.5158
0.3	45	-116.96
0.3	45	127.934
0.3	45	105.541
0.3	45	76.941
0.3	45	-92.8733
0.3	45	-35.1327
0.3	45	-82.0266
0.3	45	118.666
0.3	45	125.024
0.3	45	99.1826
0.3	45	96.1794
0.3	45	0.555464
0.3	45	-127.47
0.3	45	-102
0.3	45	20.0134
0.3	45	158.87
0.3	45	-62.6575
0.3	45	140.419
0.3	45	103.309
0.3	45	40.5621
0.3	45	-139.041
0.3	45	177.3
0.3	45	114.49
0.3	45	-26.9308
0.3	45	-94.4523
0.3	45	151.545
0.3	45	-76.2994
0.3	45	-61.0578
0.3	45	-124.604
0.3	45	139.495
0.3	45	-40.9518
0.3	45	150.875
0.3	45	163.636
0.3	45	-138.014
0.3	45	6.46767
0.3	45	-55.7324
0.3	45	-30.5595
0.3	45	-170.389
0.3	45	-50.3742
0.3	45	59.6819
0.3	45	173.912
0.3	45	-12.3816
0.3	45	103.075
0.3	45	-63.5934
0.3	45	112.706
0.3	45	54.4617
0.3	45	146.645
0.3	45	-93.4026
0.3	45	75.7169
0.3	45	-71.1774
0.3	45	-6.51006
0.3	45	-91.7567
0.3	45	-32.0179
0.3	45	159.033
0.3	45	-164.682
0.3	45	-105.603
0.3	45	-116.398
0.3	45	-124.153
0.3	45	-23.8341
0.3	45	-60.5872
0.3	45	177.417
0.3	45	-4.95458
0.3	45	-9.60001
0.3	45	124.029
0.3	45	12.5132
0.3	45	-64.9288
0.3	45	-12.9842
0.3	45	-176.764
0.3	45	-39.7736
0.3	45	42.253
0.3	45	2.03457
0.3	45	-67.0093
0.3	45	-48.4549
0.3	45	-31.808
0.3	45	-151.512
0.3	45	-22.3646
0.3	45	-79.4541
0.3	45	-18.8525
0.3	45	-154.585
0.3	45	-92.8046
0.3	45	-114.927
0.3	45	-146.369
0.3	45	-108.926
0.3	45	-10.9224
0.3	45	5.46157
0.3	45	165.617
0.3	45	105.171
0.3	45	96.5395
0.25	-45	-91.7046
0.25	-45	18.9612
0.25	-45	169.267
0.25	-45	-88.9933
0.25	-45	-114.829
0.25	-45	156.905
0.25	-45	68.2789
0.25	-45	20.4209
0.25	-45	-169.741
0.25	-45	-78.0138
0.25	-45	98.3699
0.25	-45	51.9123
0.25	-45	162.032
0.25	-45	-1.41841
0.25	-45	-134.616
0.25	-45	-75.218
0.25	-45	-171.554
0.25	-45	-143.702
0.25	-45	-103.758
0.25	-45	8.45597
0.25	-45	77.0661
0.25	-45	-102.524
0.25	-45	64.0255
0.25	-45	-122.351
0.25	-45	50.7845
0.25	-45	33.6062
0.25	-45	-82.9936
0.25	-45	79.2595
0.25	-45	-145.256
0.25	-45	66.1649
0.25	-45	-83.0744
0.25	-45	-59.2753
0.25	-45	18.559
0.25	-45	-45.2083
0.25	-45	-62.762
0.25	-45	4.09957
0.25	-45	24.6617
0.25	-45	-15.9655
0.25	-45	-114.804
0.25	-45	-156.96
0.25	-45	-115.868
0.25	-45	36.8053
0.25	-45	157.825
0.25	-45	-128.597
0.25	-45	26.7275
0.25	-45	165.674
0.25	-45	137.55
0.25	-45	168.125
0.25	-45	130.269
0.25	-45	-120.454
0.25	-45	-115.668
0.25	-45	-26.8428
0.25	-45	106.466
0.25	-45	-125.367
0.25	-45	113.598
0.25	-45	-75.1104
0.25	-45	40.0449
0.25	-45	-63.6351
0.25	-45	-130.979
0.25	-45	-51.3719
0.25	-45	7.07677
0.25	-45	-170.579
0.25	-45	-131.086
0.25	-45	-142.563
0.25	-45	-31.9389
0.25	-45	18.3394
0.25	-45	142.592
0.25	-45	136.558
0.25	-45	101.351
0.25	-45	97.0546
0.25	-45	88.3813
0.25	-45	-113.765
0.25	-45	-22.4453
0.25	-45	-75.5828
0.25	-45	-131.425
0.25	-45	117.464
0.25	-45	-164.871
0.25	-45	144.129
0.25	-45	45.345
0.25	-45	160.958
0.25	-45	69.0102
0.25	-45	119.518
0.25	-45	113.653
0.25	-45	138.634
0.25	-45	79.6341
0.25	-45	-34.5969
0.25	-45	-116.3
0.25	-45	108.049
0.25	-45	62.8491
0.25	-45	28.1499
0.25	-45	103.323
0.25	-45	-157.813
0.25	-45	153.932
0.25	-45	48.3706
0.25	-45	169.814
0.25	-45	-15.8868
0.25	-45	41.0739
0.25	-45	86.6696
0.25	-45	-83.7574
0.25	-45	-173.064
0.25	-45	27.8082
0.25	-45	-62.3351
0.25	-45	170.134
0.25	-45	-162.919
0.25	-45	-124.369
0.25	-45	-67.1328
0.25	-45	98.37
0.25	-45	110.303
0.25	-45	79.5828
0.25	-45	-51.9497
0.25	-45	3.77067
0.25	-45	-90.7736
0.25	-45	-148.319
0.25	-45	152.963
0.25	-45	122.387
0.25	-45	-44.1274
0.25	-45	-160.137
0.25	-45	-173.041
0.25	-45	164.334
0.25	-45	132.492
0.25	-45	1.83003
0.25	-45	-12.7276
0.25	-45	96.6798
0.25	-45	171.545
0.25	-45	81.7282
0.25	-45	-71.6602
0.25	-45	-34.5912
0.25	-45	-133.326
0.25	-45	177.844
0.25	-45	96.7557
0.25	-45	66.2494
0.25	-45	85.6316
0.25	-45	-126.273
0.25	-45	48.8041
0.25	-45	-126.655
0.25	-45	144.754
0.25	-45	-155.634
0.25	-45	-39.9919
0.25	-45	-95.35
0.25	-45	133.278
0.25	-45	-104.043
0.25	-45	39.921
0.25	-45	-136.385
0.25	-45	-8.65663
0.25	-45	-52.3787
0.25	-45	-150.571
0.25	-45	28.3588
0.25	-45	-77.7664
0.25	-45	176.63
0.25	-45	-28.7931
0.25	-45	-153.355
0.25	-45	-139.868
0.25	-45	-81.516
0.25	-45	72.9116
0.25	-45	147.402
0.25	-45	-157.115
0.25	-45	-114.182
0.25	-45	-117.279
0.25	-45	113.682
0.25	-45	-157.494
0.25	-45	-72.0439
0.25	-45	147.121
0.25	-45	-117.659
0.25	-45	78.3577
0.25	-45	59.8237
0.25	-45	-156.501
0.25	-45	-164.285
0.25	-45	-58.0026
0.25	-45	-68.804
0.25	-45	-150.984
0.25	-45	132.055
0.25	-45	-114.537
0.25	-45	-66.6039
0.25	-45	-59.4162
0.25	-45	-157.754
0.25	-45	-67.766
0.25	-45	-16.6283
0.25	-45	-35.7339
0.25	-45	51.8675
0.25	-45	177.241
0.25	-45	138.643
0.25	-45	63.402
0.25	-45	-68.5889
0.25	-45	142.36
0.25	-45	-173.538
0.25	-45	141.017
0.25	-45	-113.249
0.25	-45	98.0371
0.25	-45	132.65
0.25	-45	115.38
0.25	-45	-7.75846
0.25	-45	97.5325
0.25	-45	73.1285
0.25	-45	7.3331
0.25	-45	-122.29
0.25	-45	152.176
0.25	-45	107.554
0.25	-45	89.318
0.25	-45	-43.1732
0.25	-45	58.3018
0.25	-45	-52.285
0.25	-45	-175.731
0.25	-45	-86.2509
0.25	-45	-24.2678
0.25	-45	149.352
0.25	-45	-29.9533
0.25	-45	4.39171
0.25	-45	167.397
0.25	-45	-94.8085
0.25	-45	-69.3492
0.25	-45	-176.071
0.25	-45	-149.047
0.25	-45	133.232
0.25	-45	79.8443
0.25	-45	-21.195
0.25	-45	3.57924
0.25	-45	-67.2614
0.25	-45	156.188
0.25	-45	142.884
0.25	-45	63.5113
0.25	-45	-3.01809
0.25	-45	-20.3781
0.25	-45	141.65
0.25	-45	-68.1512
0.25	-45	179.725
0.25	-45	-120.002
0.25	-45	-137.002
0.25	-45	128.749
0.25	-45	-123.846
0.25	-45	40.5875
0.25	-45	153.897
0.25	-45	74.4425
0.25	-45	-5.06651
0.25	-45	-154.729
0.25	-45	-44.6378
0.25	-45	-44.0104
0.25	-45	0.349777
0.25	-45	93.9657
0.25	-45	-137.341
0.25	-45	-148.446
0.25	-45	8.89862
0.25	-45	91.6398
0.25	-45	174.874
0.25	-45	49.0186
0.25	-45	125.633
0.25	-45	-137.633
0.25	-45	109.535
0.25	-45	62.7506
0.25	-45	-160.486
0.25	-45	110.167
0.25	-45	-41.1453
0.25	-45	58.7733
0.25	-45	95.3688
0.25	-45	88.8267
0.25	-45	-134.954
0.25	-45	145.999
0.25	-45	65.977
0.25	-45	-108.526
0.25	-45	-133.46
0.25	-45	-165.477
0.25	-45	131.098
0.25	-45	-8.2715
0.25	-45	29.6419
0.25	-45	-124.54
0.25	-45	-74.7211
0.25	-45	-3.38828
0.25	-45	96.8751
0.25	-45	-169.589
0.25	-45	-98.9173
0.25	-45	-152.85
0.25	-45	-179.89
0.25	-45	9.12561
0.25	-45	63.451
0.25	-45	141.87
0.25	-45	-68.6019
0.25	-45	-96.3444
0.25	-45	-151.083
0.25	-45	46.8864
0.25	-45	-12.922
0.25	-45	-125.75
0.25	-45	-33.2199
0.25	-45	87.934
0.25	-45	-0.0495303
0.25	-45	6.54554
0.25	-45	-117.191
0.25	-45	74.2203
0.25	-45	-37.0845
0.25	-45	145.15
0.25	-45	-118.934
0.25	-45	114.764
0.25	-45	33.5729
0.25	-45	-177.927
0.25	-45	-62.3172
0.25	-45	-126.984
0.25	-45	29.9005
0.25	-45	-74.3439
0.25	-45	145.826
0.25	-45	21.5988
0.25	-45	-112.963
0.25	-45	-155.994
0.25	-45	-92.8613
0.25	-45	-49.0477
0.25	-45	-23.8543
0.25	-45	26.8297
0.25	-45	-4.60028
0.25	-45	95.7515
0.25	-45	-164.927
0.25	-45	-41.0046
0.25	-45	139.441
0.25	-45	-126.446
0.25	-45	-157.12
0.25	-45	112.094
0.25	-45	-42.1163
0.25	-45	37.2129
0.25	-45	-10.8376
0.25	-45	-32.7994
0.25	-45	-52.3274
0.25	-45	-69.2021
0.25	-45	-10.718
0.25	-45	-84.5434
0.25	-45	52.3804
0.25	-45	171.129
0.25	-45	63.8018
0.25	-45	-89.8125
0.25	-45	0.449151
0.25	-45	54.4137
0.25	-45	-85.3878
0.25	-45	150.547
0.25	-45	144.453
0.25	-45	-38.7911
0.25	-45	-155.115
0.25	-45	-85.9588
0.25	-45	140.958
0.25	-45	81.5458
0.25	-45	-68.2463
0.25	-45	-84.6821
0.25	-45	-163.63
0.25	-45	68.0819
0.25	-45	83.6172
0.25	-45	-64.6144
0.25	-45	-169.596
0.25	-45	129.501
0.25	-45	58.0749
0.25	-45	152.008
0.25	-45	-19.8346
0.25	-45	-127.83
0.25	-45	142.283
0.25	-45	23.7488
0.25	-45	94.9776
0.25	-45	127.483
0.25	-45	14.6068
0.25	-45	69.9129
0.25	-45	-78.9811
0.25	-45	-77.1369
0.25	-45	-131.64
0.25	-45	-159.158
0.25	-45	-97.0079
0.25	-45	107.686
0.25	-45	-158.714
0.25	-45	-65.6243
0.25	-45	116.739
0.25	-45	-65.592
0.25	-45	-5.82011
0.25	-45	172.773
0.25	-45	-66.5299
0.25	-45	-56.5049
0.25	-45	-175.224
0.25	-45	110.732
0.25	-45	-118.1
0.25	-45	-174.165
0.25	-45	-153.176
0.25	-45	-45.852
0.25	-45	-44.9723
0.25	-45	75.1215
0.25	-45	154.622
0.25	-45	-21.6943
0.25	-45	5.4755
0.25	-45	119.912
0.25	-45	131.452
0.25	-45	-37.5144
0.25	-45	-105.885
0.25	-45	-83.4567
0.25	-45	7.71887
0.25	-45	164.221
0.25	-45	66.1372
0.25	-45	74.3435
0.25	-45	4.27542
0.25	-45	-62.0694
0.25	-45	129.477
0.25	-45	122.128
0.25	-45	-62.4773
0.25	-45	91.057
0.25	-45	-162.39
0.25	-45	85.119
0.25	-45	66.5464
0.25	-45	-50.4383
0.25	-45	-15.4265
0.25	-45	-122.913
0.25	-45	21.6859
0.25	-45	46.672
0.25	-45	-38.8173
0.25	-45	5.75778
0.25	-45	-166.591
0.25	-45	110.482
0.25	-45	-157.827
0.25	-45	147.823
0.25	-45	123.942
0.25	-45	123.782
0.25	-45	150.923
0.25	-45	-144.041
0.25	-45	-121.926
0.25	-45	-76.2323
0.25	-45	60.5048
0.25	-45	16.4199
0.25	-45	-92.7433
0.25	-45	44.6022
0.25	-45	133.313
0.25	-45	-179.964
0.25	-45	17.0025
0.25	-45	37.6111
0.25	-45	-155.62
0.25	-45	-130.193
0.25	-45	-140.219
0.25	-45	43.5256
0.25	-45	-90.7309
0.25	-45	-53.2463
0.25	-45	129.465
0.25	-45	-83.0232
0.25	-45	-137.407
0.25	-45	-36.7738
0.25	-45	66.7147
0.25	-45	43.5334
0.25	-45	-176.684
0.25	-45	-51.7573
0.25	-45	128.129
0.25	-45	23.8491
0.25	-45	-41.5529
0.25	-45	82.9926
0.25	-45	-143.662
0.25	-45	141.754
0.25	-45	-146.405
0.25	-45	107.626
0.25	-45	-126.162
0.25	-45	-4.91479
0.25	-45	-34.3106
0.25	-45	-7.75323
0.25	-45	-99.6015
0.25	-45	-71.5115
0.25	-45	-13.4215
0.25	-45	-130.655
0.25	-45	18.022
0.25	-45	-28.3103
0.25	-45	-14.3005
0.25	-45	-118.921
0.25	-45	-68.1124
0.25	-45	150.983
0.25	-45	0.690673
0.25	-45	-87.5059
0.25	-45	50.8494
0.25	-45	149.51
0.25	-45	15.774
0.25	-45	-16.3572
0.25	-45	-7.01087
0.25	-45	101.757
0.25	-45	-106.529
0.25	-45	41.5129
0.25	-45	156.24
0.25	-45	-118.52
0.25	-45	54.906
0.25	-45	-112.67
0.25	-45	-68.883
0.25	-45	-18.2366
0.25	-45	133.307
0.25	-45	59.4727
0.25	-45	-127.751
0.25	-45	-15.9426
0.25	-45	-127.698
0.25	-45	82.0524
0.25	-45	-131.808
0.25	-45	-65.5794
0.25	-45	-138.602
0.25	-45	107.604
0.25	-45	-72.7287
0.25	-45	-41.5778
0.25	-45	-94.5453
0.25	-45	9.82425
0.25	-45	33.7883
0.25	-45	52.0747
0.25	-45	31.3075
0.25	-45	-143.123
0.25	-45	-37.6724
0.25	-45	10.6651
0.25	-45	-171.14
0.25	-45	-11.8345
0.25	-45	-6.33284
0.25	-45	26.2951
0.25	-45	-63.4825
0.25	-45	-51.3033
0.25	-45	4.36924
0.25	-45	-173.294
0.25	-45	-20.8243
0.25	-45	119.794
0.25	-45	5.79008
0.25	-45	-22.6384
0.25	-45	-155.946
0.25	-45	176.906
0.25	-45	-80.155
0.25	-45	171.967
0.25	-45	158.581
0.25	-45	-99.6025
0.25	-45	14.8564
0.25	-45	-64.182
0.25	-45	175.714
0.25	-45	96.9759
0.25	-45	-82.3049
0.25	-45	-54.5365
0.25	-45	126.559
0.25	-45	52.707
0.25	-45	-104.672
0.25	-45	-71.1737
0.25	-45	-67.6423
0.25	-45	122.576
0.25	-45	-73.4752
0.25	-45	-151.388
0.25	-45	116.254
0.25	-45	-10.5864
0.25	-45	155.567
0.25	-45	131.081
0.25	-45	92.0163
0.25	-45	28.1914
0.25	-45	175.382
0.25	-45	80.9892
0.25	-45	-117.728
0.25	-45	175.89
0.25	-45	-120.847
0.25	-45	-119.034
0.25	-45	102.154
0.25	-45	-53.6578
0.25	-45	-63.7357
0.25	-45	29.853
0.25	-45	44.1292
0.25	-45	-56.9041
0.25	-45	-136.109
0.25	-45	-18.865
0.25	-45	-122.507
0.25	-45	30.1006
0.25	-45	38.3199
0.25	-45	-51.3224
0.25	-45	-32.8528
0.25	-45	149.646
0.25	-45	50.8423
0.25	-45	-152.944
0.25	-45	-148.643
0.25	-45	104.994
0.25	-45	55.8241
0.25	-45	-92.775
0.25	-45	43.4419
0.25	-45	-11.7672
0.25	-45	175.293
0.25	-45	-102.808
0.25	-45	-22.1968
0.25	-45	66.3049
0.25	-45	70.1829
0.25	-45	99.8195
0.25	-45	-131.462
0.25	-45	-159.748
0.25	-45	-133.305
0.25	-45	112.714
0.25	-45	86.7596
0.25	-45	114.935
0.25	-45	-109.105
0.25	-45	-8.53932
0.25	-45	119.69
0.25	-45	-147.952
0.25	-45	127.329
0.25	-45	3.60718
0.25	-45	94.9924
0.25	-45	101.655
0.25	-45	173.662
0.25	-45	27.7746
0.25	-45	80.2403
0.25	-45	-61.5216
0.25	-45	62.415
0.25	-45	16.7704
0.25	-45	105.413
0.25	-45	-44.7075
0.25	-45	-95.0837
0.25	-45	-77.5278
0.25	-45	-141.009
0.25	-45	-89.1446
0.25	-45	-83.2723
0.25	-45	161.593
0.25	-45	-62.2878
0.25	-45	78.4806
0.25	-45	59.2649
0.25	-45	125.094
0.25	-45	114.097
0.25	-45	77.5687
0.25	-45	136.786
0.25	-45	93.4709
0.25	-45	-106.52
0.25	-45	122.929
0.25	-45	177.48
0.25	-45	-84.7931
0.25	-45	-151.97
0.25	-45	43.3066
0.25	-45	-75.9317
0.25	-45	-27.4327
0.25	-45	83.0879
0.25	-45	172.943
0.25	-45	-71.0842
0.25	-45	28.7327
0.25	-45	-158.512
0.25	-45	-21.1556
0.25	-45	132.551
0.25	-45	-5.19736
0.25	-45	4.89968
0.25	-45	-24.9132
0.25	-45	-3.92511
0.25	-45	51.5102
0.25	-45	170.002
0.25	-45	-102.236
0.25	-45	24.2279
0.25	-45	-137.397
0.25	-45	-12.9048
0.25	-45	-117.578
0.25	-45	106.432
0.25	-45	49.796
0.25	-45	170.752
0.25	-45	-159.788
0.25	-45	-98.0685
0.25	-45	173.48
0.25	-45	-78.4254
0.25	-45	135.399
0.25	-45	148.35
0.25	-45	-43.8696
0.25	-45	-119.678
0.25	-45	-149.768
0.25	-45	-78.9619
0.25	-45	17.9289
0.25	-45	80.2933
0.25	-45	35.5105
0.25	-45	89.4033
0.25	-45	-39.2367
0.25	-45	29.6274
0.25	-45	-129.067
0.25	-45	19.4376
0.25	-45	-169.278
0.25	-45	49.4494
0.25	-45	-46.8204
0.25	-45	-46.8625
0.25	-45	-88.1402
0.25	-45	10.3073
0.25	-45	-81.9128
0.25	-45	122.791
0.25	-45	-63.1896
0.25	-45	160.168
0.25	-45	-79.1017
0.25	-45	151.059
0.25	-45	-54.7927
0.25	-45	-137.025
0.25	-45	-70.4986
0.25	-45	-132.453
0.25	-45	-158.501
0.25	-45	112.295
0.25	-45	29.5847
0.25	-45	84.4079
0.25	-45	18.7207
0.25	-45	-25.8966
0.25	-45	149.104
0.25	-45	149.305
0.25	-45	-10.5557
0.25	-45	-112.074
0.25	-45	-44.1847
0.25	-45	-136.89
0.25	-45	-79.9955
0.25	-45	-28.1972
0.25	-45	117.184
0.25	-45	-48.2333
0.25	-45	-152.035
0.25	-45	152.827
0.25	-45	76.2381
0.25	-45	17.8464
0.25	-45	-160.388
0.25	-45	24.6341
0.25	-45	179.638
0.25	-45	-79.3713
0.25	-45	117.109
0.25	-45	-33.9416
0.25	-45	79.0942
0.25	-45	119.41
0.25	-45	-84.8953
0.25	-45	-126.476
0.25	-45	-172.373
0.25	-45	-125.62
0.25	-45	8.19532
0.25	-45	-135.864
0.25	-45	126.941
0.25	-45	126.001
0.25	-45	-23.99
0.25	-45	35.2856
0.25	-45	-98.6747
0.25	-45	-15.2184
0.25	-45	-158.579
0.25	-45	-15.4588
0.25	-45	-38.8365
0.25	-45	71.7311
0.25	-45	-48.5839
0.25	-45	72.3157
0.25	-45	73.1936
0.25	-45	-126.929
0.25	-45	173.399
0.25	-45	169.172
0.25	-45	132.322
0.25	-45	-130.375
0.25	-45	128.049
0.25	-45	31.8742
0.25	-45	-159.791
0.25	-45	-98.0297
0.25	-45	110.06
0.25	-45	56.0169
0.25	-45	35.4627
0.25	-45	105.948
0.25	-45	-165.279
0.25	-45	130.886
0.25	-45	-30.3807
0.25	-45	90.6855
0.25	-45	36.3802
0.25	-45	35.5318
0.25	-45	64.7642
0.25	-45	102.361
0.25	-45	-124.922
0.25	-45	-129.674
0.25	-45	-114.349
0.25	-45	166.498
0.25	-45	-21.4858
0.25	-45	62.9331
0.25	-45	128.951
0.25	-45	-124.055
0.25	-45	-126.299
0.25	-45	-145.379
0.25	-45	19.5174
0.25	-45	-172.998
0.25	-45	-139.814
0.25	-45	133.552
0.25	-45	-160.992
0.25	-45	-19.4789
0.25	-45	84.176
0.25	-45	160.618
0.25	-45	35.0858
0.25	-45	74.2116
0.25	-45	-134.353
0.25	-45	-154.354
0.25	-45	115.987
0.25	-45	72.4641
0.25	-45	106.254
0.25	-45	-77.3556
0.25	-45	-5.77264
0.25	-45	-39.799
0.25	-45	151.117
0.25	-45	-32.9046
0.25	-45	-95.7593
0.25	-45	-132.352
0.25	-45	61.5916
0.25	-45	33.2703
0.25	-45	21.5727
0.25	-45	-2.6474
0.25	-45	132.916
0.25	-45	112.623
0.25	-45	-177.529
0.25	-45	14.8388
0.25	-45	-174.973
0.25	-45	-64.8269
0.25	-45	-119.5
0.25	-45	1.68078
0.25	-45	-136.184
0.25	-45	87.3499
0.25	-45	94.4608
0.25	-45	159.281
0.25	-45	-176.199
0.25	-45	-72.8368
0.25	-45	-60.9289
0.25	-45	-80.0174
0.25	-45	158.549
0.25	-45	119.323
0.25	-45	159.197
0.25	-45	-84.0389
0.25	-45	45.8497
0.25	-45	32.0102
0.25	-45	100.434
0.25	-45	-15.1078
0.25	-45	99.4564
0.25	-45	79.8869
0.25	-45	175.863
0.25	-45	-22.7546
0.25	-45	54.6645
0.25	-45	3.22326
0.25	-45	-39.1573
0.25	-45	172.747
0.25	-45	46.6294
