pol.	phi	weight
0.3	72.4776	1
0.3	72.1098	1
0.3	-158.435	1
0.3	154.585	1
0.3	-131.76	1
0.3	84.8137	1
0.3	-120.56	1
0.3	-70.9474	1
0.3	8.22074	1
0.3	-107.447	1
0.3	4.94647	1
0.3	-51.1712	1
0.3	-166.725	1
0.3	138.853	1
0.3	-93.5299	1
0.3	50.3631	1
0.3	178.779	1
0.3	152.774	1
0.3	149.23	1
0.3	-93.7627	1
0.3	132.452	1
0.3	20.5143	1
0.3	118.138	1
0.3	88.7368	1
0.3	-50.8229	1
0.3	74.5646	1
0.3	-93.7621	1
0.3	-112.479	1
0.3	175.352	1
0.3	-45.4177	1
0.3	-157.824	1
0.3	-138.273	1
0.3	105.734	1
0.3	80.6237	1
0.3	80.2303	1
0.3	115.583	1
0.3	-119.426	1
0.3	-62.0371	1
0.3	179.669	1
0.3	-93.7091	1
0.3	-126.996	1
0.3	51.5558	1
0.3	65.9424	1
0.3	170.631	1
0.3	-54.4884	1
0.3	106.123	1
0.3	168.25	1
0.3	-161.801	1
0.3	-95.5853	1
0.3	-26.7531	1
0.3	-66.7038	1
0.3	-107.866	1
0.3	-29.8346	1
0.3	5.57972	1
0.3	42.3565	1
0.3	108.735	1
0.3	-160.814	1
0.3	-129.41	1
0.3	34.7071	1
0.3	95.7579	1
0.3	-24.147	1
0.3	-3.18376	1
0.3	-20.1806	1
0.3	73.8195	1
0.3	-75.2595	1
0.3	87.7434	1
0.3	-63.725	1
0.3	-17.7536	1
0.3	92.8365	1
0.3	102.47	1
0.3	40.9054	1
0.3	54.0287	1
0.3	-63.0193	1
0.3	-90.2178	1
0.3	-115.931	1
0.3	-31.1811	1
0.3	15.9804	1
0.3	138.142	1
0.3	14.2688	1
0.3	-23.6986	1
0.3	95.8227	1
0.3	-101.4	1
0.3	-6.36772	1
0.3	26.9528	1
0.3	-177.966	1
0.3	-56.9921	1
0.3	-67.662	1
0.3	34.3321	1
0.3	-50.0346	1
0.3	-54.948	1
0.3	71.7314	1
0.3	42.8843	1
0.3	89.8758	1
0.3	-149.099	1
0.3	81.201	1
0.3	-150.419	1
0.3	-22.4314	1
0.3	5.99154	1
0.3	172.428	1
0.3	93.4597	1
0.3	12.333	1
0.3	59.5255	1
0.3	114.272	1
0.3	3.53818	1
0.3	-23.7047	1
0.3	101.97	1
0.3	147.977	1
0.3	-113.073	1
0.3	-116.36	1
0.3	-6.13341	1
0.3	-42.3927	1
0.3	3.69667	1
0.3	-102.892	1
0.3	84.3711	1
0.3	59.552	1
0.3	-72.4958	1
0.3	41.2944	1
0.3	73.1666	1
0.3	-33.5011	1
0.3	-30.1263	1
0.3	-14.0937	1
0.3	-2.01646	1
0.3	-51.9204	1
0.3	7.90037	1
0.3	-4.7685	1
0.3	136.993	1
0.3	56.1505	1
0.3	56.328	1
0.3	-104.38	1
0.3	-92.6308	1
0.3	141.702	1
0.3	49.3099	1
0.3	-133.392	1
0.3	-133.062	1
0.3	7.4935	1
0.3	-129.442	1
0.3	-31.7662	1
0.3	-40.1515	1
0.3	-59.6073	1
0.3	-131.139	1
0.3	96.8835	1
0.3	-85.054	1
0.3	-37.2477	1
0.3	-107.694	1
0.3	74.562	1
0.3	-102.143	1
0.3	116.493	1
0.3	36.2805	-0.0714286
0.3	61.6252	-0.0714286
0.3	125.796	-0.0714286
0.3	12.3435	-0.0714286
0.3	-144.519	-0.0714286
0.3	-43.1167	-0.0714286
0.3	-155.842	-0.0714286
0.3	106.269	-0.0714286
0.3	124.893	-0.0714286
0.3	24.9033	-0.0714286
0.3	0.658095	-0.0714286
0.3	76.2446	-0.0714286
0.3	-21.384	-0.0714286
0.3	-102.681	-0.0714286
0.3	-44.4665	-0.0714286
0.3	-32.1805	-0.0714286
0.3	45.015	-0.0714286
0.3	-171.132	-0.0714286
0.3	-11.1565	-0.0714286
0.3	24.8418	-0.0714286
0.3	65.9916	-0.0714286
0.3	-95.3351	-0.0714286
0.3	73.7571	-0.0714286
0.3	-158.775	-0.0714286
0.3	65.3622	-0.0714286
0.3	-110.674	-0.0714286
0.3	65.4946	-0.0714286
0.3	99.0389	-0.0714286
0.3	-133.719	-0.0714286
0.3	-73.4627	-0.0714286
0.3	113.498	-0.0714286
0.3	-168.587	-0.0714286
0.3	76.5471	-0.0714286
0.3	-88.2174	-0.0714286
0.3	-14.91	-0.0714286
0.3	111.748	-0.0714286
0.3	-58.7022	-0.0714286
0.3	172.608	-0.0714286
0.3	-147.383	-0.0714286
0.3	-135.967	-0.0714286
0.3	11.1079	-0.0714286
0.3	-118.249	-0.0714286
0.3	-89.9205	-0.0714286
0.3	17.1323	-0.0714286
0.3	-20.2313	-0.0714286
0.3	135.4	-0.0714286
0.3	51.2342	-0.0714286
0.3	114.517	-0.0714286
0.3	-3.32694	-0.0714286
0.3	-128.359	-0.0714286
0.3	-119.326	-0.0714286
0.3	59.9687	-0.0714286
0.3	51.1672	-0.0714286
0.3	112.007	-0.0714286
0.3	49.9976	-0.0714286
0.3	-142.936	-0.0714286
0.3	-172.262	-0.0714286
0.3	-121.961	-0.0714286
0.3	169.236	-0.0714286
0.3	60.7617	-0.0714286
0.3	-83.0835	-0.0714286
0.3	-116.561	-0.0714286
0.3	-53.045	-0.0714286
0.3	26.7813	-0.0714286
0.3	-7.29115	-0.0714286
0.3	128.254	-0.0714286
0.3	139.706	-0.0714286
0.3	40.9842	-0.0714286
0.3	-151.478	-0.0714286
0.3	-52.5177	-0.0714286
0.3	3.26365	-0.0714286
0.3	39.5348	-0.0714286
0.3	-138.76	-0.0714286
0.3	158.95	-0.0714286
0.3	-101.487	-0.0714286
0.3	-124.11	-0.0714286
0.3	-25.304	-0.0714286
0.3	-125.98	-0.0714286
0.3	-141.733	-0.0714286
0.3	-173.279	-0.0714286
0.3	-120.811	-0.0714286
0.3	75.4248	-0.0714286
0.3	16.0881	-0.0714286
0.3	-7.75327	-0.0714286
0.3	-140.715	-0.0714286
0.3	8.25411	-0.0714286
0.3	-52.5858	-0.0714286
0.3	141.136	-0.0714286
0.3	-18.7744	-0.0714286
0.3	-63.4575	-0.0714286
0.3	178.69	-0.0714286
0.3	-3.07144	-0.0714286
0.3	162.542	-0.0714286
0.3	118.949	-0.0714286
0.3	-44.7155	-0.0714286
0.3	-81.5294	-0.0714286
0.3	-166.302	-0.0714286
0.3	-59.071	-0.0714286
0.3	-81.6331	-0.0714286
0.3	-44.3791	-0.0714286
0.3	-119.053	-0.0714286
0.3	-25.1403	-0.0714286
0.3	-1.25504	-0.0714286
-0.25	98.9607	1
-0.25	151.136	1
-0.25	140.519	1
-0.25	161.042	1
-0.25	123.938	1
-0.25	133.383	1
-0.25	140.62	1
-0.25	179.271	1
-0.25	-41.0585	1
-0.25	-120.32	1
-0.25	-172.375	1
-0.25	-79.085	1
-0.25	34.0852	1
-0.25	-165.197	1
-0.25	79.5627	1
-0.25	-154.563	1
-0.25	-73.2099	1
-0.25	114.368	1
-0.25	67.0922	1
-0.25	-63.6429	1
-0.25	30.9379	1
-0.25	78.3851	1
-0.25	-77.6629	1
-0.25	14.4156	1
-0.25	-89.9807	1
-0.25	12.4355	1
-0.25	87.813	1
-0.25	-121.46	1
-0.25	122.296	1
-0.25	-68.4498	1
-0.25	-66.414	1
-0.25	4.60134	1
-0.25	5.62642	1
-0.25	139.433	1
-0.25	93.3526	1
-0.25	-131.763	1
-0.25	-129.93	1
-0.25	-156.685	1
-0.25	-146.39	1
-0.25	34.6902	1
-0.25	10.8513	1
-0.25	18.3518	1
-0.25	93.638	1
-0.25	-143.413	1
-0.25	72.2351	1
-0.25	-12.2959	1
-0.25	-165.713	1
-0.25	141.566	1
-0.25	7.39789	1
-0.25	-122.957	1
-0.25	69.9766	1
-0.25	102.79	1
-0.25	-93.6483	1
-0.25	-172.651	1
-0.25	77.7146	1
-0.25	-79.3428	1
-0.25	-92.5103	1
-0.25	59.3668	1
-0.25	165.158	1
-0.25	164.3	1
-0.25	108.649	1
-0.25	91.0077	1
-0.25	-5.46086	1
-0.25	80.7705	1
-0.25	154.709	1
-0.25	3.20784	1
-0.25	-94.7989	1
-0.25	94.8727	1
-0.25	104.77	1
-0.25	81.7238	1
-0.25	143.851	1
-0.25	-169.445	1
-0.25	145.835	1
-0.25	62.4489	1
-0.25	-116.176	1
-0.25	33.8	1
-0.25	-41.4794	1
-0.25	68.5487	1
-0.25	109.546	1
-0.25	-85.7231	1
-0.25	-30.2898	1
-0.25	41.7042	1
-0.25	25.6361	1
-0.25	100.157	1
-0.25	-158.132	1
-0.25	133.691	1
-0.25	143.03	1
-0.25	8.92609	1
-0.25	-0.288018	1
-0.25	172.281	1
-0.25	-77.973	1
-0.25	-84.5101	1
-0.25	-89.488	1
-0.25	-40.8987	1
-0.25	-162.742	1
-0.25	-121.439	1
-0.25	-124.839	1
-0.25	95.0207	1
-0.25	-110.203	1
-0.25	35.8044	1
-0.25	-82.0016	1
-0.25	-125.673	1
-0.25	126.514	1
-0.25	-123.948	1
-0.25	-19.0471	1
-0.25	3.28018	1
-0.25	31.8027	1
-0.25	165.545	1
-0.25	96.4707	1
-0.25	-130.315	1
-0.25	51.2461	1
-0.25	118.313	1
-0.25	-14.2502	1
-0.25	-166.139	-0.0714286
-0.25	137.627	-0.0714286
-0.25	68.5151	-0.0714286
-0.25	-168.666	-0.0714286
-0.25	-74.2301	-0.0714286
-0.25	166.306	-0.0714286
-0.25	-23.6943	-0.0714286
-0.25	98.1535	-0.0714286
-0.25	-173.168	-0.0714286
-0.25	80.6496	-0.0714286
-0.25	-100.819	-0.0714286
-0.25	-40.7706	-0.0714286
-0.25	88.6442	-0.0714286
-0.25	-65.5494	-0.0714286
-0.25	-172.396	-0.0714286
-0.25	33.2296	-0.0714286
-0.25	-74.281	-0.0714286
-0.25	-173.446	-0.0714286
-0.25	7.45234	-0.0714286
-0.25	-17.0278	-0.0714286
-0.25	108.76	-0.0714286
-0.25	155.149	-0.0714286
-0.25	-61.7827	-0.0714286
-0.25	129.21	-0.0714286
-0.25	147.792	-0.0714286
-0.25	154.263	-0.0714286
-0.25	179.54	-0.0714286
-0.25	94.7169	-0.0714286
-0.25	173.216	-0.0714286
-0.25	172.113	-0.0714286
-0.25	167.815	-0.0714286
-0.25	-60.8927	-0.0714286
-0.25	144.702	-0.0714286
-0.25	-152.99	-0.0714286
-0.25	-74.9698	-0.0714286
-0.25	-47.3301	-0.0714286
-0.25	-110.586	-0.0714286
-0.25	-167.391	-0.0714286
-0.25	-105.602	-0.0714286
-0.25	-62.2882	-0.0714286
-0.25	-77.5833	-0.0714286
-0.25	35.2923	-0.0714286
-0.25	-23.4574	-0.0714286
-0.25	-167.114	-0.0714286
-0.25	-3.32108	-0.0714286
-0.25	-59.3337	-0.0714286
-0.25	126.155	-0.0714286
-0.25	157.726	-0.0714286
-0.25	88.5238	-0.0714286
-0.25	85.1507	-0.0714286
-0.25	145.811	-0.0714286
-0.25	-23.4093	-0.0714286
-0.25	-50.8994	-0.0714286
-0.25	67.556	-0.0714286
-0.25	-50.8544	-0.0714286
-0.25	-84.4577	-0.0714286
-0.25	90.4623	-0.0714286
-0.25	-147.904	-0.0714286
-0.25	84.4631	-0.0714286
-0.25	122.9	-0.0714286
-0.25	-74.353	-0.0714286
-0.25	-132.46	-0.0714286
-0.25	141.378	-0.0714286
-0.25	91.3683	-0.0714286
-0.25	-143.251	-0.0714286
-0.25	18.4734	-0.0714286
-0.25	-142.892	-0.0714286
-0.25	167.779	-0.0714286
-0.25	-29.5755	-0.0714286
-0.25	-24.8792	-0.0714286
-0.25	3.70827	-0.0714286
-0.25	-30.1857	-0.0714286
-0.25	169.57	-0.0714286
-0.25	-13.1493	-0.0714286
-0.25	128.618	-0.0714286
-0.25	-25.9429	-0.0714286
-0.25	-148.159	-0.0714286
-0.25	-9.22395	-0.0714286
-0.25	147.096	-0.0714286
-0.25	136.375	-0.0714286
0.3	143.03	1
0.3	148.113	1
0.3	-107.652	1
0.3	-86.6368	1
0.3	78.984	1
0.3	-69.8391	1
0.3	13.264	1
0.3	51.8819	1
0.3	117.734	1
0.3	-91.4152	1
0.3	74.8237	1
0.3	-18.6503	1
0.3	-34.5627	1
0.3	-82.0918	1
0.3	54.1885	1
0.3	-173.134	1
0.3	-173.103	1
0.3	-153.926	1
0.3	1.14376	1
0.3	-176.282	1
0.3	100.761	1
0.3	-60.5806	1
0.3	5.73731	1
0.3	-83.7614	1
0.3	40.4349	1
0.3	16.8572	1
0.3	154.855	1
0.3	-19.6275	1
0.3	-81.5566	1
0.3	-3.01756	1
0.3	-93.9373	1
0.3	160.368	1
0.3	-96.0315	1
0.3	75.2559	1
0.3	159.395	1
0.3	68.6396	1
0.3	-161.921	1
0.3	64.5791	1
0.3	174.055	1
0.3	118.278	1
0.3	-141.708	1
0.3	-99.0339	1
0.3	-125.785	1
0.3	145.882	1
0.3	-90.146	1
0.3	-39.7414	1
0.3	170.245	1
0.3	-25.3862	1
0.3	25.1501	1
0.3	148.935	1
0.3	-141.639	1
0.3	144.28	1
0.3	92.624	1
0.3	119.654	1
0.3	-89.618	1
0.3	-81.1545	1
0.3	-111.249	1
0.3	174.878	1
0.3	-96.6743	1
0.3	134.382	1
0.3	16.7131	1
0.3	1.92843	1
0.3	-34.7748	1
0.3	110.311	1
0.3	165.188	1
0.3	-9.62723	1
0.3	-16.0341	1
0.3	125.014	1
0.3	-169.137	1
0.3	52.0324	1
0.3	-4.86559	1
0.3	-36.7889	1
0.3	-117.239	1
0.3	67.6838	1
0.3	73.7181	1
0.3	-97.704	1
0.3	-70.6389	1
0.3	10.3067	1
0.3	-54.2588	1
0.3	32.3523	1
0.3	-6.33869	1
0.3	137.914	1
0.3	-54.2875	1
0.3	158.343	1
0.3	166.996	1
0.3	83.2985	1
0.3	146.731	1
0.3	-122.849	1
0.3	11.6331	1
0.3	72.6398	1
0.3	-35.2466	1
0.3	-97.9061	1
0.3	149.59	1
0.3	14.0967	1
0.3	-76.9725	1
0.3	130.196	1
0.3	162.64	1
0.3	97.3102	1
0.3	-82.1013	1
0.3	145.86	1
0.3	168.586	1
0.3	-96.2045	1
0.3	38.7705	1
0.3	137.895	1
0.3	143.388	1
0.3	-49.5424	1
0.3	-85.5676	1
0.3	-154.705	1
0.3	-12.4615	1
0.3	-74.9398	1
0.3	179.058	1
0.3	-20.7342	1
0.3	-177.171	1
0.3	60.1198	1
0.3	24.5367	1
0.3	-13.6504	1
0.3	-50.8649	1
0.3	-131.483	1
0.3	120.814	1
0.3	-28.9907	1
0.3	-92.5441	1
0.3	-110.985	1
0.3	-84.8059	1
0.3	145.626	1
0.3	147.421	1
0.3	-79.8623	1
0.3	-87.4021	1
0.3	78.6438	1
0.3	-81.4469	1
0.3	-72.5697	1
0.3	-84.0062	1
0.3	137.039	1
0.3	1.41474	1
0.3	97.695	1
0.3	128.787	1
0.3	-104.416	1
0.3	-56.4538	1
0.3	91.0293	1
0.3	-36.3244	1
0.3	-153.814	1
0.3	-72.8265	1
0.3	-75.1044	1
0.3	-94.4573	1
0.3	-170.032	1
0.3	32.3783	1
0.3	-4.50986	1
0.3	-41.0241	1
0.3	-49.2896	-0.0380952
0.3	-132.404	-0.0380952
0.3	-91.8208	-0.0380952
0.3	-82.7153	-0.0380952
0.3	-30.7922	-0.0380952
0.3	-82.6105	-0.0380952
0.3	4.43225	-0.0380952
0.3	-117.261	-0.0380952
0.3	103.396	-0.0380952
0.3	104.081	-0.0380952
0.3	69.1115	-0.0380952
0.3	45.0586	-0.0380952
0.3	-172.36	-0.0380952
0.3	-174.011	-0.0380952
0.3	-177.577	-0.0380952
0.3	72.9095	-0.0380952
0.3	-101.678	-0.0380952
0.3	59.4623	-0.0380952
0.3	-158.764	-0.0380952
0.3	-172.281	-0.0380952
0.3	-119.273	-0.0380952
0.3	-98.5907	-0.0380952
0.3	-46.5594	-0.0380952
0.3	38.448	-0.0380952
0.3	5.62725	-0.0380952
0.3	-122.234	-0.0380952
0.3	-166.208	-0.0380952
0.3	80.6719	-0.0380952
0.3	65.6111	-0.0380952
0.3	3.43084	-0.0380952
0.3	-34.5719	-0.0380952
0.3	135.377	-0.0380952
0.3	-127.629	-0.0380952
0.3	-94.3772	-0.0380952
0.3	-154.765	-0.0380952
0.3	87.7514	-0.0380952
0.3	-119.155	-0.0380952
0.3	-78.0876	-0.0380952
0.3	-27.2949	-0.0380952
0.3	-56.1454	-0.0380952
0.3	-25.2981	-0.0380952
0.3	31.6605	-0.0380952
0.3	-161.862	-0.0380952
0.3	21.5713	-0.0380952
0.3	-35.0882	-0.0380952
0.3	95.0678	-0.0380952
0.3	-13.4775	-0.0380952
0.3	1.23757	-0.0380952
0.3	75.7032	-0.0380952
0.3	117.041	-0.0380952
0.3	-154.198	-0.0380952
0.3	169.566	-0.0380952
0.3	-135.514	-0.0380952
0.3	-109.473	-0.0380952
0.3	75.3715	-0.0380952
0.3	58.0243	-0.0380952
0.3	-46.4631	-0.0380952
0.3	9.49872	-0.0380952
0.3	-177.019	-0.0380952
0.3	-75.3954	-0.0380952
0.3	-139.75	-0.0380952
0.3	-132.195	-0.0380952
0.3	-86.0801	-0.0380952
0.3	24.4531	-0.0380952
0.3	37.0142	-0.0380952
0.3	91.3663	-0.0380952
0.3	-122.022	-0.0380952
0.3	-133.975	-0.0380952
0.3	-125.796	-0.0380952
0.3	-122.836	-0.0380952
0.3	43.8699	-0.0380952
0.3	-52.3181	-0.0380952
0.3	-136.056	-0.0380952
0.3	126.971	-0.0380952
0.3	166.837	-0.0380952
0.3	-73.8825	-0.0380952
0.3	-104.919	-0.0380952
0.3	-163.98	-0.0380952
0.3	167.297	-0.0380952
0.3	-117.769	-0.0380952
0.3	-124.582	-0.0380952
0.3	-153.172	-0.0380952
0.3	22.6002	-0.0380952
0.3	43.4857	-0.0380952
0.3	174.775	-0.0380952
0.3	-33.8888	-0.0380952
0.3	-105.396	-0.0380952
0.3	142.623	-0.0380952
0.3	-19.5479	-0.0380952
0.3	172.034	-0.0380952
0.3	-49.3856	-0.0380952
0.3	-45.1719	-0.0380952
0.3	142.493	-0.0380952
0.3	159.631	-0.0380952
0.3	126.734	-0.0380952
0.3	-172.681	-0.0380952
0.3	-102.948	-0.0380952
0.3	-122.203	-0.0380952
0.3	87.57	-0.0380952
0.3	-25.4613	-0.0380952
0.3	127.537	-0.0380952
0.3	8.68888	-0.0380952
0.3	-168.125	-0.0380952
0.3	59.3511	-0.0380952
0.3	-90.5787	-0.0380952
0.3	84.2729	-0.0380952
0.3	152.217	-0.0380952
0.3	36.7658	-0.0380952
0.3	-106.303	-0.0380952
0.3	-30.6019	-0.0380952
0.3	24.8284	-0.0380952
0.3	21.24	-0.0380952
0.3	-8.20421	-0.0380952
0.3	59.1134	-0.0380952
0.3	141.749	-0.0380952
0.3	-173.421	-0.0380952
0.3	86.7326	-0.0380952
0.3	47.7898	-0.0380952
0.3	49.4943	-0.0380952
0.3	-53.3613	-0.0380952
0.3	-114.99	-0.0380952
0.3	77.0024	-0.0380952
0.3	-80.8686	-0.0380952
0.3	-18.9051	-0.0380952
0.3	11.1014	-0.0380952
0.3	92.5127	-0.0380952
0.3	-105.279	-0.0380952
0.3	87.4272	-0.0380952
0.3	167.135	-0.0380952
0.3	149.544	-0.0380952
0.3	-36.9335	-0.0380952
0.3	-89.3764	-0.0380952
0.3	5.31569	-0.0380952
0.3	85.8177	-0.0380952
0.3	52.6592	-0.0380952
0.3	170.063	-0.0380952
0.3	52.1418	-0.0380952
0.3	-87.4778	-0.0380952
0.3	99.4568	-0.0380952
0.3	-104.968	-0.0380952
0.3	-136.806	-0.0380952
0.3	-125.645	-0.0380952
0.3	-85.0773	-0.0380952
0.3	-165.556	-0.0380952
0.3	-161.507	-0.0380952
0.3	6.82509	-0.0380952
0.3	17.6366	-0.0380952
0.3	-113.7	-0.0380952
0.3	-89.9987	-0.0380952
0.3	-20.2252	-0.0380952
0.3	158.438	-0.0380952
0.3	-70.6489	-0.0380952
0.3	24.2751	-0.0380952
0.3	-141.241	-0.0380952
0.3	-141.582	-0.0380952
0.3	-89.902	-0.0380952
0.3	-174.172	-0.0380952
0.3	-135.865	-0.0380952
0.3	-121.908	-0.0380952
0.3	154.922	-0.0380952
0.3	179.511	-0.0380952
0.3	153.438	-0.0380952
0.3	21.1057	-0.0380952
0.3	-23.4439	-0.0380952
0.3	59.8855	-0.0380952
0.3	-147.721	-0.0380952
0.3	175.393	-0.0380952
0.3	35.123	-0.0380952
0.3	95.8378	-0.0380952
0.3	-126.005	-0.0380952
0.3	-24.8238	-0.0380952
0.3	-132.184	-0.0380952
0.3	-75.1908	-0.0380952
0.3	39.0472	-0.0380952
0.3	-75.4381	-0.0380952
0.3	173.268	-0.0380952
0.3	-53.0203	-0.0380952
0.3	-41.7939	-0.0380952
0.3	-9.39788	-0.0380952
0.3	-113.522	-0.0380952
0.3	-3.69725	-0.0380952
0.3	-150.48	-0.0380952
0.3	-110.014	-0.0380952
0.3	144.784	-0.0380952
0.3	93.7246	-0.0380952
0.3	102.87	-0.0380952
0.3	-109.98	-0.0380952
0.3	-51.2423	-0.0380952
0.3	-35.2525	-0.0380952
0.3	142.148	-0.0380952
0.3	128.554	-0.0380952
0.3	-46.7209	-0.0380952
0.3	-25.9559	-0.0380952
-0.25	-169.858	1
-0.25	152.43	1
-0.25	-59.003	1
-0.25	74.7943	1
-0.25	-163.998	1
-0.25	15.0301	1
-0.25	50.7095	1
-0.25	-45.5708	1
-0.25	37.5538	1
-0.25	-54.4347	1
-0.25	-50.3014	1
-0.25	-171.322	1
-0.25	42.7655	1
-0.25	-63.0012	1
-0.25	-72.4643	1
-0.25	34.2173	1
-0.25	105.111	1
-0.25	86.8523	1
-0.25	82.0329	1
-0.25	-167.039	1
-0.25	54.093	1
-0.25	-15.5631	1
-0.25	-74.0325	1
-0.25	129.269	1
-0.25	31.7446	1
-0.25	169.298	1
-0.25	13.0738	1
-0.25	-112.369	1
-0.25	-102.032	1
-0.25	-45.4782	1
-0.25	163.627	1
-0.25	178.839	1
-0.25	110.205	1
-0.25	10.9161	1
-0.25	110.97	1
-0.25	-93.9512	1
-0.25	121.04	1
-0.25	121.618	1
-0.25	74.3393	1
-0.25	155.868	1
-0.25	88.3291	1
-0.25	-138.667	1
-0.25	-134.6	1
-0.25	149.207	1
-0.25	-166.067	1
-0.25	52.7483	1
-0.25	-30.2013	1
-0.25	128.3	1
-0.25	-107.881	1
-0.25	20.2663	1
-0.25	39.0459	1
-0.25	-173.337	1
-0.25	85.5481	1
-0.25	166.422	1
-0.25	178.862	1
-0.25	135.864	1
-0.25	34.9266	1
-0.25	-133.301	1
-0.25	42.6502	1
-0.25	55.4291	1
-0.25	-41.0659	1
-0.25	0.523081	1
-0.25	-2.55536	1
-0.25	-49.4248	1
-0.25	-144.93	1
-0.25	-83.1399	1
-0.25	34.0937	1
-0.25	108.406	1
-0.25	72.8733	1
-0.25	-178.89	1
-0.25	-127.935	1
-0.25	67.1696	1
-0.25	49.4813	1
-0.25	-1.25674	1
-0.25	-125.188	1
-0.25	45.2785	1
-0.25	-77.414	1
-0.25	-105.113	1
-0.25	89.0751	1
-0.25	-162.335	1
-0.25	-20.0142	1
-0.25	-0.433548	1
-0.25	-115.321	1
-0.25	10.8506	1
-0.25	170.03	1
-0.25	-149.665	1
-0.25	37.187	1
-0.25	-103.394	1
-0.25	147.553	1
-0.25	123.5	1
-0.25	179.072	1
-0.25	-140.789	1
-0.25	18.9141	1
-0.25	-111.538	1
-0.25	72.7451	1
-0.25	-126.552	1
-0.25	40.6848	1
-0.25	30.3569	1
-0.25	-45.2379	1
-0.25	160.802	1
-0.25	-157.992	1
-0.25	-149.798	1
-0.25	175.398	1
-0.25	105.925	1
-0.25	-2.88691	1
-0.25	57.1512	1
-0.25	170.436	1
-0.25	3.41097	1
-0.25	-85.2439	1
-0.25	96.6255	1
-0.25	-10.5479	1
-0.25	6.37954	1
-0.25	-2.35382	1
-0.25	134.122	-0.0380952
-0.25	122.731	-0.0380952
-0.25	-94.6227	-0.0380952
-0.25	131.633	-0.0380952
-0.25	177.109	-0.0380952
-0.25	-40.7675	-0.0380952
-0.25	26.0516	-0.0380952
-0.25	-10.3864	-0.0380952
-0.25	37.1548	-0.0380952
-0.25	-111.827	-0.0380952
-0.25	100.089	-0.0380952
-0.25	-63.646	-0.0380952
-0.25	-1.4581	-0.0380952
-0.25	148.797	-0.0380952
-0.25	-17.9353	-0.0380952
-0.25	-26.6415	-0.0380952
-0.25	-65.3474	-0.0380952
-0.25	-101.729	-0.0380952
-0.25	-9.02027	-0.0380952
-0.25	-15.9983	-0.0380952
-0.25	-129.388	-0.0380952
-0.25	-19.8262	-0.0380952
-0.25	-84.6072	-0.0380952
-0.25	59.6014	-0.0380952
-0.25	-51.385	-0.0380952
-0.25	-22.4471	-0.0380952
-0.25	-62.7069	-0.0380952
-0.25	-168.109	-0.0380952
-0.25	-104.467	-0.0380952
-0.25	-36.9146	-0.0380952
-0.25	1.59579	-0.0380952
-0.25	-59.8072	-0.0380952
-0.25	-89.9833	-0.0380952
-0.25	79.1582	-0.0380952
-0.25	-107.836	-0.0380952
-0.25	110.467	-0.0380952
-0.25	86.3493	-0.0380952
-0.25	-133.509	-0.0380952
-0.25	-75.4856	-0.0380952
-0.25	-78.6638	-0.0380952
-0.25	-110.423	-0.0380952
-0.25	121.505	-0.0380952
-0.25	-119.296	-0.0380952
-0.25	-23.7722	-0.0380952
-0.25	171.629	-0.0380952
-0.25	49.6435	-0.0380952
-0.25	97.9945	-0.0380952
-0.25	106.073	-0.0380952
-0.25	26.2635	-0.0380952
-0.25	-44.781	-0.0380952
-0.25	-58.2292	-0.0380952
-0.25	-143.922	-0.0380952
-0.25	-93.5195	-0.0380952
-0.25	122.064	-0.0380952
-0.25	23.8745	-0.0380952
-0.25	-44.2024	-0.0380952
-0.25	-44.3698	-0.0380952
-0.25	-46.8862	-0.0380952
-0.25	97.229	-0.0380952
-0.25	-102.41	-0.0380952
-0.25	-133.49	-0.0380952
-0.25	-65.9498	-0.0380952
-0.25	175.652	-0.0380952
-0.25	-122.186	-0.0380952
-0.25	158.016	-0.0380952
-0.25	76.9222	-0.0380952
-0.25	-19.4592	-0.0380952
-0.25	117	-0.0380952
-0.25	-64.1075	-0.0380952
-0.25	172.304	-0.0380952
-0.25	-67.9763	-0.0380952
-0.25	-167.761	-0.0380952
-0.25	173.597	-0.0380952
-0.25	-57.7828	-0.0380952
-0.25	-12.1792	-0.0380952
-0.25	157.674	-0.0380952
-0.25	129.532	-0.0380952
-0.25	-126.968	-0.0380952
-0.25	-10.1179	-0.0380952
-0.25	-50.1922	-0.0380952
-0.25	-72.4781	-0.0380952
-0.25	40.9597	-0.0380952
-0.25	103.764	-0.0380952
-0.25	60.9261	-0.0380952
-0.25	6.0288	-0.0380952
-0.25	-162.171	-0.0380952
-0.25	90.6745	-0.0380952
-0.25	18.0205	-0.0380952
-0.25	-62.4833	-0.0380952
-0.25	-64.0242	-0.0380952
-0.25	175.006	-0.0380952
-0.25	-8.42669	-0.0380952
-0.25	-71.9382	-0.0380952
-0.25	-87.6055	-0.0380952
-0.25	125.887	-0.0380952
-0.25	61.7868	-0.0380952
-0.25	54.3814	-0.0380952
-0.25	158.764	-0.0380952
-0.25	168.085	-0.0380952
-0.25	143.186	-0.0380952
-0.25	82.4574	-0.0380952
-0.25	121.3	-0.0380952
-0.25	-117.212	-0.0380952
-0.25	29.7373	-0.0380952
-0.25	-102.795	-0.0380952
-0.25	-168.511	-0.0380952
-0.25	-175.358	-0.0380952
-0.25	73.1426	-0.0380952
-0.25	90.3194	-0.0380952
-0.25	4.45333	-0.0380952
-0.25	-92.3311	-0.0380952
-0.25	42.8403	-0.0380952
-0.25	-15.462	-0.0380952
-0.25	100.75	-0.0380952
-0.25	124.942	-0.0380952
-0.25	-82.9628	-0.0380952
-0.25	151.284	-0.0380952
-0.25	-99.3104	-0.0380952
-0.25	23.5561	-0.0380952
-0.25	-35.504	-0.0380952
-0.25	147.334	-0.0380952
-0.25	159.058	-0.0380952
-0.25	128.792	-0.0380952
-0.25	7.69064	-0.0380952
-0.25	-31.673	-0.0380952
-0.25	92.868	-0.0380952
-0.25	17.7289	-0.0380952
-0.25	-96.5691	-0.0380952
-0.25	-84.3633	-0.0380952
-0.25	73.5869	-0.0380952
-0.25	-11.2741	-0.0380952
-0.25	-171.516	-0.0380952
-0.25	-24.9678	-0.0380952
-0.25	23.9308	-0.0380952
-0.25	-25.487	-0.0380952
-0.25	-60.1216	-0.0380952
-0.25	64.5999	-0.0380952
-0.25	-45.1826	-0.0380952
-0.25	93.1301	-0.0380952
-0.25	-15.895	-0.0380952
-0.25	-36.1639	-0.0380952
-0.25	100.094	-0.0380952
-0.25	73.7774	-0.0380952
-0.25	-159.433	-0.0380952
-0.25	157.081	-0.0380952
-0.25	15.2787	-0.0380952
-0.25	-43.5354	-0.0380952
-0.25	-60.1503	-0.0380952
-0.25	160.196	-0.0380952
-0.25	19.6571	-0.0380952
0.3	153.213	1
0.3	142.866	1
0.3	-115.081	1
0.3	-100.258	1
0.3	135.921	1
0.3	66.247	1
0.3	-10.6311	1
0.3	-11.9435	1
0.3	119.455	1
0.3	119.237	1
0.3	161.702	1
0.3	117.653	1
0.3	176.494	1
0.3	143.418	1
0.3	51.6694	1
0.3	-177.599	1
0.3	-122.199	1
0.3	114.972	1
0.3	40.3766	1
0.3	1.15391	1
0.3	-118.099	1
0.3	-175.164	1
0.3	171.297	1
0.3	-176.226	1
0.3	-26.2974	1
0.3	-128.896	1
0.3	-4.69279	1
0.3	29.494	1
0.3	-80.1851	1
0.3	-169.617	1
0.3	95.6816	1
0.3	61.1197	1
0.3	-79.7136	1
0.3	8.39547	1
0.3	-148.037	1
0.3	45.0065	1
0.3	-89.8836	1
0.3	-124.958	1
0.3	-19.4424	1
0.3	109.944	1
0.3	100.895	1
0.3	-118.413	1
0.3	150.867	1
0.3	-6.8066	1
0.3	149.311	1
0.3	129.808	1
0.3	-109.463	1
0.3	167.074	1
0.3	-5.23759	1
0.3	152.67	1
0.3	113.038	1
0.3	-58.43	1
0.3	130.914	1
0.3	-51.2467	1
0.3	101.495	1
0.3	-125.308	1
0.3	118.131	1
0.3	72.3133	1
0.3	148.88	1
0.3	50.6958	1
0.3	131.949	1
0.3	105.516	1
0.3	-23.959	1
0.3	6.27487	1
0.3	93.7815	1
0.3	-23.2689	1
0.3	120.46	1
0.3	-21.916	1
0.3	93.672	1
0.3	-159.475	1
0.3	52.8054	1
0.3	-1.12717	1
0.3	174.52	1
0.3	141.024	1
0.3	-151.781	1
0.3	-12.597	1
0.3	54.441	1
0.3	-128.374	1
0.3	-140.717	1
0.3	170.818	1
0.3	178.587	1
0.3	-63.3842	1
0.3	-105.856	1
0.3	149.118	1
0.3	-71.5317	1
0.3	-122.389	1
0.3	112.216	1
0.3	-70.4049	1
0.3	139.183	1
0.3	133.087	1
0.3	-157.654	1
0.3	-62.871	1
0.3	31.4217	1
0.3	-125.369	1
0.3	81.9714	1
0.3	-7.96559	1
0.3	69.1094	1
0.3	113.624	1
0.3	158.465	1
0.3	-120.023	1
0.3	-72.499	1
0.3	170.151	1
0.3	-10.4769	1
0.3	-130.325	1
0.3	153.301	1
0.3	39.5933	1
0.3	79.5114	1
0.3	-24.025	1
0.3	64.665	1
0.3	-171.41	1
0.3	101.013	1
0.3	-9.126	1
0.3	78.6802	1
0.3	127.809	1
0.3	156.33	1
0.3	96.9533	1
0.3	137.112	1
0.3	-74.0185	1
0.3	-84.4432	1
0.3	134.273	1
0.3	-162.704	1
0.3	24.5307	1
0.3	41.3849	1
0.3	-18.0596	1
0.3	169.042	1
0.3	48.3848	1
0.3	149.971	1
0.3	-68.8393	1
0.3	82.72	1
0.3	127.29	1
0.3	-136.964	1
0.3	153.2	1
0.3	26.9782	1
0.3	-91.8978	1
0.3	173.652	1
0.3	150.008	1
0.3	-115.957	1
0.3	119.583	1
0.3	-14.1173	1
0.3	155.128	1
0.3	49.4772	1
0.3	-63.3568	1
0.3	43.7967	1
0.3	100.405	1
0.3	99.1438	1
0.3	-144.052	1
0.3	-51.9628	1
0.3	109.215	-0.0190476
0.3	-52.8131	-0.0190476
0.3	157.87	-0.0190476
0.3	-140.469	-0.0190476
0.3	20.7776	-0.0190476
0.3	96.2158	-0.0190476
0.3	-68.5922	-0.0190476
0.3	49.9379	-0.0190476
0.3	-146.168	-0.0190476
0.3	165.874	-0.0190476
0.3	-22.913	-0.0190476
0.3	136.447	-0.0190476
0.3	129.539	-0.0190476
0.3	52.4724	-0.0190476
0.3	-172.165	-0.0190476
0.3	11.4365	-0.0190476
0.3	-138.568	-0.0190476
0.3	91.8116	-0.0190476
0.3	122.886	-0.0190476
0.3	50.6213	-0.0190476
0.3	145.83	-0.0190476
0.3	-8.21961	-0.0190476
0.3	55.8604	-0.0190476
0.3	-137.323	-0.0190476
0.3	-152.352	-0.0190476
0.3	-92.689	-0.0190476
0.3	158.219	-0.0190476
0.3	178.806	-0.0190476
0.3	90.3883	-0.0190476
0.3	23.4285	-0.0190476
0.3	105.961	-0.0190476
0.3	122.135	-0.0190476
0.3	66.4184	-0.0190476
0.3	-170.137	-0.0190476
0.3	136.766	-0.0190476
0.3	-14.0726	-0.0190476
0.3	36.3101	-0.0190476
0.3	-65.7559	-0.0190476
0.3	-33.9149	-0.0190476
0.3	-40.3502	-0.0190476
0.3	-89.2188	-0.0190476
0.3	-117.703	-0.0190476
0.3	-149.518	-0.0190476
0.3	16.6726	-0.0190476
0.3	46.4046	-0.0190476
0.3	79.8308	-0.0190476
0.3	-149.498	-0.0190476
0.3	24.7324	-0.0190476
0.3	11.3044	-0.0190476
0.3	-113.767	-0.0190476
0.3	-153.404	-0.0190476
0.3	-0.340613	-0.0190476
0.3	131.202	-0.0190476
0.3	85.6312	-0.0190476
0.3	87.1513	-0.0190476
0.3	-20.0046	-0.0190476
0.3	-19.0351	-0.0190476
0.3	49.5741	-0.0190476
0.3	58.3506	-0.0190476
0.3	-160.738	-0.0190476
0.3	148.426	-0.0190476
0.3	45.9911	-0.0190476
0.3	56.7066	-0.0190476
0.3	100.054	-0.0190476
0.3	136.026	-0.0190476
0.3	120.929	-0.0190476
0.3	143.099	-0.0190476
0.3	-91.6629	-0.0190476
0.3	66.2405	-0.0190476
0.3	44.8257	-0.0190476
0.3	-5.70093	-0.0190476
0.3	-29.0785	-0.0190476
0.3	172.239	-0.0190476
0.3	-169.725	-0.0190476
0.3	168.071	-0.0190476
0.3	174.434	-0.0190476
0.3	-104.276	-0.0190476
0.3	-106.605	-0.0190476
0.3	2.45946	-0.0190476
0.3	147.852	-0.0190476
0.3	-10.6199	-0.0190476
0.3	42.8429	-0.0190476
0.3	-69.5844	-0.0190476
0.3	-87.8902	-0.0190476
0.3	-39.524	-0.0190476
0.3	58.9351	-0.0190476
0.3	174.77	-0.0190476
0.3	-131.286	-0.0190476
0.3	-99.7984	-0.0190476
0.3	-35.8658	-0.0190476
0.3	-150.281	-0.0190476
0.3	-136.039	-0.0190476
0.3	-156.939	-0.0190476
0.3	58.069	-0.0190476
0.3	169.067	-0.0190476
0.3	154.525	-0.0190476
0.3	-138.097	-0.0190476
0.3	79.0047	-0.0190476
0.3	-73.5546	-0.0190476
0.3	-122.632	-0.0190476
0.3	118.892	-0.0190476
0.3	108.856	-0.0190476
0.3	-29.9072	-0.0190476
0.3	44.2996	-0.0190476
0.3	-35.8886	-0.0190476
0.3	-122.236	-0.0190476
0.3	148.807	-0.0190476
0.3	33.1493	-0.0190476
0.3	30.7251	-0.0190476
0.3	-6.30343	-0.0190476
0.3	-101.125	-0.0190476
0.3	-41.3761	-0.0190476
0.3	85.6946	-0.0190476
0.3	-59.349	-0.0190476
0.3	-11.0731	-0.0190476
0.3	62.5643	-0.0190476
0.3	-67.5983	-0.0190476
0.3	84.3527	-0.0190476
0.3	-21.5864	-0.0190476
0.3	-7.41599	-0.0190476
0.3	-129.312	-0.0190476
0.3	122.2	-0.0190476
0.3	-122.171	-0.0190476
0.3	5.53422	-0.0190476
0.3	-55.8518	-0.0190476
0.3	-111.365	-0.0190476
0.3	-178.682	-0.0190476
0.3	124.604	-0.0190476
0.3	-149.499	-0.0190476
0.3	60.5906	-0.0190476
0.3	42.8897	-0.0190476
0.3	111.745	-0.0190476
0.3	-10.98	-0.0190476
0.3	75.7291	-0.0190476
0.3	22.8823	-0.0190476
0.3	-67.0026	-0.0190476
0.3	-24.8953	-0.0190476
0.3	173.087	-0.0190476
0.3	76.7567	-0.0190476
0.3	110.799	-0.0190476
0.3	-27.9419	-0.0190476
0.3	-20.5935	-0.0190476
0.3	155.559	-0.0190476
0.3	89.1623	-0.0190476
0.3	-64.3958	-0.0190476
0.3	108.174	-0.0190476
0.3	-132.518	-0.0190476
0.3	165.313	-0.0190476
0.3	104.009	-0.0190476
0.3	121.685	-0.0190476
0.3	170.955	-0.0190476
0.3	-66.0307	-0.0190476
0.3	23.133	-0.0190476
0.3	-168.852	-0.0190476
0.3	10.7456	-0.0190476
0.3	60.6731	-0.0190476
0.3	-104.094	-0.0190476
0.3	177.224	-0.0190476
0.3	-111.145	-0.0190476
0.3	-29.161	-0.0190476
0.3	28.0354	-0.0190476
0.3	-158.001	-0.0190476
0.3	13.7749	-0.0190476
0.3	-61.4352	-0.0190476
0.3	85.8447	-0.0190476
0.3	-12.9446	-0.0190476
0.3	91.6006	-0.0190476
0.3	-151.057	-0.0190476
0.3	-55.0848	-0.0190476
0.3	57.9014	-0.0190476
0.3	-148.144	-0.0190476
0.3	-105.043	-0.0190476
0.3	-169.268	-0.0190476
0.3	-175.702	-0.0190476
0.3	-5.20483	-0.0190476
0.3	-142.734	-0.0190476
0.3	-42.4553	-0.0190476
0.3	27.3273	-0.0190476
0.3	-50.6995	-0.0190476
0.3	-26.3567	-0.0190476
0.3	83.4508	-0.0190476
0.3	-155.733	-0.0190476
0.3	125.537	-0.0190476
0.3	20.5308	-0.0190476
0.3	-175.884	-0.0190476
0.3	-68.1966	-0.0190476
0.3	-29.4406	-0.0190476
0.3	-173.183	-0.0190476
0.3	140.546	-0.0190476
0.3	133.641	-0.0190476
0.3	-7.83945	-0.0190476
0.3	-161.101	-0.0190476
0.3	171.057	-0.0190476
0.3	76.0559	-0.0190476
0.3	-164.285	-0.0190476
0.3	32.0457	-0.0190476
0.3	-30.002	-0.0190476
0.3	-133.823	-0.0190476
0.3	16.0884	-0.0190476
0.3	-146.567	-0.0190476
0.3	111.04	-0.0190476
0.3	-130.49	-0.0190476
0.3	151.262	-0.0190476
0.3	-124.726	-0.0190476
0.3	111.83	-0.0190476
0.3	-54.257	-0.0190476
0.3	-75.8258	-0.0190476
0.3	-163.218	-0.0190476
0.3	-169.146	-0.0190476
0.3	115.871	-0.0190476
0.3	1.4035	-0.0190476
0.3	30.9461	-0.0190476
0.3	171.758	-0.0190476
0.3	54.1591	-0.0190476
0.3	132.858	-0.0190476
0.3	-175.21	-0.0190476
0.3	-63.7526	-0.0190476
0.3	43.9672	-0.0190476
0.3	-116.252	-0.0190476
0.3	92.0675	-0.0190476
0.3	86.4433	-0.0190476
0.3	-22.1947	-0.0190476
0.3	6.16387	-0.0190476
0.3	-126.21	-0.0190476
0.3	72.3285	-0.0190476
0.3	-93.9525	-0.0190476
0.3	-120.782	-0.0190476
0.3	82.4687	-0.0190476
0.3	159.538	-0.0190476
0.3	74.6479	-0.0190476
0.3	-125.174	-0.0190476
0.3	-48.9373	-0.0190476
0.3	15.194	-0.0190476
0.3	29.2528	-0.0190476
0.3	135.818	-0.0190476
0.3	65.1026	-0.0190476
0.3	67.1035	-0.0190476
0.3	113.228	-0.0190476
0.3	-161.076	-0.0190476
0.3	154.335	-0.0190476
0.3	154.932	-0.0190476
0.3	134.431	-0.0190476
0.3	-56.2152	-0.0190476
0.3	94.7231	-0.0190476
0.3	-118.946	-0.0190476
0.3	1.79525	-0.0190476
0.3	16.7326	-0.0190476
0.3	-90.899	-0.0190476
0.3	53.2997	-0.0190476
0.3	-128.811	-0.0190476
0.3	14.9419	-0.0190476
0.3	-38.25	-0.0190476
0.3	96.2119	-0.0190476
0.3	-93.2335	-0.0190476
0.3	-104.99	-0.0190476
0.3	67.6534	-0.0190476
0.3	-167.285	-0.0190476
0.3	4.27209	-0.0190476
0.3	-118.285	-0.0190476
0.3	-106.789	-0.0190476
0.3	135.319	-0.0190476
0.3	-77.9785	-0.0190476
0.3	176.638	-0.0190476
0.3	110.297	-0.0190476
0.3	-112.414	-0.0190476
0.3	169.681	-0.0190476
0.3	144.141	-0.0190476
0.3	78.6511	-0.0190476
0.3	-101.813	-0.0190476
0.3	50.6336	-0.0190476
0.3	-79.1713	-0.0190476
0.3	-12.9989	-0.0190476
0.3	-25.4456	-0.0190476
0.3	-102.871	-0.0190476
0.3	-115.628	-0.0190476
0.3	-25.9642	-0.0190476
0.3	31.2036	-0.0190476
0.3	-66.387	-0.0190476
0.3	9.82678	-0.0190476
0.3	28.8294	-0.0190476
0.3	82.4159	-0.0190476
0.3	67.4507	-0.0190476
0.3	2.69986	-0.0190476
0.3	152.412	-0.0190476
0.3	-64.6486	-0.0190476
0.3	-7.33681	-0.0190476
0.3	-125.124	-0.0190476
0.3	5.36169	-0.0190476
0.3	-91.1115	-0.0190476
0.3	122.78	-0.0190476
0.3	2.72617	-0.0190476
0.3	32.9792	-0.0190476
0.3	161.356	-0.0190476
0.3	66.7961	-0.0190476
0.3	-11.5857	-0.0190476
0.3	-74.9805	-0.0190476
0.3	138.795	-0.0190476
0.3	-6.99889	-0.0190476
0.3	-32.7768	-0.0190476
0.3	-172.91	-0.0190476
0.3	68.9784	-0.0190476
0.3	-128.142	-0.0190476
0.3	1.34015	-0.0190476
0.3	-20.6163	-0.0190476
0.3	-158.887	-0.0190476
0.3	9.06306	-0.0190476
0.3	-33.9688	-0.0190476
0.3	-144.11	-0.0190476
0.3	41.9166	-0.0190476
0.3	-145.963	-0.0190476
0.3	141.391	-0.0190476
0.3	-145.632	-0.0190476
0.3	59.6831	-0.0190476
0.3	-110.449	-0.0190476
0.3	32.9077	-0.0190476
0.3	110.806	-0.0190476
0.3	-135.677	-0.0190476
0.3	138.589	-0.0190476
0.3	119.025	-0.0190476
0.3	46.898	-0.0190476
0.3	41.4414	-0.0190476
0.3	164.563	-0.0190476
0.3	-20.2564	-0.0190476
0.3	-103.141	-0.0190476
0.3	137.347	-0.0190476
0.3	-72.8449	-0.0190476
0.3	1.82025	-0.0190476
0.3	-86.7725	-0.0190476
0.3	-37.6537	-0.0190476
0.3	114.759	-0.0190476
0.3	172.753	-0.0190476
0.3	-112.707	-0.0190476
0.3	-177.215	-0.0190476
0.3	60.4832	-0.0190476
0.3	-63.1103	-0.0190476
0.3	160.13	-0.0190476
0.3	-91.8564	-0.0190476
0.3	103.006	-0.0190476
0.3	-178.102	-0.0190476
0.3	-29.216	-0.0190476
0.3	-34.8398	-0.0190476
0.3	-12.5393	-0.0190476
0.3	-25.7299	-0.0190476
0.3	-96.4461	-0.0190476
0.3	57.5431	-0.0190476
0.3	51.3881	-0.0190476
0.3	105.389	-0.0190476
0.3	-48.8802	-0.0190476
0.3	-90.477	-0.0190476
0.3	22.3147	-0.0190476
0.3	114.621	-0.0190476
0.3	7.00146	-0.0190476
0.3	36.7634	-0.0190476
0.3	176.194	-0.0190476
0.3	5.41584	-0.0190476
0.3	-149.184	-0.0190476
0.3	50.9679	-0.0190476
0.3	33.0468	-0.0190476
0.3	114.647	-0.0190476
0.3	-139.707	-0.0190476
0.3	-153.544	-0.0190476
0.3	134.063	-0.0190476
0.3	-140.679	-0.0190476
0.3	-84.7114	-0.0190476
0.3	-60.9392	-0.0190476
0.3	-91.9454	-0.0190476
0.3	-89.6467	-0.0190476
0.3	-114.907	-0.0190476
0.3	-67.1206	-0.0190476
0.3	-80.4366	-0.0190476
0.3	103.779	-0.0190476
0.3	75.3859	-0.0190476
0.3	75.7856	-0.0190476
0.3	-40.6652	-0.0190476
0.3	-84.7762	-0.0190476
0.3	148.616	-0.0190476
0.3	175.049	-0.0190476
0.3	-13.4216	-0.0190476
0.3	68.5993	-0.0190476
0.3	116.656	-0.0190476
0.3	-152.746	-0.0190476
0.3	-172.515	-0.0190476
0.3	-26.7587	-0.0190476
0.3	-159.605	-0.0190476
0.3	-111.665	-0.0190476
0.3	-179.05	-0.0190476
0.3	-17.6991	-0.0190476
-0.25	72.738	1
-0.25	178.838	1
-0.25	-120.51	1
-0.25	-12.275	1
-0.25	-152.583	1
-0.25	66.2706	1
-0.25	-114.937	1
-0.25	-158.461	1
-0.25	104.244	1
-0.25	-150.393	1
-0.25	-109.83	1
-0.25	25.7219	1
-0.25	174.034	1
-0.25	18.0585	1
-0.25	46.14	1
-0.25	166.587	1
-0.25	-4.70692	1
-0.25	145.072	1
-0.25	22.2599	1
-0.25	-6.42048	1
-0.25	9.05832	1
-0.25	80.6916	1
-0.25	-85.0441	1
-0.25	-167.526	1
-0.25	-96.0263	1
-0.25	173.123	1
-0.25	61.4704	1
-0.25	30.744	1
-0.25	-175.817	1
-0.25	52.5337	1
-0.25	-22.3289	1
-0.25	58.1978	1
-0.25	-86.6649	1
-0.25	171.184	1
-0.25	-14.2096	1
-0.25	-48.7579	1
-0.25	-21.4058	1
-0.25	127.845	1
-0.25	120.063	1
-0.25	-82.3931	1
-0.25	-168.92	1
-0.25	-164.717	1
-0.25	-111.909	1
-0.25	-90.159	1
-0.25	-46.284	1
-0.25	-107.875	1
-0.25	-102.177	1
-0.25	-169.185	1
-0.25	-15.5624	1
-0.25	-159.226	1
-0.25	13.2872	1
-0.25	66.2413	1
-0.25	-163.614	1
-0.25	-121.596	1
-0.25	33.4456	1
-0.25	110.192	1
-0.25	104.396	1
-0.25	30.9099	1
-0.25	25.5912	1
-0.25	-35.1973	1
-0.25	-63.8783	1
-0.25	-57.3148	1
-0.25	147.169	1
-0.25	-31.933	1
-0.25	24.7823	1
-0.25	36.1335	1
-0.25	-57.9317	1
-0.25	1.74457	1
-0.25	63.6472	1
-0.25	-158.991	1
-0.25	-3.92001	1
-0.25	-178.671	1
-0.25	59.2827	1
-0.25	-157.845	1
-0.25	152.771	1
-0.25	-109.828	1
-0.25	11.8023	1
-0.25	162.427	1
-0.25	112.651	1
-0.25	-148.982	1
-0.25	125.767	1
-0.25	12.901	1
-0.25	149.66	1
-0.25	12.4455	1
-0.25	93.7304	1
-0.25	-152.595	1
-0.25	-150.237	1
-0.25	-120.142	1
-0.25	72.647	1
-0.25	-147.527	1
-0.25	-179.039	1
-0.25	-70.7591	1
-0.25	163.884	1
-0.25	-70.5623	1
-0.25	-146.698	1
-0.25	4.25434	1
-0.25	-125.156	1
-0.25	-38.044	1
-0.25	-137.933	1
-0.25	-27.3634	1
-0.25	174.546	1
-0.25	138.244	1
-0.25	132.322	1
-0.25	-102.298	1
-0.25	95.3381	1
-0.25	-72.2494	1
-0.25	-127.252	1
-0.25	30.3162	1
-0.25	-139.884	1
-0.25	2.9341	1
-0.25	-14.9642	1
-0.25	-149.922	1
-0.25	27.0841	1
-0.25	140.569	-0.0190476
-0.25	-172.158	-0.0190476
-0.25	140.394	-0.0190476
-0.25	7.47386	-0.0190476
-0.25	-61.1035	-0.0190476
-0.25	169.556	-0.0190476
-0.25	-139.7	-0.0190476
-0.25	142.256	-0.0190476
-0.25	-153.69	-0.0190476
-0.25	-43.3113	-0.0190476
-0.25	125.706	-0.0190476
-0.25	-40.6153	-0.0190476
-0.25	-176.189	-0.0190476
-0.25	-133.835	-0.0190476
-0.25	30.8625	-0.0190476
-0.25	82.6577	-0.0190476
-0.25	53.2126	-0.0190476
-0.25	-176.511	-0.0190476
-0.25	142.855	-0.0190476
-0.25	122.039	-0.0190476
-0.25	62.8913	-0.0190476
-0.25	-136.685	-0.0190476
-0.25	99.6121	-0.0190476
-0.25	-12.7204	-0.0190476
-0.25	60.5346	-0.0190476
-0.25	-30.4021	-0.0190476
-0.25	113.637	-0.0190476
-0.25	-178.536	-0.0190476
-0.25	-98.3114	-0.0190476
-0.25	-67.9651	-0.0190476
-0.25	116.812	-0.0190476
-0.25	137.654	-0.0190476
-0.25	85.0531	-0.0190476
-0.25	27.92	-0.0190476
-0.25	143.413	-0.0190476
-0.25	-114.35	-0.0190476
-0.25	155.076	-0.0190476
-0.25	-29.7775	-0.0190476
-0.25	19.3708	-0.0190476
-0.25	152.256	-0.0190476
-0.25	131.88	-0.0190476
-0.25	80.3963	-0.0190476
-0.25	-20.3942	-0.0190476
-0.25	140.163	-0.0190476
-0.25	179.683	-0.0190476
-0.25	82.7078	-0.0190476
-0.25	60.1384	-0.0190476
-0.25	-83.4802	-0.0190476
-0.25	-116.239	-0.0190476
-0.25	-60.2209	-0.0190476
-0.25	17.2694	-0.0190476
-0.25	119.495	-0.0190476
-0.25	-45.5032	-0.0190476
-0.25	75.997	-0.0190476
-0.25	162.533	-0.0190476
-0.25	48.5848	-0.0190476
-0.25	-92.2706	-0.0190476
-0.25	-48.8779	-0.0190476
-0.25	-101.531	-0.0190476
-0.25	141.869	-0.0190476
-0.25	-87.2182	-0.0190476
-0.25	-13.9612	-0.0190476
-0.25	55.0688	-0.0190476
-0.25	33.3935	-0.0190476
-0.25	-94.2043	-0.0190476
-0.25	43.2281	-0.0190476
-0.25	35.0683	-0.0190476
-0.25	14.2677	-0.0190476
-0.25	148.777	-0.0190476
-0.25	-127.418	-0.0190476
-0.25	-85.0063	-0.0190476
-0.25	-121.155	-0.0190476
-0.25	6.72808	-0.0190476
-0.25	168.725	-0.0190476
-0.25	-59.6562	-0.0190476
-0.25	-10.4019	-0.0190476
-0.25	-67.8508	-0.0190476
-0.25	-54.196	-0.0190476
-0.25	11.3565	-0.0190476
-0.25	-130.438	-0.0190476
-0.25	-16.3448	-0.0190476
-0.25	157.084	-0.0190476
-0.25	-166.541	-0.0190476
-0.25	-102.464	-0.0190476
-0.25	138.329	-0.0190476
-0.25	-83.1729	-0.0190476
-0.25	-93.8291	-0.0190476
-0.25	-40.7193	-0.0190476
-0.25	-82.46	-0.0190476
-0.25	-60.2632	-0.0190476
-0.25	163.825	-0.0190476
-0.25	-26.756	-0.0190476
-0.25	2.60418	-0.0190476
-0.25	-0.25427	-0.0190476
-0.25	-104.996	-0.0190476
-0.25	135.858	-0.0190476
-0.25	3.812	-0.0190476
-0.25	-81.1696	-0.0190476
-0.25	-139.151	-0.0190476
-0.25	160.09	-0.0190476
-0.25	-29.0039	-0.0190476
-0.25	-174.401	-0.0190476
-0.25	66.9044	-0.0190476
-0.25	132.895	-0.0190476
-0.25	68.407	-0.0190476
-0.25	82.6209	-0.0190476
-0.25	30.6221	-0.0190476
-0.25	-115.238	-0.0190476
-0.25	79.691	-0.0190476
-0.25	100.468	-0.0190476
-0.25	29.8312	-0.0190476
-0.25	55.3809	-0.0190476
-0.25	7.82697	-0.0190476
-0.25	51.8307	-0.0190476
-0.25	88.04	-0.0190476
-0.25	55.6516	-0.0190476
-0.25	-55.719	-0.0190476
-0.25	14.0961	-0.0190476
-0.25	-85.0007	-0.0190476
-0.25	135.259	-0.0190476
-0.25	49.9712	-0.0190476
-0.25	51.7313	-0.0190476
-0.25	32.6693	-0.0190476
-0.25	-149.169	-0.0190476
-0.25	69.4948	-0.0190476
-0.25	109.874	-0.0190476
-0.25	-173.588	-0.0190476
-0.25	-0.145541	-0.0190476
-0.25	-120.449	-0.0190476
-0.25	139.689	-0.0190476
-0.25	-123.148	-0.0190476
-0.25	-81.0194	-0.0190476
-0.25	150.748	-0.0190476
-0.25	-167.229	-0.0190476
-0.25	-69.0682	-0.0190476
-0.25	135.239	-0.0190476
-0.25	-37.0442	-0.0190476
-0.25	-156.765	-0.0190476
-0.25	110.188	-0.0190476
-0.25	64.2856	-0.0190476
-0.25	-119.106	-0.0190476
-0.25	154.01	-0.0190476
-0.25	-62.6154	-0.0190476
-0.25	-60.5015	-0.0190476
-0.25	-19.2746	-0.0190476
-0.25	-32.3383	-0.0190476
-0.25	-153.317	-0.0190476
-0.25	115.831	-0.0190476
-0.25	3.9298	-0.0190476
-0.25	-93.5101	-0.0190476
-0.25	8.9592	-0.0190476
-0.25	126.79	-0.0190476
-0.25	-53.9267	-0.0190476
-0.25	120.244	-0.0190476
-0.25	119.045	-0.0190476
-0.25	140.273	-0.0190476
-0.25	-105.56	-0.0190476
-0.25	29.4881	-0.0190476
-0.25	5.38313	-0.0190476
-0.25	3.23124	-0.0190476
-0.25	85.7823	-0.0190476
-0.25	-118.904	-0.0190476
-0.25	28.7463	-0.0190476
-0.25	-58.8434	-0.0190476
-0.25	159.507	-0.0190476
-0.25	-61.5524	-0.0190476
-0.25	5.60836	-0.0190476
-0.25	92.8559	-0.0190476
-0.25	-172.821	-0.0190476
-0.25	35.0946	-0.0190476
-0.25	-78.4043	-0.0190476
-0.25	59.8923	-0.0190476
-0.25	179.915	-0.0190476
-0.25	-115.662	-0.0190476
-0.25	-26.419	-0.0190476
-0.25	16.7283	-0.0190476
-0.25	109.318	-0.0190476
-0.25	-24.2606	-0.0190476
-0.25	-90.8105	-0.0190476
-0.25	-3.23961	-0.0190476
-0.25	176.989	-0.0190476
-0.25	-134.852	-0.0190476
-0.25	-17.5776	-0.0190476
-0.25	16.9616	-0.0190476
-0.25	-133.152	-0.0190476
-0.25	143.014	-0.0190476
-0.25	102.61	-0.0190476
-0.25	-47.0103	-0.0190476
-0.25	-51.6778	-0.0190476
-0.25	-77.9598	-0.0190476
-0.25	114.555	-0.0190476
-0.25	163.273	-0.0190476
-0.25	164.544	-0.0190476
-0.25	176.123	-0.0190476
-0.25	-32.4693	-0.0190476
-0.25	73.0051	-0.0190476
-0.25	162.682	-0.0190476
-0.25	-58.7391	-0.0190476
-0.25	26.3589	-0.0190476
-0.25	137.083	-0.0190476
-0.25	-38.499	-0.0190476
-0.25	26.263	-0.0190476
-0.25	-25.5483	-0.0190476
-0.25	45.1414	-0.0190476
-0.25	-22.1987	-0.0190476
-0.25	120.765	-0.0190476
-0.25	-58.8235	-0.0190476
-0.25	125.074	-0.0190476
-0.25	167.121	-0.0190476
-0.25	-29.4621	-0.0190476
-0.25	48.9633	-0.0190476
-0.25	121.754	-0.0190476
-0.25	-91.7142	-0.0190476
-0.25	-87.0231	-0.0190476
-0.25	51.7269	-0.0190476
-0.25	134.284	-0.0190476
-0.25	-116.155	-0.0190476
-0.25	-21.0307	-0.0190476
-0.25	-53.4627	-0.0190476
-0.25	-52.3111	-0.0190476
-0.25	-106.886	-0.0190476
-0.25	-137.979	-0.0190476
-0.25	19.9869	-0.0190476
-0.25	-157.184	-0.0190476
-0.25	80.8201	-0.0190476
-0.25	-47.5754	-0.0190476
-0.25	-83.3285	-0.0190476
-0.25	152.393	-0.0190476
-0.25	-57.3789	-0.0190476
-0.25	-17.1284	-0.0190476
-0.25	-59.6235	-0.0190476
-0.25	-43.9838	-0.0190476
-0.25	-92.8313	-0.0190476
-0.25	24.5806	-0.0190476
-0.25	96.249	-0.0190476
-0.25	-97.8192	-0.0190476
-0.25	64.9218	-0.0190476
-0.25	-96.9221	-0.0190476
-0.25	149.933	-0.0190476
-0.25	-131.055	-0.0190476
-0.25	142.006	-0.0190476
-0.25	-29.0694	-0.0190476
-0.25	123.9	-0.0190476
-0.25	-92.5351	-0.0190476
-0.25	79.5293	-0.0190476
-0.25	89.6548	-0.0190476
-0.25	50.3555	-0.0190476
-0.25	133.674	-0.0190476
-0.25	-67.2667	-0.0190476
-0.25	171.627	-0.0190476
-0.25	-67.4892	-0.0190476
-0.25	72.8557	-0.0190476
-0.25	24.6693	-0.0190476
-0.25	4.45855	-0.0190476
-0.25	-118.349	-0.0190476
-0.25	168.427	-0.0190476
-0.25	22.3269	-0.0190476
-0.25	-57.2671	-0.0190476
-0.25	1.65245	-0.0190476
-0.25	14.4475	-0.0190476
-0.25	-97.2918	-0.0190476
-0.25	179.349	-0.0190476
-0.25	51.2611	-0.0190476
-0.25	167.253	-0.0190476
-0.25	32.2857	-0.0190476
-0.25	-73.1495	-0.0190476
-0.25	51.8104	-0.0190476
-0.25	140.033	-0.0190476
-0.25	-160.431	-0.0190476
-0.25	-127.274	-0.0190476
-0.25	-147.899	-0.0190476
-0.25	-33.1168	-0.0190476
-0.25	-105.352	-0.0190476
-0.25	-75.6185	-0.0190476
-0.25	-27.0604	-0.0190476
-0.25	-134.775	-0.0190476
-0.25	107.116	-0.0190476
-0.25	-145.277	-0.0190476
-0.25	10.7829	-0.0190476
-0.25	-151.018	-0.0190476
-0.25	-71.5033	-0.0190476
-0.25	-13.6533	-0.0190476
-0.25	-78.6224	-0.0190476
-0.25	141.26	-0.0190476
-0.25	-65.1292	-0.0190476
-0.25	43.12	-0.0190476
-0.25	52.5233	-0.0190476
-0.25	99.6421	-0.0190476
-0.25	48.2859	-0.0190476
-0.25	-9.97871	-0.0190476
-0.25	-129.176	-0.0190476
-0.25	44.0942	-0.0190476
-0.25	112.795	-0.0190476
-0.25	54.3711	-0.0190476
-0.25	64.3701	-0.0190476
-0.25	-41.928	-0.0190476
-0.25	-17.3199	-0.0190476
-0.25	-3.08432	-0.0190476
-0.25	22.762	-0.0190476
-0.25	-83.7345	-0.0190476
0.3	-67.0945	1
0.3	-29.1991	1
0.3	28.8554	1
0.3	-51.0511	1
0.3	160.419	1
0.3	-68.1341	1
0.3	69.5589	1
0.3	-56.6139	1
0.3	-82.0546	1
0.3	113.246	1
0.3	-167.866	1
0.3	-16.6855	1
0.3	-143.142	1
0.3	143.511	1
0.3	141.765	1
0.3	131.404	1
0.3	-41.4298	1
0.3	-33.8199	1
0.3	-7.32749	1
0.3	-56.3535	1
0.3	-63.4696	1
0.3	-59.8523	1
0.3	35.7045	1
0.3	0.694135	1
0.3	-63.1898	1
0.3	-94.3357	1
0.3	171.118	1
0.3	160.071	1
0.3	172.184	1
0.3	-149.878	1
0.3	-9.85435	1
0.3	-87.7211	1
0.3	127.896	1
0.3	-51.599	1
0.3	-176.074	1
0.3	-26.3342	1
0.3	164.118	1
0.3	-27.0331	1
0.3	44.3643	1
0.3	164.75	1
0.3	171.309	1
0.3	2.32989	1
0.3	-163.271	1
0.3	-59.6873	1
0.3	98.4174	1
0.3	-25.7328	1
0.3	12.0635	1
0.3	-165.364	1
0.3	-1.02778	1
0.3	-87.6672	1
0.3	165.331	1
0.3	178.916	1
0.3	-122.507	1
0.3	119.653	1
0.3	-133.994	1
0.3	-117.692	1
0.3	115.393	1
0.3	-108.855	1
0.3	-168.499	1
0.3	-55.3561	1
0.3	-32.018	1
0.3	-25.7751	1
0.3	-168.662	1
0.3	-28.3855	1
0.3	-67.2955	1
0.3	98.6117	1
0.3	141.235	1
0.3	161.321	1
0.3	-18.5509	1
0.3	-112.772	1
0.3	0.802299	1
0.3	87.6668	1
0.3	-4.56214	1
0.3	-53.413	1
0.3	168.092	1
0.3	-13.9638	1
0.3	-158.224	1
0.3	81.059	1
0.3	-62.7788	1
0.3	-121.565	1
0.3	-169.653	1
0.3	34.4143	1
0.3	81.6232	1
0.3	-98.9884	1
0.3	152.732	1
0.3	62.8818	1
0.3	49.4054	1
0.3	-48.8427	1
0.3	86.8644	1
0.3	159.872	1
0.3	-173.138	1
0.3	161.751	1
0.3	-33.8913	1
0.3	122.624	1
0.3	75.2916	1
0.3	136.151	1
0.3	-150.775	1
0.3	-57.3249	1
0.3	-10.9112	1
0.3	-49.142	1
0.3	6.72252	1
0.3	-28.8196	1
0.3	85.8637	1
0.3	-68.0311	1
0.3	-67.7842	1
0.3	127.199	1
0.3	77.616	1
0.3	-93.8791	1
0.3	109.414	1
0.3	117.666	1
0.3	110.923	1
0.3	-163.395	1
0.3	-50.2472	1
0.3	-63.01	1
0.3	-13.7639	1
0.3	17.1731	1
0.3	176.164	1
0.3	-115.124	1
0.3	-163.992	1
0.3	-89.9571	1
0.3	-54.6686	1
0.3	-159.97	1
0.3	-36.7034	1
0.3	-88.0984	1
0.3	-85.3127	1
0.3	-162.635	1
0.3	-123.15	1
0.3	128.715	1
0.3	174.124	1
0.3	55.0303	1
0.3	157.575	1
0.3	27.0779	1
0.3	98.1327	1
0.3	-30.9723	1
0.3	162.839	1
0.3	-24.137	1
0.3	150.135	1
0.3	-137.905	1
0.3	-83.9601	1
0.3	-174.577	1
0.3	-28.1377	1
0.3	132.274	1
0.3	-16.7705	1
0.3	63.7531	1
0.3	-96.5032	1
0.3	58.5661	1
0.3	107.235	1
0.3	-136.067	-0.047619
0.3	-115.627	-0.047619
0.3	42.5627	-0.047619
0.3	124.687	-0.047619
0.3	38.4959	-0.047619
0.3	16.5264	-0.047619
0.3	-18.2418	-0.047619
0.3	85.3985	-0.047619
0.3	-129.309	-0.047619
0.3	42.623	-0.047619
0.3	-135.564	-0.047619
0.3	104.019	-0.047619
0.3	41.4348	-0.047619
0.3	-170.585	-0.047619
0.3	14.9797	-0.047619
0.3	-179.677	-0.047619
0.3	-166.401	-0.047619
0.3	138.233	-0.047619
0.3	26.1469	-0.047619
0.3	84.6034	-0.047619
0.3	153.673	-0.047619
0.3	14.336	-0.047619
0.3	121.733	-0.047619
0.3	-127.266	-0.047619
0.3	-12.9624	-0.047619
0.3	163.918	-0.047619
0.3	71.8547	-0.047619
0.3	131.07	-0.047619
0.3	23.832	-0.047619
0.3	13.715	-0.047619
0.3	109.445	-0.047619
0.3	116.192	-0.047619
0.3	-4.51153	-0.047619
0.3	170.103	-0.047619
0.3	116.597	-0.047619
0.3	113.681	-0.047619
0.3	-138.773	-0.047619
0.3	-176.779	-0.047619
0.3	179.64	-0.047619
0.3	-86.5375	-0.047619
0.3	13.0386	-0.047619
0.3	-29.3454	-0.047619
0.3	-1.91047	-0.047619
0.3	-0.914689	-0.047619
0.3	139.136	-0.047619
0.3	171.302	-0.047619
0.3	-113.296	-0.047619
0.3	105.076	-0.047619
0.3	105.045	-0.047619
0.3	-92.9773	-0.047619
0.3	-42.301	-0.047619
0.3	-39.0689	-0.047619
0.3	-11.0537	-0.047619
0.3	-89.6751	-0.047619
0.3	-164.811	-0.047619
0.3	-97.8703	-0.047619
0.3	178.055	-0.047619
0.3	-97.1039	-0.047619
0.3	126.516	-0.047619
0.3	-169.074	-0.047619
0.3	-115.344	-0.047619
0.3	153.283	-0.047619
0.3	45.3196	-0.047619
0.3	53.5436	-0.047619
0.3	2.22729	-0.047619
0.3	98.951	-0.047619
0.3	61.1057	-0.047619
0.3	61.1118	-0.047619
0.3	-100.235	-0.047619
0.3	-75.8148	-0.047619
0.3	-25.3158	-0.047619
0.3	19.6364	-0.047619
0.3	58.0126	-0.047619
0.3	-23.1474	-0.047619
0.3	-36.7789	-0.047619
0.3	-158.643	-0.047619
0.3	-134.687	-0.047619
0.3	57.5485	-0.047619
0.3	-65.0657	-0.047619
0.3	-169.53	-0.047619
0.3	-95.0044	-0.047619
0.3	-31.9124	-0.047619
0.3	161.621	-0.047619
0.3	129.185	-0.047619
0.3	142.196	-0.047619
0.3	148.749	-0.047619
0.3	-166.644	-0.047619
0.3	-30.151	-0.047619
0.3	-38.3692	-0.047619
0.3	53.7403	-0.047619
0.3	-39.1184	-0.047619
0.3	-104.756	-0.047619
0.3	31.7657	-0.047619
0.3	-1.00195	-0.047619
0.3	-12.6041	-0.047619
0.3	49.5554	-0.047619
0.3	99.31	-0.047619
0.3	81.6905	-0.047619
0.3	-22.2688	-0.047619
0.3	-76.2334	-0.047619
0.3	-59.9352	-0.047619
0.3	109.867	-0.047619
0.3	37.0566	-0.047619
0.3	177.551	-0.047619
0.3	98.6414	-0.047619
0.3	60.9126	-0.047619
0.3	-55.3308	-0.047619
0.3	67.2542	-0.047619
0.3	23.6967	-0.047619
0.3	-119.64	-0.047619
0.3	37.9757	-0.047619
0.3	14.8291	-0.047619
0.3	84.2085	-0.047619
0.3	-139.9	-0.047619
0.3	143.244	-0.047619
0.3	-62.0043	-0.047619
0.3	-148.973	-0.047619
0.3	-136.872	-0.047619
0.3	-129.84	-0.047619
0.3	136.303	-0.047619
0.3	68.5664	-0.047619
0.3	141.024	-0.047619
0.3	-174.626	-0.047619
0.3	49.4646	-0.047619
0.3	-99.1045	-0.047619
0.3	63.6377	-0.047619
0.3	7.84709	-0.047619
0.3	-154.294	-0.047619
0.3	-6.58398	-0.047619
0.3	-151.717	-0.047619
0.3	-78.781	-0.047619
0.3	-51.1012	-0.047619
0.3	-43.5167	-0.047619
0.3	34.9565	-0.047619
0.3	40.2657	-0.047619
0.3	-153.429	-0.047619
0.3	-84.1096	-0.047619
0.3	10.4101	-0.047619
0.3	-27.9426	-0.047619
0.3	-105.042	-0.047619
0.3	-148.462	-0.047619
0.3	91.659	-0.047619
0.3	98.1719	-0.047619
0.3	-168.916	-0.047619
0.3	30.8242	-0.047619
0.3	154.152	-0.047619
0.3	153.162	-0.047619
0.3	-72.2038	-0.047619
0.3	-67.5044	-0.047619
0.3	-176.837	-0.047619
0.3	81.9077	-0.047619
0.3	161.116	-0.047619
0.3	75.9098	-0.047619
0.3	-92.0904	-0.047619
-0.25	28.2717	1
-0.25	96.1017	1
-0.25	-74.9276	1
-0.25	-111.976	1
-0.25	-25.3981	1
-0.25	104.182	1
-0.25	-170.392	1
-0.25	17.6041	1
-0.25	167.521	1
-0.25	-16.4877	1
-0.25	143.936	1
-0.25	154.408	1
-0.25	17.2519	1
-0.25	34.7365	1
-0.25	127.255	1
-0.25	22.0166	1
-0.25	72.6397	1
-0.25	-76.3148	1
-0.25	-103.586	1
-0.25	170.277	1
-0.25	-138.978	1
-0.25	-153.351	1
-0.25	-23.2286	1
-0.25	-60.5829	1
-0.25	162.801	1
-0.25	71.0185	1
-0.25	165.013	1
-0.25	-179.987	1
-0.25	22.5283	1
-0.25	-132.869	1
-0.25	46.1996	1
-0.25	112.386	1
-0.25	-114.697	1
-0.25	12.1651	1
-0.25	13.5921	1
-0.25	24.8427	1
-0.25	-57.4336	1
-0.25	-29.3041	1
-0.25	-41.5762	1
-0.25	88.0961	1
-0.25	32.2974	1
-0.25	36.3994	1
-0.25	-173.245	1
-0.25	-155.948	1
-0.25	-93.4181	1
-0.25	-50.6197	1
-0.25	-89.2502	1
-0.25	-156.55	1
-0.25	148.623	1
-0.25	90.7746	1
-0.25	124.744	1
-0.25	-12.5033	1
-0.25	-143.779	1
-0.25	-148.272	1
-0.25	165.506	1
-0.25	141.739	1
-0.25	-24.9687	1
-0.25	-93.2586	1
-0.25	-70.2032	1
-0.25	86.5349	1
-0.25	154.588	1
-0.25	-173.996	1
-0.25	59.5048	1
-0.25	176.095	1
-0.25	7.42285	1
-0.25	-71.2666	1
-0.25	-151.771	1
-0.25	2.82788	1
-0.25	114.465	1
-0.25	153.701	1
-0.25	-45.5378	1
-0.25	123.662	1
-0.25	-33.9029	1
-0.25	176.224	1
-0.25	28.8078	1
-0.25	-121.418	1
-0.25	127.12	1
-0.25	128.163	1
-0.25	178.049	1
-0.25	47.8327	1
-0.25	-148.195	1
-0.25	-117.363	1
-0.25	-148.216	1
-0.25	-75.4271	1
-0.25	170.014	1
-0.25	-29.1021	1
-0.25	107.032	1
-0.25	-4.02842	1
-0.25	155.328	1
-0.25	31.3262	1
-0.25	117.034	1
-0.25	44.5467	1
-0.25	46.2	1
-0.25	34.9184	1
-0.25	-129.143	1
-0.25	108.28	1
-0.25	136.081	1
-0.25	95.3965	1
-0.25	-5.85783	1
-0.25	40.5839	1
-0.25	80.7504	1
-0.25	46.7179	1
-0.25	61.6687	1
-0.25	-81.9579	1
-0.25	52.9329	1
-0.25	-179.309	1
-0.25	88.0404	1
-0.25	-19.8795	1
-0.25	171.15	1
-0.25	-173.894	1
-0.25	163.249	1
-0.25	-148	1
-0.25	-149.951	1
-0.25	-90.3066	-0.047619
-0.25	-108.973	-0.047619
-0.25	-68.6136	-0.047619
-0.25	150.329	-0.047619
-0.25	172.077	-0.047619
-0.25	1.29775	-0.047619
-0.25	-93.5001	-0.047619
-0.25	-175.419	-0.047619
-0.25	-125.827	-0.047619
-0.25	-79.4765	-0.047619
-0.25	-109.292	-0.047619
-0.25	150.026	-0.047619
-0.25	-70.1466	-0.047619
-0.25	-7.37975	-0.047619
-0.25	-103.816	-0.047619
-0.25	-65.2504	-0.047619
-0.25	101.514	-0.047619
-0.25	125.863	-0.047619
-0.25	108.176	-0.047619
-0.25	-1.48204	-0.047619
-0.25	-127.145	-0.047619
-0.25	-165.261	-0.047619
-0.25	153.506	-0.047619
-0.25	47.047	-0.047619
-0.25	176.557	-0.047619
-0.25	54.9816	-0.047619
-0.25	-19.7236	-0.047619
-0.25	-154.398	-0.047619
-0.25	71.7482	-0.047619
-0.25	-74.5127	-0.047619
-0.25	-119.915	-0.047619
-0.25	90.7193	-0.047619
-0.25	67.7431	-0.047619
-0.25	-23.1299	-0.047619
-0.25	-87.4879	-0.047619
-0.25	162.868	-0.047619
-0.25	-91.1404	-0.047619
-0.25	51.5272	-0.047619
-0.25	53.9082	-0.047619
-0.25	-36.5005	-0.047619
-0.25	-170.587	-0.047619
-0.25	40.8491	-0.047619
-0.25	56.6014	-0.047619
-0.25	174.272	-0.047619
-0.25	-120.469	-0.047619
-0.25	-36.6906	-0.047619
-0.25	115.313	-0.047619
-0.25	28.2076	-0.047619
-0.25	-1.01425	-0.047619
-0.25	-128.51	-0.047619
-0.25	67.6614	-0.047619
-0.25	-175.748	-0.047619
-0.25	-144.001	-0.047619
-0.25	10.0239	-0.047619
-0.25	-0.917182	-0.047619
-0.25	149.519	-0.047619
-0.25	117.448	-0.047619
-0.25	144.383	-0.047619
-0.25	-35.8834	-0.047619
-0.25	-43.9286	-0.047619
-0.25	36.0746	-0.047619
-0.25	-151.848	-0.047619
-0.25	93.2726	-0.047619
-0.25	49.4313	-0.047619
-0.25	41.9462	-0.047619
-0.25	124.243	-0.047619
-0.25	-88.2524	-0.047619
-0.25	90.0091	-0.047619
-0.25	-168.684	-0.047619
-0.25	144.842	-0.047619
-0.25	-30.4188	-0.047619
-0.25	-95.29	-0.047619
-0.25	-20.2575	-0.047619
-0.25	167.169	-0.047619
-0.25	27.8772	-0.047619
-0.25	-115.042	-0.047619
-0.25	112.451	-0.047619
-0.25	-163.164	-0.047619
-0.25	-166.995	-0.047619
-0.25	-102.745	-0.047619
-0.25	-102.294	-0.047619
-0.25	-14.8276	-0.047619
-0.25	29.0317	-0.047619
-0.25	-48.7839	-0.047619
-0.25	-170.749	-0.047619
-0.25	23.603	-0.047619
-0.25	-45.6705	-0.047619
-0.25	-38.1327	-0.047619
-0.25	-41.6658	-0.047619
-0.25	165.379	-0.047619
-0.25	-61.0379	-0.047619
-0.25	9.57648	-0.047619
-0.25	-108.76	-0.047619
-0.25	-143.97	-0.047619
-0.25	-97.5495	-0.047619
-0.25	-103.511	-0.047619
-0.25	-46.9542	-0.047619
-0.25	-58.4545	-0.047619
-0.25	151.883	-0.047619
-0.25	-126.092	-0.047619
-0.25	134.471	-0.047619
-0.25	-77.304	-0.047619
-0.25	26.6159	-0.047619
-0.25	-56.1648	-0.047619
-0.25	132.203	-0.047619
-0.25	1.39997	-0.047619
-0.25	170.306	-0.047619
-0.25	-127.705	-0.047619
-0.25	99.4791	-0.047619
-0.25	-91.3163	-0.047619
-0.25	8.15935	-0.047619
-0.25	126.939	-0.047619
-0.25	-179.736	-0.047619
-0.25	-119.074	-0.047619
-0.25	-19.445	-0.047619
-0.25	129.195	-0.047619
-0.25	-64.1102	-0.047619
-0.25	168.994	-0.047619
-0.25	101.203	-0.047619
-0.25	176.107	-0.047619
0.3	174.53	1
0.3	-22.4023	1
0.3	-157.53	1
0.3	-58.1582	1
0.3	2.01769	1
0.3	103.73	1
0.3	5.54331	1
0.3	6.55991	1
0.3	-94.5405	1
0.3	2.04137	1
0.3	-113.027	1
0.3	-98.4338	1
0.3	173.243	1
0.3	-178.924	1
0.3	-93.9215	1
0.3	25.4464	1
0.3	124.419	1
0.3	118.882	1
0.3	45.3533	1
0.3	-17.424	1
0.3	-79.8167	1
0.3	-2.55373	1
0.3	-167.356	1
0.3	31.8202	1
0.3	4.30006	1
0.3	154.955	1
0.3	-138.517	1
0.3	12.8584	1
0.3	155.354	1
0.3	114.413	1
0.3	130.766	1
0.3	-130.667	1
0.3	-62.7921	1
0.3	-123.478	1
0.3	122.731	1
0.3	-117.09	1
0.3	76.1679	1
0.3	82.7114	1
0.3	50.1278	1
0.3	-31.3168	1
0.3	-143.746	1
0.3	10.3679	1
0.3	-110.226	1
0.3	149.242	1
0.3	77.967	1
0.3	64.8415	1
0.3	146.624	1
0.3	-169.459	1
0.3	31.1258	1
0.3	147.783	1
0.3	-88.1744	1
0.3	-44.1297	1
0.3	-41.3338	1
0.3	39.1729	1
0.3	13.489	1
0.3	-43.7481	1
0.3	67.2563	1
0.3	-25.2099	1
0.3	-1.01804	1
0.3	-113.132	1
0.3	-94.9086	1
0.3	113.061	1
0.3	147.154	1
0.3	-174.018	1
0.3	120.925	1
0.3	-157.451	1
0.3	89.611	1
0.3	145.997	1
0.3	8.20374	1
0.3	-94.1914	1
0.3	-31.6607	1
0.3	-143.393	1
0.3	56.0132	1
0.3	178.385	1
0.3	-179.335	1
0.3	-148.984	1
0.3	-157.825	1
0.3	22.8541	1
0.3	-83.9822	1
0.3	178.86	1
0.3	140.36	1
0.3	1.36785	1
0.3	-155.106	1
0.3	146.665	1
0.3	53.4944	1
0.3	-54.4215	1
0.3	167.279	1
0.3	-105.691	1
0.3	75.9852	1
0.3	172.13	1
0.3	-114.541	1
0.3	92.6855	1
0.3	-91.0663	1
0.3	87.5638	1
0.3	5.73002	1
0.3	51.298	1
0.3	49.0486	1
0.3	6.15227	1
0.3	-102.601	1
0.3	14.5988	1
0.3	-56.0523	1
0.3	-177.92	1
0.3	3.08406	1
0.3	94.2888	1
0.3	-120.349	1
0.3	-7.16125	1
0.3	-93.3657	1
0.3	-78.276	1
0.3	165.339	1
0.3	123.049	1
0.3	56.2071	1
0.3	-125.579	1
0.3	-49.4164	1
0.3	92.1376	1
0.3	-102.885	1
0.3	143.115	1
0.3	-46.3711	1
0.3	29.6044	1
0.3	152.354	1
0.3	127.286	1
0.3	-79.0743	1
0.3	99.5097	1
0.3	131.063	1
0.3	38.4252	1
0.3	-98.6305	1
0.3	-65.6761	1
0.3	115.832	1
0.3	-75.8663	1
0.3	-125.955	1
0.3	176.03	1
0.3	-0.276712	1
0.3	71.0043	1
0.3	5.4994	1
0.3	85.8061	1
0.3	112.573	1
0.3	86.3302	1
0.3	-17.4405	1
0.3	-10.298	1
0.3	133.978	1
0.3	83.0178	1
0.3	-85.7956	1
0.3	106.797	1
0.3	116.274	1
0.3	58.3468	1
0.3	10.5276	1
0.3	-107.594	1
0.3	-75.0504	1
0.3	23.3331	-0.0666667
0.3	30.6397	-0.0666667
0.3	115.75	-0.0666667
0.3	125.656	-0.0666667
0.3	-62.0113	-0.0666667
0.3	-135.061	-0.0666667
0.3	104.343	-0.0666667
0.3	-3.68037	-0.0666667
0.3	88.2413	-0.0666667
0.3	50.5308	-0.0666667
0.3	-59.0529	-0.0666667
0.3	-9.44256	-0.0666667
0.3	-179.97	-0.0666667
0.3	-167.235	-0.0666667
0.3	-107.118	-0.0666667
0.3	-105.717	-0.0666667
0.3	-56.3262	-0.0666667
0.3	-98.7079	-0.0666667
0.3	-139.746	-0.0666667
0.3	-21.9675	-0.0666667
0.3	-7.82086	-0.0666667
0.3	-58.1514	-0.0666667
0.3	-124.867	-0.0666667
0.3	-88.6015	-0.0666667
0.3	-120.758	-0.0666667
0.3	67.5386	-0.0666667
0.3	-147.09	-0.0666667
0.3	-26.0122	-0.0666667
0.3	65.3277	-0.0666667
0.3	-8.62556	-0.0666667
0.3	-126.643	-0.0666667
0.3	166.117	-0.0666667
0.3	164.538	-0.0666667
0.3	-1.21124	-0.0666667
0.3	-129.934	-0.0666667
0.3	-109.435	-0.0666667
0.3	-166.575	-0.0666667
0.3	43.5094	-0.0666667
0.3	164.44	-0.0666667
0.3	168.025	-0.0666667
0.3	75.5711	-0.0666667
0.3	82.9559	-0.0666667
0.3	-10.0283	-0.0666667
0.3	71.5613	-0.0666667
0.3	28.1588	-0.0666667
0.3	107.465	-0.0666667
0.3	-30.8679	-0.0666667
0.3	155.137	-0.0666667
0.3	-47.7285	-0.0666667
0.3	126.121	-0.0666667
0.3	-137.64	-0.0666667
0.3	94.7961	-0.0666667
0.3	-102.336	-0.0666667
0.3	-35.5271	-0.0666667
0.3	130.184	-0.0666667
0.3	-143.828	-0.0666667
0.3	27.8834	-0.0666667
0.3	-69.1998	-0.0666667
0.3	103.19	-0.0666667
0.3	-90.4583	-0.0666667
0.3	-132.133	-0.0666667
0.3	150.566	-0.0666667
0.3	174.877	-0.0666667
0.3	91.7658	-0.0666667
0.3	12.8313	-0.0666667
0.3	163.149	-0.0666667
0.3	60.765	-0.0666667
0.3	85.8962	-0.0666667
0.3	-48.6907	-0.0666667
0.3	-111.407	-0.0666667
0.3	-149.702	-0.0666667
0.3	-170.171	-0.0666667
0.3	171.958	-0.0666667
0.3	146.003	-0.0666667
0.3	164.897	-0.0666667
0.3	-154.236	-0.0666667
0.3	75.2759	-0.0666667
0.3	-55.7663	-0.0666667
0.3	50.3566	-0.0666667
0.3	107.999	-0.0666667
0.3	41.9336	-0.0666667
0.3	-166.667	-0.0666667
0.3	12.2871	-0.0666667
0.3	55.2539	-0.0666667
0.3	-85.1808	-0.0666667
0.3	148.001	-0.0666667
0.3	86.6282	-0.0666667
0.3	22.9273	-0.0666667
0.3	-96.5624	-0.0666667
0.3	-63.7887	-0.0666667
0.3	-129.185	-0.0666667
0.3	-54.0806	-0.0666667
0.3	165.122	-0.0666667
0.3	-114.498	-0.0666667
0.3	105.137	-0.0666667
0.3	-45.3228	-0.0666667
0.3	-66.324	-0.0666667
0.3	-106.636	-0.0666667
0.3	-104.923	-0.0666667
0.3	149.057	-0.0666667
0.3	-69.4336	-0.0666667
0.3	-145.593	-0.0666667
0.3	-174.265	-0.0666667
0.3	108.071	-0.0666667
0.3	14.3776	-0.0666667
0.3	102.599	-0.0666667
0.3	-10.5262	-0.0666667
0.3	-43.6516	-0.0666667
0.3	92.5767	-0.0666667
0.3	25.1811	-0.0666667
-0.25	-143.638	1
-0.25	-156.318	1
-0.25	-64.863	1
-0.25	7.21108	1
-0.25	95.0805	1
-0.25	119.697	1
-0.25	-76.0335	1
-0.25	149.211	1
-0.25	-104.695	1
-0.25	-174.013	1
-0.25	-116.91	1
-0.25	-114.111	1
-0.25	-96.2987	1
-0.25	52.0437	1
-0.25	100.42	1
-0.25	33.748	1
-0.25	-12.2779	1
-0.25	-101.359	1
-0.25	113.349	1
-0.25	35.4751	1
-0.25	-94.3168	1
-0.25	-129.665	1
-0.25	-164.129	1
-0.25	-169.696	1
-0.25	-173.354	1
-0.25	-55.648	1
-0.25	176.756	1
-0.25	102.182	1
-0.25	106.204	1
-0.25	-88.4514	1
-0.25	-153.511	1
-0.25	85.4431	1
-0.25	-119.072	1
-0.25	-169.101	1
-0.25	-151.09	1
-0.25	-157.252	1
-0.25	14.9428	1
-0.25	-90.2607	1
-0.25	-90.358	1
-0.25	113.206	1
-0.25	171.974	1
-0.25	-87.1347	1
-0.25	137.188	1
-0.25	-173.518	1
-0.25	-72.3653	1
-0.25	35.3141	1
-0.25	-133.939	1
-0.25	-117.852	1
-0.25	82.6267	1
-0.25	-12.6189	1
-0.25	9.23196	1
-0.25	-168.622	1
-0.25	157.472	1
-0.25	-149.678	1
-0.25	162.887	1
-0.25	-131.564	1
-0.25	25.5362	1
-0.25	13.1242	1
-0.25	-84.0662	1
-0.25	-140.027	1
-0.25	-32.3422	1
-0.25	-105.118	1
-0.25	-11.2045	1
-0.25	-138.903	1
-0.25	171.163	1
-0.25	-99.5995	1
-0.25	99.812	1
-0.25	89.1106	1
-0.25	160.61	1
-0.25	-21.3639	1
-0.25	-163.893	1
-0.25	59.5441	1
-0.25	-140.45	1
-0.25	55.5439	1
-0.25	140.343	1
-0.25	-74.2492	1
-0.25	135.117	1
-0.25	84.3969	1
-0.25	29.1816	1
-0.25	-139.931	1
-0.25	100.336	1
-0.25	122.112	1
-0.25	-159.368	1
-0.25	-52.3146	1
-0.25	3.33291	1
-0.25	-3.31407	1
-0.25	176.521	1
-0.25	128.863	1
-0.25	-14.649	1
-0.25	-22.4671	1
-0.25	-75.1931	1
-0.25	101.113	1
-0.25	-27.5051	1
-0.25	-121.281	1
-0.25	112.84	1
-0.25	-74.2768	1
-0.25	93.029	1
-0.25	155.191	1
-0.25	-128.635	1
-0.25	7.7108	1
-0.25	-130.888	1
-0.25	-79.4464	1
-0.25	-129.438	1
-0.25	-48.2496	1
-0.25	-112.756	1
-0.25	124.877	1
-0.25	153.982	1
-0.25	53.6472	1
-0.25	-148.724	1
-0.25	-53.2917	1
-0.25	175.681	1
-0.25	-109.121	1
-0.25	137.309	1
-0.25	-115.036	-0.0666667
-0.25	59.2511	-0.0666667
-0.25	97.3865	-0.0666667
-0.25	-95.8468	-0.0666667
-0.25	-48.0765	-0.0666667
-0.25	-39.4388	-0.0666667
-0.25	162.367	-0.0666667
-0.25	146.853	-0.0666667
-0.25	-93.6809	-0.0666667
-0.25	-97.3973	-0.0666667
-0.25	-30.5572	-0.0666667
-0.25	129.522	-0.0666667
-0.25	-50.8574	-0.0666667
-0.25	-102.144	-0.0666667
-0.25	-77.2353	-0.0666667
-0.25	128.729	-0.0666667
-0.25	-77.7448	-0.0666667
-0.25	-69.6394	-0.0666667
-0.25	92.0227	-0.0666667
-0.25	32.0904	-0.0666667
-0.25	-59.9154	-0.0666667
-0.25	101.378	-0.0666667
-0.25	33.7751	-0.0666667
-0.25	-109.387	-0.0666667
-0.25	9.24014	-0.0666667
-0.25	-118.277	-0.0666667
-0.25	67.8693	-0.0666667
-0.25	52.5807	-0.0666667
-0.25	-14.9343	-0.0666667
-0.25	-94.7514	-0.0666667
-0.25	26.9501	-0.0666667
-0.25	-175.121	-0.0666667
-0.25	-36.7837	-0.0666667
-0.25	-12.6518	-0.0666667
-0.25	-58.3358	-0.0666667
-0.25	-38.3871	-0.0666667
-0.25	123.137	-0.0666667
-0.25	-77.3703	-0.0666667
-0.25	145.894	-0.0666667
-0.25	-13.4584	-0.0666667
-0.25	77.9385	-0.0666667
-0.25	-135.011	-0.0666667
-0.25	-123.575	-0.0666667
-0.25	-64.1685	-0.0666667
-0.25	3.21885	-0.0666667
-0.25	109.933	-0.0666667
-0.25	32.9741	-0.0666667
-0.25	168.43	-0.0666667
-0.25	88.8329	-0.0666667
-0.25	-50.8358	-0.0666667
-0.25	101.311	-0.0666667
-0.25	-87.4963	-0.0666667
-0.25	-7.26474	-0.0666667
-0.25	70.4094	-0.0666667
-0.25	-61.7282	-0.0666667
-0.25	-93.7409	-0.0666667
-0.25	5.02682	-0.0666667
-0.25	-6.01042	-0.0666667
-0.25	151.685	-0.0666667
-0.25	150.577	-0.0666667
-0.25	-167.571	-0.0666667
-0.25	-63.8519	-0.0666667
-0.25	148.974	-0.0666667
-0.25	-67.0047	-0.0666667
-0.25	-88.269	-0.0666667
-0.25	125.33	-0.0666667
-0.25	-9.13477	-0.0666667
-0.25	23.1562	-0.0666667
-0.25	111.371	-0.0666667
-0.25	29.7111	-0.0666667
-0.25	-110.295	-0.0666667
-0.25	152.737	-0.0666667
-0.25	-49.7512	-0.0666667
-0.25	24.4433	-0.0666667
-0.25	6.33791	-0.0666667
-0.25	74.4374	-0.0666667
-0.25	43.2572	-0.0666667
-0.25	106.522	-0.0666667
-0.25	-147.883	-0.0666667
-0.25	179.824	-0.0666667
-0.25	147.107	-0.0666667
-0.25	-141.095	-0.0666667
-0.25	-63.8436	-0.0666667
-0.25	86.7464	-0.0666667
-0.25	171.488	-0.0666667
0.3	148.204	1
0.3	-69.9816	1
0.3	-95.4577	1
0.3	-118.203	1
0.3	-176.4	1
0.3	-89.1261	1
0.3	-90.3836	1
0.3	-1.23166	1
0.3	93.3918	1
0.3	-140.239	1
0.3	31.9528	1
0.3	-19.5504	1
0.3	-140.911	1
0.3	113.609	1
0.3	-51.3202	1
0.3	117.649	1
0.3	-101.424	1
0.3	-61.7934	1
0.3	138.611	1
0.3	171.892	1
0.3	-51.8394	1
0.3	171.096	1
0.3	-39.5778	1
0.3	-39.2595	1
0.3	79.6256	1
0.3	94.2067	1
0.3	-27.2235	1
0.3	26.4192	1
0.3	-65.1924	1
0.3	138.835	1
0.3	27.6136	1
0.3	-90.4682	1
0.3	148.562	1
0.3	179.092	1
0.3	109.814	1
0.3	65.1634	1
0.3	179.695	1
0.3	178.789	1
0.3	-69.3596	1
0.3	139.66	1
0.3	-14.9851	1
0.3	164.117	1
0.3	173.582	1
0.3	-28.5361	1
0.3	81.0988	1
0.3	-43.6073	1
0.3	-172.874	1
0.3	38.0941	1
0.3	-163.744	1
0.3	-102.533	1
0.3	176.583	1
0.3	135.367	1
0.3	62.9405	1
0.3	-36.3969	1
0.3	43.0614	1
0.3	-33.3019	1
0.3	77.7824	1
0.3	-161.561	1
0.3	52.8517	1
0.3	98.9392	1
0.3	-57.8822	1
0.3	-43.4661	1
0.3	147.16	1
0.3	113.674	1
0.3	-49.294	1
0.3	-29.7884	1
0.3	129.328	1
0.3	13.985	1
0.3	105.563	1
0.3	-56.2264	1
0.3	130.29	1
0.3	135.427	1
0.3	-76.4184	1
0.3	67.0744	1
0.3	-111.653	1
0.3	175.986	1
0.3	-31.3451	1
0.3	78.5848	1
0.3	-55.9338	1
0.3	121.169	1
0.3	-47.1431	1
0.3	-35.6907	1
0.3	-50.7744	1
0.3	19.7986	1
0.3	-63.6285	1
0.3	144.141	1
0.3	18.6198	1
0.3	-29.0846	1
0.3	145.914	1
0.3	170.582	1
0.3	28.5695	1
0.3	-80.916	1
0.3	133.367	1
0.3	-105.261	1
0.3	-174.97	1
0.3	39.0188	1
0.3	-6.01655	1
0.3	-8.83647	1
0.3	163.198	1
0.3	-148.754	1
0.3	178.861	1
0.3	-141.035	1
0.3	-62.8004	1
0.3	-129.517	1
0.3	109.132	1
0.3	-10.6684	1
0.3	-115.674	1
0.3	-120.191	1
0.3	-170.426	1
0.3	42.7798	1
0.3	-30.4161	1
0.3	-56.5203	1
0.3	143.273	1
0.3	164.747	1
0.3	11.2538	1
0.3	170.12	1
0.3	-12.7339	1
0.3	97.6964	1
0.3	124.253	1
0.3	141.147	1
0.3	85.9034	1
0.3	-119.954	1
0.3	54.8827	1
0.3	13.0929	1
0.3	89.5153	1
0.3	-179.998	1
0.3	-91.2046	1
0.3	-137.648	1
0.3	-68.4966	1
0.3	-84.7336	1
0.3	-175.546	1
0.3	38.2702	1
0.3	-95.438	1
0.3	124.582	1
0.3	-105.127	1
0.3	105.389	1
0.3	-164.658	1
0.3	-55.997	1
0.3	157.675	1
0.3	-159.47	1
0.3	-33.0769	1
0.3	-118.134	1
0.3	12.9578	1
0.3	40.8278	1
0.3	-26.8252	1
0.3	-179.197	1
0.3	-169.202	1
0.3	49.4477	-0.0285714
0.3	57.7083	-0.0285714
0.3	-119.321	-0.0285714
0.3	-0.639014	-0.0285714
0.3	68.7308	-0.0285714
0.3	154.223	-0.0285714
0.3	82.2255	-0.0285714
0.3	142.293	-0.0285714
0.3	50.1017	-0.0285714
0.3	54.199	-0.0285714
0.3	8.69888	-0.0285714
0.3	-46.7152	-0.0285714
0.3	60.0494	-0.0285714
0.3	-1.63364	-0.0285714
0.3	175.154	-0.0285714
0.3	33.6459	-0.0285714
0.3	-11.2235	-0.0285714
0.3	136.848	-0.0285714
0.3	-46.701	-0.0285714
0.3	8.84958	-0.0285714
0.3	152.419	-0.0285714
0.3	16.4543	-0.0285714
0.3	-89.05	-0.0285714
0.3	36.8221	-0.0285714
0.3	161.978	-0.0285714
0.3	83.3039	-0.0285714
0.3	147.708	-0.0285714
0.3	-8.81661	-0.0285714
0.3	-58.7336	-0.0285714
0.3	-9.50977	-0.0285714
0.3	-109.66	-0.0285714
0.3	34.0165	-0.0285714
0.3	70.5528	-0.0285714
0.3	-161.999	-0.0285714
0.3	41.2598	-0.0285714
0.3	107.156	-0.0285714
0.3	14.1193	-0.0285714
0.3	74.3452	-0.0285714
0.3	-86.5965	-0.0285714
0.3	44.4046	-0.0285714
0.3	4.44155	-0.0285714
0.3	17.8662	-0.0285714
0.3	118.992	-0.0285714
0.3	87.2909	-0.0285714
0.3	143.167	-0.0285714
0.3	-133.03	-0.0285714
0.3	-138.787	-0.0285714
0.3	37.49	-0.0285714
0.3	-163.642	-0.0285714
0.3	-140.589	-0.0285714
0.3	1.78591	-0.0285714
0.3	-23.976	-0.0285714
0.3	77.4387	-0.0285714
0.3	-34.0227	-0.0285714
0.3	-88.3558	-0.0285714
0.3	121.709	-0.0285714
0.3	154.691	-0.0285714
0.3	-96.5589	-0.0285714
0.3	122.595	-0.0285714
0.3	-70.2423	-0.0285714
0.3	-133.053	-0.0285714
0.3	163.394	-0.0285714
0.3	55.4448	-0.0285714
0.3	-139.302	-0.0285714
0.3	84.6971	-0.0285714
0.3	136.69	-0.0285714
0.3	-146.044	-0.0285714
0.3	69.2749	-0.0285714
0.3	-21.0784	-0.0285714
0.3	-154.189	-0.0285714
0.3	-179.893	-0.0285714
0.3	1.64821	-0.0285714
0.3	-62.2885	-0.0285714
0.3	4.7455	-0.0285714
0.3	-117.329	-0.0285714
0.3	-149.984	-0.0285714
0.3	134.316	-0.0285714
0.3	-101.518	-0.0285714
0.3	-169.726	-0.0285714
0.3	97.407	-0.0285714
0.3	-12.9186	-0.0285714
0.3	-83.3903	-0.0285714
0.3	-9.32528	-0.0285714
0.3	82.3345	-0.0285714
0.3	125.985	-0.0285714
0.3	-108.944	-0.0285714
0.3	4.97444	-0.0285714
0.3	150.626	-0.0285714
0.3	-44.1528	-0.0285714
0.3	164.768	-0.0285714
0.3	-9.83296	-0.0285714
0.3	32.0145	-0.0285714
0.3	78.0625	-0.0285714
0.3	49.0184	-0.0285714
0.3	51.0538	-0.0285714
0.3	157.608	-0.0285714
0.3	58.0407	-0.0285714
0.3	54.6156	-0.0285714
0.3	-110.713	-0.0285714
0.3	25.0104	-0.0285714
0.3	139.728	-0.0285714
0.3	58.6195	-0.0285714
0.3	11.0899	-0.0285714
0.3	-107.37	-0.0285714
0.3	71.3425	-0.0285714
0.3	166.604	-0.0285714
0.3	-61.6059	-0.0285714
0.3	-40.6431	-0.0285714
0.3	17.6747	-0.0285714
0.3	-141.1	-0.0285714
0.3	-13.4328	-0.0285714
0.3	-45.0196	-0.0285714
0.3	72.311	-0.0285714
0.3	29.4389	-0.0285714
0.3	-168.749	-0.0285714
0.3	70.0646	-0.0285714
0.3	48.9999	-0.0285714
0.3	-179.935	-0.0285714
0.3	161.371	-0.0285714
0.3	106.163	-0.0285714
0.3	57.0394	-0.0285714
0.3	128.968	-0.0285714
0.3	-139.667	-0.0285714
0.3	161.592	-0.0285714
0.3	-130.562	-0.0285714
0.3	113.133	-0.0285714
0.3	-106.877	-0.0285714
0.3	86.0711	-0.0285714
0.3	78.2131	-0.0285714
0.3	159.288	-0.0285714
0.3	30.4651	-0.0285714
0.3	-70.0708	-0.0285714
0.3	-149.488	-0.0285714
0.3	-60.5073	-0.0285714
0.3	-103.791	-0.0285714
0.3	93.9118	-0.0285714
0.3	-34.697	-0.0285714
0.3	172.181	-0.0285714
0.3	138.441	-0.0285714
0.3	41.9019	-0.0285714
0.3	-89.7304	-0.0285714
0.3	37.7796	-0.0285714
0.3	89.972	-0.0285714
0.3	-28.7956	-0.0285714
0.3	-45.7965	-0.0285714
0.3	-104.695	-0.0285714
0.3	-102.471	-0.0285714
0.3	-14.2954	-0.0285714
0.3	-163.058	-0.0285714
0.3	-173.685	-0.0285714
0.3	18.4047	-0.0285714
0.3	49.2244	-0.0285714
0.3	44.0281	-0.0285714
0.3	-122.677	-0.0285714
0.3	-0.913123	-0.0285714
0.3	-25.9087	-0.0285714
0.3	-148.767	-0.0285714
0.3	-89.4589	-0.0285714
0.3	-148.526	-0.0285714
0.3	-66.3558	-0.0285714
0.3	-99.2545	-0.0285714
0.3	-100.094	-0.0285714
0.3	-87.4717	-0.0285714
0.3	-44.1478	-0.0285714
0.3	129.818	-0.0285714
0.3	-136.724	-0.0285714
0.3	-153.231	-0.0285714
0.3	155.56	-0.0285714
0.3	-73.9039	-0.0285714
0.3	-72.1052	-0.0285714
0.3	72.9395	-0.0285714
0.3	103.02	-0.0285714
0.3	-167.264	-0.0285714
0.3	-86.3968	-0.0285714
0.3	78.739	-0.0285714
0.3	-151.191	-0.0285714
0.3	85.7468	-0.0285714
0.3	34.6708	-0.0285714
0.3	99.8465	-0.0285714
0.3	100.334	-0.0285714
0.3	-14.2212	-0.0285714
0.3	57.2246	-0.0285714
0.3	139.54	-0.0285714
0.3	80.6911	-0.0285714
0.3	33.3002	-0.0285714
0.3	59.9166	-0.0285714
0.3	-105.073	-0.0285714
0.3	166.743	-0.0285714
0.3	149.159	-0.0285714
0.3	-94.0017	-0.0285714
0.3	-98.15	-0.0285714
0.3	12.9311	-0.0285714
0.3	25.3218	-0.0285714
0.3	98.2927	-0.0285714
0.3	-81.1809	-0.0285714
0.3	24.9936	-0.0285714
0.3	-82.8143	-0.0285714
0.3	60.358	-0.0285714
0.3	84.0333	-0.0285714
0.3	39.4721	-0.0285714
0.3	13.6761	-0.0285714
0.3	-104.532	-0.0285714
0.3	69.5018	-0.0285714
0.3	59.1398	-0.0285714
0.3	139.199	-0.0285714
0.3	-43.7285	-0.0285714
0.3	-148.031	-0.0285714
0.3	74.6484	-0.0285714
0.3	-70.1111	-0.0285714
0.3	0.0622411	-0.0285714
0.3	85.8156	-0.0285714
0.3	106.721	-0.0285714
0.3	-80.4037	-0.0285714
0.3	-154.471	-0.0285714
0.3	-143.391	-0.0285714
0.3	-147.941	-0.0285714
0.3	161.556	-0.0285714
0.3	-84.142	-0.0285714
0.3	-95.9625	-0.0285714
0.3	141.365	-0.0285714
0.3	170.331	-0.0285714
0.3	-154.706	-0.0285714
0.3	22.2484	-0.0285714
0.3	19.8708	-0.0285714
0.3	169.301	-0.0285714
0.3	-172.808	-0.0285714
0.3	-125.205	-0.0285714
0.3	-24.5396	-0.0285714
0.3	63.6635	-0.0285714
0.3	30.1717	-0.0285714
0.3	44.5374	-0.0285714
0.3	170.406	-0.0285714
0.3	94.7776	-0.0285714
0.3	31.507	-0.0285714
0.3	-177.414	-0.0285714
0.3	-119.126	-0.0285714
0.3	-168.332	-0.0285714
0.3	-53.2215	-0.0285714
0.3	151.179	-0.0285714
0.3	-65.3605	-0.0285714
0.3	163.268	-0.0285714
0.3	150.748	-0.0285714
0.3	69.1986	-0.0285714
0.3	41.5056	-0.0285714
0.3	99.9024	-0.0285714
0.3	123.629	-0.0285714
0.3	100.005	-0.0285714
0.3	-143.84	-0.0285714
0.3	-162.174	-0.0285714
0.3	24.2862	-0.0285714
0.3	158.501	-0.0285714
0.3	-79.5293	-0.0285714
0.3	-148.999	-0.0285714
0.3	23.5403	-0.0285714
0.3	147.356	-0.0285714
0.3	-65.8336	-0.0285714
0.3	94.538	-0.0285714
0.3	-85.7517	-0.0285714
-0.25	-173.644	1
-0.25	67.9668	1
-0.25	-37.1991	1
-0.25	-34.8687	1
-0.25	-116.134	1
-0.25	137.865	1
-0.25	-94.1935	1
-0.25	-83.7269	1
-0.25	160.998	1
-0.25	-170.435	1
-0.25	-178.274	1
-0.25	-135.624	1
-0.25	-12.9475	1
-0.25	126.684	1
-0.25	124.285	1
-0.25	43.8847	1
-0.25	37.4401	1
-0.25	143.727	1
-0.25	-15.1196	1
-0.25	97.883	1
-0.25	20.0395	1
-0.25	-24.344	1
-0.25	79.7828	1
-0.25	72.8517	1
-0.25	22.1835	1
-0.25	-139.746	1
-0.25	-174.675	1
-0.25	149.379	1
-0.25	-73.2874	1
-0.25	-98.3654	1
-0.25	-119.825	1
-0.25	46.8192	1
-0.25	-0.301973	1
-0.25	149.428	1
-0.25	-16.9382	1
-0.25	-79.8931	1
-0.25	-64.0047	1
-0.25	99.8572	1
-0.25	-143.402	1
-0.25	15.6161	1
-0.25	-92.1839	1
-0.25	169.936	1
-0.25	-34.0085	1
-0.25	31.9701	1
-0.25	76.7209	1
-0.25	-46.2923	1
-0.25	169.46	1
-0.25	101.756	1
-0.25	1.65058	1
-0.25	-151.037	1
-0.25	82.35	1
-0.25	-50.4193	1
-0.25	29.1066	1
-0.25	121.223	1
-0.25	-46.1661	1
-0.25	33.9872	1
-0.25	-63.477	1
-0.25	-92.1428	1
-0.25	24.911	1
-0.25	101.995	1
-0.25	-152.453	1
-0.25	133.045	1
-0.25	6.0916	1
-0.25	116.027	1
-0.25	-56.4827	1
-0.25	-30.5242	1
-0.25	93.6569	1
-0.25	43.7833	1
-0.25	-78.0003	1
-0.25	106.478	1
-0.25	109.483	1
-0.25	-80.8247	1
-0.25	-37.8961	1
-0.25	78.9445	1
-0.25	-81.1832	1
-0.25	-80.0647	1
-0.25	-15.8733	1
-0.25	67.9776	1
-0.25	-17.5664	1
-0.25	29.8786	1
-0.25	-111.297	1
-0.25	38.5273	1
-0.25	-101.575	1
-0.25	-154.992	1
-0.25	147.73	1
-0.25	153.501	1
-0.25	-163.414	1
-0.25	60.8674	1
-0.25	97.3331	1
-0.25	-153.682	1
-0.25	-71.5615	1
-0.25	-127.812	1
-0.25	112.822	1
-0.25	152.091	1
-0.25	131.269	1
-0.25	-155.78	1
-0.25	-134.781	1
-0.25	-148.534	1
-0.25	69.7761	1
-0.25	-74.09	1
-0.25	24.8318	1
-0.25	138.464	1
-0.25	173.027	1
-0.25	63.7836	1
-0.25	46.8991	1
-0.25	105.928	1
-0.25	-144.049	1
-0.25	-19.2381	1
-0.25	11.4204	1
-0.25	41.2587	1
-0.25	169.087	1
-0.25	157.501	1
-0.25	175.211	1
-0.25	-67.2941	-0.0285714
-0.25	-88.5032	-0.0285714
-0.25	61.3391	-0.0285714
-0.25	-130.591	-0.0285714
-0.25	-51.019	-0.0285714
-0.25	158.951	-0.0285714
-0.25	-67.5992	-0.0285714
-0.25	129.584	-0.0285714
-0.25	-64.129	-0.0285714
-0.25	-160.965	-0.0285714
-0.25	143.1	-0.0285714
-0.25	-26.814	-0.0285714
-0.25	-118.227	-0.0285714
-0.25	122.358	-0.0285714
-0.25	82.0687	-0.0285714
-0.25	-155.754	-0.0285714
-0.25	-118.524	-0.0285714
-0.25	-35.7869	-0.0285714
-0.25	-113.898	-0.0285714
-0.25	29.8946	-0.0285714
-0.25	58.1408	-0.0285714
-0.25	-96.4059	-0.0285714
-0.25	70.3488	-0.0285714
-0.25	-61.6755	-0.0285714
-0.25	-13.158	-0.0285714
-0.25	178.488	-0.0285714
-0.25	-105.366	-0.0285714
-0.25	74.1108	-0.0285714
-0.25	71.8943	-0.0285714
-0.25	-175.692	-0.0285714
-0.25	-121.385	-0.0285714
-0.25	-168.5	-0.0285714
-0.25	21.2572	-0.0285714
-0.25	-1.28151	-0.0285714
-0.25	90.3797	-0.0285714
-0.25	-137.365	-0.0285714
-0.25	-7.16954	-0.0285714
-0.25	56.7807	-0.0285714
-0.25	162.083	-0.0285714
-0.25	-42.7991	-0.0285714
-0.25	124.321	-0.0285714
-0.25	62.6059	-0.0285714
-0.25	0.747083	-0.0285714
-0.25	44.1832	-0.0285714
-0.25	-87.2009	-0.0285714
-0.25	-32.4106	-0.0285714
-0.25	121.284	-0.0285714
-0.25	161.242	-0.0285714
-0.25	62.1088	-0.0285714
-0.25	123.983	-0.0285714
-0.25	153.125	-0.0285714
-0.25	-123.219	-0.0285714
-0.25	55.1402	-0.0285714
-0.25	-116.939	-0.0285714
-0.25	-179.78	-0.0285714
-0.25	-147.813	-0.0285714
-0.25	14.0993	-0.0285714
-0.25	161.775	-0.0285714
-0.25	179.188	-0.0285714
-0.25	74.7154	-0.0285714
-0.25	174.744	-0.0285714
-0.25	90.1904	-0.0285714
-0.25	159.805	-0.0285714
-0.25	32.5629	-0.0285714
-0.25	116.361	-0.0285714
-0.25	99.5131	-0.0285714
-0.25	163.648	-0.0285714
-0.25	22.354	-0.0285714
-0.25	101.793	-0.0285714
-0.25	143.011	-0.0285714
-0.25	-24.8923	-0.0285714
-0.25	146.634	-0.0285714
-0.25	-32.8677	-0.0285714
-0.25	155.019	-0.0285714
-0.25	-174.55	-0.0285714
-0.25	9.78738	-0.0285714
-0.25	-68.5661	-0.0285714
-0.25	51.9262	-0.0285714
-0.25	-51.8124	-0.0285714
-0.25	18.7968	-0.0285714
-0.25	-5.95621	-0.0285714
-0.25	126.061	-0.0285714
-0.25	72.0454	-0.0285714
-0.25	132.683	-0.0285714
-0.25	-29.5197	-0.0285714
-0.25	72.1323	-0.0285714
-0.25	68.3693	-0.0285714
-0.25	59.6371	-0.0285714
-0.25	154.152	-0.0285714
-0.25	-5.77694	-0.0285714
-0.25	-9.34788	-0.0285714
-0.25	169.957	-0.0285714
-0.25	-78.7543	-0.0285714
-0.25	-56.1696	-0.0285714
-0.25	-170.174	-0.0285714
-0.25	-111.649	-0.0285714
-0.25	75.5545	-0.0285714
-0.25	-80.5794	-0.0285714
-0.25	-87.2329	-0.0285714
-0.25	165.408	-0.0285714
-0.25	-159.434	-0.0285714
-0.25	64.9373	-0.0285714
-0.25	127.668	-0.0285714
-0.25	109.572	-0.0285714
-0.25	-170.077	-0.0285714
-0.25	163.609	-0.0285714
-0.25	149.184	-0.0285714
-0.25	-128.689	-0.0285714
-0.25	26.2822	-0.0285714
-0.25	-49.2757	-0.0285714
-0.25	8.8355	-0.0285714
-0.25	34.7052	-0.0285714
-0.25	-86.775	-0.0285714
-0.25	169.399	-0.0285714
-0.25	105.513	-0.0285714
-0.25	4.32672	-0.0285714
-0.25	-80.0546	-0.0285714
-0.25	73.585	-0.0285714
-0.25	-139.702	-0.0285714
-0.25	-61.3939	-0.0285714
-0.25	75.713	-0.0285714
-0.25	-6.20411	-0.0285714
-0.25	47.9551	-0.0285714
-0.25	0.405962	-0.0285714
-0.25	-48.9704	-0.0285714
-0.25	47.2343	-0.0285714
-0.25	-63.3034	-0.0285714
-0.25	102.458	-0.0285714
-0.25	20.795	-0.0285714
-0.25	74.3102	-0.0285714
-0.25	-156.732	-0.0285714
-0.25	-34.8675	-0.0285714
-0.25	118.796	-0.0285714
-0.25	124.127	-0.0285714
-0.25	-139.627	-0.0285714
-0.25	-171.117	-0.0285714
-0.25	-118.539	-0.0285714
-0.25	133.425	-0.0285714
-0.25	148.301	-0.0285714
-0.25	-1.06959	-0.0285714
-0.25	171.525	-0.0285714
-0.25	98.8539	-0.0285714
-0.25	0.0110561	-0.0285714
-0.25	-87.3834	-0.0285714
-0.25	-106.225	-0.0285714
-0.25	113.965	-0.0285714
-0.25	-54.1821	-0.0285714
-0.25	-129.04	-0.0285714
-0.25	-149.334	-0.0285714
-0.25	176.21	-0.0285714
-0.25	-28.8126	-0.0285714
-0.25	100.986	-0.0285714
-0.25	12.808	-0.0285714
-0.25	123.407	-0.0285714
-0.25	142.036	-0.0285714
-0.25	43.7889	-0.0285714
-0.25	-94.7889	-0.0285714
-0.25	9.02026	-0.0285714
-0.25	-173.174	-0.0285714
-0.25	64.3854	-0.0285714
-0.25	-112.16	-0.0285714
-0.25	39.8306	-0.0285714
-0.25	-1.61402	-0.0285714
-0.25	-138.216	-0.0285714
-0.25	54.1788	-0.0285714
-0.25	164.331	-0.0285714
-0.25	-14.001	-0.0285714
-0.25	-153.341	-0.0285714
-0.25	-47.6417	-0.0285714
-0.25	-168.298	-0.0285714
-0.25	78.6656	-0.0285714
-0.25	-103.828	-0.0285714
-0.25	2.38587	-0.0285714
-0.25	0.00786022	-0.0285714
-0.25	88.2795	-0.0285714
-0.25	-122.045	-0.0285714
-0.25	-123.54	-0.0285714
-0.25	128.647	-0.0285714
-0.25	3.27952	-0.0285714
-0.25	-154.964	-0.0285714
-0.25	86.1614	-0.0285714
-0.25	-171.935	-0.0285714
-0.25	45.6627	-0.0285714
-0.25	-171.535	-0.0285714
-0.25	143.646	-0.0285714
-0.25	-70.2777	-0.0285714
-0.25	62.3355	-0.0285714
-0.25	174.771	-0.0285714
-0.25	70.2642	-0.0285714
-0.25	85.4979	-0.0285714
-0.25	-4.81208	-0.0285714
-0.25	-143.597	-0.0285714
-0.25	104.301	-0.0285714
-0.25	-69.8269	-0.0285714
-0.25	-29.7682	-0.0285714
-0.25	141.793	-0.0285714
-0.25	-179.931	-0.0285714
-0.25	-148.065	-0.0285714
-0.25	-91.7361	-0.0285714
-0.25	-114.791	-0.0285714
0.3	-0.912209	1
0.3	-93.2126	1
0.3	-164.303	1
0.3	-121.665	1
0.3	125.769	1
0.3	-87.2116	1
0.3	70.2101	1
0.3	-26.3401	1
0.3	-86.0356	1
0.3	172.601	1
0.3	8.90716	1
0.3	90.796	1
0.3	-17.1758	1
0.3	83.8258	1
0.3	-103.035	1
0.3	-38.3687	1
0.3	-10.5025	1
0.3	165.146	1
0.3	-76.5306	1
0.3	-123.794	1
0.3	-69.3964	1
0.3	137.121	1
0.3	-95.8545	1
0.3	-99.5256	1
0.3	170.683	1
0.3	42.9231	1
0.3	120.23	1
0.3	120.122	1
0.3	40.9018	1
0.3	-138.575	1
0.3	-132.055	1
0.3	-43.6634	1
0.3	109.878	1
0.3	-105.739	1
0.3	150.919	1
0.3	46.0171	1
0.3	-58.4112	1
0.3	111.834	1
0.3	-83.4151	1
0.3	-177.594	1
0.3	135.301	1
0.3	-53.687	1
0.3	-29.3311	1
0.3	-145.512	1
0.3	-46.2275	1
0.3	71.1344	1
0.3	111.654	1
0.3	-91.9866	1
0.3	-36.053	1
0.3	107.532	1
0.3	-88.45	1
0.3	-147.539	1
0.3	-120.532	1
0.3	-46.7969	1
0.3	-165.763	1
0.3	-69.8891	1
0.3	-134.782	1
0.3	-108.555	1
0.3	-64.4057	1
0.3	-102.866	1
0.3	96.0696	1
0.3	-155.796	1
0.3	119.716	1
0.3	119.329	1
0.3	-154.204	1
0.3	-111.868	1
0.3	-47.952	1
0.3	-122.86	1
0.3	-179.836	1
0.3	-136.895	1
0.3	169.927	1
0.3	86.874	1
0.3	-125.691	1
0.3	132.68	1
0.3	-27.7221	1
0.3	84.0555	1
0.3	144.689	1
0.3	173.448	1
0.3	-143.219	1
0.3	98.2564	1
0.3	-20.6788	1
0.3	-44.2494	1
0.3	-37.4627	1
0.3	91.6152	1
0.3	28.3495	1
0.3	60.1063	1
0.3	-47.6585	1
0.3	124.761	1
0.3	137.818	1
0.3	-161.467	1
0.3	122.906	1
0.3	-62.0412	1
0.3	-41.2328	1
0.3	-64.9578	1
0.3	156.267	1
0.3	-53.3436	1
0.3	-30.9185	1
0.3	137.036	1
0.3	-166.279	1
0.3	-143.079	1
0.3	-21.3754	1
0.3	-125.46	1
0.3	-107.351	1
0.3	-129.667	1
0.3	60.1022	1
0.3	-97.3762	1
0.3	87.3454	1
0.3	-6.56608	1
0.3	144.957	1
0.3	-29.5955	1
0.3	-133.155	1
0.3	18.2827	1
0.3	144.746	1
0.3	-168.999	1
0.3	122.917	1
0.3	145.443	1
0.3	83.3964	1
0.3	126.171	1
0.3	112.217	1
0.3	83.0501	1
0.3	122.066	1
0.3	-90.2569	1
0.3	-65.5931	1
0.3	-51.9117	1
0.3	3.86444	1
0.3	-175.821	1
0.3	-92.6364	1
0.3	110.011	1
0.3	96.8088	1
0.3	-172.557	1
0.3	-124.706	1
0.3	-32.2459	1
0.3	-159.64	1
0.3	78.56	1
0.3	-121.13	1
0.3	28.5531	1
0.3	-21.7627	1
0.3	116.446	1
0.3	138.398	1
0.3	-57.2762	1
0.3	156.247	1
0.3	-38.4834	1
0.3	131.088	1
0.3	-141.913	1
0.3	125.785	1
0.3	-154.783	1
0.3	-135.207	1
0.3	39.8503	-0.052381
0.3	1.96685	-0.052381
0.3	-21.9608	-0.052381
0.3	-110.907	-0.052381
0.3	-173.188	-0.052381
0.3	45.807	-0.052381
0.3	-150.68	-0.052381
0.3	-134.181	-0.052381
0.3	146.67	-0.052381
0.3	166.533	-0.052381
0.3	-30.8537	-0.052381
0.3	-28.3938	-0.052381
0.3	70.9691	-0.052381
0.3	-43.8833	-0.052381
0.3	37.001	-0.052381
0.3	-39.9271	-0.052381
0.3	173.118	-0.052381
0.3	-164.907	-0.052381
0.3	-94.0507	-0.052381
0.3	-33.4072	-0.052381
0.3	-158.152	-0.052381
0.3	57.4987	-0.052381
0.3	-90.4713	-0.052381
0.3	-121.927	-0.052381
0.3	-10.2218	-0.052381
0.3	-80.4633	-0.052381
0.3	-52.4072	-0.052381
0.3	-123.262	-0.052381
0.3	-152.198	-0.052381
0.3	-139.359	-0.052381
0.3	-23.3583	-0.052381
0.3	-108.346	-0.052381
0.3	-113.018	-0.052381
0.3	108.789	-0.052381
0.3	18.1941	-0.052381
0.3	16.3399	-0.052381
0.3	-146.836	-0.052381
0.3	110.622	-0.052381
0.3	-62.0759	-0.052381
0.3	102.762	-0.052381
0.3	72.4631	-0.052381
0.3	73.7734	-0.052381
0.3	42.8429	-0.052381
0.3	109.164	-0.052381
0.3	134.641	-0.052381
0.3	53.0267	-0.052381
0.3	130.738	-0.052381
0.3	-82.9449	-0.052381
0.3	169.405	-0.052381
0.3	169.52	-0.052381
0.3	-28.521	-0.052381
0.3	-122.82	-0.052381
0.3	25.7521	-0.052381
0.3	-77.8627	-0.052381
0.3	5.76878	-0.052381
0.3	-69.9019	-0.052381
0.3	-23.1539	-0.052381
0.3	165.395	-0.052381
0.3	82.2692	-0.052381
0.3	40.7406	-0.052381
0.3	-52.3026	-0.052381
0.3	147.964	-0.052381
0.3	-98.2315	-0.052381
0.3	87.1947	-0.052381
0.3	41.2155	-0.052381
0.3	167.386	-0.052381
0.3	-134.966	-0.052381
0.3	135.906	-0.052381
0.3	-156.6	-0.052381
0.3	85.9425	-0.052381
0.3	-151.593	-0.052381
0.3	161.712	-0.052381
0.3	157.606	-0.052381
0.3	-127.407	-0.052381
0.3	29.9372	-0.052381
0.3	95.8947	-0.052381
0.3	174.259	-0.052381
0.3	8.00496	-0.052381
0.3	15.0132	-0.052381
0.3	-98.3101	-0.052381
0.3	-66.9533	-0.052381
0.3	-94.7306	-0.052381
0.3	44.4528	-0.052381
0.3	70.361	-0.052381
0.3	-100.456	-0.052381
0.3	103.515	-0.052381
0.3	-43.7277	-0.052381
0.3	-168.513	-0.052381
0.3	-163.216	-0.052381
0.3	-155.812	-0.052381
0.3	37.5575	-0.052381
0.3	-161.293	-0.052381
0.3	-40.2485	-0.052381
0.3	167.485	-0.052381
0.3	31.3952	-0.052381
0.3	-89.7077	-0.052381
0.3	-132.844	-0.052381
0.3	-159.389	-0.052381
0.3	-161.386	-0.052381
0.3	1.40394	-0.052381
0.3	46.0695	-0.052381
0.3	144.575	-0.052381
0.3	33.5805	-0.052381
0.3	138.56	-0.052381
0.3	47.0325	-0.052381
0.3	-27.1984	-0.052381
0.3	-9.65797	-0.052381
0.3	110.658	-0.052381
0.3	63.6587	-0.052381
0.3	-126.256	-0.052381
0.3	-28.8834	-0.052381
0.3	108.559	-0.052381
0.3	-125.71	-0.052381
0.3	-93.6121	-0.052381
0.3	-176.043	-0.052381
0.3	-105.502	-0.052381
0.3	-39.0168	-0.052381
0.3	30.489	-0.052381
0.3	-56.198	-0.052381
0.3	-8.56843	-0.052381
0.3	-13.9915	-0.052381
0.3	-172.893	-0.052381
0.3	-130.846	-0.052381
0.3	28.8768	-0.052381
0.3	74.37	-0.052381
0.3	-52.8645	-0.052381
0.3	-29.9245	-0.052381
0.3	-129.125	-0.052381
0.3	-142.466	-0.052381
0.3	45.1519	-0.052381
0.3	107.042	-0.052381
0.3	-18.4669	-0.052381
0.3	-26.819	-0.052381
0.3	101.475	-0.052381
0.3	-177.053	-0.052381
0.3	138.471	-0.052381
0.3	-132.467	-0.052381
0.3	-128.199	-0.052381
0.3	-130.851	-0.052381
0.3	-151.213	-0.052381
-0.25	45.6589	1
-0.25	14.8852	1
-0.25	74.3926	1
-0.25	73.8074	1
-0.25	177.948	1
-0.25	-98.5364	1
-0.25	-153.193	1
-0.25	24.8056	1
-0.25	-72.5065	1
-0.25	68.8633	1
-0.25	-46.0674	1
-0.25	164.293	1
-0.25	-22.9537	1
-0.25	-105.567	1
-0.25	116.848	1
-0.25	-100.469	1
-0.25	-132.893	1
-0.25	-173.117	1
-0.25	-69.4954	1
-0.25	-30.5879	1
-0.25	-78.4292	1
-0.25	-22.4213	1
-0.25	128.741	1
-0.25	-173.367	1
-0.25	171.507	1
-0.25	-86.931	1
-0.25	56.1908	1
-0.25	176.282	1
-0.25	-9.17054	1
-0.25	4.42671	1
-0.25	-89.8671	1
-0.25	-111.579	1
-0.25	97.8927	1
-0.25	-170.053	1
-0.25	-66.0784	1
-0.25	50.5653	1
-0.25	85.0706	1
-0.25	-63.72	1
-0.25	-117.027	1
-0.25	49.8713	1
-0.25	-103.82	1
-0.25	-38.045	1
-0.25	-58.6881	1
-0.25	173.191	1
-0.25	-130.815	1
-0.25	156.351	1
-0.25	-62.1708	1
-0.25	-154.074	1
-0.25	93.9239	1
-0.25	167.228	1
-0.25	-169.081	1
-0.25	178.907	1
-0.25	-14.3444	1
-0.25	-52.571	1
-0.25	-71.2041	1
-0.25	-140.211	1
-0.25	65.0267	1
-0.25	175.092	1
-0.25	154.515	1
-0.25	-173.212	1
-0.25	-49.2915	1
-0.25	-128.207	1
-0.25	124.427	1
-0.25	-74.9305	1
-0.25	-92.9489	1
-0.25	121.68	1
-0.25	-106.001	1
-0.25	-151.665	1
-0.25	-165.233	1
-0.25	-100.338	1
-0.25	29.8171	1
-0.25	9.0322	1
-0.25	65.5292	1
-0.25	49.9744	1
-0.25	31.8882	1
-0.25	-171.687	1
-0.25	163.486	1
-0.25	162.586	1
-0.25	-141.571	1
-0.25	178.335	1
-0.25	6.96946	1
-0.25	-7.33608	1
-0.25	10.9885	1
-0.25	88.4722	1
-0.25	-110.542	1
-0.25	116.636	1
-0.25	18.6338	1
-0.25	-80.222	1
-0.25	48.1288	1
-0.25	60.2546	1
-0.25	-175.087	1
-0.25	115.634	1
-0.25	146.79	1
-0.25	122.968	1
-0.25	-55.7816	1
-0.25	-77.9796	1
-0.25	91.8249	1
-0.25	-41.4256	1
-0.25	-133.667	1
-0.25	88.46	1
-0.25	-159.202	1
-0.25	-122.864	1
-0.25	-0.0708165	1
-0.25	61.9919	1
-0.25	24.5528	1
-0.25	109.077	1
-0.25	80.5941	1
-0.25	71.3508	1
-0.25	130.306	1
-0.25	162.154	1
-0.25	-159.004	1
-0.25	111.263	1
-0.25	10.133	1
-0.25	-30.2019	-0.052381
-0.25	-120.886	-0.052381
-0.25	33.7081	-0.052381
-0.25	59.9842	-0.052381
-0.25	-133.339	-0.052381
-0.25	165.17	-0.052381
-0.25	147.384	-0.052381
-0.25	136.376	-0.052381
-0.25	-114.817	-0.052381
-0.25	158.769	-0.052381
-0.25	-8.60749	-0.052381
-0.25	-177.789	-0.052381
-0.25	-95.0838	-0.052381
-0.25	117.297	-0.052381
-0.25	23.4381	-0.052381
-0.25	-130.504	-0.052381
-0.25	-174.48	-0.052381
-0.25	-76.318	-0.052381
-0.25	53.663	-0.052381
-0.25	-97.8118	-0.052381
-0.25	50.0253	-0.052381
-0.25	138.377	-0.052381
-0.25	96.8341	-0.052381
-0.25	0.0257503	-0.052381
-0.25	-18.2709	-0.052381
-0.25	-32.9208	-0.052381
-0.25	-39.6614	-0.052381
-0.25	127.938	-0.052381
-0.25	-89.0328	-0.052381
-0.25	-49.732	-0.052381
-0.25	-166.977	-0.052381
-0.25	90.4595	-0.052381
-0.25	173.08	-0.052381
-0.25	169.057	-0.052381
-0.25	-90.1131	-0.052381
-0.25	-127.431	-0.052381
-0.25	-21.3511	-0.052381
-0.25	-144.982	-0.052381
-0.25	-21.4185	-0.052381
-0.25	-137.356	-0.052381
-0.25	35.0508	-0.052381
-0.25	1.67508	-0.052381
-0.25	-169.519	-0.052381
-0.25	115.466	-0.052381
-0.25	-170.576	-0.052381
-0.25	138.758	-0.052381
-0.25	27.7692	-0.052381
-0.25	16.0534	-0.052381
-0.25	-22.5624	-0.052381
-0.25	96.2292	-0.052381
-0.25	28.5477	-0.052381
-0.25	11.9464	-0.052381
-0.25	-64.0246	-0.052381
-0.25	72.8146	-0.052381
-0.25	-158.571	-0.052381
-0.25	103.472	-0.052381
-0.25	-16.7561	-0.052381
-0.25	-165.392	-0.052381
-0.25	-157.666	-0.052381
-0.25	-71.3927	-0.052381
-0.25	20.9997	-0.052381
-0.25	-113.433	-0.052381
-0.25	-47.2409	-0.052381
-0.25	-12.7473	-0.052381
-0.25	-61.9682	-0.052381
-0.25	-42.8165	-0.052381
-0.25	48.2042	-0.052381
-0.25	130.051	-0.052381
-0.25	-109.934	-0.052381
-0.25	-75.2863	-0.052381
-0.25	51.3438	-0.052381
-0.25	178.781	-0.052381
-0.25	-154.679	-0.052381
-0.25	16.8696	-0.052381
-0.25	6.63605	-0.052381
-0.25	-171.306	-0.052381
-0.25	140.923	-0.052381
-0.25	30.5843	-0.052381
-0.25	-75.2065	-0.052381
-0.25	-15.8547	-0.052381
-0.25	-77.0436	-0.052381
-0.25	-100.09	-0.052381
-0.25	116.097	-0.052381
-0.25	159.455	-0.052381
-0.25	-78.8842	-0.052381
-0.25	-38.4967	-0.052381
-0.25	175.554	-0.052381
-0.25	178.225	-0.052381
-0.25	-153.058	-0.052381
-0.25	-138.008	-0.052381
-0.25	-90.1544	-0.052381
-0.25	-49.1215	-0.052381
-0.25	134.905	-0.052381
-0.25	-58.8584	-0.052381
-0.25	-11.9822	-0.052381
-0.25	153.068	-0.052381
-0.25	109.876	-0.052381
-0.25	-158.353	-0.052381
-0.25	57.9154	-0.052381
-0.25	167.392	-0.052381
-0.25	-132.563	-0.052381
-0.25	113.543	-0.052381
-0.25	11.7647	-0.052381
-0.25	-32.738	-0.052381
-0.25	63.5685	-0.052381
-0.25	-80.0678	-0.052381
-0.25	173.238	-0.052381
-0.25	150.46	-0.052381
-0.25	-67.5189	-0.052381
