pol.	phi	weight
0.3	-156.585	1
0.3	136.303	1
0.3	-66.2162	1
0.3	-44.0123	1
0.3	163.692	1
0.3	-124.976	1
0.3	-28.9245	1
0.3	163.805	1
0.3	2.08275	1
0.3	-10.2138	1
0.3	-121.045	1
0.3	179.867	1
0.3	-0.608815	1
0.3	52.8843	1
0.3	127.734	1
0.3	99.1604	1
0.3	-4.99579	1
0.3	44.7448	1
0.3	113.56	1
0.3	142.544	1
0.3	-32.8723	1
0.3	-148.575	1
0.3	-153.136	1
0.3	-61.178	1
0.3	-48.9817	1
0.3	-49.4074	1
0.3	149.384	1
0.3	-110.774	1
0.3	-83.4575	1
0.3	107.279	1
0.3	-102.805	1
0.3	104.512	1
0.3	-95.9808	1
0.3	-157.494	1
0.3	47.7307	1
0.3	-88.4886	1
0.3	86.713	1
0.3	140.33	1
0.3	137.06	1
0.3	-143.141	1
0.3	-60.9553	1
0.3	46.44	1
0.3	74.1087	1
0.3	-145.91	1
0.3	-140.217	1
0.3	95.2415	1
0.3	-150.201	1
0.3	129.606	1
0.3	144.751	1
0.3	119.676	1
0.3	-175.481	1
0.3	-19.4035	1
0.3	-51.0474	1
0.3	-73.2501	1
0.3	-84.0777	1
0.3	-80.4009	1
0.3	97.5574	1
0.3	104.193	1
0.3	-124.693	1
0.3	-52.9376	1
0.3	40.2311	1
0.3	175.379	1
0.3	-33.6083	1
0.3	54.8287	1
0.3	32.2232	1
0.3	-25.1374	1
0.3	-81.7899	1
0.3	-121.573	1
0.3	4.88621	1
0.3	-29.9227	1
0.3	147.44	1
0.3	-95.3134	1
0.3	-50.9694	1
0.3	-172.364	1
0.3	-105.25	1
0.3	-52.1684	1
0.3	156.538	1
0.3	28.3416	1
0.3	104.412	1
0.3	-58.406	1
0.3	-118.741	1
0.3	158.244	1
0.3	148.544	1
0.3	54.485	1
0.3	142.593	1
0.3	52.0565	1
0.3	-153.556	1
0.3	-130.518	1
0.3	-166.366	1
0.3	-167.392	1
0.3	160.085	1
0.3	40.48	1
0.3	162.662	1
0.3	-38.3036	1
0.3	-129.753	1
0.3	145.291	1
0.3	-67.0725	1
0.3	-86.3295	1
0.3	-127.354	1
0.3	58.937	1
0.3	-64.9065	1
0.3	-79.4962	1
0.3	101.351	1
0.3	126.215	1
0.3	39.2041	1
0.3	-111.412	1
0.3	157.999	1
0.3	-178.08	1
0.3	-128.311	1
0.3	133.801	1
0.3	-170.972	1
0.3	39.7332	1
0.3	25.4314	1
0.3	-133.974	1
0.3	6.57439	1
0.3	155.459	1
0.3	-129.687	1
0.3	-128.352	1
0.3	37.9064	1
0.3	-43.4493	1
0.3	-83.2788	1
0.3	-6.02604	1
0.3	-6.36671	1
0.3	20.6189	1
0.3	-74.3834	1
0.3	101.176	1
0.3	-177.245	1
0.3	16.8543	1
0.3	-31.2772	1
0.3	-60.7681	1
0.3	5.8969	1
0.3	139.46	1
0.3	-96.2317	1
0.3	23.6638	1
0.3	-101.406	1
0.3	-108.981	1
0.3	-111.949	1
0.3	-178.094	1
0.3	76.9294	1
0.3	4.95548	1
0.3	75.7265	1
0.3	-59.5934	1
0.3	-33.9711	1
0.3	66.5786	1
0.3	-19.8347	-0.0714286
0.3	-129.486	-0.0714286
0.3	172.017	-0.0714286
0.3	-80.7616	-0.0714286
0.3	-134.794	-0.0714286
0.3	5.72244	-0.0714286
0.3	62.9683	-0.0714286
0.3	-50.189	-0.0714286
0.3	10.3916	-0.0714286
0.3	81.8398	-0.0714286
0.3	-163.208	-0.0714286
0.3	-57.8241	-0.0714286
0.3	25.3061	-0.0714286
0.3	-136.844	-0.0714286
0.3	-133.013	-0.0714286
0.3	-136.075	-0.0714286
0.3	-169.627	-0.0714286
0.3	-57.1146	-0.0714286
0.3	116.891	-0.0714286
0.3	61.4791	-0.0714286
0.3	107.416	-0.0714286
0.3	28.5261	-0.0714286
0.3	105.062	-0.0714286
0.3	-146.505	-0.0714286
0.3	54.3586	-0.0714286
0.3	-46.9379	-0.0714286
0.3	-98.5022	-0.0714286
0.3	42.6274	-0.0714286
0.3	19.3456	-0.0714286
0.3	53.9338	-0.0714286
0.3	-149.96	-0.0714286
0.3	-93.6519	-0.0714286
0.3	-124.061	-0.0714286
0.3	-68.0254	-0.0714286
0.3	-142.114	-0.0714286
0.3	50.0058	-0.0714286
0.3	33.516	-0.0714286
0.3	137.571	-0.0714286
0.3	-156.276	-0.0714286
0.3	102.203	-0.0714286
0.3	82.3775	-0.0714286
0.3	-38.389	-0.0714286
0.3	-80.6471	-0.0714286
0.3	58.1888	-0.0714286
0.3	126.433	-0.0714286
0.3	124.357	-0.0714286
0.3	-75.3999	-0.0714286
0.3	-101.719	-0.0714286
0.3	65.8644	-0.0714286
0.3	84.5883	-0.0714286
0.3	28.1514	-0.0714286
0.3	-132.029	-0.0714286
0.3	-118.532	-0.0714286
0.3	-76.649	-0.0714286
0.3	176.719	-0.0714286
0.3	23.1657	-0.0714286
0.3	-7.28888	-0.0714286
0.3	90.494	-0.0714286
0.3	178.678	-0.0714286
0.3	141.886	-0.0714286
0.3	-88.4923	-0.0714286
0.3	-54.7892	-0.0714286
0.3	98.5516	-0.0714286
0.3	16.6628	-0.0714286
0.3	35.4941	-0.0714286
0.3	11.311	-0.0714286
0.3	172.193	-0.0714286
0.3	-65.8018	-0.0714286
0.3	123.019	-0.0714286
0.3	128.538	-0.0714286
0.3	-20.179	-0.0714286
0.3	-12.0076	-0.0714286
0.3	-43.2061	-0.0714286
0.3	113.636	-0.0714286
0.3	-151.09	-0.0714286
0.3	-80.3624	-0.0714286
0.3	-147.489	-0.0714286
0.3	-135.452	-0.0714286
0.3	53.042	-0.0714286
0.3	-30.6402	-0.0714286
0.3	34.9412	-0.0714286
0.3	-29.1228	-0.0714286
0.3	71.7301	-0.0714286
0.3	77.4153	-0.0714286
0.3	51.33	-0.0714286
0.3	-140.109	-0.0714286
0.3	139.602	-0.0714286
0.3	61.2708	-0.0714286
0.3	-165.842	-0.0714286
0.3	-14.7771	-0.0714286
0.3	-91.2773	-0.0714286
0.3	157.875	-0.0714286
0.3	126.28	-0.0714286
0.3	5.01231	-0.0714286
0.3	-100.196	-0.0714286
0.3	-176.024	-0.0714286
0.3	74.0514	-0.0714286
0.3	-87.0285	-0.0714286
0.3	-160.961	-0.0714286
0.3	-160.997	-0.0714286
0.3	-73.5612	-0.0714286
-0.25	-129.992	1
-0.25	-91.3239	1
-0.25	140.794	1
-0.25	-32.4634	1
-0.25	-134.23	1
-0.25	-84.3306	1
-0.25	71.8909	1
-0.25	-143.97	1
-0.25	-141.023	1
-0.25	-151.84	1
-0.25	-15.6165	1
-0.25	-78.0043	1
-0.25	19.86	1
-0.25	-77.6176	1
-0.25	-101.483	1
-0.25	-141.024	1
-0.25	-143.032	1
-0.25	-179.43	1
-0.25	102.871	1
-0.25	-40.0321	1
-0.25	11.3363	1
-0.25	-139.302	1
-0.25	90.4339	1
-0.25	-16.4482	1
-0.25	162.362	1
-0.25	-33.2143	1
-0.25	64.9582	1
-0.25	151.161	1
-0.25	-143.797	1
-0.25	68.4221	1
-0.25	14.5315	1
-0.25	41.5679	1
-0.25	10.3609	1
-0.25	170.87	1
-0.25	10.8294	1
-0.25	47.8875	1
-0.25	-31.2876	1
-0.25	29.2417	1
-0.25	-116.29	1
-0.25	165.59	1
-0.25	74.1024	1
-0.25	-14.5303	1
-0.25	164.084	1
-0.25	142.476	1
-0.25	125.47	1
-0.25	-120.262	1
-0.25	-83.2716	1
-0.25	97.4316	1
-0.25	18.024	1
-0.25	161.572	1
-0.25	18.4921	1
-0.25	-123.487	1
-0.25	-98.2388	1
-0.25	-110.539	1
-0.25	-15.6579	1
-0.25	68.5768	1
-0.25	-85.9448	1
-0.25	169.492	1
-0.25	-133.063	1
-0.25	94.3457	1
-0.25	24.8127	1
-0.25	167.914	1
-0.25	179.246	1
-0.25	-33.1721	1
-0.25	155.219	1
-0.25	92.1487	1
-0.25	-136.093	1
-0.25	-25.3298	1
-0.25	12.1697	1
-0.25	-131.931	1
-0.25	-58.005	1
-0.25	-19.7652	1
-0.25	169.883	1
-0.25	16.6332	1
-0.25	107.045	1
-0.25	-84.6171	1
-0.25	-81.1868	1
-0.25	-175.914	1
-0.25	78.2327	1
-0.25	-51.5674	1
-0.25	46.7977	1
-0.25	-36.6646	1
-0.25	-144.677	1
-0.25	72.8471	1
-0.25	-121.835	1
-0.25	-150.868	1
-0.25	73.8127	1
-0.25	-1.6693	1
-0.25	-75.6559	1
-0.25	140.876	1
-0.25	90.0965	1
-0.25	-10.0189	1
-0.25	-171.617	1
-0.25	-28.4245	1
-0.25	-169.043	1
-0.25	-104.076	1
-0.25	-147.097	1
-0.25	-102.92	1
-0.25	108.302	1
-0.25	90.0299	1
-0.25	-109.247	1
-0.25	-178.215	1
-0.25	38.9395	1
-0.25	21.8503	1
-0.25	162.45	1
-0.25	-30.5584	1
-0.25	137.787	1
-0.25	-135.601	1
-0.25	132.309	1
-0.25	-111.385	1
-0.25	56.9491	1
-0.25	-55.193	1
-0.25	134.23	1
-0.25	107.987	1
-0.25	88.4841	1
-0.25	-56.0411	1
-0.25	-45.5546	1
-0.25	-72.28	-0.0714286
-0.25	-128.726	-0.0714286
-0.25	3.45339	-0.0714286
-0.25	-0.0344434	-0.0714286
-0.25	-96.5912	-0.0714286
-0.25	-137.237	-0.0714286
-0.25	56.5532	-0.0714286
-0.25	14.551	-0.0714286
-0.25	29.6394	-0.0714286
-0.25	108.489	-0.0714286
-0.25	-33.5876	-0.0714286
-0.25	78.9098	-0.0714286
-0.25	-17.1858	-0.0714286
-0.25	64.2061	-0.0714286
-0.25	-56.7167	-0.0714286
-0.25	34.2328	-0.0714286
-0.25	122.186	-0.0714286
-0.25	84.3867	-0.0714286
-0.25	-140.217	-0.0714286
-0.25	-74.1386	-0.0714286
-0.25	61.7664	-0.0714286
-0.25	86.5576	-0.0714286
-0.25	6.17414	-0.0714286
-0.25	-119.848	-0.0714286
-0.25	60.277	-0.0714286
-0.25	-154.343	-0.0714286
-0.25	-51.6776	-0.0714286
-0.25	128.781	-0.0714286
-0.25	139.015	-0.0714286
-0.25	-142.087	-0.0714286
-0.25	-165.116	-0.0714286
-0.25	142.562	-0.0714286
-0.25	-116.114	-0.0714286
-0.25	-2.67634	-0.0714286
-0.25	84.1058	-0.0714286
-0.25	-174.667	-0.0714286
-0.25	40.388	-0.0714286
-0.25	-47.4956	-0.0714286
-0.25	145.03	-0.0714286
-0.25	79.3235	-0.0714286
-0.25	-147.809	-0.0714286
-0.25	-56.3913	-0.0714286
-0.25	-59.1576	-0.0714286
-0.25	154.616	-0.0714286
-0.25	-117.138	-0.0714286
-0.25	-70.9515	-0.0714286
-0.25	-39.9486	-0.0714286
-0.25	-113.384	-0.0714286
-0.25	149.895	-0.0714286
-0.25	-76.4374	-0.0714286
-0.25	121.483	-0.0714286
-0.25	-171.22	-0.0714286
-0.25	118.027	-0.0714286
-0.25	23.9517	-0.0714286
-0.25	106.507	-0.0714286
-0.25	-105.107	-0.0714286
-0.25	-36.8181	-0.0714286
-0.25	-74.5227	-0.0714286
-0.25	145.046	-0.0714286
-0.25	116.077	-0.0714286
-0.25	27.9162	-0.0714286
-0.25	81.5538	-0.0714286
-0.25	-149.304	-0.0714286
-0.25	64.3691	-0.0714286
-0.25	-48.4495	-0.0714286
-0.25	178.89	-0.0714286
-0.25	139.743	-0.0714286
-0.25	56.7118	-0.0714286
-0.25	92.7124	-0.0714286
-0.25	127.218	-0.0714286
-0.25	-41.0413	-0.0714286
-0.25	3.14331	-0.0714286
-0.25	-91.5557	-0.0714286
-0.25	-169.752	-0.0714286
-0.25	157.194	-0.0714286
-0.25	170.568	-0.0714286
-0.25	-11.7754	-0.0714286
-0.25	85.8023	-0.0714286
-0.25	176.088	-0.0714286
-0.25	-42.3012	-0.0714286
-0.25	170.893	-0.0714286
-0.25	-42.2778	-0.0714286
0.3	-74.4075	1
0.3	60.0182	1
0.3	-5.98381	1
0.3	117.132	1
0.3	-66.2899	1
0.3	-177.122	1
0.3	-40.4091	1
0.3	-92.7835	1
0.3	-61.0796	1
0.3	74.9996	1
0.3	-167.052	1
0.3	131.409	1
0.3	29.3889	1
0.3	-171.878	1
0.3	-66.9608	1
0.3	113.365	1
0.3	125.835	1
0.3	70.262	1
0.3	-33.014	1
0.3	63.3427	1
0.3	81.7198	1
0.3	-95.9797	1
0.3	20.5	1
0.3	29.3913	1
0.3	105.101	1
0.3	-164.253	1
0.3	73.9858	1
0.3	45.6325	1
0.3	-89.1793	1
0.3	-139.053	1
0.3	-157.062	1
0.3	93.528	1
0.3	-60.4226	1
0.3	-29.1632	1
0.3	139.479	1
0.3	-156.618	1
0.3	164.024	1
0.3	-174.925	1
0.3	162.813	1
0.3	140.18	1
0.3	15.6448	1
0.3	-10.0286	1
0.3	85.0027	1
0.3	-175.504	1
0.3	104.218	1
0.3	-9.9956	1
0.3	-148.169	1
0.3	-119.998	1
0.3	-94.1946	1
0.3	-87.7958	1
0.3	150.382	1
0.3	62.6799	1
0.3	153.584	1
0.3	-38.333	1
0.3	144.329	1
0.3	13.5629	1
0.3	22.4025	1
0.3	24.4396	1
0.3	11.1857	1
0.3	-6.45796	1
0.3	173.378	1
0.3	-105.294	1
0.3	41.0943	1
0.3	-84.891	1
0.3	171.325	1
0.3	-123.356	1
0.3	69.9746	1
0.3	43.7512	1
0.3	-12.128	1
0.3	-89.0939	1
0.3	-17.8271	1
0.3	-31.4197	1
0.3	-105.381	1
0.3	19.4021	1
0.3	176.763	1
0.3	111.064	1
0.3	115.677	1
0.3	111.65	1
0.3	52.5521	1
0.3	-51.8041	1
0.3	89.5275	1
0.3	-41.2203	1
0.3	-82.0464	1
0.3	-74.2231	1
0.3	-125.798	1
0.3	63.9186	1
0.3	175.806	1
0.3	-100.698	1
0.3	38.6746	1
0.3	-56.7592	1
0.3	141.725	1
0.3	122.679	1
0.3	80.318	1
0.3	-125.629	1
0.3	54.2192	1
0.3	-29.7493	1
0.3	46.2362	1
0.3	-127.996	1
0.3	174	1
0.3	174.544	1
0.3	164.254	1
0.3	33.5301	1
0.3	169.679	1
0.3	-100.299	1
0.3	8.24068	1
0.3	-109.827	1
0.3	-151.682	1
0.3	47.3467	1
0.3	-161.725	1
0.3	-169.919	1
0.3	95.254	1
0.3	-131.603	1
0.3	-142.902	1
0.3	-122.251	1
0.3	14.3729	1
0.3	115.034	1
0.3	-75.7109	1
0.3	-166.761	1
0.3	72.338	1
0.3	-52.6912	1
0.3	22.3816	1
0.3	-46.9239	1
0.3	19.1796	1
0.3	-157.189	1
0.3	-53.9053	1
0.3	-8.66352	1
0.3	-88.703	1
0.3	-136.482	1
0.3	5.13701	1
0.3	-158.53	1
0.3	85.2973	1
0.3	123.266	1
0.3	-132.918	1
0.3	-115.009	1
0.3	-161.81	1
0.3	21.212	1
0.3	-153.091	1
0.3	-155.552	1
0.3	-165.817	1
0.3	46.7414	1
0.3	-99.9655	1
0.3	26.6582	1
0.3	98.0623	1
0.3	-81.8238	1
0.3	6.84609	-0.0380952
0.3	67.3925	-0.0380952
0.3	-66.6357	-0.0380952
0.3	-88.8185	-0.0380952
0.3	25.2785	-0.0380952
0.3	-3.39013	-0.0380952
0.3	-116.474	-0.0380952
0.3	-111.351	-0.0380952
0.3	70.3236	-0.0380952
0.3	-126.362	-0.0380952
0.3	29.0042	-0.0380952
0.3	-70.7616	-0.0380952
0.3	-80.4091	-0.0380952
0.3	-17.0352	-0.0380952
0.3	-44.4029	-0.0380952
0.3	-11.5116	-0.0380952
0.3	-16.0086	-0.0380952
0.3	66.1004	-0.0380952
0.3	-114.811	-0.0380952
0.3	-162.517	-0.0380952
0.3	48.4012	-0.0380952
0.3	-112.287	-0.0380952
0.3	-164.19	-0.0380952
0.3	-120.555	-0.0380952
0.3	78.8719	-0.0380952
0.3	-156.393	-0.0380952
0.3	74.2067	-0.0380952
0.3	-164.571	-0.0380952
0.3	-91.9366	-0.0380952
0.3	114.798	-0.0380952
0.3	52.6309	-0.0380952
0.3	23.7618	-0.0380952
0.3	92.5157	-0.0380952
0.3	-13.179	-0.0380952
0.3	76.2606	-0.0380952
0.3	-135.098	-0.0380952
0.3	-109.701	-0.0380952
0.3	44.1234	-0.0380952
0.3	169.676	-0.0380952
0.3	4.81047	-0.0380952
0.3	-57.5153	-0.0380952
0.3	-81.4575	-0.0380952
0.3	-115.014	-0.0380952
0.3	-148.307	-0.0380952
0.3	-5.03952	-0.0380952
0.3	115.03	-0.0380952
0.3	-152.41	-0.0380952
0.3	59.6829	-0.0380952
0.3	89.0034	-0.0380952
0.3	60.9685	-0.0380952
0.3	161.609	-0.0380952
0.3	-149.471	-0.0380952
0.3	-130.171	-0.0380952
0.3	-62.8917	-0.0380952
0.3	-159.399	-0.0380952
0.3	8.986	-0.0380952
0.3	127.309	-0.0380952
0.3	101.155	-0.0380952
0.3	-110.675	-0.0380952
0.3	-147.414	-0.0380952
0.3	113.03	-0.0380952
0.3	42.4411	-0.0380952
0.3	-61.4714	-0.0380952
0.3	-13.6465	-0.0380952
0.3	89.3999	-0.0380952
0.3	-69.781	-0.0380952
0.3	68.5886	-0.0380952
0.3	-20.2353	-0.0380952
0.3	-122.011	-0.0380952
0.3	-159.624	-0.0380952
0.3	-173.226	-0.0380952
0.3	133.33	-0.0380952
0.3	-47.4574	-0.0380952
0.3	142.887	-0.0380952
0.3	10.6736	-0.0380952
0.3	63.6996	-0.0380952
0.3	-64.0902	-0.0380952
0.3	44.3155	-0.0380952
0.3	-44.4323	-0.0380952
0.3	-66.7383	-0.0380952
0.3	110.269	-0.0380952
0.3	-11.4044	-0.0380952
0.3	148.35	-0.0380952
0.3	-82.0825	-0.0380952
0.3	175.865	-0.0380952
0.3	154.939	-0.0380952
0.3	-122.504	-0.0380952
0.3	22.2966	-0.0380952
0.3	133.128	-0.0380952
0.3	-87.33	-0.0380952
0.3	-105.15	-0.0380952
0.3	-157.305	-0.0380952
0.3	39.4066	-0.0380952
0.3	124.041	-0.0380952
0.3	55.8455	-0.0380952
0.3	81.7719	-0.0380952
0.3	175.392	-0.0380952
0.3	98.0314	-0.0380952
0.3	129.476	-0.0380952
0.3	-153.883	-0.0380952
0.3	-63.3463	-0.0380952
0.3	42.5269	-0.0380952
0.3	37.6434	-0.0380952
0.3	49.693	-0.0380952
0.3	-142.485	-0.0380952
0.3	16.0607	-0.0380952
0.3	45.9778	-0.0380952
0.3	-39.3219	-0.0380952
0.3	142.072	-0.0380952
0.3	-36.5275	-0.0380952
0.3	-160.69	-0.0380952
0.3	-146.17	-0.0380952
0.3	-39.894	-0.0380952
0.3	109.526	-0.0380952
0.3	-80.3539	-0.0380952
0.3	108.731	-0.0380952
0.3	-31.8691	-0.0380952
0.3	75.271	-0.0380952
0.3	77.6484	-0.0380952
0.3	-79.9785	-0.0380952
0.3	-1.75552	-0.0380952
0.3	60.93	-0.0380952
0.3	-17.1038	-0.0380952
0.3	24.1178	-0.0380952
0.3	36.4602	-0.0380952
0.3	-116.995	-0.0380952
0.3	-64.0333	-0.0380952
0.3	3.16278	-0.0380952
0.3	-167.816	-0.0380952
0.3	87.8344	-0.0380952
0.3	26.9368	-0.0380952
0.3	25.5494	-0.0380952
0.3	26.3202	-0.0380952
0.3	128.973	-0.0380952
0.3	-51.8876	-0.0380952
0.3	-86.019	-0.0380952
0.3	-93.3475	-0.0380952
0.3	106.69	-0.0380952
0.3	155.926	-0.0380952
0.3	-17.3782	-0.0380952
0.3	35.4787	-0.0380952
0.3	49.8282	-0.0380952
0.3	-162.965	-0.0380952
0.3	110.982	-0.0380952
0.3	-37.447	-0.0380952
0.3	129.073	-0.0380952
0.3	94.1439	-0.0380952
0.3	-156.646	-0.0380952
0.3	22.431	-0.0380952
0.3	134.766	-0.0380952
0.3	-131.444	-0.0380952
0.3	104.591	-0.0380952
0.3	-71.8906	-0.0380952
0.3	37.4248	-0.0380952
0.3	-37.4764	-0.0380952
0.3	102.878	-0.0380952
0.3	-57.933	-0.0380952
0.3	110.122	-0.0380952
0.3	-0.47607	-0.0380952
0.3	113.422	-0.0380952
0.3	155.34	-0.0380952
0.3	-18.0574	-0.0380952
0.3	7.88683	-0.0380952
0.3	179.592	-0.0380952
0.3	-163.153	-0.0380952
0.3	-137.9	-0.0380952
0.3	-146.488	-0.0380952
0.3	-42.8609	-0.0380952
0.3	15.5001	-0.0380952
0.3	133.292	-0.0380952
0.3	41.0534	-0.0380952
0.3	-111.41	-0.0380952
0.3	-34.8134	-0.0380952
0.3	-109.963	-0.0380952
0.3	171.888	-0.0380952
0.3	-85.9552	-0.0380952
0.3	-158.446	-0.0380952
0.3	47.4094	-0.0380952
0.3	43.5905	-0.0380952
0.3	2.42683	-0.0380952
0.3	-156.657	-0.0380952
0.3	135.789	-0.0380952
0.3	-17.6926	-0.0380952
0.3	9.51565	-0.0380952
0.3	51.5806	-0.0380952
0.3	36.3063	-0.0380952
0.3	60.13	-0.0380952
0.3	173.277	-0.0380952
0.3	2.00808	-0.0380952
-0.25	164.937	1
-0.25	163.762	1
-0.25	45.1371	1
-0.25	142.215	1
-0.25	-126.884	1
-0.25	9.60075	1
-0.25	139.112	1
-0.25	-26.0638	1
-0.25	-132.737	1
-0.25	143.148	1
-0.25	130.212	1
-0.25	45.0651	1
-0.25	-147.297	1
-0.25	161.929	1
-0.25	105.916	1
-0.25	-69.096	1
-0.25	-76.2205	1
-0.25	51.0958	1
-0.25	-145.048	1
-0.25	16.3889	1
-0.25	85.1437	1
-0.25	-148.662	1
-0.25	-103.876	1
-0.25	-1.15428	1
-0.25	-129.922	1
-0.25	-62.6712	1
-0.25	17.2959	1
-0.25	121.481	1
-0.25	-145.623	1
-0.25	107.866	1
-0.25	83.7137	1
-0.25	-93.4123	1
-0.25	176.436	1
-0.25	-48.9764	1
-0.25	60.5931	1
-0.25	-100.239	1
-0.25	-142.839	1
-0.25	-130.449	1
-0.25	18.0556	1
-0.25	64.5604	1
-0.25	48.0455	1
-0.25	-2.42425	1
-0.25	41.2994	1
-0.25	-61.414	1
-0.25	-128.804	1
-0.25	-64.6097	1
-0.25	-4.72229	1
-0.25	-40.0843	1
-0.25	-91.3523	1
-0.25	77.5202	1
-0.25	-41.374	1
-0.25	92.093	1
-0.25	74.7759	1
-0.25	-120.807	1
-0.25	-0.0482878	1
-0.25	-30.6591	1
-0.25	-28.5744	1
-0.25	87.1543	1
-0.25	-13.2811	1
-0.25	-154.07	1
-0.25	43.9636	1
-0.25	8.98479	1
-0.25	-133.409	1
-0.25	-88.5826	1
-0.25	-150.009	1
-0.25	-64.3636	1
-0.25	-75.5698	1
-0.25	-88.6691	1
-0.25	2.60015	1
-0.25	102.977	1
-0.25	178.323	1
-0.25	107.45	1
-0.25	39.7004	1
-0.25	-155.641	1
-0.25	7.67563	1
-0.25	58.8126	1
-0.25	-7.92588	1
-0.25	13.1466	1
-0.25	54.9095	1
-0.25	6.35641	1
-0.25	-170.937	1
-0.25	23.3854	1
-0.25	-117.039	1
-0.25	64.9541	1
-0.25	-147.865	1
-0.25	-90.4696	1
-0.25	-6.51053	1
-0.25	11.0003	1
-0.25	-119.028	1
-0.25	-137.983	1
-0.25	90.7733	1
-0.25	-103.295	1
-0.25	135.183	1
-0.25	137.658	1
-0.25	56.2081	1
-0.25	-92.1553	1
-0.25	132.381	1
-0.25	56.7627	1
-0.25	151.805	1
-0.25	120.141	1
-0.25	-156.938	1
-0.25	-83.3627	1
-0.25	163.947	1
-0.25	-94.112	1
-0.25	70.2356	1
-0.25	-179.344	1
-0.25	-67.0902	1
-0.25	-127.973	1
-0.25	15.9173	1
-0.25	29.804	1
-0.25	-81.9933	1
-0.25	-84.8081	1
-0.25	-9.54106	1
-0.25	-118.92	1
-0.25	79.798	1
-0.25	-98.8994	1
-0.25	89.4798	1
-0.25	-4.04571	-0.0380952
-0.25	158.855	-0.0380952
-0.25	-91.1878	-0.0380952
-0.25	128.989	-0.0380952
-0.25	138.191	-0.0380952
-0.25	62.4206	-0.0380952
-0.25	-44.7113	-0.0380952
-0.25	-158.416	-0.0380952
-0.25	-118.285	-0.0380952
-0.25	151.8	-0.0380952
-0.25	-24.2255	-0.0380952
-0.25	-84.7133	-0.0380952
-0.25	16.2516	-0.0380952
-0.25	85.0431	-0.0380952
-0.25	-136.614	-0.0380952
-0.25	-87.9125	-0.0380952
-0.25	-21.6028	-0.0380952
-0.25	12.3824	-0.0380952
-0.25	23.6262	-0.0380952
-0.25	76.8025	-0.0380952
-0.25	-93.2943	-0.0380952
-0.25	158.1	-0.0380952
-0.25	-4.39126	-0.0380952
-0.25	-85.5292	-0.0380952
-0.25	76.6595	-0.0380952
-0.25	-179.215	-0.0380952
-0.25	79.3177	-0.0380952
-0.25	26.1639	-0.0380952
-0.25	-147.784	-0.0380952
-0.25	3.90032	-0.0380952
-0.25	-49.0547	-0.0380952
-0.25	-143.471	-0.0380952
-0.25	-95.1465	-0.0380952
-0.25	29.7803	-0.0380952
-0.25	127.373	-0.0380952
-0.25	-69.7885	-0.0380952
-0.25	-6.92179	-0.0380952
-0.25	-87.4829	-0.0380952
-0.25	116.165	-0.0380952
-0.25	-160.009	-0.0380952
-0.25	-156.303	-0.0380952
-0.25	1.5644	-0.0380952
-0.25	27.3725	-0.0380952
-0.25	84.6041	-0.0380952
-0.25	160.368	-0.0380952
-0.25	-123.293	-0.0380952
-0.25	125.615	-0.0380952
-0.25	-173.746	-0.0380952
-0.25	88.7276	-0.0380952
-0.25	165.984	-0.0380952
-0.25	-172.661	-0.0380952
-0.25	13.4783	-0.0380952
-0.25	-71.1764	-0.0380952
-0.25	154.882	-0.0380952
-0.25	157.773	-0.0380952
-0.25	163.957	-0.0380952
-0.25	-177.41	-0.0380952
-0.25	-96.2424	-0.0380952
-0.25	118.727	-0.0380952
-0.25	45.6874	-0.0380952
-0.25	-42.7686	-0.0380952
-0.25	-90.7293	-0.0380952
-0.25	86.8657	-0.0380952
-0.25	-159.117	-0.0380952
-0.25	17.8956	-0.0380952
-0.25	-52.8211	-0.0380952
-0.25	-104.82	-0.0380952
-0.25	169.453	-0.0380952
-0.25	-126.642	-0.0380952
-0.25	-76.0978	-0.0380952
-0.25	80.8038	-0.0380952
-0.25	171.568	-0.0380952
-0.25	-161.385	-0.0380952
-0.25	122.851	-0.0380952
-0.25	164.039	-0.0380952
-0.25	-121.608	-0.0380952
-0.25	-85.0829	-0.0380952
-0.25	-16.0783	-0.0380952
-0.25	-35.7721	-0.0380952
-0.25	103.509	-0.0380952
-0.25	95.864	-0.0380952
-0.25	-18.2457	-0.0380952
-0.25	-60.4575	-0.0380952
-0.25	-31.1929	-0.0380952
-0.25	-171.093	-0.0380952
-0.25	-177.036	-0.0380952
-0.25	-100.502	-0.0380952
-0.25	-69.1804	-0.0380952
-0.25	-19.0751	-0.0380952
-0.25	-38.5133	-0.0380952
-0.25	73.1336	-0.0380952
-0.25	-80.2554	-0.0380952
-0.25	4.55111	-0.0380952
-0.25	96.0339	-0.0380952
-0.25	26.0061	-0.0380952
-0.25	105.167	-0.0380952
-0.25	-127.021	-0.0380952
-0.25	-110.583	-0.0380952
-0.25	149.878	-0.0380952
-0.25	-16.0344	-0.0380952
-0.25	-11.5209	-0.0380952
-0.25	158.889	-0.0380952
-0.25	-0.87534	-0.0380952
-0.25	75.3325	-0.0380952
-0.25	-9.14307	-0.0380952
-0.25	141.601	-0.0380952
-0.25	133.775	-0.0380952
-0.25	-70.7676	-0.0380952
-0.25	-41.8172	-0.0380952
-0.25	140.208	-0.0380952
-0.25	-97.2046	-0.0380952
-0.25	-168.522	-0.0380952
-0.25	56.5601	-0.0380952
-0.25	-108.499	-0.0380952
-0.25	155.409	-0.0380952
-0.25	78.3611	-0.0380952
-0.25	143.619	-0.0380952
-0.25	177.209	-0.0380952
-0.25	-50.9641	-0.0380952
-0.25	-147.549	-0.0380952
-0.25	-10.4155	-0.0380952
-0.25	128.563	-0.0380952
-0.25	-159.401	-0.0380952
-0.25	90.2768	-0.0380952
-0.25	50.8547	-0.0380952
-0.25	15.0792	-0.0380952
-0.25	94.7129	-0.0380952
-0.25	125.766	-0.0380952
-0.25	-43.8194	-0.0380952
-0.25	-20.436	-0.0380952
-0.25	152.031	-0.0380952
-0.25	61.5553	-0.0380952
-0.25	99.1435	-0.0380952
-0.25	-28.0013	-0.0380952
-0.25	-171.726	-0.0380952
-0.25	-169.589	-0.0380952
-0.25	-164.758	-0.0380952
-0.25	19.2192	-0.0380952
-0.25	-21.1286	-0.0380952
-0.25	85.1192	-0.0380952
-0.25	92.7699	-0.0380952
-0.25	-34.2843	-0.0380952
-0.25	-108.404	-0.0380952
-0.25	38.8271	-0.0380952
-0.25	61.2531	-0.0380952
-0.25	-15.7977	-0.0380952
-0.25	-120.685	-0.0380952
-0.25	0.464992	-0.0380952
-0.25	-37.5198	-0.0380952
-0.25	-19.4154	-0.0380952
-0.25	95.9217	-0.0380952
-0.25	46.3596	-0.0380952
-0.25	166.074	-0.0380952
-0.25	-3.71088	-0.0380952
-0.25	-2.87827	-0.0380952
0.3	156.523	1
0.3	-77.985	1
0.3	173.158	1
0.3	110.766	1
0.3	132.722	1
0.3	95.7757	1
0.3	50.2293	1
0.3	-126.398	1
0.3	-71.614	1
0.3	172.198	1
0.3	-67.272	1
0.3	-84.3721	1
0.3	150.442	1
0.3	177.996	1
0.3	102.522	1
0.3	131.642	1
0.3	-129.071	1
0.3	40.4299	1
0.3	24.4537	1
0.3	-162.971	1
0.3	134.955	1
0.3	0.424842	1
0.3	-161.816	1
0.3	-124.908	1
0.3	81.3807	1
0.3	-32.0357	1
0.3	149.126	1
0.3	-132.801	1
0.3	-115.951	1
0.3	-9.41399	1
0.3	5.76556	1
0.3	-118.328	1
0.3	-65.0609	1
0.3	-49.4097	1
0.3	89.0368	1
0.3	-82.6465	1
0.3	47.4868	1
0.3	100.78	1
0.3	-52.0736	1
0.3	-54.4124	1
0.3	-174.663	1
0.3	84.8086	1
0.3	-155.473	1
0.3	-74.6888	1
0.3	-168.956	1
0.3	119.111	1
0.3	-52.8547	1
0.3	11.9426	1
0.3	-126.263	1
0.3	-147.703	1
0.3	159.815	1
0.3	-29.2298	1
0.3	-28.2822	1
0.3	15.091	1
0.3	-174.51	1
0.3	-23.2016	1
0.3	134.351	1
0.3	16.5396	1
0.3	149.353	1
0.3	79.9937	1
0.3	84.7315	1
0.3	43.1714	1
0.3	-12.2388	1
0.3	-50.4434	1
0.3	124.919	1
0.3	171.151	1
0.3	71.3809	1
0.3	44.6232	1
0.3	94.7817	1
0.3	162.173	1
0.3	3.44696	1
0.3	74.1359	1
0.3	-146.042	1
0.3	156.702	1
0.3	126.928	1
0.3	-101.129	1
0.3	-102.834	1
0.3	-160.055	1
0.3	101.815	1
0.3	153.867	1
0.3	80.9496	1
0.3	82.1043	1
0.3	-158.81	1
0.3	88.2608	1
0.3	127.288	1
0.3	4.53205	1
0.3	-99.723	1
0.3	-176.158	1
0.3	-123.454	1
0.3	-171.685	1
0.3	46.3696	1
0.3	-156.744	1
0.3	-174.36	1
0.3	18.3997	1
0.3	166.979	1
0.3	127.215	1
0.3	-61.1828	1
0.3	67.3835	1
0.3	164.393	1
0.3	138.968	1
0.3	-97.1772	1
0.3	9.63113	1
0.3	137.591	1
0.3	90.2069	1
0.3	-62.8024	1
0.3	-68.3278	1
0.3	28.6897	1
0.3	108.956	1
0.3	-136.053	1
0.3	-38.1807	1
0.3	-79.9347	1
0.3	146.808	1
0.3	115.321	1
0.3	84.3133	1
0.3	-7.18785	1
0.3	36.246	1
0.3	-171.983	1
0.3	43.8365	1
0.3	-53.7096	1
0.3	174.496	1
0.3	170.842	1
0.3	-89.7157	1
0.3	-66.6795	1
0.3	156.852	1
0.3	-67.9562	1
0.3	15.9311	1
0.3	-118.371	1
0.3	105.96	1
0.3	46.5388	1
0.3	-168.996	1
0.3	-144.607	1
0.3	146.065	1
0.3	105.986	1
0.3	133.065	1
0.3	49.9793	1
0.3	-59.1647	1
0.3	152.617	1
0.3	-15.5545	1
0.3	-168.192	1
0.3	-135.698	1
0.3	102.85	1
0.3	150.319	1
0.3	-111.003	1
0.3	126.744	1
0.3	-104.995	-0.0190476
0.3	81.1613	-0.0190476
0.3	-68.8975	-0.0190476
0.3	-66.8945	-0.0190476
0.3	-157.672	-0.0190476
0.3	-91.4552	-0.0190476
0.3	59.5989	-0.0190476
0.3	100.47	-0.0190476
0.3	-166.259	-0.0190476
0.3	-22.4017	-0.0190476
0.3	128.701	-0.0190476
0.3	-99.1478	-0.0190476
0.3	30.7583	-0.0190476
0.3	-120.956	-0.0190476
0.3	-31.7391	-0.0190476
0.3	-175.089	-0.0190476
0.3	14.3433	-0.0190476
0.3	-102.221	-0.0190476
0.3	41.1403	-0.0190476
0.3	165.683	-0.0190476
0.3	95.9729	-0.0190476
0.3	-52.0291	-0.0190476
0.3	-111.881	-0.0190476
0.3	73.9489	-0.0190476
0.3	-115.885	-0.0190476
0.3	57.2619	-0.0190476
0.3	-120.093	-0.0190476
0.3	86.4552	-0.0190476
0.3	-51.7631	-0.0190476
0.3	-115.216	-0.0190476
0.3	-2.50818	-0.0190476
0.3	-171.752	-0.0190476
0.3	74.869	-0.0190476
0.3	-97.9844	-0.0190476
0.3	-100.86	-0.0190476
0.3	-139.589	-0.0190476
0.3	130.158	-0.0190476
0.3	86.1724	-0.0190476
0.3	161.467	-0.0190476
0.3	-69.3095	-0.0190476
0.3	-179.905	-0.0190476
0.3	161.575	-0.0190476
0.3	-101.686	-0.0190476
0.3	101.37	-0.0190476
0.3	-98.5931	-0.0190476
0.3	-123.617	-0.0190476
0.3	-169.348	-0.0190476
0.3	14.2369	-0.0190476
0.3	22.5291	-0.0190476
0.3	12.4039	-0.0190476
0.3	-174.775	-0.0190476
0.3	-152.783	-0.0190476
0.3	1.28047	-0.0190476
0.3	88.2843	-0.0190476
0.3	178.26	-0.0190476
0.3	-75.5015	-0.0190476
0.3	5.05177	-0.0190476
0.3	-37.6775	-0.0190476
0.3	146.104	-0.0190476
0.3	162.47	-0.0190476
0.3	-1.04335	-0.0190476
0.3	-120.952	-0.0190476
0.3	-25.8207	-0.0190476
0.3	98.6741	-0.0190476
0.3	125.388	-0.0190476
0.3	-1.85232	-0.0190476
0.3	81.8103	-0.0190476
0.3	125.439	-0.0190476
0.3	132.525	-0.0190476
0.3	-136.29	-0.0190476
0.3	123.569	-0.0190476
0.3	50.3687	-0.0190476
0.3	50.116	-0.0190476
0.3	-59.0919	-0.0190476
0.3	111.771	-0.0190476
0.3	-128.608	-0.0190476
0.3	-21.5859	-0.0190476
0.3	74.4209	-0.0190476
0.3	-14.3604	-0.0190476
0.3	65.526	-0.0190476
0.3	-5.08	-0.0190476
0.3	145.515	-0.0190476
0.3	152.732	-0.0190476
0.3	-111.658	-0.0190476
0.3	150.982	-0.0190476
0.3	-165.418	-0.0190476
0.3	71.0351	-0.0190476
0.3	89.4265	-0.0190476
0.3	59.4346	-0.0190476
0.3	-144.41	-0.0190476
0.3	84.9234	-0.0190476
0.3	-156.37	-0.0190476
0.3	161.77	-0.0190476
0.3	-138.797	-0.0190476
0.3	39.0697	-0.0190476
0.3	-63.9713	-0.0190476
0.3	-153.254	-0.0190476
0.3	-52.7983	-0.0190476
0.3	-4.6299	-0.0190476
0.3	-38.1753	-0.0190476
0.3	-154.038	-0.0190476
0.3	91.3621	-0.0190476
0.3	171.757	-0.0190476
0.3	10.6085	-0.0190476
0.3	53.8501	-0.0190476
0.3	-150.282	-0.0190476
0.3	-159.946	-0.0190476
0.3	-178.674	-0.0190476
0.3	-73.2183	-0.0190476
0.3	-8.70709	-0.0190476
0.3	-8.80179	-0.0190476
0.3	51.0991	-0.0190476
0.3	84.6998	-0.0190476
0.3	106.701	-0.0190476
0.3	-55.0655	-0.0190476
0.3	177.171	-0.0190476
0.3	-81.9314	-0.0190476
0.3	-101.598	-0.0190476
0.3	76.1869	-0.0190476
0.3	152.537	-0.0190476
0.3	-133.078	-0.0190476
0.3	-35.8718	-0.0190476
0.3	16.0688	-0.0190476
0.3	-28.722	-0.0190476
0.3	83.581	-0.0190476
0.3	110.545	-0.0190476
0.3	-64.6983	-0.0190476
0.3	-132.2	-0.0190476
0.3	-166.156	-0.0190476
0.3	-58.5724	-0.0190476
0.3	72.4511	-0.0190476
0.3	131.542	-0.0190476
0.3	-140.572	-0.0190476
0.3	-131.812	-0.0190476
0.3	-154.891	-0.0190476
0.3	-46.5798	-0.0190476
0.3	-139.226	-0.0190476
0.3	-52.9496	-0.0190476
0.3	-141.827	-0.0190476
0.3	100.733	-0.0190476
0.3	-67.2985	-0.0190476
0.3	-178.204	-0.0190476
0.3	106.168	-0.0190476
0.3	65.478	-0.0190476
0.3	-91.4965	-0.0190476
0.3	8.01711	-0.0190476
0.3	99.8978	-0.0190476
0.3	-90.6985	-0.0190476
0.3	-3.29346	-0.0190476
0.3	167.107	-0.0190476
0.3	64.1714	-0.0190476
0.3	3.90492	-0.0190476
0.3	-0.923478	-0.0190476
0.3	-61.3071	-0.0190476
0.3	18.6069	-0.0190476
0.3	105.524	-0.0190476
0.3	-131.537	-0.0190476
0.3	-112.579	-0.0190476
0.3	163.517	-0.0190476
0.3	-29.3127	-0.0190476
0.3	27.9377	-0.0190476
0.3	-150.099	-0.0190476
0.3	-138.095	-0.0190476
0.3	157.984	-0.0190476
0.3	-22.4459	-0.0190476
0.3	35.0905	-0.0190476
0.3	-11.6356	-0.0190476
0.3	50.1541	-0.0190476
0.3	-93.3328	-0.0190476
0.3	15.5851	-0.0190476
0.3	-120.315	-0.0190476
0.3	-138.768	-0.0190476
0.3	-48.7804	-0.0190476
0.3	130.676	-0.0190476
0.3	177.902	-0.0190476
0.3	-34.9955	-0.0190476
0.3	13.7845	-0.0190476
0.3	31.8912	-0.0190476
0.3	3.73462	-0.0190476
0.3	-165.365	-0.0190476
0.3	62.527	-0.0190476
0.3	-54.8215	-0.0190476
0.3	173.897	-0.0190476
0.3	176.616	-0.0190476
0.3	46.7013	-0.0190476
0.3	82.528	-0.0190476
0.3	70.4739	-0.0190476
0.3	172.907	-0.0190476
0.3	-78.1393	-0.0190476
0.3	76.3129	-0.0190476
0.3	-58.0566	-0.0190476
0.3	-143.786	-0.0190476
0.3	88.0026	-0.0190476
0.3	135.324	-0.0190476
0.3	96.3632	-0.0190476
0.3	-153.726	-0.0190476
0.3	123.939	-0.0190476
0.3	-0.444996	-0.0190476
0.3	52.2335	-0.0190476
0.3	143.082	-0.0190476
0.3	76.3121	-0.0190476
0.3	71.3906	-0.0190476
0.3	173.041	-0.0190476
0.3	50.3877	-0.0190476
0.3	171.728	-0.0190476
0.3	13.0533	-0.0190476
0.3	-115.166	-0.0190476
0.3	51.9837	-0.0190476
0.3	15.6404	-0.0190476
0.3	84.1477	-0.0190476
0.3	113.956	-0.0190476
0.3	38.2014	-0.0190476
0.3	-37.6318	-0.0190476
0.3	-105.453	-0.0190476
0.3	75.1872	-0.0190476
0.3	-26.8188	-0.0190476
0.3	40.5155	-0.0190476
0.3	-50.8895	-0.0190476
0.3	-88.5779	-0.0190476
0.3	101.034	-0.0190476
0.3	-48.079	-0.0190476
0.3	65.0685	-0.0190476
0.3	-131.583	-0.0190476
0.3	-106.894	-0.0190476
0.3	-17.3943	-0.0190476
0.3	68.0969	-0.0190476
0.3	155.647	-0.0190476
0.3	114.134	-0.0190476
0.3	29.1302	-0.0190476
0.3	-21.8349	-0.0190476
0.3	170.231	-0.0190476
0.3	-66.0786	-0.0190476
0.3	-155.167	-0.0190476
0.3	-133	-0.0190476
0.3	-34.0646	-0.0190476
0.3	64.0732	-0.0190476
0.3	-162.2	-0.0190476
0.3	-68.5426	-0.0190476
0.3	-27.7007	-0.0190476
0.3	-144.216	-0.0190476
0.3	62.9093	-0.0190476
0.3	-35.4123	-0.0190476
0.3	156.893	-0.0190476
0.3	-117.379	-0.0190476
0.3	6.61491	-0.0190476
0.3	13.5017	-0.0190476
0.3	-63.1491	-0.0190476
0.3	85.1199	-0.0190476
0.3	27.6867	-0.0190476
0.3	-105.675	-0.0190476
0.3	123.027	-0.0190476
0.3	69.0134	-0.0190476
0.3	-142.698	-0.0190476
0.3	136.524	-0.0190476
0.3	-165.674	-0.0190476
0.3	-177.184	-0.0190476
0.3	-44.073	-0.0190476
0.3	-22.4471	-0.0190476
0.3	-32.2844	-0.0190476
0.3	161.42	-0.0190476
0.3	20.313	-0.0190476
0.3	104.67	-0.0190476
0.3	-47.8336	-0.0190476
0.3	-8.23862	-0.0190476
0.3	97.8168	-0.0190476
0.3	26.1443	-0.0190476
0.3	20.2812	-0.0190476
0.3	-113.172	-0.0190476
0.3	-137.89	-0.0190476
0.3	-54.6029	-0.0190476
0.3	-94.2005	-0.0190476
0.3	-14.2401	-0.0190476
0.3	-141.447	-0.0190476
0.3	46.0985	-0.0190476
0.3	38.1798	-0.0190476
0.3	-25.3388	-0.0190476
0.3	141.077	-0.0190476
0.3	-38.624	-0.0190476
0.3	51.8237	-0.0190476
0.3	-152.542	-0.0190476
0.3	176.269	-0.0190476
0.3	-37.6934	-0.0190476
0.3	46.3701	-0.0190476
0.3	-29.9339	-0.0190476
0.3	-143.151	-0.0190476
0.3	-30.9197	-0.0190476
0.3	13.5287	-0.0190476
0.3	179.811	-0.0190476
0.3	-153.574	-0.0190476
0.3	-74.7775	-0.0190476
0.3	-42.1182	-0.0190476
0.3	-113.764	-0.0190476
0.3	88.4676	-0.0190476
0.3	-2.5258	-0.0190476
0.3	-116.567	-0.0190476
0.3	-13.8706	-0.0190476
0.3	71.0722	-0.0190476
0.3	-64.0567	-0.0190476
0.3	22.2038	-0.0190476
0.3	-78.8272	-0.0190476
0.3	-119.573	-0.0190476
0.3	-176.927	-0.0190476
0.3	-21.5011	-0.0190476
0.3	28.4389	-0.0190476
0.3	177.153	-0.0190476
0.3	110.107	-0.0190476
0.3	136.669	-0.0190476
0.3	130.973	-0.0190476
0.3	126.917	-0.0190476
0.3	-64.1598	-0.0190476
0.3	-48.9595	-0.0190476
0.3	162.266	-0.0190476
0.3	-117.231	-0.0190476
0.3	163.155	-0.0190476
0.3	97.8327	-0.0190476
0.3	-138.861	-0.0190476
0.3	5.4459	-0.0190476
0.3	61.3127	-0.0190476
0.3	-111.605	-0.0190476
0.3	148.654	-0.0190476
0.3	152.731	-0.0190476
0.3	-13.6126	-0.0190476
0.3	-115.454	-0.0190476
0.3	137.501	-0.0190476
0.3	94.7431	-0.0190476
0.3	-43.3647	-0.0190476
0.3	128.647	-0.0190476
0.3	-139.432	-0.0190476
0.3	15.0829	-0.0190476
0.3	-21.9283	-0.0190476
0.3	141.605	-0.0190476
0.3	10.2804	-0.0190476
0.3	-133.751	-0.0190476
0.3	66.0352	-0.0190476
0.3	59.0727	-0.0190476
0.3	52.9597	-0.0190476
0.3	-112.654	-0.0190476
0.3	-32.6615	-0.0190476
0.3	-19.7955	-0.0190476
0.3	-154.338	-0.0190476
0.3	-19.6656	-0.0190476
0.3	-11.1162	-0.0190476
0.3	68.3747	-0.0190476
0.3	-60.0068	-0.0190476
0.3	-79.0039	-0.0190476
0.3	132.496	-0.0190476
0.3	38.1213	-0.0190476
0.3	144.566	-0.0190476
0.3	129.777	-0.0190476
0.3	155.665	-0.0190476
0.3	-60.6292	-0.0190476
0.3	-126.904	-0.0190476
0.3	17.9774	-0.0190476
0.3	75.572	-0.0190476
0.3	-111.182	-0.0190476
0.3	-49.6235	-0.0190476
0.3	-143.558	-0.0190476
0.3	44.0288	-0.0190476
0.3	2.41283	-0.0190476
0.3	-169.527	-0.0190476
0.3	-3.66607	-0.0190476
0.3	59.4761	-0.0190476
0.3	-12.8422	-0.0190476
0.3	74.3175	-0.0190476
0.3	-62.3595	-0.0190476
0.3	-62.8156	-0.0190476
0.3	-47.4191	-0.0190476
0.3	-101.386	-0.0190476
0.3	46.641	-0.0190476
0.3	-72.8222	-0.0190476
0.3	130.603	-0.0190476
0.3	146.7	-0.0190476
0.3	-94.2788	-0.0190476
0.3	61.7721	-0.0190476
0.3	-169.846	-0.0190476
0.3	119.941	-0.0190476
0.3	126.145	-0.0190476
0.3	-45.1587	-0.0190476
0.3	68.9122	-0.0190476
-0.25	153.194	1
-0.25	73.4249	1
-0.25	-68.2698	1
-0.25	105.662	1
-0.25	-82.5082	1
-0.25	55.528	1
-0.25	-49.2004	1
-0.25	47.0033	1
-0.25	-169.037	1
-0.25	-62.2093	1
-0.25	38.694	1
-0.25	14.919	1
-0.25	-109.68	1
-0.25	-90.3533	1
-0.25	59.9177	1
-0.25	-67.2144	1
-0.25	-49.0212	1
-0.25	-48.5867	1
-0.25	172.72	1
-0.25	65.9603	1
-0.25	133.205	1
-0.25	89.1689	1
-0.25	27.7163	1
-0.25	54.3731	1
-0.25	124.422	1
-0.25	-155.499	1
-0.25	-34.4064	1
-0.25	-7.77936	1
-0.25	132.281	1
-0.25	79.2407	1
-0.25	3.20172	1
-0.25	-73.801	1
-0.25	-126.902	1
-0.25	-144.048	1
-0.25	28.8509	1
-0.25	-105.539	1
-0.25	46.063	1
-0.25	51.1622	1
-0.25	-91.5184	1
-0.25	75.9959	1
-0.25	38.6158	1
-0.25	67.9755	1
-0.25	-72.0395	1
-0.25	92.1243	1
-0.25	-78.813	1
-0.25	68.4264	1
-0.25	-141.014	1
-0.25	-109.437	1
-0.25	-149.18	1
-0.25	-142.958	1
-0.25	-142.955	1
-0.25	89.4771	1
-0.25	-155.309	1
-0.25	28.8177	1
-0.25	149.282	1
-0.25	-123.993	1
-0.25	63.9297	1
-0.25	-160.941	1
-0.25	140.268	1
-0.25	-93.8144	1
-0.25	156.549	1
-0.25	-80.0373	1
-0.25	-165.782	1
-0.25	-127.014	1
-0.25	163.736	1
-0.25	34.9199	1
-0.25	-168.564	1
-0.25	39.4325	1
-0.25	-124.153	1
-0.25	-171.472	1
-0.25	122.667	1
-0.25	144.402	1
-0.25	-23.0085	1
-0.25	-146.882	1
-0.25	143.781	1
-0.25	-157.212	1
-0.25	80.2351	1
-0.25	64.8227	1
-0.25	38.5894	1
-0.25	-172.653	1
-0.25	130.584	1
-0.25	-136.681	1
-0.25	-28.0764	1
-0.25	-15.1483	1
-0.25	60.4153	1
-0.25	-64.3205	1
-0.25	-7.72797	1
-0.25	-162.332	1
-0.25	-43.2442	1
-0.25	35.4588	1
-0.25	-130.693	1
-0.25	-54.2405	1
-0.25	173.434	1
-0.25	-143.024	1
-0.25	110.047	1
-0.25	169.627	1
-0.25	77.8592	1
-0.25	173.692	1
-0.25	-123.407	1
-0.25	-116.631	1
-0.25	-69.4396	1
-0.25	141.111	1
-0.25	-14.1607	1
-0.25	133.648	1
-0.25	-153.102	1
-0.25	71.6481	1
-0.25	-67.0937	1
-0.25	-155.269	1
-0.25	141.836	1
-0.25	-57.5771	1
-0.25	89.7486	1
-0.25	129.495	1
-0.25	167.15	1
-0.25	119	1
-0.25	-147.002	1
-0.25	5.6611	1
-0.25	20.5633	1
-0.25	-26.3717	-0.0190476
-0.25	85.3629	-0.0190476
-0.25	170.379	-0.0190476
-0.25	103.26	-0.0190476
-0.25	146.139	-0.0190476
-0.25	-43.0982	-0.0190476
-0.25	-175.071	-0.0190476
-0.25	-97.9209	-0.0190476
-0.25	1.52194	-0.0190476
-0.25	-57.5307	-0.0190476
-0.25	74.4921	-0.0190476
-0.25	147.4	-0.0190476
-0.25	127.109	-0.0190476
-0.25	-33.9524	-0.0190476
-0.25	108.708	-0.0190476
-0.25	-139.213	-0.0190476
-0.25	125.841	-0.0190476
-0.25	83.3194	-0.0190476
-0.25	-37.3535	-0.0190476
-0.25	-110.45	-0.0190476
-0.25	123	-0.0190476
-0.25	174.084	-0.0190476
-0.25	10.4311	-0.0190476
-0.25	38.6734	-0.0190476
-0.25	-45.5214	-0.0190476
-0.25	157.501	-0.0190476
-0.25	-48.1588	-0.0190476
-0.25	99.8992	-0.0190476
-0.25	8.56674	-0.0190476
-0.25	41.3604	-0.0190476
-0.25	47.5222	-0.0190476
-0.25	86.8964	-0.0190476
-0.25	-156.214	-0.0190476
-0.25	30.1887	-0.0190476
-0.25	-175.985	-0.0190476
-0.25	109.745	-0.0190476
-0.25	77.9432	-0.0190476
-0.25	53.7241	-0.0190476
-0.25	1.62353	-0.0190476
-0.25	-15.0376	-0.0190476
-0.25	102.222	-0.0190476
-0.25	-20.7204	-0.0190476
-0.25	-118.976	-0.0190476
-0.25	-60.4904	-0.0190476
-0.25	-127.12	-0.0190476
-0.25	42.6033	-0.0190476
-0.25	96.6801	-0.0190476
-0.25	123.249	-0.0190476
-0.25	56.6563	-0.0190476
-0.25	-17.8239	-0.0190476
-0.25	32.694	-0.0190476
-0.25	140.636	-0.0190476
-0.25	15.3052	-0.0190476
-0.25	-148.385	-0.0190476
-0.25	-86.6219	-0.0190476
-0.25	-26.4958	-0.0190476
-0.25	-165.317	-0.0190476
-0.25	5.62835	-0.0190476
-0.25	-15.5199	-0.0190476
-0.25	173.846	-0.0190476
-0.25	10.2479	-0.0190476
-0.25	115.052	-0.0190476
-0.25	-138.973	-0.0190476
-0.25	-135.945	-0.0190476
-0.25	-9.19955	-0.0190476
-0.25	26.423	-0.0190476
-0.25	150.571	-0.0190476
-0.25	-14.2191	-0.0190476
-0.25	-73.62	-0.0190476
-0.25	154.229	-0.0190476
-0.25	55.8135	-0.0190476
-0.25	-49.5877	-0.0190476
-0.25	48.1231	-0.0190476
-0.25	-72.1023	-0.0190476
-0.25	13.0075	-0.0190476
-0.25	-31.0491	-0.0190476
-0.25	-45.1201	-0.0190476
-0.25	-112.261	-0.0190476
-0.25	120.58	-0.0190476
-0.25	-81.8975	-0.0190476
-0.25	-40.7298	-0.0190476
-0.25	49.4585	-0.0190476
-0.25	161.443	-0.0190476
-0.25	-50.0434	-0.0190476
-0.25	78.3439	-0.0190476
-0.25	27.2182	-0.0190476
-0.25	-43.0763	-0.0190476
-0.25	53.3322	-0.0190476
-0.25	-62.1561	-0.0190476
-0.25	164.541	-0.0190476
-0.25	-32.0297	-0.0190476
-0.25	5.37122	-0.0190476
-0.25	-38.5129	-0.0190476
-0.25	-45.007	-0.0190476
-0.25	-155.706	-0.0190476
-0.25	-7.45323	-0.0190476
-0.25	-13.1148	-0.0190476
-0.25	146.743	-0.0190476
-0.25	156.711	-0.0190476
-0.25	104.808	-0.0190476
-0.25	122.474	-0.0190476
-0.25	153.482	-0.0190476
-0.25	68.3174	-0.0190476
-0.25	95.8767	-0.0190476
-0.25	105.39	-0.0190476
-0.25	-100.569	-0.0190476
-0.25	152.799	-0.0190476
-0.25	-20.4677	-0.0190476
-0.25	-39.4409	-0.0190476
-0.25	-178.247	-0.0190476
-0.25	155.28	-0.0190476
-0.25	-120.798	-0.0190476
-0.25	68.4916	-0.0190476
-0.25	54.967	-0.0190476
-0.25	-43.0301	-0.0190476
-0.25	-171.245	-0.0190476
-0.25	155.615	-0.0190476
-0.25	-48.4804	-0.0190476
-0.25	-51.6688	-0.0190476
-0.25	-57.3468	-0.0190476
-0.25	116.745	-0.0190476
-0.25	-174.366	-0.0190476
-0.25	32.538	-0.0190476
-0.25	116.924	-0.0190476
-0.25	-99.4898	-0.0190476
-0.25	179.593	-0.0190476
-0.25	-34.7448	-0.0190476
-0.25	-78.7651	-0.0190476
-0.25	-110.129	-0.0190476
-0.25	-69.4608	-0.0190476
-0.25	146.453	-0.0190476
-0.25	170.245	-0.0190476
-0.25	-64.505	-0.0190476
-0.25	-166.474	-0.0190476
-0.25	102.476	-0.0190476
-0.25	69.942	-0.0190476
-0.25	106.984	-0.0190476
-0.25	154.982	-0.0190476
-0.25	72.479	-0.0190476
-0.25	136.893	-0.0190476
-0.25	31.6622	-0.0190476
-0.25	-59.3257	-0.0190476
-0.25	-46.3651	-0.0190476
-0.25	-107.46	-0.0190476
-0.25	-2.56121	-0.0190476
-0.25	-22.599	-0.0190476
-0.25	151.457	-0.0190476
-0.25	115.498	-0.0190476
-0.25	131.031	-0.0190476
-0.25	-21.069	-0.0190476
-0.25	-106.354	-0.0190476
-0.25	-86.3569	-0.0190476
-0.25	91.9575	-0.0190476
-0.25	78.1289	-0.0190476
-0.25	20.9181	-0.0190476
-0.25	-104.445	-0.0190476
-0.25	33.1378	-0.0190476
-0.25	-58.2736	-0.0190476
-0.25	156.654	-0.0190476
-0.25	-126.635	-0.0190476
-0.25	43.9067	-0.0190476
-0.25	-179.618	-0.0190476
-0.25	49.7864	-0.0190476
-0.25	-141.748	-0.0190476
-0.25	165.718	-0.0190476
-0.25	-139.162	-0.0190476
-0.25	-21.6234	-0.0190476
-0.25	-144.123	-0.0190476
-0.25	110.667	-0.0190476
-0.25	-44.1452	-0.0190476
-0.25	56.7043	-0.0190476
-0.25	98.6931	-0.0190476
-0.25	156.504	-0.0190476
-0.25	-96.5413	-0.0190476
-0.25	-107.501	-0.0190476
-0.25	-61.0238	-0.0190476
-0.25	98.466	-0.0190476
-0.25	-15.3385	-0.0190476
-0.25	117.24	-0.0190476
-0.25	-80.7452	-0.0190476
-0.25	-87.2046	-0.0190476
-0.25	-160.724	-0.0190476
-0.25	154.324	-0.0190476
-0.25	-112.952	-0.0190476
-0.25	-61.9609	-0.0190476
-0.25	-113.567	-0.0190476
-0.25	-35.5695	-0.0190476
-0.25	-139.723	-0.0190476
-0.25	111.373	-0.0190476
-0.25	179.327	-0.0190476
-0.25	148.971	-0.0190476
-0.25	2.24152	-0.0190476
-0.25	65.9649	-0.0190476
-0.25	-59.4822	-0.0190476
-0.25	27.0654	-0.0190476
-0.25	-100.963	-0.0190476
-0.25	-57.8725	-0.0190476
-0.25	30.8829	-0.0190476
-0.25	88.6224	-0.0190476
-0.25	-46.2047	-0.0190476
-0.25	26.3735	-0.0190476
-0.25	94.13	-0.0190476
-0.25	125.639	-0.0190476
-0.25	75.5672	-0.0190476
-0.25	163.768	-0.0190476
-0.25	29.4597	-0.0190476
-0.25	-24.5283	-0.0190476
-0.25	33.4068	-0.0190476
-0.25	162.831	-0.0190476
-0.25	62.8524	-0.0190476
-0.25	-103.611	-0.0190476
-0.25	130.762	-0.0190476
-0.25	62.001	-0.0190476
-0.25	37.5614	-0.0190476
-0.25	16.9804	-0.0190476
-0.25	-129.843	-0.0190476
-0.25	-88.1941	-0.0190476
-0.25	112.858	-0.0190476
-0.25	-158.471	-0.0190476
-0.25	-133.696	-0.0190476
-0.25	115.112	-0.0190476
-0.25	36.8723	-0.0190476
-0.25	-32.0717	-0.0190476
-0.25	-50.9444	-0.0190476
-0.25	114.44	-0.0190476
-0.25	-3.48249	-0.0190476
-0.25	-155.118	-0.0190476
-0.25	149.341	-0.0190476
-0.25	26.7542	-0.0190476
-0.25	0.336345	-0.0190476
-0.25	105.32	-0.0190476
-0.25	135.25	-0.0190476
-0.25	141.408	-0.0190476
-0.25	152.744	-0.0190476
-0.25	-109.923	-0.0190476
-0.25	-136.655	-0.0190476
-0.25	9.89566	-0.0190476
-0.25	-178.288	-0.0190476
-0.25	-160.513	-0.0190476
-0.25	-117.264	-0.0190476
-0.25	94.6473	-0.0190476
-0.25	-114.684	-0.0190476
-0.25	-61.6242	-0.0190476
-0.25	1.63805	-0.0190476
-0.25	161.389	-0.0190476
-0.25	-113.166	-0.0190476
-0.25	-60.5694	-0.0190476
-0.25	-68.2892	-0.0190476
-0.25	67.6093	-0.0190476
-0.25	-105.8	-0.0190476
-0.25	-158.792	-0.0190476
-0.25	170.879	-0.0190476
-0.25	-51.0492	-0.0190476
-0.25	156.631	-0.0190476
-0.25	-74.812	-0.0190476
-0.25	110.492	-0.0190476
-0.25	11.7172	-0.0190476
-0.25	-20.5635	-0.0190476
-0.25	-65.4231	-0.0190476
-0.25	55.9999	-0.0190476
-0.25	-137.634	-0.0190476
-0.25	132.408	-0.0190476
-0.25	-133.514	-0.0190476
-0.25	74.0471	-0.0190476
-0.25	-42.2156	-0.0190476
-0.25	94.6053	-0.0190476
-0.25	-30.9585	-0.0190476
-0.25	-126.418	-0.0190476
-0.25	-123.135	-0.0190476
-0.25	-7.28624	-0.0190476
-0.25	63.238	-0.0190476
-0.25	162.576	-0.0190476
-0.25	-62.2166	-0.0190476
-0.25	51.0345	-0.0190476
-0.25	83.3978	-0.0190476
-0.25	45.5615	-0.0190476
-0.25	-32.7984	-0.0190476
-0.25	96.5303	-0.0190476
-0.25	-172.419	-0.0190476
-0.25	128.371	-0.0190476
-0.25	122.93	-0.0190476
-0.25	-73.9308	-0.0190476
-0.25	12.7147	-0.0190476
-0.25	130.294	-0.0190476
-0.25	89.0017	-0.0190476
-0.25	150.583	-0.0190476
-0.25	60.3987	-0.0190476
-0.25	-49.8347	-0.0190476
-0.25	178.516	-0.0190476
-0.25	-89.5178	-0.0190476
-0.25	-36.6078	-0.0190476
-0.25	-27.1075	-0.0190476
-0.25	-23.6869	-0.0190476
-0.25	-16.9819	-0.0190476
-0.25	-111.445	-0.0190476
-0.25	178.621	-0.0190476
-0.25	-31.6552	-0.0190476
-0.25	-67.2668	-0.0190476
-0.25	-74.7005	-0.0190476
-0.25	24.8903	-0.0190476
-0.25	77.8904	-0.0190476
-0.25	94.0483	-0.0190476
-0.25	-121.869	-0.0190476
-0.25	46.1577	-0.0190476
-0.25	14.0648	-0.0190476
-0.25	-41.4627	-0.0190476
-0.25	-26.1022	-0.0190476
-0.25	172.997	-0.0190476
-0.25	102.818	-0.0190476
-0.25	-140.362	-0.0190476
0.3	80.3772	1
0.3	-55.1434	1
0.3	-172.517	1
0.3	-154.315	1
0.3	-26.9469	1
0.3	-32.0875	1
0.3	164.204	1
0.3	163.55	1
0.3	-46.9463	1
0.3	133.53	1
0.3	-168.103	1
0.3	-77.4576	1
0.3	151.399	1
0.3	87.3504	1
0.3	-84.8406	1
0.3	-146.77	1
0.3	171.662	1
0.3	-66.8673	1
0.3	108.526	1
0.3	-124.267	1
0.3	105.032	1
0.3	64.0145	1
0.3	-22.9728	1
0.3	-75.1131	1
0.3	-104.115	1
0.3	-142.807	1
0.3	-146.943	1
0.3	80.6566	1
0.3	-155.345	1
0.3	140.596	1
0.3	146.623	1
0.3	49.056	1
0.3	-150.646	1
0.3	-100.537	1
0.3	-43.289	1
0.3	5.73312	1
0.3	139.769	1
0.3	53.04	1
0.3	-121.658	1
0.3	-48.1735	1
0.3	-87.4284	1
0.3	55.721	1
0.3	-21.353	1
0.3	101.31	1
0.3	14.9634	1
0.3	-80.4006	1
0.3	133.283	1
0.3	-172.375	1
0.3	-120.385	1
0.3	-170.697	1
0.3	156.648	1
0.3	114.388	1
0.3	41.3991	1
0.3	-99.939	1
0.3	-5.93982	1
0.3	-77.7806	1
0.3	-27.2764	1
0.3	-91.2662	1
0.3	-120.817	1
0.3	-139.319	1
0.3	174.315	1
0.3	-64.4566	1
0.3	-5.91335	1
0.3	-60.8446	1
0.3	16.2446	1
0.3	-15.6915	1
0.3	-73.0083	1
0.3	-166.299	1
0.3	-77.4516	1
0.3	-69.0645	1
0.3	106.488	1
0.3	-11.107	1
0.3	131.651	1
0.3	171.756	1
0.3	-102.115	1
0.3	153.428	1
0.3	133.268	1
0.3	-134.814	1
0.3	21.5734	1
0.3	65.3176	1
0.3	-143.746	1
0.3	-46.0625	1
0.3	162.146	1
0.3	-62.6253	1
0.3	70.4503	1
0.3	-29.0514	1
0.3	-32.0941	1
0.3	172.697	1
0.3	-175.94	1
0.3	145.149	1
0.3	23.7279	1
0.3	-158.365	1
0.3	-53.1517	1
0.3	-176.909	1
0.3	-13.7564	1
0.3	114.028	1
0.3	-97.2466	1
0.3	85.6288	1
0.3	4.57191	1
0.3	-153.235	1
0.3	10.1495	1
0.3	137.829	1
0.3	55.9115	1
0.3	-37.5999	1
0.3	171.441	1
0.3	34.449	1
0.3	-46.3348	1
0.3	-50.4021	1
0.3	-93.3105	1
0.3	141.921	1
0.3	-119.966	1
0.3	25.6861	1
0.3	98.9255	1
0.3	-115.252	1
0.3	-75.5083	1
0.3	47.4466	1
0.3	128.664	1
0.3	127.12	1
0.3	139.717	1
0.3	-52.4448	1
0.3	-124.869	1
0.3	-158.775	1
0.3	164.802	1
0.3	-76.2092	1
0.3	62.8479	1
0.3	-86.5363	1
0.3	-98.2284	1
0.3	113.99	1
0.3	-38.917	1
0.3	-138.727	1
0.3	-9.71495	1
0.3	106.528	1
0.3	-100.94	1
0.3	3.57588	1
0.3	146.153	1
0.3	73.8004	1
0.3	140.95	1
0.3	27.5745	1
0.3	116.718	1
0.3	-152.622	1
0.3	55.8738	1
0.3	-129.839	1
0.3	81.73	1
0.3	-102.094	1
0.3	121.793	-0.047619
0.3	21.3699	-0.047619
0.3	-125.787	-0.047619
0.3	-102.18	-0.047619
0.3	-75.8861	-0.047619
0.3	-170.073	-0.047619
0.3	-168.543	-0.047619
0.3	85.6549	-0.047619
0.3	-157.336	-0.047619
0.3	-8.99141	-0.047619
0.3	-102.994	-0.047619
0.3	-39.0564	-0.047619
0.3	-104.639	-0.047619
0.3	80.6727	-0.047619
0.3	-50.2404	-0.047619
0.3	-86.9954	-0.047619
0.3	-91.1567	-0.047619
0.3	16.4795	-0.047619
0.3	165.179	-0.047619
0.3	-166.707	-0.047619
0.3	-143.938	-0.047619
0.3	18.5217	-0.047619
0.3	-85.5618	-0.047619
0.3	-143.409	-0.047619
0.3	107.279	-0.047619
0.3	-47.0277	-0.047619
0.3	27.3486	-0.047619
0.3	151.787	-0.047619
0.3	50.1218	-0.047619
0.3	-3.62128	-0.047619
0.3	-141.602	-0.047619
0.3	-25.0445	-0.047619
0.3	-53.1299	-0.047619
0.3	57.99	-0.047619
0.3	-170.715	-0.047619
0.3	64.2242	-0.047619
0.3	101.254	-0.047619
0.3	67.0647	-0.047619
0.3	-131.769	-0.047619
0.3	97.3406	-0.047619
0.3	-22.7605	-0.047619
0.3	-114.953	-0.047619
0.3	-80.7781	-0.047619
0.3	-21.346	-0.047619
0.3	88.9387	-0.047619
0.3	-67.9308	-0.047619
0.3	176.606	-0.047619
0.3	-3.4267	-0.047619
0.3	125.137	-0.047619
0.3	84.5192	-0.047619
0.3	-92.729	-0.047619
0.3	63.2834	-0.047619
0.3	-27.0926	-0.047619
0.3	96.1236	-0.047619
0.3	-141.795	-0.047619
0.3	-128.303	-0.047619
0.3	57.836	-0.047619
0.3	41.6351	-0.047619
0.3	-121.12	-0.047619
0.3	-133.324	-0.047619
0.3	10.0165	-0.047619
0.3	-28.4562	-0.047619
0.3	84.4557	-0.047619
0.3	22.7452	-0.047619
0.3	-118.998	-0.047619
0.3	25.8019	-0.047619
0.3	66.4109	-0.047619
0.3	-92.2711	-0.047619
0.3	-154.688	-0.047619
0.3	155.687	-0.047619
0.3	113.78	-0.047619
0.3	-27.7276	-0.047619
0.3	-117.126	-0.047619
0.3	57.0043	-0.047619
0.3	114.654	-0.047619
0.3	63.5067	-0.047619
0.3	-47.7586	-0.047619
0.3	122.022	-0.047619
0.3	3.37877	-0.047619
0.3	-174.842	-0.047619
0.3	2.36847	-0.047619
0.3	-35.6777	-0.047619
0.3	-153.828	-0.047619
0.3	-38.9351	-0.047619
0.3	-26.8501	-0.047619
0.3	-150.412	-0.047619
0.3	143.243	-0.047619
0.3	148.7	-0.047619
0.3	19.3061	-0.047619
0.3	49.992	-0.047619
0.3	-114.187	-0.047619
0.3	-64.0616	-0.047619
0.3	-126.312	-0.047619
0.3	-123.709	-0.047619
0.3	94.1828	-0.047619
0.3	-105.976	-0.047619
0.3	-95.6614	-0.047619
0.3	-174.795	-0.047619
0.3	-23.246	-0.047619
0.3	145.078	-0.047619
0.3	170.722	-0.047619
0.3	-20.4683	-0.047619
0.3	176.751	-0.047619
0.3	-21.8123	-0.047619
0.3	-81.8345	-0.047619
0.3	164.028	-0.047619
0.3	-15.8941	-0.047619
0.3	-117.727	-0.047619
0.3	-140.524	-0.047619
0.3	-6.91329	-0.047619
0.3	-133.133	-0.047619
0.3	-94.166	-0.047619
0.3	9.48289	-0.047619
0.3	68.6474	-0.047619
0.3	49.3226	-0.047619
0.3	149.189	-0.047619
0.3	148.971	-0.047619
0.3	90.1572	-0.047619
0.3	23.4538	-0.047619
0.3	-130.734	-0.047619
0.3	-145.375	-0.047619
0.3	55.222	-0.047619
0.3	52.8426	-0.047619
0.3	-96.452	-0.047619
0.3	-134.632	-0.047619
0.3	123.601	-0.047619
0.3	58.7517	-0.047619
0.3	39.6683	-0.047619
0.3	12.0829	-0.047619
0.3	-143.321	-0.047619
0.3	139.877	-0.047619
0.3	43.1603	-0.047619
0.3	-14.2043	-0.047619
0.3	56.147	-0.047619
0.3	3.76862	-0.047619
0.3	-167.466	-0.047619
0.3	144.129	-0.047619
0.3	-6.28026	-0.047619
0.3	-77.9522	-0.047619
0.3	-175.41	-0.047619
0.3	178.932	-0.047619
0.3	-62.4382	-0.047619
0.3	-148.313	-0.047619
0.3	-34.7992	-0.047619
0.3	164.609	-0.047619
0.3	134.899	-0.047619
0.3	-15.4318	-0.047619
0.3	111.118	-0.047619
0.3	115.958	-0.047619
0.3	-140.979	-0.047619
0.3	-134.267	-0.047619
-0.25	62.8839	1
-0.25	108.262	1
-0.25	141.198	1
-0.25	7.66377	1
-0.25	-151.435	1
-0.25	-125.723	1
-0.25	140.735	1
-0.25	94.5812	1
-0.25	-52.9039	1
-0.25	-45.5275	1
-0.25	96.6073	1
-0.25	156.355	1
-0.25	39.3847	1
-0.25	-64.8245	1
-0.25	104.394	1
-0.25	-14.9195	1
-0.25	26.1148	1
-0.25	72.8815	1
-0.25	-28.9341	1
-0.25	48.1788	1
-0.25	167.792	1
-0.25	26.1013	1
-0.25	141.443	1
-0.25	126.112	1
-0.25	158.201	1
-0.25	130.106	1
-0.25	110.848	1
-0.25	-41.9481	1
-0.25	-109.086	1
-0.25	136.17	1
-0.25	3.21535	1
-0.25	-172.478	1
-0.25	163.984	1
-0.25	-126.482	1
-0.25	-102.617	1
-0.25	-65.9692	1
-0.25	100.389	1
-0.25	-45.2958	1
-0.25	-116.192	1
-0.25	-131.845	1
-0.25	-148.265	1
-0.25	-110.945	1
-0.25	59.1025	1
-0.25	81.1812	1
-0.25	-134.367	1
-0.25	-35.6459	1
-0.25	-99.8183	1
-0.25	24.9728	1
-0.25	-172.095	1
-0.25	132.451	1
-0.25	-32.8503	1
-0.25	154.08	1
-0.25	123.961	1
-0.25	-14.5559	1
-0.25	57.0546	1
-0.25	-46.8236	1
-0.25	25.5117	1
-0.25	-132.105	1
-0.25	-176.462	1
-0.25	-124.148	1
-0.25	-113.374	1
-0.25	-117.635	1
-0.25	-64.004	1
-0.25	170.343	1
-0.25	90.718	1
-0.25	148.009	1
-0.25	72.5926	1
-0.25	40.6281	1
-0.25	-27.8291	1
-0.25	-50.4865	1
-0.25	-61.7104	1
-0.25	-35.6931	1
-0.25	155.028	1
-0.25	138.77	1
-0.25	8.82743	1
-0.25	39.1356	1
-0.25	83.3888	1
-0.25	125.651	1
-0.25	128.238	1
-0.25	54.9639	1
-0.25	159.71	1
-0.25	-174.924	1
-0.25	178.453	1
-0.25	-87.9341	1
-0.25	109.881	1
-0.25	152.012	1
-0.25	-117.362	1
-0.25	40.6854	1
-0.25	30.7672	1
-0.25	-170.234	1
-0.25	78.1501	1
-0.25	-95.6443	1
-0.25	-113.179	1
-0.25	72.8626	1
-0.25	32.6934	1
-0.25	155.27	1
-0.25	-50.7713	1
-0.25	-84.7342	1
-0.25	-126.684	1
-0.25	-66.3646	1
-0.25	118.767	1
-0.25	119.992	1
-0.25	-150.105	1
-0.25	153.581	1
-0.25	160.44	1
-0.25	86.268	1
-0.25	122.799	1
-0.25	140.879	1
-0.25	15.6652	1
-0.25	21.9029	1
-0.25	-24.2038	1
-0.25	125.544	1
-0.25	174.221	1
-0.25	-170.709	1
-0.25	-65.2104	1
-0.25	135.612	1
-0.25	164.436	1
-0.25	99.2842	-0.047619
-0.25	162.615	-0.047619
-0.25	40.8783	-0.047619
-0.25	-119.062	-0.047619
-0.25	158.026	-0.047619
-0.25	-169.267	-0.047619
-0.25	15.2798	-0.047619
-0.25	-62.5814	-0.047619
-0.25	158.182	-0.047619
-0.25	-15.6771	-0.047619
-0.25	-44.672	-0.047619
-0.25	-174.03	-0.047619
-0.25	107.767	-0.047619
-0.25	-117.478	-0.047619
-0.25	8.58393	-0.047619
-0.25	-65.1489	-0.047619
-0.25	70.9614	-0.047619
-0.25	92.7038	-0.047619
-0.25	85.5572	-0.047619
-0.25	-79.1522	-0.047619
-0.25	63.2571	-0.047619
-0.25	91.9259	-0.047619
-0.25	-16.5916	-0.047619
-0.25	130.75	-0.047619
-0.25	130.281	-0.047619
-0.25	0.846659	-0.047619
-0.25	34.5026	-0.047619
-0.25	-78.4611	-0.047619
-0.25	16.2501	-0.047619
-0.25	-142.734	-0.047619
-0.25	-155.69	-0.047619
-0.25	84.9066	-0.047619
-0.25	32.6741	-0.047619
-0.25	-133.882	-0.047619
-0.25	-168.12	-0.047619
-0.25	24.0893	-0.047619
-0.25	133.738	-0.047619
-0.25	9.24907	-0.047619
-0.25	-156.607	-0.047619
-0.25	174.197	-0.047619
-0.25	131.738	-0.047619
-0.25	13.7059	-0.047619
-0.25	-124.302	-0.047619
-0.25	143.394	-0.047619
-0.25	-41.8567	-0.047619
-0.25	163.607	-0.047619
-0.25	-7.92665	-0.047619
-0.25	-136.107	-0.047619
-0.25	148.326	-0.047619
-0.25	162.407	-0.047619
-0.25	8.07988	-0.047619
-0.25	123.53	-0.047619
-0.25	-42.0802	-0.047619
-0.25	145.413	-0.047619
-0.25	-39.5742	-0.047619
-0.25	-96.9166	-0.047619
-0.25	-106.673	-0.047619
-0.25	-68.4948	-0.047619
-0.25	171.718	-0.047619
-0.25	-12.196	-0.047619
-0.25	164.868	-0.047619
-0.25	14.7242	-0.047619
-0.25	-130.4	-0.047619
-0.25	59.1103	-0.047619
-0.25	84.8709	-0.047619
-0.25	16.9707	-0.047619
-0.25	-158.34	-0.047619
-0.25	67.114	-0.047619
-0.25	-168.454	-0.047619
-0.25	-117.984	-0.047619
-0.25	168.869	-0.047619
-0.25	-4.13927	-0.047619
-0.25	36.0603	-0.047619
-0.25	160.744	-0.047619
-0.25	-44.4974	-0.047619
-0.25	-20.1672	-0.047619
-0.25	179.055	-0.047619
-0.25	-45.1711	-0.047619
-0.25	-164.974	-0.047619
-0.25	-123.265	-0.047619
-0.25	-114.766	-0.047619
-0.25	38.9428	-0.047619
-0.25	-1.03344	-0.047619
-0.25	144.929	-0.047619
-0.25	23.8343	-0.047619
-0.25	65.5015	-0.047619
-0.25	-90.7241	-0.047619
-0.25	-162.898	-0.047619
-0.25	-159.267	-0.047619
-0.25	84.3879	-0.047619
-0.25	52.9987	-0.047619
-0.25	150.771	-0.047619
-0.25	-175.219	-0.047619
-0.25	150.598	-0.047619
-0.25	27.4211	-0.047619
-0.25	56.5295	-0.047619
-0.25	166.09	-0.047619
-0.25	172.291	-0.047619
-0.25	-25.8657	-0.047619
-0.25	103.449	-0.047619
-0.25	63.0107	-0.047619
-0.25	140.422	-0.047619
-0.25	-42.2313	-0.047619
-0.25	-162.349	-0.047619
-0.25	-133.968	-0.047619
-0.25	-44.7379	-0.047619
-0.25	-113.336	-0.047619
-0.25	-41.2269	-0.047619
-0.25	-98.9156	-0.047619
-0.25	148.972	-0.047619
-0.25	-13.0518	-0.047619
-0.25	94.424	-0.047619
-0.25	138.799	-0.047619
-0.25	78.6165	-0.047619
-0.25	174.014	-0.047619
-0.25	-23.3948	-0.047619
-0.25	0.810131	-0.047619
-0.25	17.5956	-0.047619
-0.25	159.152	-0.047619
-0.25	126.237	-0.047619
-0.25	18.9415	-0.047619
-0.25	-119.864	-0.047619
-0.25	139.324	-0.047619
-0.25	-83.9191	-0.047619
0.3	-17.9425	1
0.3	91.5641	1
0.3	65.9148	1
0.3	56.8954	1
0.3	-48.7486	1
0.3	104.782	1
0.3	80.7995	1
0.3	-150.953	1
0.3	-177.18	1
0.3	26.2253	1
0.3	-165.384	1
0.3	-98.4436	1
0.3	-129.121	1
0.3	158.225	1
0.3	131.311	1
0.3	25.2795	1
0.3	-140.355	1
0.3	123.614	1
0.3	144.212	1
0.3	-157.239	1
0.3	-119.983	1
0.3	-117.184	1
0.3	146.907	1
0.3	136.845	1
0.3	18.9251	1
0.3	-65.233	1
0.3	40.4003	1
0.3	6.869	1
0.3	-36.815	1
0.3	-22.2301	1
0.3	-4.85173	1
0.3	-42.5528	1
0.3	-1.3985	1
0.3	-68.8701	1
0.3	113.115	1
0.3	-30.1172	1
0.3	26.547	1
0.3	177.073	1
0.3	19.3478	1
0.3	-54.7316	1
0.3	129.1	1
0.3	152.575	1
0.3	-78.6358	1
0.3	-172.775	1
0.3	10.7548	1
0.3	-10.104	1
0.3	163.238	1
0.3	23.6694	1
0.3	-148.211	1
0.3	61.2648	1
0.3	-122.428	1
0.3	25.4625	1
0.3	-166.113	1
0.3	82.8723	1
0.3	103.08	1
0.3	-178.497	1
0.3	-52.312	1
0.3	-79.0872	1
0.3	-148.32	1
0.3	16.146	1
0.3	94.3877	1
0.3	-8.14479	1
0.3	-45.0941	1
0.3	-35.0123	1
0.3	7.09988	1
0.3	97.3699	1
0.3	-121.728	1
0.3	76.95	1
0.3	87.2515	1
0.3	-38.1527	1
0.3	132.728	1
0.3	48.2324	1
0.3	125.947	1
0.3	-153.504	1
0.3	-43.2696	1
0.3	154.293	1
0.3	-127.334	1
0.3	-133.846	1
0.3	-147.983	1
0.3	148.82	1
0.3	57.199	1
0.3	-100.499	1
0.3	132.051	1
0.3	34.7981	1
0.3	92.0549	1
0.3	-22.754	1
0.3	-12.3765	1
0.3	-165.617	1
0.3	-11.3487	1
0.3	-111.764	1
0.3	-130.555	1
0.3	-96.5971	1
0.3	68.4444	1
0.3	-55.018	1
0.3	-47.6305	1
0.3	-54.6583	1
0.3	-77.3619	1
0.3	160.856	1
0.3	14.4959	1
0.3	106.384	1
0.3	151.418	1
0.3	-44.991	1
0.3	-141.109	1
0.3	163.157	1
0.3	-2.98808	1
0.3	29.28	1
0.3	-92.9176	1
0.3	68.5395	1
0.3	169.133	1
0.3	27.015	1
0.3	-65.9737	1
0.3	-90.5224	1
0.3	-51.404	1
0.3	-145.138	1
0.3	12.1805	1
0.3	-66.3985	1
0.3	137.318	1
0.3	169.073	1
0.3	-12.9657	1
0.3	1.66735	1
0.3	107.003	1
0.3	114.168	1
0.3	70.3093	1
0.3	-121.632	1
0.3	-32.6149	1
0.3	-95.0786	1
0.3	-95.7845	1
0.3	-83.8719	1
0.3	-32.4444	1
0.3	-140.957	1
0.3	-154.795	1
0.3	-83.3423	1
0.3	3.92869	1
0.3	-166.015	1
0.3	-103.749	1
0.3	131.059	1
0.3	-89.1159	1
0.3	138.841	1
0.3	123.548	1
0.3	-51.9436	1
0.3	51.3417	1
0.3	131.745	1
0.3	46.343	1
0.3	35.9315	1
0.3	-52.0715	-0.0666667
0.3	-156.758	-0.0666667
0.3	-3.99319	-0.0666667
0.3	-172.69	-0.0666667
0.3	-157.412	-0.0666667
0.3	-15.3549	-0.0666667
0.3	22.8376	-0.0666667
0.3	-115.382	-0.0666667
0.3	179.402	-0.0666667
0.3	-36.1627	-0.0666667
0.3	94.7224	-0.0666667
0.3	17.1424	-0.0666667
0.3	69.7059	-0.0666667
0.3	126.959	-0.0666667
0.3	-98.5547	-0.0666667
0.3	96.5063	-0.0666667
0.3	-171.849	-0.0666667
0.3	107.345	-0.0666667
0.3	128.923	-0.0666667
0.3	120.046	-0.0666667
0.3	113.649	-0.0666667
0.3	85.4866	-0.0666667
0.3	-158.918	-0.0666667
0.3	-165.199	-0.0666667
0.3	-51.6636	-0.0666667
0.3	79.5627	-0.0666667
0.3	131.392	-0.0666667
0.3	159.631	-0.0666667
0.3	7.14658	-0.0666667
0.3	102.613	-0.0666667
0.3	107.799	-0.0666667
0.3	-40.9135	-0.0666667
0.3	132.823	-0.0666667
0.3	-49.2082	-0.0666667
0.3	-171.696	-0.0666667
0.3	-135.954	-0.0666667
0.3	46.1059	-0.0666667
0.3	-80.4292	-0.0666667
0.3	-172.744	-0.0666667
0.3	-84.4202	-0.0666667
0.3	27.7746	-0.0666667
0.3	-65.7619	-0.0666667
0.3	35.8863	-0.0666667
0.3	-85.835	-0.0666667
0.3	63.3955	-0.0666667
0.3	-116.399	-0.0666667
0.3	28.7745	-0.0666667
0.3	108.475	-0.0666667
0.3	-14.4929	-0.0666667
0.3	-77.0592	-0.0666667
0.3	-158.934	-0.0666667
0.3	48.8199	-0.0666667
0.3	-102.42	-0.0666667
0.3	-75.8805	-0.0666667
0.3	100.134	-0.0666667
0.3	-107.494	-0.0666667
0.3	4.86914	-0.0666667
0.3	-79.9063	-0.0666667
0.3	-42.2884	-0.0666667
0.3	175.878	-0.0666667
0.3	-54.6611	-0.0666667
0.3	-82.2135	-0.0666667
0.3	132.054	-0.0666667
0.3	-87.8132	-0.0666667
0.3	24.4817	-0.0666667
0.3	-98.444	-0.0666667
0.3	59.2659	-0.0666667
0.3	128.446	-0.0666667
0.3	15.9468	-0.0666667
0.3	114.968	-0.0666667
0.3	53.6877	-0.0666667
0.3	-127.655	-0.0666667
0.3	146.748	-0.0666667
0.3	-151.941	-0.0666667
0.3	124.45	-0.0666667
0.3	-95.4277	-0.0666667
0.3	24.8239	-0.0666667
0.3	-156.174	-0.0666667
0.3	160.572	-0.0666667
0.3	-111.017	-0.0666667
0.3	-158.835	-0.0666667
0.3	-167.305	-0.0666667
0.3	-127.985	-0.0666667
0.3	-2.92285	-0.0666667
0.3	22.8836	-0.0666667
0.3	-88.1044	-0.0666667
0.3	80.7233	-0.0666667
0.3	30.6658	-0.0666667
0.3	-6.45029	-0.0666667
0.3	93.184	-0.0666667
0.3	98.2887	-0.0666667
0.3	-75.8518	-0.0666667
0.3	15.2163	-0.0666667
0.3	148.775	-0.0666667
0.3	-1.27931	-0.0666667
0.3	-94.7081	-0.0666667
0.3	34.245	-0.0666667
0.3	61.4537	-0.0666667
0.3	79.8253	-0.0666667
0.3	53.2422	-0.0666667
0.3	165.284	-0.0666667
0.3	177.609	-0.0666667
0.3	26.5954	-0.0666667
0.3	44.7556	-0.0666667
0.3	-123.544	-0.0666667
0.3	-77.0001	-0.0666667
0.3	18.1764	-0.0666667
0.3	-154.713	-0.0666667
-0.25	114.42	1
-0.25	-45.4501	1
-0.25	-134.178	1
-0.25	-128.064	1
-0.25	151.318	1
-0.25	83.5848	1
-0.25	86.7864	1
-0.25	-123.964	1
-0.25	174.217	1
-0.25	19.5167	1
-0.25	-86.9418	1
-0.25	164.126	1
-0.25	131.338	1
-0.25	-136.825	1
-0.25	57.2775	1
-0.25	137.544	1
-0.25	-97.1901	1
-0.25	-66.1152	1
-0.25	117.979	1
-0.25	-74.0477	1
-0.25	-146.85	1
-0.25	5.88419	1
-0.25	-108.579	1
-0.25	-146.796	1
-0.25	-174.151	1
-0.25	-160.608	1
-0.25	-39.0385	1
-0.25	55.7648	1
-0.25	64.9426	1
-0.25	-20.6699	1
-0.25	-158.358	1
-0.25	66.2693	1
-0.25	-138.434	1
-0.25	-6.12275	1
-0.25	25.9626	1
-0.25	133.419	1
-0.25	-152.29	1
-0.25	-172.284	1
-0.25	-2.5389	1
-0.25	131.962	1
-0.25	-6.60432	1
-0.25	68.501	1
-0.25	49.0032	1
-0.25	121.921	1
-0.25	-71.166	1
-0.25	-138.867	1
-0.25	31.9602	1
-0.25	-128.583	1
-0.25	142.846	1
-0.25	53.1301	1
-0.25	-145.45	1
-0.25	101.805	1
-0.25	137.954	1
-0.25	-174.103	1
-0.25	-9.65684	1
-0.25	105.116	1
-0.25	16.4203	1
-0.25	51.0494	1
-0.25	107.326	1
-0.25	98.8244	1
-0.25	-27.015	1
-0.25	88.573	1
-0.25	-7.47103	1
-0.25	142.254	1
-0.25	164.639	1
-0.25	54.9809	1
-0.25	64.0463	1
-0.25	-97.2105	1
-0.25	20.4207	1
-0.25	167.684	1
-0.25	62.5832	1
-0.25	148.638	1
-0.25	163.799	1
-0.25	-93.6912	1
-0.25	93.4273	1
-0.25	145.683	1
-0.25	-174.797	1
-0.25	97.9585	1
-0.25	-18.8625	1
-0.25	-87.9005	1
-0.25	-34.3796	1
-0.25	-111.086	1
-0.25	-20.2452	1
-0.25	-34.2145	1
-0.25	34.7284	1
-0.25	-58.8229	1
-0.25	138.125	1
-0.25	176.444	1
-0.25	-172.234	1
-0.25	-143.623	1
-0.25	85.3839	1
-0.25	-44.3421	1
-0.25	88.953	1
-0.25	156.495	1
-0.25	-137.107	1
-0.25	157.852	1
-0.25	-92.4272	1
-0.25	-162.504	1
-0.25	-54.1726	1
-0.25	57.4807	1
-0.25	85.6985	1
-0.25	173.349	1
-0.25	53.7338	1
-0.25	-45.9196	1
-0.25	133.046	1
-0.25	170.619	1
-0.25	-109.736	1
-0.25	-69.6189	1
-0.25	-19.6021	1
-0.25	179.992	1
-0.25	90.9385	1
-0.25	-157.618	1
-0.25	-57.4828	1
-0.25	76.4034	1
-0.25	66.1164	1
-0.25	-68.4441	1
-0.25	-106.799	1
-0.25	-71.3614	-0.0666667
-0.25	40.899	-0.0666667
-0.25	104.864	-0.0666667
-0.25	169.64	-0.0666667
-0.25	-48.9177	-0.0666667
-0.25	177.272	-0.0666667
-0.25	1.64866	-0.0666667
-0.25	89.3988	-0.0666667
-0.25	-170.408	-0.0666667
-0.25	140.449	-0.0666667
-0.25	-171.159	-0.0666667
-0.25	-160.764	-0.0666667
-0.25	-85.5144	-0.0666667
-0.25	-131.239	-0.0666667
-0.25	164.965	-0.0666667
-0.25	44.9409	-0.0666667
-0.25	95.6157	-0.0666667
-0.25	116.136	-0.0666667
-0.25	123.157	-0.0666667
-0.25	-45.08	-0.0666667
-0.25	132.772	-0.0666667
-0.25	140.013	-0.0666667
-0.25	-95.6853	-0.0666667
-0.25	141.046	-0.0666667
-0.25	-169.686	-0.0666667
-0.25	18.5647	-0.0666667
-0.25	-13.474	-0.0666667
-0.25	152.93	-0.0666667
-0.25	-63.8995	-0.0666667
-0.25	-13.9565	-0.0666667
-0.25	99.7031	-0.0666667
-0.25	-145.117	-0.0666667
-0.25	7.5875	-0.0666667
-0.25	124.22	-0.0666667
-0.25	15.4973	-0.0666667
-0.25	177.308	-0.0666667
-0.25	-33.8997	-0.0666667
-0.25	-54.9611	-0.0666667
-0.25	61.137	-0.0666667
-0.25	129.087	-0.0666667
-0.25	-53.8108	-0.0666667
-0.25	59.9643	-0.0666667
-0.25	-94.3298	-0.0666667
-0.25	54.5267	-0.0666667
-0.25	138.424	-0.0666667
-0.25	88.8135	-0.0666667
-0.25	168.847	-0.0666667
-0.25	70.4364	-0.0666667
-0.25	-145.53	-0.0666667
-0.25	116.99	-0.0666667
-0.25	134.024	-0.0666667
-0.25	-87.0212	-0.0666667
-0.25	-25.5454	-0.0666667
-0.25	-128.113	-0.0666667
-0.25	-155.358	-0.0666667
-0.25	88.4959	-0.0666667
-0.25	22.7524	-0.0666667
-0.25	139.778	-0.0666667
-0.25	-127.085	-0.0666667
-0.25	138.834	-0.0666667
-0.25	163.093	-0.0666667
-0.25	151.453	-0.0666667
-0.25	-10.6223	-0.0666667
-0.25	25.1401	-0.0666667
-0.25	166.911	-0.0666667
-0.25	-22.5464	-0.0666667
-0.25	97.8295	-0.0666667
-0.25	-53.4697	-0.0666667
-0.25	143.634	-0.0666667
-0.25	-60.8654	-0.0666667
-0.25	144.574	-0.0666667
-0.25	-102.13	-0.0666667
-0.25	18.3738	-0.0666667
-0.25	-121.078	-0.0666667
-0.25	-159.668	-0.0666667
-0.25	-119.78	-0.0666667
-0.25	75.4286	-0.0666667
-0.25	-120.189	-0.0666667
-0.25	-50.1404	-0.0666667
-0.25	-51.4685	-0.0666667
-0.25	131.573	-0.0666667
-0.25	3.50362	-0.0666667
-0.25	143.843	-0.0666667
-0.25	-18.0668	-0.0666667
-0.25	20.1935	-0.0666667
-0.25	-83.4655	-0.0666667
-0.25	-80.8918	-0.0666667
-0.25	98.3367	-0.0666667
0.3	4.64109	1
0.3	-92.1702	1
0.3	171.078	1
0.3	-121.544	1
0.3	-18.7171	1
0.3	-86.8374	1
0.3	-15.9024	1
0.3	2.62589	1
0.3	-83.2511	1
0.3	-147.615	1
0.3	79.8254	1
0.3	-115.503	1
0.3	-179.543	1
0.3	5.47346	1
0.3	-129.891	1
0.3	23.5205	1
0.3	34.2751	1
0.3	-12.0682	1
0.3	-142.764	1
0.3	3.43244	1
0.3	137.381	1
0.3	81.2404	1
0.3	106.077	1
0.3	134.499	1
0.3	-152.901	1
0.3	-175.612	1
0.3	15.4207	1
0.3	-137.79	1
0.3	-82.1393	1
0.3	-170.289	1
0.3	-68.4909	1
0.3	111.709	1
0.3	-113.929	1
0.3	123.45	1
0.3	178.552	1
0.3	-49.4093	1
0.3	-69.1545	1
0.3	-104.303	1
0.3	-104.057	1
0.3	-124.589	1
0.3	-177.802	1
0.3	171.224	1
0.3	137.035	1
0.3	-123.498	1
0.3	176.34	1
0.3	38.5265	1
0.3	-79.3207	1
0.3	-101.103	1
0.3	-75.8554	1
0.3	-52.7978	1
0.3	56.7013	1
0.3	-49.4547	1
0.3	-102.319	1
0.3	169.925	1
0.3	50.1887	1
0.3	122.168	1
0.3	99.4041	1
0.3	-161.915	1
0.3	145.678	1
0.3	-156.425	1
0.3	100.045	1
0.3	130.683	1
0.3	-85.1284	1
0.3	24.4623	1
0.3	-153.212	1
0.3	174.882	1
0.3	72.3926	1
0.3	35.7252	1
0.3	52.2378	1
0.3	-3.27041	1
0.3	76.6748	1
0.3	-102.123	1
0.3	-104.952	1
0.3	-23.2142	1
0.3	-69.5287	1
0.3	-114.376	1
0.3	-122.638	1
0.3	95.1508	1
0.3	24.0132	1
0.3	92.2074	1
0.3	89.3066	1
0.3	-58.4956	1
0.3	-89.447	1
0.3	10.2635	1
0.3	-129.097	1
0.3	-172.527	1
0.3	62.778	1
0.3	-141.334	1
0.3	-166.659	1
0.3	-167.614	1
0.3	152.34	1
0.3	-87.912	1
0.3	85.4524	1
0.3	52.0068	1
0.3	-72.5613	1
0.3	-113.072	1
0.3	-49.9661	1
0.3	-147.958	1
0.3	-123.419	1
0.3	119.264	1
0.3	-57.0369	1
0.3	-51.8458	1
0.3	129.526	1
0.3	-178.907	1
0.3	-26.9642	1
0.3	-36.4471	1
0.3	172.385	1
0.3	-104.134	1
0.3	-55.5996	1
0.3	-17.8578	1
0.3	116.471	1
0.3	-32.5432	1
0.3	165.875	1
0.3	73.0896	1
0.3	70.6797	1
0.3	-21.1415	1
0.3	172.984	1
0.3	155.107	1
0.3	-124.759	1
0.3	107.555	1
0.3	-114.304	1
0.3	-149.752	1
0.3	138.104	1
0.3	-166.02	1
0.3	108.888	1
0.3	-80.0248	1
0.3	67.9375	1
0.3	9.79566	1
0.3	142.317	1
0.3	132.64	1
0.3	146.738	1
0.3	-14.907	1
0.3	-92.7126	1
0.3	122.238	1
0.3	-25.2562	1
0.3	-17.9937	1
0.3	-82.8598	1
0.3	147.961	1
0.3	35.4763	1
0.3	-112.957	1
0.3	171.478	1
0.3	-106.125	1
0.3	79.1194	1
0.3	155.362	1
0.3	174.812	-0.0285714
0.3	-168.686	-0.0285714
0.3	-78.0058	-0.0285714
0.3	-45.6918	-0.0285714
0.3	-18.8072	-0.0285714
0.3	130.497	-0.0285714
0.3	-149.172	-0.0285714
0.3	-150.422	-0.0285714
0.3	-16.939	-0.0285714
0.3	10.4084	-0.0285714
0.3	-94.3268	-0.0285714
0.3	69.2238	-0.0285714
0.3	-103.467	-0.0285714
0.3	-154.933	-0.0285714
0.3	110.363	-0.0285714
0.3	109.167	-0.0285714
0.3	56.4936	-0.0285714
0.3	111.597	-0.0285714
0.3	-62.1641	-0.0285714
0.3	149.824	-0.0285714
0.3	-56.0064	-0.0285714
0.3	119.756	-0.0285714
0.3	20.5505	-0.0285714
0.3	57.6474	-0.0285714
0.3	30.4006	-0.0285714
0.3	36.9388	-0.0285714
0.3	10.1226	-0.0285714
0.3	106.091	-0.0285714
0.3	18.5953	-0.0285714
0.3	-166.298	-0.0285714
0.3	-12.2085	-0.0285714
0.3	-11.3816	-0.0285714
0.3	-19.2628	-0.0285714
0.3	-155.221	-0.0285714
0.3	-125.42	-0.0285714
0.3	-76.8302	-0.0285714
0.3	37.4049	-0.0285714
0.3	149.497	-0.0285714
0.3	65.4813	-0.0285714
0.3	25.8774	-0.0285714
0.3	-172.643	-0.0285714
0.3	-36.4695	-0.0285714
0.3	-95.6579	-0.0285714
0.3	17.9142	-0.0285714
0.3	45.198	-0.0285714
0.3	26.2155	-0.0285714
0.3	125.871	-0.0285714
0.3	-2.28266	-0.0285714
0.3	-98.413	-0.0285714
0.3	-142.264	-0.0285714
0.3	-146.534	-0.0285714
0.3	176.929	-0.0285714
0.3	127.27	-0.0285714
0.3	-121.641	-0.0285714
0.3	153.347	-0.0285714
0.3	1.75558	-0.0285714
0.3	39.2543	-0.0285714
0.3	-35.4796	-0.0285714
0.3	64.6777	-0.0285714
0.3	-86.2471	-0.0285714
0.3	-40.7991	-0.0285714
0.3	168.339	-0.0285714
0.3	21.2355	-0.0285714
0.3	-0.847952	-0.0285714
0.3	-6.4443	-0.0285714
0.3	37.0348	-0.0285714
0.3	-103.278	-0.0285714
0.3	-127.158	-0.0285714
0.3	-122.318	-0.0285714
0.3	12.2974	-0.0285714
0.3	22.1873	-0.0285714
0.3	-176.736	-0.0285714
0.3	113.13	-0.0285714
0.3	7.1789	-0.0285714
0.3	-36.8804	-0.0285714
0.3	-172.621	-0.0285714
0.3	154.095	-0.0285714
0.3	170.815	-0.0285714
0.3	-4.44305	-0.0285714
0.3	-149.191	-0.0285714
0.3	26.7636	-0.0285714
0.3	-120.46	-0.0285714
0.3	56.6433	-0.0285714
0.3	-139.15	-0.0285714
0.3	-6.2725	-0.0285714
0.3	94.2958	-0.0285714
0.3	133.487	-0.0285714
0.3	-19.8205	-0.0285714
0.3	13.9573	-0.0285714
0.3	71.6603	-0.0285714
0.3	-87.7752	-0.0285714
0.3	165.018	-0.0285714
0.3	-168.616	-0.0285714
0.3	23.3469	-0.0285714
0.3	126.338	-0.0285714
0.3	-126.083	-0.0285714
0.3	78.5975	-0.0285714
0.3	-131.858	-0.0285714
0.3	-58.8631	-0.0285714
0.3	13.6602	-0.0285714
0.3	-49.5922	-0.0285714
0.3	170.234	-0.0285714
0.3	36.1622	-0.0285714
0.3	-90.3514	-0.0285714
0.3	130.16	-0.0285714
0.3	139.064	-0.0285714
0.3	119.583	-0.0285714
0.3	138.823	-0.0285714
0.3	-5.28702	-0.0285714
0.3	5.68007	-0.0285714
0.3	-136.318	-0.0285714
0.3	-2.66355	-0.0285714
0.3	34.5907	-0.0285714
0.3	99.3368	-0.0285714
0.3	-16.5783	-0.0285714
0.3	-21.0442	-0.0285714
0.3	14.6589	-0.0285714
0.3	-25.066	-0.0285714
0.3	-116.297	-0.0285714
0.3	70.1269	-0.0285714
0.3	-100.072	-0.0285714
0.3	-125.641	-0.0285714
0.3	147.726	-0.0285714
0.3	29.1347	-0.0285714
0.3	91.0696	-0.0285714
0.3	-31.0234	-0.0285714
0.3	-46.4315	-0.0285714
0.3	-22.6988	-0.0285714
0.3	-152.498	-0.0285714
0.3	-176.065	-0.0285714
0.3	-141.166	-0.0285714
0.3	-77.2648	-0.0285714
0.3	70.6423	-0.0285714
0.3	-32.1908	-0.0285714
0.3	-148.579	-0.0285714
0.3	-37.388	-0.0285714
0.3	42.8395	-0.0285714
0.3	-13.9884	-0.0285714
0.3	-176.001	-0.0285714
0.3	-150.325	-0.0285714
0.3	-145.723	-0.0285714
0.3	141.489	-0.0285714
0.3	-112.632	-0.0285714
0.3	29.2201	-0.0285714
0.3	16.4672	-0.0285714
0.3	30.7677	-0.0285714
0.3	144.239	-0.0285714
0.3	76.7705	-0.0285714
0.3	-130.142	-0.0285714
0.3	34.7547	-0.0285714
0.3	11.2589	-0.0285714
0.3	-160.515	-0.0285714
0.3	105.384	-0.0285714
0.3	34.3839	-0.0285714
0.3	-73.0119	-0.0285714
0.3	-130.793	-0.0285714
0.3	91.117	-0.0285714
0.3	-163.61	-0.0285714
0.3	144.277	-0.0285714
0.3	136.883	-0.0285714
0.3	45.0842	-0.0285714
0.3	70.7226	-0.0285714
0.3	113.402	-0.0285714
0.3	-72.3234	-0.0285714
0.3	42.657	-0.0285714
0.3	16.5724	-0.0285714
0.3	-10.3165	-0.0285714
0.3	5.24855	-0.0285714
0.3	-169.724	-0.0285714
0.3	-62.2619	-0.0285714
0.3	135.739	-0.0285714
0.3	57.243	-0.0285714
0.3	-96.7149	-0.0285714
0.3	61.1238	-0.0285714
0.3	9.52058	-0.0285714
0.3	-48.8751	-0.0285714
0.3	-122.932	-0.0285714
0.3	-75.6735	-0.0285714
0.3	175.416	-0.0285714
0.3	-0.722055	-0.0285714
0.3	88.4857	-0.0285714
0.3	155.191	-0.0285714
0.3	50.0453	-0.0285714
0.3	20.5546	-0.0285714
0.3	40.7361	-0.0285714
0.3	-95.2781	-0.0285714
0.3	46.1859	-0.0285714
0.3	89.7218	-0.0285714
0.3	-162.893	-0.0285714
0.3	10.636	-0.0285714
0.3	105.458	-0.0285714
0.3	126.765	-0.0285714
0.3	-145.305	-0.0285714
0.3	-98.1482	-0.0285714
0.3	-94.5019	-0.0285714
0.3	-19.9285	-0.0285714
0.3	-125.382	-0.0285714
0.3	-53.7695	-0.0285714
0.3	4.16785	-0.0285714
0.3	-102.383	-0.0285714
0.3	-117.297	-0.0285714
0.3	-168.462	-0.0285714
0.3	144.48	-0.0285714
0.3	-62.4944	-0.0285714
0.3	16.2453	-0.0285714
0.3	-110.419	-0.0285714
0.3	-99.6478	-0.0285714
0.3	60.8769	-0.0285714
0.3	-109.06	-0.0285714
0.3	-11.8013	-0.0285714
0.3	109.566	-0.0285714
0.3	-70.5344	-0.0285714
0.3	169.254	-0.0285714
0.3	-125.329	-0.0285714
0.3	-166.744	-0.0285714
0.3	-39.2359	-0.0285714
0.3	71.9496	-0.0285714
0.3	6.44405	-0.0285714
0.3	-147.209	-0.0285714
0.3	-140.069	-0.0285714
0.3	137.325	-0.0285714
0.3	-20.939	-0.0285714
0.3	39.4854	-0.0285714
0.3	-98.2082	-0.0285714
0.3	67.1505	-0.0285714
0.3	81.2437	-0.0285714
0.3	-175.774	-0.0285714
0.3	-67.3483	-0.0285714
0.3	145.463	-0.0285714
0.3	175.402	-0.0285714
0.3	90.4836	-0.0285714
0.3	128.632	-0.0285714
0.3	-173.955	-0.0285714
0.3	-170.917	-0.0285714
0.3	5.7903	-0.0285714
0.3	175.439	-0.0285714
0.3	-144.148	-0.0285714
0.3	153.065	-0.0285714
0.3	-107.081	-0.0285714
0.3	16.9282	-0.0285714
0.3	-100.808	-0.0285714
0.3	66.5064	-0.0285714
0.3	22.8917	-0.0285714
0.3	163.929	-0.0285714
0.3	74.1544	-0.0285714
0.3	150.155	-0.0285714
0.3	145.612	-0.0285714
0.3	122.458	-0.0285714
0.3	-160.901	-0.0285714
0.3	100.389	-0.0285714
0.3	-104.348	-0.0285714
0.3	90.9531	-0.0285714
0.3	-86.0038	-0.0285714
-0.25	57.5182	1
-0.25	-143.913	1
-0.25	-90.0937	1
-0.25	15.9527	1
-0.25	44.5695	1
-0.25	73.3229	1
-0.25	179.052	1
-0.25	45.9327	1
-0.25	98.28	1
-0.25	-157.344	1
-0.25	-2.97882	1
-0.25	58.2628	1
-0.25	99.3936	1
-0.25	-89.6894	1
-0.25	-140.1	1
-0.25	31.0515	1
-0.25	18.3581	1
-0.25	-69.9911	1
-0.25	119.868	1
-0.25	-15.199	1
-0.25	2.06436	1
-0.25	173.012	1
-0.25	-62.4924	1
-0.25	-140.321	1
-0.25	-141.626	1
-0.25	-158.663	1
-0.25	152.557	1
-0.25	-43.0137	1
-0.25	35.1798	1
-0.25	-169.549	1
-0.25	16.7602	1
-0.25	158.509	1
-0.25	64.6929	1
-0.25	-145.037	1
-0.25	-89.4356	1
-0.25	11.6116	1
-0.25	31.5561	1
-0.25	-41.5578	1
-0.25	81.2937	1
-0.25	-2.51349	1
-0.25	-95.6649	1
-0.25	-9.36266	1
-0.25	41.3618	1
-0.25	-36.1838	1
-0.25	8.58367	1
-0.25	87.5598	1
-0.25	-166.206	1
-0.25	138.829	1
-0.25	-113.699	1
-0.25	177.847	1
-0.25	100.275	1
-0.25	-102.332	1
-0.25	146.535	1
-0.25	-170.458	1
-0.25	-100.94	1
-0.25	-152.011	1
-0.25	55.7639	1
-0.25	-178.445	1
-0.25	-146.401	1
-0.25	122.995	1
-0.25	45.2586	1
-0.25	109.557	1
-0.25	-55.5815	1
-0.25	17.5784	1
-0.25	26.0111	1
-0.25	135.624	1
-0.25	80.472	1
-0.25	42.4839	1
-0.25	-51.2267	1
-0.25	-0.858784	1
-0.25	-100.429	1
-0.25	-160.188	1
-0.25	-153.323	1
-0.25	-10.2039	1
-0.25	87.4897	1
-0.25	115.965	1
-0.25	-12.8925	1
-0.25	112.178	1
-0.25	-77.8314	1
-0.25	-128.909	1
-0.25	42.5098	1
-0.25	172.288	1
-0.25	-167.479	1
-0.25	117.599	1
-0.25	-86.162	1
-0.25	-122.351	1
-0.25	-98.7654	1
-0.25	26.095	1
-0.25	-130.79	1
-0.25	141.18	1
-0.25	9.64176	1
-0.25	108.188	1
-0.25	-94.6963	1
-0.25	-145.686	1
-0.25	-62.0152	1
-0.25	165.455	1
-0.25	29.5082	1
-0.25	49.7407	1
-0.25	-69.6974	1
-0.25	-167.234	1
-0.25	-118.897	1
-0.25	165.173	1
-0.25	-122.626	1
-0.25	90.9554	1
-0.25	101.961	1
-0.25	44.3174	1
-0.25	-114.173	1
-0.25	172.938	1
-0.25	-84.0919	1
-0.25	-70.5878	1
-0.25	20.9499	1
-0.25	142.996	1
-0.25	105.227	1
-0.25	20.2077	1
-0.25	-92.3549	1
-0.25	-47.6679	1
-0.25	-158.832	1
-0.25	-105.492	-0.0285714
-0.25	102.735	-0.0285714
-0.25	-87.082	-0.0285714
-0.25	123.654	-0.0285714
-0.25	-150.709	-0.0285714
-0.25	-158.733	-0.0285714
-0.25	142.834	-0.0285714
-0.25	19.1784	-0.0285714
-0.25	161.818	-0.0285714
-0.25	49.5726	-0.0285714
-0.25	-76.0702	-0.0285714
-0.25	-33.6318	-0.0285714
-0.25	145.891	-0.0285714
-0.25	106.127	-0.0285714
-0.25	-30.9553	-0.0285714
-0.25	-108.322	-0.0285714
-0.25	94.38	-0.0285714
-0.25	100.28	-0.0285714
-0.25	113.3	-0.0285714
-0.25	-84.1655	-0.0285714
-0.25	-26.6021	-0.0285714
-0.25	95.3694	-0.0285714
-0.25	27.9903	-0.0285714
-0.25	-52.131	-0.0285714
-0.25	143.21	-0.0285714
-0.25	-35.6132	-0.0285714
-0.25	76.885	-0.0285714
-0.25	142.451	-0.0285714
-0.25	133.083	-0.0285714
-0.25	115.483	-0.0285714
-0.25	-101.892	-0.0285714
-0.25	-100.074	-0.0285714
-0.25	-53.2169	-0.0285714
-0.25	52.9517	-0.0285714
-0.25	-79.4934	-0.0285714
-0.25	-56.1167	-0.0285714
-0.25	123.832	-0.0285714
-0.25	-21.3238	-0.0285714
-0.25	86.6181	-0.0285714
-0.25	-64.974	-0.0285714
-0.25	79.2185	-0.0285714
-0.25	154.764	-0.0285714
-0.25	-10.7631	-0.0285714
-0.25	-133.624	-0.0285714
-0.25	54.2556	-0.0285714
-0.25	60.1762	-0.0285714
-0.25	-105.195	-0.0285714
-0.25	-170.071	-0.0285714
-0.25	-63.8277	-0.0285714
-0.25	-177.673	-0.0285714
-0.25	-118.961	-0.0285714
-0.25	151.8	-0.0285714
-0.25	14.0116	-0.0285714
-0.25	-91.8991	-0.0285714
-0.25	-154.031	-0.0285714
-0.25	-17.9388	-0.0285714
-0.25	-141.092	-0.0285714
-0.25	53.5216	-0.0285714
-0.25	-109.364	-0.0285714
-0.25	128.704	-0.0285714
-0.25	102.539	-0.0285714
-0.25	-75.9125	-0.0285714
-0.25	96.4796	-0.0285714
-0.25	157.533	-0.0285714
-0.25	-33.0755	-0.0285714
-0.25	6.2013	-0.0285714
-0.25	-61.5259	-0.0285714
-0.25	-18.9104	-0.0285714
-0.25	134.476	-0.0285714
-0.25	86.5035	-0.0285714
-0.25	143.389	-0.0285714
-0.25	-17.6169	-0.0285714
-0.25	44.4008	-0.0285714
-0.25	80.2607	-0.0285714
-0.25	-42.118	-0.0285714
-0.25	179.664	-0.0285714
-0.25	100.493	-0.0285714
-0.25	-40.7725	-0.0285714
-0.25	-15.8797	-0.0285714
-0.25	-89.3033	-0.0285714
-0.25	79.001	-0.0285714
-0.25	30.8908	-0.0285714
-0.25	-3.99683	-0.0285714
-0.25	26.138	-0.0285714
-0.25	-139.552	-0.0285714
-0.25	-116.914	-0.0285714
-0.25	-28.1558	-0.0285714
-0.25	45.5698	-0.0285714
-0.25	-38.1211	-0.0285714
-0.25	-70.5869	-0.0285714
-0.25	-139.307	-0.0285714
-0.25	-179.675	-0.0285714
-0.25	147.653	-0.0285714
-0.25	-117.053	-0.0285714
-0.25	45.5238	-0.0285714
-0.25	26.5609	-0.0285714
-0.25	-35.8306	-0.0285714
-0.25	150.082	-0.0285714
-0.25	-14.3438	-0.0285714
-0.25	-168.019	-0.0285714
-0.25	75.3429	-0.0285714
-0.25	-175.254	-0.0285714
-0.25	-90.8095	-0.0285714
-0.25	-107.939	-0.0285714
-0.25	-89.5163	-0.0285714
-0.25	-43.1723	-0.0285714
-0.25	91.8867	-0.0285714
-0.25	122.172	-0.0285714
-0.25	112.916	-0.0285714
-0.25	19.0801	-0.0285714
-0.25	102.665	-0.0285714
-0.25	-79.6136	-0.0285714
-0.25	-33.1247	-0.0285714
-0.25	119.901	-0.0285714
-0.25	-70.1123	-0.0285714
-0.25	-79.756	-0.0285714
-0.25	93.8457	-0.0285714
-0.25	155.598	-0.0285714
-0.25	-162.415	-0.0285714
-0.25	75.2692	-0.0285714
-0.25	164.832	-0.0285714
-0.25	131.935	-0.0285714
-0.25	-39.0737	-0.0285714
-0.25	148.218	-0.0285714
-0.25	153.485	-0.0285714
-0.25	-151.944	-0.0285714
-0.25	40.0057	-0.0285714
-0.25	150.093	-0.0285714
-0.25	150.845	-0.0285714
-0.25	122.151	-0.0285714
-0.25	-177.789	-0.0285714
-0.25	-116.024	-0.0285714
-0.25	129.371	-0.0285714
-0.25	-123.477	-0.0285714
-0.25	58.2221	-0.0285714
-0.25	153.491	-0.0285714
-0.25	70.5191	-0.0285714
-0.25	-70.6672	-0.0285714
-0.25	-90.8815	-0.0285714
-0.25	-101.648	-0.0285714
-0.25	-78.0572	-0.0285714
-0.25	163.544	-0.0285714
-0.25	-51.9064	-0.0285714
-0.25	-124.97	-0.0285714
-0.25	-27.7666	-0.0285714
-0.25	-94.8693	-0.0285714
-0.25	114.557	-0.0285714
-0.25	129.749	-0.0285714
-0.25	97.1553	-0.0285714
-0.25	36.1777	-0.0285714
-0.25	-86.0895	-0.0285714
-0.25	-29.0908	-0.0285714
-0.25	-145.974	-0.0285714
-0.25	19.3502	-0.0285714
-0.25	103.349	-0.0285714
-0.25	118.447	-0.0285714
-0.25	-148.347	-0.0285714
-0.25	79.2231	-0.0285714
-0.25	132.5	-0.0285714
-0.25	105.101	-0.0285714
-0.25	-110.742	-0.0285714
-0.25	58.0687	-0.0285714
-0.25	99.4854	-0.0285714
-0.25	2.52898	-0.0285714
-0.25	98.752	-0.0285714
-0.25	-26.1028	-0.0285714
-0.25	-84.4874	-0.0285714
-0.25	-53.1578	-0.0285714
-0.25	-100.887	-0.0285714
-0.25	40.1727	-0.0285714
-0.25	-96.5867	-0.0285714
-0.25	-22.9575	-0.0285714
-0.25	-1.6618	-0.0285714
-0.25	76.2443	-0.0285714
-0.25	55.1843	-0.0285714
-0.25	-2.00419	-0.0285714
-0.25	-177.479	-0.0285714
-0.25	-129.45	-0.0285714
-0.25	144.804	-0.0285714
-0.25	131.097	-0.0285714
-0.25	47.0871	-0.0285714
-0.25	97.9525	-0.0285714
-0.25	106.225	-0.0285714
-0.25	101.583	-0.0285714
-0.25	-155.749	-0.0285714
-0.25	61.2946	-0.0285714
-0.25	145.925	-0.0285714
-0.25	-71.0778	-0.0285714
-0.25	-9.42999	-0.0285714
-0.25	-44.9854	-0.0285714
-0.25	18.4788	-0.0285714
-0.25	-115.627	-0.0285714
-0.25	69.7076	-0.0285714
-0.25	-176.394	-0.0285714
-0.25	20.2677	-0.0285714
-0.25	-89.9959	-0.0285714
-0.25	-168.826	-0.0285714
-0.25	-175.495	-0.0285714
-0.25	-65.2073	-0.0285714
-0.25	9.28276	-0.0285714
-0.25	131.657	-0.0285714
-0.25	73.8238	-0.0285714
-0.25	-9.84594	-0.0285714
-0.25	61.0346	-0.0285714
-0.25	-166.627	-0.0285714
-0.25	-81.5425	-0.0285714
-0.25	42.7415	-0.0285714
0.3	-76.239	1
0.3	167.857	1
0.3	-125.677	1
0.3	-31.121	1
0.3	120.392	1
0.3	-147.619	1
0.3	-26.4073	1
0.3	52.5962	1
0.3	36.0762	1
0.3	21.4683	1
0.3	-158.432	1
0.3	-90.1243	1
0.3	151.408	1
0.3	-128.706	1
0.3	-165.356	1
0.3	42.533	1
0.3	139.279	1
0.3	-2.86038	1
0.3	95.4792	1
0.3	4.41898	1
0.3	66.8871	1
0.3	76.7189	1
0.3	24.2414	1
0.3	138.382	1
0.3	77.2762	1
0.3	-158.153	1
0.3	129.506	1
0.3	-102.328	1
0.3	84.9506	1
0.3	28.6537	1
0.3	-74.3156	1
0.3	94.6093	1
0.3	29.6944	1
0.3	64.5424	1
0.3	96.075	1
0.3	55.9231	1
0.3	163.258	1
0.3	-178.633	1
0.3	-83.5225	1
0.3	-133.293	1
0.3	96.8942	1
0.3	59.6913	1
0.3	115.4	1
0.3	91.7596	1
0.3	146.591	1
0.3	119.888	1
0.3	-103.173	1
0.3	124.551	1
0.3	1.15737	1
0.3	-68.9436	1
0.3	-73.1137	1
0.3	-55.9849	1
0.3	-128.579	1
0.3	-53.3475	1
0.3	45.0174	1
0.3	-1.75689	1
0.3	-49.8241	1
0.3	106.894	1
0.3	38.6955	1
0.3	-163.989	1
0.3	39.9061	1
0.3	-7.41129	1
0.3	-67.7849	1
0.3	-81.9138	1
0.3	18.2251	1
0.3	122.214	1
0.3	-12.3415	1
0.3	69.6611	1
0.3	-62.7891	1
0.3	153.682	1
0.3	143.032	1
0.3	32.7094	1
0.3	-78.5493	1
0.3	-4.10936	1
0.3	138.032	1
0.3	-9.02275	1
0.3	47.0436	1
0.3	-86.9288	1
0.3	70.761	1
0.3	-131.156	1
0.3	-116.862	1
0.3	-137.497	1
0.3	150.139	1
0.3	45.9894	1
0.3	-19.5616	1
0.3	30.4286	1
0.3	147.852	1
0.3	-149.212	1
0.3	120.466	1
0.3	102.836	1
0.3	44.5967	1
0.3	10.8026	1
0.3	100.099	1
0.3	71.8694	1
0.3	-58.6773	1
0.3	-51.1027	1
0.3	152.468	1
0.3	95.201	1
0.3	-32.9264	1
0.3	16.73	1
0.3	46.6677	1
0.3	167.425	1
0.3	-19.0774	1
0.3	48.994	1
0.3	-1.54783	1
0.3	-132.465	1
0.3	116.484	1
0.3	117.859	1
0.3	-158.287	1
0.3	-80.3157	1
0.3	56.2662	1
0.3	-77.65	1
0.3	-83.8644	1
0.3	-179.862	1
0.3	-150.96	1
0.3	121.063	1
0.3	-113.006	1
0.3	66.3878	1
0.3	103.728	1
0.3	162.398	1
0.3	-116.726	1
0.3	68.3337	1
0.3	103.781	1
0.3	-175.399	1
0.3	-82.9623	1
0.3	-126.537	1
0.3	41.2367	1
0.3	146.62	1
0.3	-60.5626	1
0.3	-104.544	1
0.3	-133.839	1
0.3	-15.7354	1
0.3	74.4409	1
0.3	-76.3231	1
0.3	130.831	1
0.3	-178.43	1
0.3	-3.91278	1
0.3	24.8084	1
0.3	118.582	1
0.3	12.5295	1
0.3	117.983	1
0.3	-169.468	1
0.3	-48.6466	1
0.3	-155.009	1
0.3	-20.8566	-0.052381
0.3	27.0355	-0.052381
0.3	-77.9545	-0.052381
0.3	3.71012	-0.052381
0.3	-166.077	-0.052381
0.3	69.1564	-0.052381
0.3	-6.26405	-0.052381
0.3	-82.2789	-0.052381
0.3	27.0161	-0.052381
0.3	27.1396	-0.052381
0.3	-38.5382	-0.052381
0.3	-95.4506	-0.052381
0.3	-16.7002	-0.052381
0.3	-127.268	-0.052381
0.3	-16.7224	-0.052381
0.3	109.506	-0.052381
0.3	3.20498	-0.052381
0.3	-99.1018	-0.052381
0.3	67.8989	-0.052381
0.3	-71.3359	-0.052381
0.3	117.487	-0.052381
0.3	-37.1407	-0.052381
0.3	-63.9774	-0.052381
0.3	164.745	-0.052381
0.3	-96.0674	-0.052381
0.3	-63.4562	-0.052381
0.3	-69.0118	-0.052381
0.3	-121.196	-0.052381
0.3	41.4357	-0.052381
0.3	46.9964	-0.052381
0.3	-7.21548	-0.052381
0.3	-96.7868	-0.052381
0.3	49.7157	-0.052381
0.3	-147.724	-0.052381
0.3	-74.4137	-0.052381
0.3	-39.9964	-0.052381
0.3	130.002	-0.052381
0.3	126.615	-0.052381
0.3	-95.1086	-0.052381
0.3	-94.5246	-0.052381
0.3	51.2045	-0.052381
0.3	84.9622	-0.052381
0.3	-162.064	-0.052381
0.3	65.9957	-0.052381
0.3	-4.39704	-0.052381
0.3	108.494	-0.052381
0.3	-23.4819	-0.052381
0.3	-36.539	-0.052381
0.3	15.2709	-0.052381
0.3	142.795	-0.052381
0.3	-66.3403	-0.052381
0.3	40.7952	-0.052381
0.3	-177.387	-0.052381
0.3	-149.706	-0.052381
0.3	-70.2826	-0.052381
0.3	-41.8971	-0.052381
0.3	66.7243	-0.052381
0.3	120.64	-0.052381
0.3	-151.993	-0.052381
0.3	33.182	-0.052381
0.3	-59.5489	-0.052381
0.3	-150.066	-0.052381
0.3	-156.629	-0.052381
0.3	107.012	-0.052381
0.3	-31.8715	-0.052381
0.3	-8.3174	-0.052381
0.3	90.4469	-0.052381
0.3	80.0961	-0.052381
0.3	-45.6705	-0.052381
0.3	-178.026	-0.052381
0.3	-124.763	-0.052381
0.3	79.3875	-0.052381
0.3	100.63	-0.052381
0.3	-22.3729	-0.052381
0.3	-55.1676	-0.052381
0.3	85.9646	-0.052381
0.3	-38.3305	-0.052381
0.3	-144.963	-0.052381
0.3	2.89686	-0.052381
0.3	-71.4205	-0.052381
0.3	70.1653	-0.052381
0.3	87.7835	-0.052381
0.3	52.8369	-0.052381
0.3	28.3255	-0.052381
0.3	29.3589	-0.052381
0.3	-142.801	-0.052381
0.3	-138.202	-0.052381
0.3	-37.0121	-0.052381
0.3	1.39676	-0.052381
0.3	-167.722	-0.052381
0.3	-156.64	-0.052381
0.3	-25.3986	-0.052381
0.3	-179.71	-0.052381
0.3	58.697	-0.052381
0.3	-151.215	-0.052381
0.3	-33.862	-0.052381
0.3	172.675	-0.052381
0.3	-15.2631	-0.052381
0.3	-142.106	-0.052381
0.3	120.049	-0.052381
0.3	28.3607	-0.052381
0.3	35.6932	-0.052381
0.3	-63.6096	-0.052381
0.3	24.1106	-0.052381
0.3	-58.6169	-0.052381
0.3	-109.331	-0.052381
0.3	171.76	-0.052381
0.3	-140.664	-0.052381
0.3	38.0794	-0.052381
0.3	-82.0854	-0.052381
0.3	-54.7341	-0.052381
0.3	138.761	-0.052381
0.3	-55.5366	-0.052381
0.3	171.999	-0.052381
0.3	37.3564	-0.052381
0.3	-174.402	-0.052381
0.3	-31.1018	-0.052381
0.3	-55.9817	-0.052381
0.3	-116.92	-0.052381
0.3	15.3159	-0.052381
0.3	-141.541	-0.052381
0.3	-101.371	-0.052381
0.3	-73.8893	-0.052381
0.3	96.2749	-0.052381
0.3	-19.8677	-0.052381
0.3	-63.8365	-0.052381
0.3	101.063	-0.052381
0.3	48.5415	-0.052381
0.3	2.00325	-0.052381
0.3	-145.98	-0.052381
0.3	-139.852	-0.052381
0.3	-52.6422	-0.052381
0.3	179.337	-0.052381
0.3	-166.601	-0.052381
0.3	53.737	-0.052381
0.3	-154.274	-0.052381
0.3	141.144	-0.052381
0.3	-95.2733	-0.052381
-0.25	45.3469	1
-0.25	-165.756	1
-0.25	2.16019	1
-0.25	176.805	1
-0.25	69.645	1
-0.25	177.735	1
-0.25	178.787	1
-0.25	24.815	1
-0.25	-25.2146	1
-0.25	-117.305	1
-0.25	79.6727	1
-0.25	25.2546	1
-0.25	135.634	1
-0.25	-169.91	1
-0.25	-25.5418	1
-0.25	-122.509	1
-0.25	-98.6338	1
-0.25	113.835	1
-0.25	-17.185	1
-0.25	-25.9116	1
-0.25	138.41	1
-0.25	-122.554	1
-0.25	80.0238	1
-0.25	-120.577	1
-0.25	-89.847	1
-0.25	-154.028	1
-0.25	2.41163	1
-0.25	-49.2041	1
-0.25	-102.932	1
-0.25	115.891	1
-0.25	-175.385	1
-0.25	50.3512	1
-0.25	-7.83157	1
-0.25	171.58	1
-0.25	22.7517	1
-0.25	-116.127	1
-0.25	30.665	1
-0.25	-53.5218	1
-0.25	156.514	1
-0.25	26.5036	1
-0.25	-119.944	1
-0.25	-71.7182	1
-0.25	146.049	1
-0.25	154.66	1
-0.25	-125.625	1
-0.25	-168.103	1
-0.25	52.3265	1
-0.25	-123.239	1
-0.25	-66.1598	1
-0.25	40.0759	1
-0.25	88.1147	1
-0.25	108.94	1
-0.25	-131.665	1
-0.25	39.6611	1
-0.25	-0.583258	1
-0.25	-144.546	1
-0.25	8.13212	1
-0.25	-165.463	1
-0.25	58.7855	1
-0.25	91.5554	1
-0.25	-129.013	1
-0.25	-112.65	1
-0.25	-130.081	1
-0.25	31.4165	1
-0.25	-114.226	1
-0.25	-110.449	1
-0.25	-134.932	1
-0.25	16.0259	1
-0.25	-172.753	1
-0.25	-86.2035	1
-0.25	174.956	1
-0.25	137.212	1
-0.25	-147.505	1
-0.25	-84.8439	1
-0.25	-156.443	1
-0.25	144.99	1
-0.25	35.6954	1
-0.25	-18.3441	1
-0.25	79.0235	1
-0.25	-152.804	1
-0.25	-154.168	1
-0.25	4.74629	1
-0.25	-31.4262	1
-0.25	78.9542	1
-0.25	51.1622	1
-0.25	-152.618	1
-0.25	-124.459	1
-0.25	65.8291	1
-0.25	-138.696	1
-0.25	70.8642	1
-0.25	-27.3446	1
-0.25	-1.45029	1
-0.25	156.707	1
-0.25	83.735	1
-0.25	148.368	1
-0.25	-114.346	1
-0.25	-53.5618	1
-0.25	-39.654	1
-0.25	141.83	1
-0.25	-54.5934	1
-0.25	82.8859	1
-0.25	50.627	1
-0.25	5.98632	1
-0.25	-42.2365	1
-0.25	138.56	1
-0.25	-70.5218	1
-0.25	26.4984	1
-0.25	40.8392	1
-0.25	-67.571	1
-0.25	-5.55096	1
-0.25	169.092	1
-0.25	48.6648	1
-0.25	109.156	1
-0.25	44.8641	1
-0.25	-106.923	1
-0.25	-76.8117	1
-0.25	178.921	1
-0.25	132.838	-0.052381
-0.25	13.5096	-0.052381
-0.25	51.3992	-0.052381
-0.25	-25.2307	-0.052381
-0.25	87.9196	-0.052381
-0.25	-28.4788	-0.052381
-0.25	114.743	-0.052381
-0.25	-82.7398	-0.052381
-0.25	84.9002	-0.052381
-0.25	-86.8544	-0.052381
-0.25	151.95	-0.052381
-0.25	-153.994	-0.052381
-0.25	157.805	-0.052381
-0.25	130.176	-0.052381
-0.25	143.991	-0.052381
-0.25	168.847	-0.052381
-0.25	-134.959	-0.052381
-0.25	-66.9119	-0.052381
-0.25	-17.2383	-0.052381
-0.25	-19.4296	-0.052381
-0.25	142.77	-0.052381
-0.25	-9.76436	-0.052381
-0.25	-9.79476	-0.052381
-0.25	-154.741	-0.052381
-0.25	148.798	-0.052381
-0.25	-113.266	-0.052381
-0.25	175.912	-0.052381
-0.25	127.439	-0.052381
-0.25	-169.773	-0.052381
-0.25	167.205	-0.052381
-0.25	38.6741	-0.052381
-0.25	-26.5774	-0.052381
-0.25	-63.2621	-0.052381
-0.25	95.6747	-0.052381
-0.25	-144.961	-0.052381
-0.25	-32.8274	-0.052381
-0.25	-120.974	-0.052381
-0.25	169.353	-0.052381
-0.25	-44.9943	-0.052381
-0.25	5.80721	-0.052381
-0.25	99.1515	-0.052381
-0.25	-100.827	-0.052381
-0.25	-99.129	-0.052381
-0.25	171.066	-0.052381
-0.25	128.653	-0.052381
-0.25	-147.919	-0.052381
-0.25	79.0723	-0.052381
-0.25	-6.11974	-0.052381
-0.25	-13.6578	-0.052381
-0.25	161.966	-0.052381
-0.25	90.0388	-0.052381
-0.25	-121.723	-0.052381
-0.25	-1.87968	-0.052381
-0.25	-61.7259	-0.052381
-0.25	-131.352	-0.052381
-0.25	2.12987	-0.052381
-0.25	24.3497	-0.052381
-0.25	25.3683	-0.052381
-0.25	-26.0805	-0.052381
-0.25	101.379	-0.052381
-0.25	-135.157	-0.052381
-0.25	61.9403	-0.052381
-0.25	118.985	-0.052381
-0.25	123.114	-0.052381
-0.25	178.782	-0.052381
-0.25	-179.189	-0.052381
-0.25	139.492	-0.052381
-0.25	36.466	-0.052381
-0.25	-15.2154	-0.052381
-0.25	60.1187	-0.052381
-0.25	-127.187	-0.052381
-0.25	106.407	-0.052381
-0.25	127.714	-0.052381
-0.25	117.145	-0.052381
-0.25	-139.792	-0.052381
-0.25	-47.501	-0.052381
-0.25	-39.9177	-0.052381
-0.25	161.062	-0.052381
-0.25	60.206	-0.052381
-0.25	-42.97	-0.052381
-0.25	36.5577	-0.052381
-0.25	26.5155	-0.052381
-0.25	147.861	-0.052381
-0.25	-77.8928	-0.052381
-0.25	-63.0393	-0.052381
-0.25	101.986	-0.052381
-0.25	75.2196	-0.052381
-0.25	101.746	-0.052381
-0.25	111.243	-0.052381
-0.25	57.8482	-0.052381
-0.25	18.4621	-0.052381
-0.25	65.6339	-0.052381
-0.25	-163.793	-0.052381
-0.25	53.9429	-0.052381
-0.25	-9.50383	-0.052381
-0.25	154.731	-0.052381
-0.25	-159.63	-0.052381
-0.25	105.699	-0.052381
-0.25	-115.78	-0.052381
-0.25	113.702	-0.052381
-0.25	-2.87953	-0.052381
-0.25	1.98818	-0.052381
-0.25	-150.151	-0.052381
-0.25	-119.588	-0.052381
-0.25	-94.1956	-0.052381
-0.25	127.821	-0.052381
-0.25	56.7854	-0.052381
-0.25	165.152	-0.052381
-0.25	-81.2485	-0.052381
-0.25	-158.589	-0.052381
-0.25	-107.358	-0.052381
-0.25	-29.5055	-0.052381
-0.25	-144.36	-0.052381
