pol.	phi	weight
0.3	-43.2882	1
0.3	-83.3343	1
0.3	122.978	1
0.3	-64.2017	1
0.3	-167.17	1
0.3	113.61	1
0.3	139.542	1
0.3	-141.951	1
0.3	-6.1494	1
0.3	106.728	1
0.3	-110.138	1
0.3	141.739	1
0.3	-111.999	1
0.3	20.2916	1
0.3	85.8841	1
0.3	176.247	1
0.3	-31.8043	1
0.3	-14.6888	1
0.3	-60.2961	1
0.3	-159.456	1
0.3	132.771	1
0.3	86.1088	1
0.3	150.717	1
0.3	-13.0002	1
0.3	126.525	1
0.3	59.9513	1
0.3	-161.036	1
0.3	148.922	1
0.3	122.481	1
0.3	2.93556	1
0.3	-45.7959	1
0.3	63.3097	1
0.3	156.346	1
0.3	100.353	1
0.3	8.26076	1
0.3	-57.7251	1
0.3	-107.884	1
0.3	-144.989	1
0.3	95.7096	1
0.3	-69.202	1
0.3	161.501	1
0.3	3.75334	1
0.3	102.065	1
0.3	-119.782	1
0.3	-28.9563	1
0.3	20.8015	1
0.3	-31.7425	1
0.3	168.399	1
0.3	46.9779	1
0.3	172.285	1
0.3	-116.153	1
0.3	-20.7675	1
0.3	-104.006	1
0.3	146.238	1
0.3	39.0591	1
0.3	-41.8963	1
0.3	-161.547	1
0.3	-58.1173	1
0.3	-56.8344	1
0.3	-109.227	1
0.3	-15.7838	1
0.3	161.054	1
0.3	33.5213	1
0.3	102.236	1
0.3	-116.945	1
0.3	6.16959	1
0.3	-36.2043	1
0.3	162.019	1
0.3	-27.3753	1
0.3	141.687	1
0.3	-179.539	1
0.3	92.2857	1
0.3	-47.9723	1
0.3	109.187	1
0.3	115.37	1
0.3	-49.0972	1
0.3	170.407	1
0.3	169.64	1
0.3	-59.4992	1
0.3	-89.0085	1
0.3	164.961	1
0.3	-104.814	1
0.3	80.4618	1
0.3	119.905	1
0.3	9.34106	1
0.3	-20.3448	1
0.3	61.5564	1
0.3	24.207	1
0.3	-99.6173	1
0.3	151.098	1
0.3	-18.7836	1
0.3	-173.866	1
0.3	-13.6674	1
0.3	122.788	1
0.3	-161.024	1
0.3	69.5962	1
0.3	121.225	1
0.3	-77.1038	1
0.3	-127.584	1
0.3	77.4841	1
0.3	84.3289	1
0.3	-0.652593	1
0.3	-91.9115	1
0.3	154.996	1
0.3	-51.7064	1
0.3	140.615	1
0.3	-90.7272	1
0.3	5.24326	1
0.3	38.6737	1
0.3	32.5466	1
0.3	-135.399	1
0.3	-120.556	1
0.3	-31.5072	1
0.3	82.9111	1
0.3	-131.943	1
0.3	5.12318	1
0.3	-123.299	1
0.3	105.297	1
0.3	103.042	1
0.3	-19.6961	1
0.3	-93.5832	1
0.3	147.136	1
0.3	-165.15	1
0.3	54.9192	1
0.3	8.80941	1
0.3	126.213	1
0.3	-41.7549	1
0.3	61.4615	1
0.3	-64.5894	1
0.3	-81.7236	1
0.3	177.103	1
0.3	19.3995	1
0.3	105.512	1
0.3	80.0103	1
0.3	-22.9213	1
0.3	-37.7443	1
0.3	-175.056	1
0.3	18.9335	1
0.3	33.4086	1
0.3	40.1366	1
0.3	158.905	1
0.3	-68.3632	-0.0714286
0.3	-90.8386	-0.0714286
0.3	67.628	-0.0714286
0.3	-70.0287	-0.0714286
0.3	48.5312	-0.0714286
0.3	58.2807	-0.0714286
0.3	-93.5815	-0.0714286
0.3	6.79841	-0.0714286
0.3	-99.911	-0.0714286
0.3	-32.0355	-0.0714286
0.3	149.946	-0.0714286
0.3	-49.4373	-0.0714286
0.3	179.895	-0.0714286
0.3	8.59085	-0.0714286
0.3	51.0679	-0.0714286
0.3	-54.9762	-0.0714286
0.3	-27.9264	-0.0714286
0.3	85.0414	-0.0714286
0.3	-109.059	-0.0714286
0.3	-12.3847	-0.0714286
0.3	-33.1192	-0.0714286
0.3	8.23674	-0.0714286
0.3	-176.267	-0.0714286
0.3	35.4449	-0.0714286
0.3	146.497	-0.0714286
0.3	90.162	-0.0714286
0.3	-74.1526	-0.0714286
0.3	-31.9904	-0.0714286
0.3	-108.378	-0.0714286
0.3	-68.0794	-0.0714286
0.3	74.1434	-0.0714286
0.3	-26.5052	-0.0714286
0.3	-150.907	-0.0714286
0.3	-93.2589	-0.0714286
0.3	162.714	-0.0714286
0.3	-25.9465	-0.0714286
0.3	-10.5382	-0.0714286
0.3	28.1636	-0.0714286
0.3	116.923	-0.0714286
0.3	151.474	-0.0714286
0.3	-23.3644	-0.0714286
0.3	81.3262	-0.0714286
0.3	-61.1755	-0.0714286
0.3	7.97826	-0.0714286
0.3	-2.25513	-0.0714286
0.3	-59.5797	-0.0714286
0.3	-159.15	-0.0714286
0.3	-63.1092	-0.0714286
0.3	34.3767	-0.0714286
0.3	-17.632	-0.0714286
0.3	26.4369	-0.0714286
0.3	65.8779	-0.0714286
0.3	-179.418	-0.0714286
0.3	-105.973	-0.0714286
0.3	22.288	-0.0714286
0.3	49.7653	-0.0714286
0.3	27.9914	-0.0714286
0.3	99.9006	-0.0714286
0.3	74.6757	-0.0714286
0.3	122.021	-0.0714286
0.3	91.206	-0.0714286
0.3	-151.459	-0.0714286
0.3	-28.2594	-0.0714286
0.3	117.408	-0.0714286
0.3	-87.1395	-0.0714286
0.3	177.704	-0.0714286
0.3	-103.837	-0.0714286
0.3	132.545	-0.0714286
0.3	159.917	-0.0714286
0.3	-125.912	-0.0714286
0.3	110.437	-0.0714286
0.3	-30.4967	-0.0714286
0.3	-158.559	-0.0714286
0.3	158.19	-0.0714286
0.3	-151.124	-0.0714286
0.3	-171.563	-0.0714286
0.3	162.904	-0.0714286
0.3	-81.1602	-0.0714286
0.3	118.116	-0.0714286
0.3	79.9704	-0.0714286
0.3	105.04	-0.0714286
0.3	-60.2186	-0.0714286
0.3	-137.488	-0.0714286
0.3	9.74372	-0.0714286
0.3	-141.488	-0.0714286
0.3	-151.4	-0.0714286
0.3	-153.094	-0.0714286
0.3	84.3701	-0.0714286
0.3	-171.837	-0.0714286
0.3	-172.635	-0.0714286
0.3	-101.396	-0.0714286
0.3	22.2099	-0.0714286
0.3	-50.2106	-0.0714286
0.3	32.4543	-0.0714286
0.3	-169.664	-0.0714286
0.3	115.481	-0.0714286
0.3	88.3062	-0.0714286
0.3	-62.3271	-0.0714286
0.3	60.8605	-0.0714286
-0.25	-72.9222	1
-0.25	51.4818	1
-0.25	-155.56	1
-0.25	134.254	1
-0.25	46.6313	1
-0.25	158.509	1
-0.25	-43.4354	1
-0.25	-132.063	1
-0.25	78.0017	1
-0.25	-50.4624	1
-0.25	104.944	1
-0.25	-50.5104	1
-0.25	139.343	1
-0.25	-110.684	1
-0.25	41.3341	1
-0.25	78.3866	1
-0.25	-109.804	1
-0.25	42.7138	1
-0.25	94.7304	1
-0.25	-63.0506	1
-0.25	-9.89174	1
-0.25	45.7553	1
-0.25	30.007	1
-0.25	-78.4029	1
-0.25	-151.062	1
-0.25	117.964	1
-0.25	155.396	1
-0.25	86.8505	1
-0.25	-64.183	1
-0.25	106.103	1
-0.25	106.375	1
-0.25	-59.2381	1
-0.25	-135.286	1
-0.25	-16.0515	1
-0.25	29.3625	1
-0.25	155.732	1
-0.25	-104.522	1
-0.25	-2.20998	1
-0.25	-36.6561	1
-0.25	9.56153	1
-0.25	-81.1602	1
-0.25	-129.606	1
-0.25	-131.989	1
-0.25	41.0335	1
-0.25	-8.71387	1
-0.25	-42.3932	1
-0.25	-60.2244	1
-0.25	10.8328	1
-0.25	-50.6554	1
-0.25	171.063	1
-0.25	39.8738	1
-0.25	38.7081	1
-0.25	37.3208	1
-0.25	-92.9307	1
-0.25	132.975	1
-0.25	26.5935	1
-0.25	113.1	1
-0.25	85.7984	1
-0.25	59.6922	1
-0.25	43.0257	1
-0.25	21.0656	1
-0.25	-13.656	1
-0.25	109.87	1
-0.25	-139.975	1
-0.25	-82.6028	1
-0.25	117.717	1
-0.25	-174.313	1
-0.25	-23.2067	1
-0.25	166.391	1
-0.25	-37.6425	1
-0.25	17.6885	1
-0.25	38.8767	1
-0.25	177.792	1
-0.25	2.24618	1
-0.25	122.393	1
-0.25	37.7082	1
-0.25	178.859	1
-0.25	174.025	1
-0.25	49.6277	1
-0.25	81.7144	1
-0.25	-117.748	1
-0.25	14.5098	1
-0.25	25.2487	1
-0.25	-140.144	1
-0.25	123.787	1
-0.25	-95.8757	1
-0.25	-11.5661	1
-0.25	-33.481	1
-0.25	-152.468	1
-0.25	55.3982	1
-0.25	168.981	1
-0.25	-178.424	1
-0.25	102.581	1
-0.25	-156.511	1
-0.25	-26.01	1
-0.25	-35.8812	1
-0.25	-4.76447	1
-0.25	81.8639	1
-0.25	-114.211	1
-0.25	-12.2775	1
-0.25	-174.753	1
-0.25	128.127	1
-0.25	132.283	1
-0.25	46.8417	1
-0.25	-110.022	1
-0.25	22.7912	1
-0.25	137.01	1
-0.25	173.176	1
-0.25	63.7358	1
-0.25	118.8	1
-0.25	-36.0522	1
-0.25	-172.167	-0.0714286
-0.25	20.0924	-0.0714286
-0.25	0.00675994	-0.0714286
-0.25	-3.2352	-0.0714286
-0.25	90.9306	-0.0714286
-0.25	-36.4672	-0.0714286
-0.25	170.499	-0.0714286
-0.25	159.985	-0.0714286
-0.25	-125.237	-0.0714286
-0.25	0.597383	-0.0714286
-0.25	162.376	-0.0714286
-0.25	-85.5716	-0.0714286
-0.25	114.734	-0.0714286
-0.25	31.1623	-0.0714286
-0.25	34.0712	-0.0714286
-0.25	115.472	-0.0714286
-0.25	17.7454	-0.0714286
-0.25	-111.203	-0.0714286
-0.25	102.226	-0.0714286
-0.25	-32.2676	-0.0714286
-0.25	-134.528	-0.0714286
-0.25	-97.3476	-0.0714286
-0.25	-75.4109	-0.0714286
-0.25	107.027	-0.0714286
-0.25	137.951	-0.0714286
-0.25	-110.846	-0.0714286
-0.25	154.196	-0.0714286
-0.25	-100.638	-0.0714286
-0.25	-75.4117	-0.0714286
-0.25	-15.8618	-0.0714286
-0.25	37.1418	-0.0714286
-0.25	124.4	-0.0714286
-0.25	-57.755	-0.0714286
-0.25	-55.2011	-0.0714286
-0.25	177.346	-0.0714286
-0.25	147.584	-0.0714286
-0.25	161.385	-0.0714286
-0.25	8.92775	-0.0714286
-0.25	54.6762	-0.0714286
-0.25	-134.768	-0.0714286
-0.25	141.745	-0.0714286
-0.25	-90.9427	-0.0714286
-0.25	154.903	-0.0714286
-0.25	-123.308	-0.0714286
-0.25	9.48159	-0.0714286
-0.25	33.2699	-0.0714286
-0.25	-120.071	-0.0714286
-0.25	-141.522	-0.0714286
-0.25	144.279	-0.0714286
-0.25	-176.037	-0.0714286
-0.25	-111.028	-0.0714286
-0.25	111.126	-0.0714286
-0.25	-162.771	-0.0714286
-0.25	-44.6256	-0.0714286
-0.25	-172.753	-0.0714286
-0.25	-45.0842	-0.0714286
-0.25	-118.286	-0.0714286
-0.25	-138.874	-0.0714286
-0.25	-79.1459	-0.0714286
-0.25	56.6162	-0.0714286
-0.25	-19.7025	-0.0714286
-0.25	34.2491	-0.0714286
-0.25	-2.4487	-0.0714286
-0.25	90.5587	-0.0714286
-0.25	-59.0128	-0.0714286
-0.25	135.681	-0.0714286
-0.25	-173.878	-0.0714286
-0.25	-49.4632	-0.0714286
-0.25	-155.054	-0.0714286
-0.25	-56.3497	-0.0714286
-0.25	100.465	-0.0714286
-0.25	-81.355	-0.0714286
-0.25	-10.8619	-0.0714286
-0.25	-141.609	-0.0714286
-0.25	140.974	-0.0714286
-0.25	-178.394	-0.0714286
-0.25	-7.02153	-0.0714286
-0.25	-83.386	-0.0714286
0.3	177.267	1
0.3	-10.2391	1
0.3	-52.9828	1
0.3	-75.9909	1
0.3	-142.62	1
0.3	-164.019	1
0.3	90.4103	1
0.3	175.893	1
0.3	-131.598	1
0.3	144.671	1
0.3	138.312	1
0.3	124.225	1
0.3	-93.5214	1
0.3	-139.453	1
0.3	-95.9322	1
0.3	-23.6807	1
0.3	-31.1703	1
0.3	-170.818	1
0.3	57.0299	1
0.3	-166.333	1
0.3	-72.7346	1
0.3	-32.3093	1
0.3	82.859	1
0.3	-156.606	1
0.3	155.633	1
0.3	87.9778	1
0.3	157.231	1
0.3	60.3871	1
0.3	-73.3167	1
0.3	108.129	1
0.3	-51.6106	1
0.3	-40.2656	1
0.3	122.634	1
0.3	147.296	1
0.3	-175.855	1
0.3	12.4832	1
0.3	152.603	1
0.3	111.885	1
0.3	-64.4382	1
0.3	-165.932	1
0.3	40.4397	1
0.3	104.639	1
0.3	117.63	1
0.3	-17.4884	1
0.3	-27.5526	1
0.3	92.2886	1
0.3	157.076	1
0.3	-66.7834	1
0.3	-169.3	1
0.3	-97.7302	1
0.3	47.2673	1
0.3	-63.8652	1
0.3	-55.7118	1
0.3	-83.9068	1
0.3	-79.3058	1
0.3	-164.868	1
0.3	164.371	1
0.3	-74.0559	1
0.3	56.9636	1
0.3	-85.8734	1
0.3	-26.6613	1
0.3	30.9224	1
0.3	178.779	1
0.3	77.6163	1
0.3	-133.024	1
0.3	-11.1779	1
0.3	-68.0436	1
0.3	145.093	1
0.3	138.794	1
0.3	167.567	1
0.3	31.7483	1
0.3	76.7052	1
0.3	83.9075	1
0.3	133.083	1
0.3	147.561	1
0.3	157.606	1
0.3	-174.116	1
0.3	35.6084	1
0.3	154.523	1
0.3	-72.505	1
0.3	-91.3167	1
0.3	92.589	1
0.3	-100.326	1
0.3	15.6271	1
0.3	140.468	1
0.3	-86.735	1
0.3	155.395	1
0.3	85.3882	1
0.3	139.252	1
0.3	31.8594	1
0.3	-135.468	1
0.3	-12.0872	1
0.3	-60.8296	1
0.3	146.156	1
0.3	-82.5298	1
0.3	-173.724	1
0.3	-138.816	1
0.3	24.7767	1
0.3	-50.3226	1
0.3	-21.0968	1
0.3	-149.35	1
0.3	112.302	1
0.3	-77.4003	1
0.3	141.334	1
0.3	-150.824	1
0.3	158.111	1
0.3	-9.32411	1
0.3	-6.29976	1
0.3	113.113	1
0.3	-134.345	1
0.3	-176.675	1
0.3	18.6685	1
0.3	-11.0927	1
0.3	-153.058	1
0.3	134.767	1
0.3	-71.5914	1
0.3	148.207	1
0.3	-121.818	1
0.3	122.199	1
0.3	172.275	1
0.3	169.996	1
0.3	84.0328	1
0.3	0.284414	1
0.3	-66.1121	1
0.3	-36.7229	1
0.3	20.0541	1
0.3	88.9617	1
0.3	174.197	1
0.3	-11.8705	1
0.3	-150.508	1
0.3	-25.078	1
0.3	-40.6995	1
0.3	-27.9275	1
0.3	-114.824	1
0.3	146.297	1
0.3	101.039	1
0.3	-20.1791	1
0.3	-11.5594	1
0.3	114.969	1
0.3	-2.55913	1
0.3	97.9009	1
0.3	92.367	-0.0380952
0.3	140.031	-0.0380952
0.3	-96.0187	-0.0380952
0.3	173.665	-0.0380952
0.3	121.58	-0.0380952
0.3	-97.6425	-0.0380952
0.3	-87.1878	-0.0380952
0.3	14.5264	-0.0380952
0.3	64.1798	-0.0380952
0.3	75.9492	-0.0380952
0.3	-159.22	-0.0380952
0.3	-71.3997	-0.0380952
0.3	-179.041	-0.0380952
0.3	38.9319	-0.0380952
0.3	49.5623	-0.0380952
0.3	72.7457	-0.0380952
0.3	-114.828	-0.0380952
0.3	77.9665	-0.0380952
0.3	-21.6203	-0.0380952
0.3	-85.0592	-0.0380952
0.3	-30.5371	-0.0380952
0.3	63.9535	-0.0380952
0.3	-1.4169	-0.0380952
0.3	56.7902	-0.0380952
0.3	-122.091	-0.0380952
0.3	-154.127	-0.0380952
0.3	19.409	-0.0380952
0.3	-104.789	-0.0380952
0.3	-93.7763	-0.0380952
0.3	-139.665	-0.0380952
0.3	-143.218	-0.0380952
0.3	-25.127	-0.0380952
0.3	-161.385	-0.0380952
0.3	-175.599	-0.0380952
0.3	-90.607	-0.0380952
0.3	60.3178	-0.0380952
0.3	-42.1873	-0.0380952
0.3	36.5295	-0.0380952
0.3	-27.028	-0.0380952
0.3	-144.81	-0.0380952
0.3	-112.877	-0.0380952
0.3	54.7763	-0.0380952
0.3	141.719	-0.0380952
0.3	83.5942	-0.0380952
0.3	8.21499	-0.0380952
0.3	-121.204	-0.0380952
0.3	-105.957	-0.0380952
0.3	160.411	-0.0380952
0.3	-122.638	-0.0380952
0.3	-93.2084	-0.0380952
0.3	-58.8633	-0.0380952
0.3	-60.7814	-0.0380952
0.3	-55.3971	-0.0380952
0.3	67.1645	-0.0380952
0.3	-94.7004	-0.0380952
0.3	61.7882	-0.0380952
0.3	-151.311	-0.0380952
0.3	-131.051	-0.0380952
0.3	-104.125	-0.0380952
0.3	-119.717	-0.0380952
0.3	-8.26693	-0.0380952
0.3	-32.6128	-0.0380952
0.3	-161.869	-0.0380952
0.3	-88.1965	-0.0380952
0.3	-160.688	-0.0380952
0.3	105.021	-0.0380952
0.3	-175.765	-0.0380952
0.3	148.857	-0.0380952
0.3	172.183	-0.0380952
0.3	-14.738	-0.0380952
0.3	-57.9762	-0.0380952
0.3	-50.2264	-0.0380952
0.3	-178.178	-0.0380952
0.3	-122.851	-0.0380952
0.3	121.37	-0.0380952
0.3	48.2003	-0.0380952
0.3	-153.182	-0.0380952
0.3	-1.52669	-0.0380952
0.3	-17.0161	-0.0380952
0.3	53.0357	-0.0380952
0.3	175.203	-0.0380952
0.3	-2.91738	-0.0380952
0.3	57.6226	-0.0380952
0.3	51.9261	-0.0380952
0.3	-76.9982	-0.0380952
0.3	173.77	-0.0380952
0.3	39.7508	-0.0380952
0.3	129.788	-0.0380952
0.3	23.2543	-0.0380952
0.3	-146.719	-0.0380952
0.3	-66.9277	-0.0380952
0.3	20.7517	-0.0380952
0.3	135.142	-0.0380952
0.3	-79.3243	-0.0380952
0.3	-138.912	-0.0380952
0.3	114.688	-0.0380952
0.3	-13.8933	-0.0380952
0.3	-12.4195	-0.0380952
0.3	164.015	-0.0380952
0.3	-44.8255	-0.0380952
0.3	-100.155	-0.0380952
0.3	86.1289	-0.0380952
0.3	162.537	-0.0380952
0.3	-61.0125	-0.0380952
0.3	15.8965	-0.0380952
0.3	86.3979	-0.0380952
0.3	159.537	-0.0380952
0.3	52.9963	-0.0380952
0.3	-3.32143	-0.0380952
0.3	-45.6214	-0.0380952
0.3	-100.681	-0.0380952
0.3	-162.144	-0.0380952
0.3	126.906	-0.0380952
0.3	-94.3902	-0.0380952
0.3	-46.0952	-0.0380952
0.3	80.8663	-0.0380952
0.3	-32.1078	-0.0380952
0.3	92.6918	-0.0380952
0.3	43.4502	-0.0380952
0.3	159.591	-0.0380952
0.3	-175.049	-0.0380952
0.3	-78.5142	-0.0380952
0.3	19.899	-0.0380952
0.3	-161.912	-0.0380952
0.3	-168.033	-0.0380952
0.3	66.9114	-0.0380952
0.3	78.57	-0.0380952
0.3	-174.15	-0.0380952
0.3	94.2374	-0.0380952
0.3	115.483	-0.0380952
0.3	-49.1826	-0.0380952
0.3	47.3516	-0.0380952
0.3	40.3433	-0.0380952
0.3	-49.4812	-0.0380952
0.3	-107.76	-0.0380952
0.3	19.6016	-0.0380952
0.3	13.3709	-0.0380952
0.3	57.4235	-0.0380952
0.3	4.19433	-0.0380952
0.3	155.822	-0.0380952
0.3	-162.882	-0.0380952
0.3	-81.2917	-0.0380952
0.3	150.034	-0.0380952
0.3	-138.44	-0.0380952
0.3	45.5417	-0.0380952
0.3	63.496	-0.0380952
0.3	130.459	-0.0380952
0.3	-64.1373	-0.0380952
0.3	-113.357	-0.0380952
0.3	88.5367	-0.0380952
0.3	-145.769	-0.0380952
0.3	78.4818	-0.0380952
0.3	-1.02961	-0.0380952
0.3	54.6543	-0.0380952
0.3	-126.745	-0.0380952
0.3	179.381	-0.0380952
0.3	49.745	-0.0380952
0.3	-105.997	-0.0380952
0.3	-77.0209	-0.0380952
0.3	86.9336	-0.0380952
0.3	-16.8749	-0.0380952
0.3	48.4967	-0.0380952
0.3	-96.5972	-0.0380952
0.3	-153.114	-0.0380952
0.3	-60.4954	-0.0380952
0.3	-68.0461	-0.0380952
0.3	-140.463	-0.0380952
0.3	127.503	-0.0380952
0.3	-88.8742	-0.0380952
0.3	94.2007	-0.0380952
0.3	-13.5604	-0.0380952
0.3	-119.058	-0.0380952
0.3	-123.984	-0.0380952
0.3	126.35	-0.0380952
0.3	-169.455	-0.0380952
0.3	70.9262	-0.0380952
0.3	-118.848	-0.0380952
0.3	56.9554	-0.0380952
0.3	83.2737	-0.0380952
0.3	14.5159	-0.0380952
0.3	65.4897	-0.0380952
0.3	97.5457	-0.0380952
0.3	19.9583	-0.0380952
0.3	69.3986	-0.0380952
0.3	-146.578	-0.0380952
0.3	106.687	-0.0380952
-0.25	54.8857	1
-0.25	161.857	1
-0.25	-142.13	1
-0.25	4.40247	1
-0.25	-30.688	1
-0.25	-155.183	1
-0.25	91.7169	1
-0.25	-70.9994	1
-0.25	57.5636	1
-0.25	-70.489	1
-0.25	102.735	1
-0.25	-41.5794	1
-0.25	-177.541	1
-0.25	69.644	1
-0.25	168.083	1
-0.25	-81.9486	1
-0.25	-15.3023	1
-0.25	47.1754	1
-0.25	56.2694	1
-0.25	167.081	1
-0.25	-21.32	1
-0.25	-124.894	1
-0.25	-98.0947	1
-0.25	-21.6038	1
-0.25	-115.816	1
-0.25	-59.1606	1
-0.25	-42.5669	1
-0.25	10.4516	1
-0.25	76.2093	1
-0.25	-121.84	1
-0.25	22.9116	1
-0.25	120.424	1
-0.25	-131.619	1
-0.25	127.13	1
-0.25	3.2722	1
-0.25	-113.709	1
-0.25	115.816	1
-0.25	-172.534	1
-0.25	-121.899	1
-0.25	104.192	1
-0.25	-151.805	1
-0.25	28.4279	1
-0.25	101.064	1
-0.25	-145.722	1
-0.25	101.45	1
-0.25	127.362	1
-0.25	48.0299	1
-0.25	154.111	1
-0.25	94.4324	1
-0.25	-29.984	1
-0.25	-25.6396	1
-0.25	116.302	1
-0.25	6.05013	1
-0.25	132.509	1
-0.25	87.0643	1
-0.25	-2.48207	1
-0.25	93.7403	1
-0.25	88.5661	1
-0.25	144.316	1
-0.25	-15.8067	1
-0.25	154.194	1
-0.25	-68.5266	1
-0.25	10.9349	1
-0.25	-154.189	1
-0.25	-46.0974	1
-0.25	107.002	1
-0.25	-35.2869	1
-0.25	55.2923	1
-0.25	33.4481	1
-0.25	74.9655	1
-0.25	-67.299	1
-0.25	151.209	1
-0.25	-41.0806	1
-0.25	26.994	1
-0.25	179.368	1
-0.25	-56.8621	1
-0.25	9.09071	1
-0.25	-142.244	1
-0.25	-28.6182	1
-0.25	-24.3698	1
-0.25	64.5033	1
-0.25	-15.9389	1
-0.25	47.8991	1
-0.25	146.551	1
-0.25	-34.4525	1
-0.25	-25.529	1
-0.25	-157.902	1
-0.25	60.9213	1
-0.25	74	1
-0.25	-6.61311	1
-0.25	-145.379	1
-0.25	153.198	1
-0.25	-166.762	1
-0.25	-24.6243	1
-0.25	25.4531	1
-0.25	157.71	1
-0.25	-171.4	1
-0.25	-102.588	1
-0.25	-5.69698	1
-0.25	14.8426	1
-0.25	-126.602	1
-0.25	59.3808	1
-0.25	-91.0018	1
-0.25	43.601	1
-0.25	149.91	1
-0.25	154.575	1
-0.25	91.4289	1
-0.25	75.7168	1
-0.25	-46.5803	1
-0.25	-48.7561	1
-0.25	-19.1604	1
-0.25	-63.1211	-0.0380952
-0.25	-103.192	-0.0380952
-0.25	125.865	-0.0380952
-0.25	16.3822	-0.0380952
-0.25	-93.0271	-0.0380952
-0.25	172.733	-0.0380952
-0.25	151.612	-0.0380952
-0.25	-174.991	-0.0380952
-0.25	-72.3322	-0.0380952
-0.25	-78.128	-0.0380952
-0.25	55.1457	-0.0380952
-0.25	121.576	-0.0380952
-0.25	-52.8927	-0.0380952
-0.25	150	-0.0380952
-0.25	-36.7516	-0.0380952
-0.25	-44.3161	-0.0380952
-0.25	48.6091	-0.0380952
-0.25	-113.498	-0.0380952
-0.25	-50.3836	-0.0380952
-0.25	85.4965	-0.0380952
-0.25	57.5763	-0.0380952
-0.25	-71.2449	-0.0380952
-0.25	-10.1364	-0.0380952
-0.25	9.08079	-0.0380952
-0.25	23.4906	-0.0380952
-0.25	141.941	-0.0380952
-0.25	123.473	-0.0380952
-0.25	-16.909	-0.0380952
-0.25	-35.4404	-0.0380952
-0.25	-5.4053	-0.0380952
-0.25	142.568	-0.0380952
-0.25	86.2567	-0.0380952
-0.25	-109.143	-0.0380952
-0.25	-76.0805	-0.0380952
-0.25	166.861	-0.0380952
-0.25	-175.417	-0.0380952
-0.25	156.271	-0.0380952
-0.25	-162.249	-0.0380952
-0.25	29.0266	-0.0380952
-0.25	-135.624	-0.0380952
-0.25	-160.491	-0.0380952
-0.25	65.5191	-0.0380952
-0.25	-62.2435	-0.0380952
-0.25	133.667	-0.0380952
-0.25	-49.4281	-0.0380952
-0.25	128.739	-0.0380952
-0.25	-115.377	-0.0380952
-0.25	156.501	-0.0380952
-0.25	-173.102	-0.0380952
-0.25	-169.025	-0.0380952
-0.25	-45.494	-0.0380952
-0.25	0.919959	-0.0380952
-0.25	23.4726	-0.0380952
-0.25	-67.9859	-0.0380952
-0.25	-26.6112	-0.0380952
-0.25	-89.6549	-0.0380952
-0.25	-118.481	-0.0380952
-0.25	-81.9068	-0.0380952
-0.25	96.3512	-0.0380952
-0.25	-53.7115	-0.0380952
-0.25	79.2727	-0.0380952
-0.25	65.36	-0.0380952
-0.25	-173.683	-0.0380952
-0.25	142.593	-0.0380952
-0.25	170.603	-0.0380952
-0.25	-18.7313	-0.0380952
-0.25	-139.559	-0.0380952
-0.25	-127.292	-0.0380952
-0.25	-22.6958	-0.0380952
-0.25	159.897	-0.0380952
-0.25	68.3133	-0.0380952
-0.25	-35.6118	-0.0380952
-0.25	-43.9149	-0.0380952
-0.25	134.145	-0.0380952
-0.25	74.9134	-0.0380952
-0.25	168.576	-0.0380952
-0.25	91.8608	-0.0380952
-0.25	123.091	-0.0380952
-0.25	-137.697	-0.0380952
-0.25	164.058	-0.0380952
-0.25	2.8493	-0.0380952
-0.25	-91.5862	-0.0380952
-0.25	-49.3894	-0.0380952
-0.25	-25.7323	-0.0380952
-0.25	-99.601	-0.0380952
-0.25	92.8632	-0.0380952
-0.25	7.51014	-0.0380952
-0.25	-175.252	-0.0380952
-0.25	69.4372	-0.0380952
-0.25	-78.6799	-0.0380952
-0.25	10.769	-0.0380952
-0.25	-7.60046	-0.0380952
-0.25	149.946	-0.0380952
-0.25	53.8843	-0.0380952
-0.25	-151.431	-0.0380952
-0.25	50.6851	-0.0380952
-0.25	141.146	-0.0380952
-0.25	15.2435	-0.0380952
-0.25	-133.921	-0.0380952
-0.25	142.211	-0.0380952
-0.25	-32.649	-0.0380952
-0.25	163.037	-0.0380952
-0.25	43.8124	-0.0380952
-0.25	143.552	-0.0380952
-0.25	-87.5464	-0.0380952
-0.25	148.556	-0.0380952
-0.25	-72.1771	-0.0380952
-0.25	12.4057	-0.0380952
-0.25	-98.661	-0.0380952
-0.25	118.087	-0.0380952
-0.25	104.096	-0.0380952
-0.25	3.10148	-0.0380952
-0.25	-158.117	-0.0380952
-0.25	-103.804	-0.0380952
-0.25	-8.72076	-0.0380952
-0.25	-153.933	-0.0380952
-0.25	-179.488	-0.0380952
-0.25	-63.5361	-0.0380952
-0.25	-127.423	-0.0380952
-0.25	-89.7167	-0.0380952
-0.25	162.257	-0.0380952
-0.25	-123.206	-0.0380952
-0.25	85.4864	-0.0380952
-0.25	-28.1659	-0.0380952
-0.25	-61.3758	-0.0380952
-0.25	26.9018	-0.0380952
-0.25	75.8463	-0.0380952
-0.25	7.52426	-0.0380952
-0.25	-17.0318	-0.0380952
-0.25	65.3356	-0.0380952
-0.25	-53.0049	-0.0380952
-0.25	-142.834	-0.0380952
-0.25	-117.858	-0.0380952
-0.25	-75.9775	-0.0380952
-0.25	-161.321	-0.0380952
-0.25	-12.7866	-0.0380952
-0.25	20.5881	-0.0380952
-0.25	-140.992	-0.0380952
-0.25	-168.49	-0.0380952
-0.25	-82.0579	-0.0380952
-0.25	-147.512	-0.0380952
-0.25	171.709	-0.0380952
-0.25	131.813	-0.0380952
-0.25	117.928	-0.0380952
-0.25	147.105	-0.0380952
-0.25	34.8664	-0.0380952
-0.25	16.7424	-0.0380952
0.3	178.469	1
0.3	105.367	1
0.3	-136.448	1
0.3	133.007	1
0.3	-55.7473	1
0.3	132.283	1
0.3	-13.9444	1
0.3	10.3605	1
0.3	-92.0926	1
0.3	-13.8702	1
0.3	2.70344	1
0.3	68.0805	1
0.3	-146.892	1
0.3	39.8132	1
0.3	64.9579	1
0.3	-150.215	1
0.3	30.2348	1
0.3	138.104	1
0.3	94.9395	1
0.3	-102.354	1
0.3	-178.202	1
0.3	-80.8899	1
0.3	-112.084	1
0.3	-168.632	1
0.3	-42.9631	1
0.3	-55.1122	1
0.3	-95.8234	1
0.3	-179.556	1
0.3	15.7036	1
0.3	-5.93818	1
0.3	121.404	1
0.3	-58.3501	1
0.3	149.459	1
0.3	-46.8304	1
0.3	-28.8669	1
0.3	132.27	1
0.3	-47.8224	1
0.3	-69.1163	1
0.3	-108.211	1
0.3	79.4508	1
0.3	-77.3301	1
0.3	-30.1378	1
0.3	55.8884	1
0.3	115.993	1
0.3	146.564	1
0.3	124.637	1
0.3	-113.768	1
0.3	1.59377	1
0.3	-42.9149	1
0.3	144.21	1
0.3	70.6201	1
0.3	-15.6735	1
0.3	-84.3148	1
0.3	-15.7101	1
0.3	-80.7836	1
0.3	103.318	1
0.3	-44.8527	1
0.3	35.5358	1
0.3	-82.151	1
0.3	-34.7369	1
0.3	8.10488	1
0.3	-46.6516	1
0.3	171.441	1
0.3	16.62	1
0.3	135.168	1
0.3	-50.8423	1
0.3	111.147	1
0.3	-22.6576	1
0.3	19.4367	1
0.3	2.27955	1
0.3	138.442	1
0.3	91.5797	1
0.3	-135.057	1
0.3	-161.001	1
0.3	-49.8081	1
0.3	20.9913	1
0.3	-96.9205	1
0.3	21.2356	1
0.3	-27.134	1
0.3	128.696	1
0.3	-169.873	1
0.3	10.0652	1
0.3	-28.4527	1
0.3	-91.1484	1
0.3	66.9414	1
0.3	-33.3809	1
0.3	-0.278152	1
0.3	-102.744	1
0.3	72.0198	1
0.3	70.8704	1
0.3	164.979	1
0.3	-103.707	1
0.3	166.025	1
0.3	-145.603	1
0.3	-48.0664	1
0.3	-111.916	1
0.3	-77.4776	1
0.3	-126.687	1
0.3	113.946	1
0.3	-29.9044	1
0.3	150.975	1
0.3	-50.6119	1
0.3	-75.6659	1
0.3	-51.104	1
0.3	-45.3352	1
0.3	12.6985	1
0.3	147.388	1
0.3	-46.3681	1
0.3	163.531	1
0.3	82.0751	1
0.3	54.1235	1
0.3	-94.4374	1
0.3	70.8786	1
0.3	-15.539	1
0.3	-131.338	1
0.3	9.26291	1
0.3	161.419	1
0.3	-4.59423	1
0.3	-131.286	1
0.3	137.926	1
0.3	-51.6426	1
0.3	119.318	1
0.3	-8.39351	1
0.3	101.396	1
0.3	32.2458	1
0.3	38.1806	1
0.3	75.153	1
0.3	27.2415	1
0.3	131.348	1
0.3	100.529	1
0.3	-67.5888	1
0.3	171.425	1
0.3	22.894	1
0.3	125.23	1
0.3	41.9957	1
0.3	31.8679	1
0.3	-77.807	1
0.3	108.038	1
0.3	124.953	1
0.3	-39.4985	1
0.3	-94.1568	1
0.3	125.127	-0.0190476
0.3	-148.22	-0.0190476
0.3	-173.216	-0.0190476
0.3	-120.442	-0.0190476
0.3	-124.662	-0.0190476
0.3	97.0507	-0.0190476
0.3	-55.5503	-0.0190476
0.3	-77.1085	-0.0190476
0.3	-5.24592	-0.0190476
0.3	40.5701	-0.0190476
0.3	61.5727	-0.0190476
0.3	-146.758	-0.0190476
0.3	-52.669	-0.0190476
0.3	158.968	-0.0190476
0.3	-6.93492	-0.0190476
0.3	-154.585	-0.0190476
0.3	-177.484	-0.0190476
0.3	128.247	-0.0190476
0.3	103.115	-0.0190476
0.3	26.6449	-0.0190476
0.3	-127.936	-0.0190476
0.3	-156.163	-0.0190476
0.3	-121.417	-0.0190476
0.3	79.5052	-0.0190476
0.3	-73.8517	-0.0190476
0.3	48.5538	-0.0190476
0.3	17.0974	-0.0190476
0.3	-121.606	-0.0190476
0.3	15.0462	-0.0190476
0.3	-14.9833	-0.0190476
0.3	-110.683	-0.0190476
0.3	-31.1371	-0.0190476
0.3	-141.877	-0.0190476
0.3	-109.677	-0.0190476
0.3	-70.5141	-0.0190476
0.3	-125.562	-0.0190476
0.3	-145.518	-0.0190476
0.3	-168.273	-0.0190476
0.3	38.7096	-0.0190476
0.3	162.796	-0.0190476
0.3	-67.6541	-0.0190476
0.3	70.5321	-0.0190476
0.3	-97.282	-0.0190476
0.3	85.2026	-0.0190476
0.3	-59.7716	-0.0190476
0.3	31.9476	-0.0190476
0.3	28.9125	-0.0190476
0.3	-125.658	-0.0190476
0.3	-113.251	-0.0190476
0.3	161.861	-0.0190476
0.3	99.4138	-0.0190476
0.3	-56.5866	-0.0190476
0.3	77.6435	-0.0190476
0.3	126.678	-0.0190476
0.3	124.464	-0.0190476
0.3	171.341	-0.0190476
0.3	146.542	-0.0190476
0.3	54.2075	-0.0190476
0.3	-15.5085	-0.0190476
0.3	-178.111	-0.0190476
0.3	4.81308	-0.0190476
0.3	148.999	-0.0190476
0.3	93.318	-0.0190476
0.3	86.4793	-0.0190476
0.3	101.08	-0.0190476
0.3	37.0857	-0.0190476
0.3	25.3467	-0.0190476
0.3	-90.7059	-0.0190476
0.3	-92.5995	-0.0190476
0.3	135.583	-0.0190476
0.3	-171.531	-0.0190476
0.3	139.997	-0.0190476
0.3	171.143	-0.0190476
0.3	104.174	-0.0190476
0.3	149.975	-0.0190476
0.3	132.929	-0.0190476
0.3	-89.0596	-0.0190476
0.3	-155.79	-0.0190476
0.3	176.169	-0.0190476
0.3	157.756	-0.0190476
0.3	-97.2016	-0.0190476
0.3	-62.2387	-0.0190476
0.3	39.9923	-0.0190476
0.3	16.2611	-0.0190476
0.3	-129.613	-0.0190476
0.3	17.553	-0.0190476
0.3	-18.7098	-0.0190476
0.3	-110.605	-0.0190476
0.3	38.4285	-0.0190476
0.3	-134.902	-0.0190476
0.3	-43.0116	-0.0190476
0.3	-40.6593	-0.0190476
0.3	-18.2819	-0.0190476
0.3	-157.323	-0.0190476
0.3	-147.583	-0.0190476
0.3	-64.051	-0.0190476
0.3	-144.145	-0.0190476
0.3	-88.4093	-0.0190476
0.3	3.29164	-0.0190476
0.3	59.6947	-0.0190476
0.3	-79.4857	-0.0190476
0.3	170.498	-0.0190476
0.3	-84.6004	-0.0190476
0.3	43.3725	-0.0190476
0.3	165.963	-0.0190476
0.3	-98.7981	-0.0190476
0.3	159.983	-0.0190476
0.3	-172.96	-0.0190476
0.3	31.8436	-0.0190476
0.3	-165.677	-0.0190476
0.3	16.1813	-0.0190476
0.3	166.044	-0.0190476
0.3	98.6672	-0.0190476
0.3	47.0862	-0.0190476
0.3	156.867	-0.0190476
0.3	-65.4949	-0.0190476
0.3	35.2037	-0.0190476
0.3	8.55817	-0.0190476
0.3	148.666	-0.0190476
0.3	140.832	-0.0190476
0.3	18.879	-0.0190476
0.3	75.1595	-0.0190476
0.3	67.8709	-0.0190476
0.3	169.511	-0.0190476
0.3	-1.83719	-0.0190476
0.3	172.798	-0.0190476
0.3	-106.245	-0.0190476
0.3	-125.018	-0.0190476
0.3	137.569	-0.0190476
0.3	5.07961	-0.0190476
0.3	-133.079	-0.0190476
0.3	14.0444	-0.0190476
0.3	128.277	-0.0190476
0.3	23.6347	-0.0190476
0.3	-49.6997	-0.0190476
0.3	-103.531	-0.0190476
0.3	-138.63	-0.0190476
0.3	109.621	-0.0190476
0.3	6.50356	-0.0190476
0.3	168.199	-0.0190476
0.3	-32.033	-0.0190476
0.3	43.9914	-0.0190476
0.3	-15.8658	-0.0190476
0.3	-157.065	-0.0190476
0.3	94.9436	-0.0190476
0.3	-80.6437	-0.0190476
0.3	-85.7472	-0.0190476
0.3	-85.3601	-0.0190476
0.3	-134.083	-0.0190476
0.3	-141.479	-0.0190476
0.3	117.148	-0.0190476
0.3	-177.379	-0.0190476
0.3	-140.325	-0.0190476
0.3	116.491	-0.0190476
0.3	-60.6074	-0.0190476
0.3	168.686	-0.0190476
0.3	103.439	-0.0190476
0.3	125.782	-0.0190476
0.3	109.774	-0.0190476
0.3	-3.7589	-0.0190476
0.3	20.6742	-0.0190476
0.3	92.2299	-0.0190476
0.3	170.245	-0.0190476
0.3	-99.1749	-0.0190476
0.3	-113.151	-0.0190476
0.3	-27.8979	-0.0190476
0.3	-134.14	-0.0190476
0.3	143.398	-0.0190476
0.3	-48.7294	-0.0190476
0.3	-6.94311	-0.0190476
0.3	159.247	-0.0190476
0.3	84.25	-0.0190476
0.3	-165.715	-0.0190476
0.3	-24.557	-0.0190476
0.3	67.6136	-0.0190476
0.3	116.437	-0.0190476
0.3	-118.062	-0.0190476
0.3	-27.4354	-0.0190476
0.3	-56.1645	-0.0190476
0.3	-86.3203	-0.0190476
0.3	-152.645	-0.0190476
0.3	-59.7432	-0.0190476
0.3	-124.667	-0.0190476
0.3	103.067	-0.0190476
0.3	104.576	-0.0190476
0.3	51.0425	-0.0190476
0.3	-115.495	-0.0190476
0.3	-12.7166	-0.0190476
0.3	-107.191	-0.0190476
0.3	-7.13285	-0.0190476
0.3	-33.9174	-0.0190476
0.3	156.023	-0.0190476
0.3	-167.615	-0.0190476
0.3	-177.113	-0.0190476
0.3	-156.164	-0.0190476
0.3	-90.1507	-0.0190476
0.3	69.8923	-0.0190476
0.3	98.3817	-0.0190476
0.3	167.597	-0.0190476
0.3	-108.813	-0.0190476
0.3	41.1462	-0.0190476
0.3	14.6623	-0.0190476
0.3	74.6648	-0.0190476
0.3	43.2914	-0.0190476
0.3	115.328	-0.0190476
0.3	-55.4554	-0.0190476
0.3	10.4444	-0.0190476
0.3	17.1893	-0.0190476
0.3	163.978	-0.0190476
0.3	104.472	-0.0190476
0.3	-42.7353	-0.0190476
0.3	-99.8851	-0.0190476
0.3	-94.6357	-0.0190476
0.3	172.562	-0.0190476
0.3	-120.683	-0.0190476
0.3	158.45	-0.0190476
0.3	-134.794	-0.0190476
0.3	-72.6922	-0.0190476
0.3	64.3392	-0.0190476
0.3	5.73748	-0.0190476
0.3	-33.3386	-0.0190476
0.3	107.861	-0.0190476
0.3	-65.9144	-0.0190476
0.3	106.94	-0.0190476
0.3	-14.8387	-0.0190476
0.3	154.973	-0.0190476
0.3	107.407	-0.0190476
0.3	122.266	-0.0190476
0.3	25.4779	-0.0190476
0.3	152.501	-0.0190476
0.3	28.7686	-0.0190476
0.3	-160.736	-0.0190476
0.3	-146.1	-0.0190476
0.3	139.486	-0.0190476
0.3	-0.212726	-0.0190476
0.3	-44.9655	-0.0190476
0.3	90.7471	-0.0190476
0.3	-161.373	-0.0190476
0.3	-41.1186	-0.0190476
0.3	123.351	-0.0190476
0.3	55.9158	-0.0190476
0.3	-22.8509	-0.0190476
0.3	111.09	-0.0190476
0.3	-125.45	-0.0190476
0.3	-105.749	-0.0190476
0.3	173.53	-0.0190476
0.3	124.931	-0.0190476
0.3	-76.7383	-0.0190476
0.3	36.9627	-0.0190476
0.3	-108.108	-0.0190476
0.3	76.3189	-0.0190476
0.3	-34.2167	-0.0190476
0.3	-115.397	-0.0190476
0.3	94.7689	-0.0190476
0.3	9.45487	-0.0190476
0.3	-1.9432	-0.0190476
0.3	-56.5832	-0.0190476
0.3	-107.309	-0.0190476
0.3	64.6542	-0.0190476
0.3	21.9431	-0.0190476
0.3	57.7477	-0.0190476
0.3	-75.3519	-0.0190476
0.3	-72.0371	-0.0190476
0.3	39.4312	-0.0190476
0.3	-124.141	-0.0190476
0.3	-8.28585	-0.0190476
0.3	-72.4658	-0.0190476
0.3	154.275	-0.0190476
0.3	172.999	-0.0190476
0.3	-162.492	-0.0190476
0.3	113.474	-0.0190476
0.3	-58.4676	-0.0190476
0.3	171.818	-0.0190476
0.3	-59.8028	-0.0190476
0.3	25.7934	-0.0190476
0.3	109.323	-0.0190476
0.3	115.868	-0.0190476
0.3	76.3679	-0.0190476
0.3	134.579	-0.0190476
0.3	-135.892	-0.0190476
0.3	139.15	-0.0190476
0.3	-173.602	-0.0190476
0.3	-26.5648	-0.0190476
0.3	-10.3022	-0.0190476
0.3	163.939	-0.0190476
0.3	145.707	-0.0190476
0.3	-97.9459	-0.0190476
0.3	110.208	-0.0190476
0.3	59.861	-0.0190476
0.3	1.0606	-0.0190476
0.3	-48.9197	-0.0190476
0.3	143.756	-0.0190476
0.3	-69.2894	-0.0190476
0.3	-39.4694	-0.0190476
0.3	-14.505	-0.0190476
0.3	-102.264	-0.0190476
0.3	-21.3091	-0.0190476
0.3	-67.1956	-0.0190476
0.3	166.686	-0.0190476
0.3	-19.3427	-0.0190476
0.3	53.7049	-0.0190476
0.3	123.396	-0.0190476
0.3	-83.9363	-0.0190476
0.3	1.32612	-0.0190476
0.3	155.281	-0.0190476
0.3	6.62937	-0.0190476
0.3	-118.797	-0.0190476
0.3	118.567	-0.0190476
0.3	-63.7836	-0.0190476
0.3	44.309	-0.0190476
0.3	57.5468	-0.0190476
0.3	96.3392	-0.0190476
0.3	65.1306	-0.0190476
0.3	136.011	-0.0190476
0.3	-99.1534	-0.0190476
0.3	101.909	-0.0190476
0.3	40.2666	-0.0190476
0.3	34.7561	-0.0190476
0.3	-146.427	-0.0190476
0.3	28.4272	-0.0190476
0.3	1.38188	-0.0190476
0.3	-107.207	-0.0190476
0.3	157.949	-0.0190476
0.3	-166.825	-0.0190476
0.3	94.3125	-0.0190476
0.3	158.069	-0.0190476
0.3	-10.0312	-0.0190476
0.3	-139.72	-0.0190476
0.3	4.05211	-0.0190476
0.3	-76.7636	-0.0190476
0.3	141.734	-0.0190476
0.3	57.7277	-0.0190476
0.3	36.1043	-0.0190476
0.3	-73.8738	-0.0190476
0.3	-113.368	-0.0190476
0.3	124.505	-0.0190476
0.3	-114.063	-0.0190476
0.3	-108.742	-0.0190476
0.3	94.4926	-0.0190476
0.3	-178.116	-0.0190476
0.3	-129.166	-0.0190476
0.3	61.6964	-0.0190476
0.3	-69.9523	-0.0190476
0.3	-57.4908	-0.0190476
0.3	-88.8182	-0.0190476
0.3	-72.2213	-0.0190476
0.3	-82.922	-0.0190476
0.3	62.5716	-0.0190476
0.3	170.333	-0.0190476
0.3	-107.672	-0.0190476
0.3	-108.36	-0.0190476
0.3	-57.8946	-0.0190476
0.3	120.643	-0.0190476
0.3	76.6906	-0.0190476
0.3	-79.906	-0.0190476
0.3	90.7636	-0.0190476
0.3	-43.9136	-0.0190476
0.3	23.4298	-0.0190476
0.3	-29.5635	-0.0190476
0.3	162.767	-0.0190476
0.3	18.9609	-0.0190476
0.3	174.926	-0.0190476
0.3	156.425	-0.0190476
0.3	51.8088	-0.0190476
0.3	131.851	-0.0190476
0.3	-67.4096	-0.0190476
0.3	41.4294	-0.0190476
0.3	148.829	-0.0190476
0.3	-140.734	-0.0190476
0.3	167.543	-0.0190476
0.3	34.7679	-0.0190476
0.3	42.2608	-0.0190476
-0.25	60.2684	1
-0.25	-167.476	1
-0.25	-84.5872	1
-0.25	-28.7034	1
-0.25	-138.846	1
-0.25	-21.6252	1
-0.25	35.2417	1
-0.25	-48.8121	1
-0.25	-21.8105	1
-0.25	-117.35	1
-0.25	18.113	1
-0.25	-36.3032	1
-0.25	83.6636	1
-0.25	-144.752	1
-0.25	21.3046	1
-0.25	-116.519	1
-0.25	58.5012	1
-0.25	-117.45	1
-0.25	-160.051	1
-0.25	144.286	1
-0.25	-93.781	1
-0.25	-141.006	1
-0.25	-106.11	1
-0.25	-177.183	1
-0.25	-101.454	1
-0.25	138.357	1
-0.25	-102.372	1
-0.25	43.1922	1
-0.25	-139.366	1
-0.25	-117.728	1
-0.25	-126.962	1
-0.25	-155.012	1
-0.25	40.5771	1
-0.25	84.4206	1
-0.25	-147.153	1
-0.25	-178.941	1
-0.25	97.2414	1
-0.25	157.015	1
-0.25	48.3332	1
-0.25	86.7215	1
-0.25	8.77065	1
-0.25	-2.57015	1
-0.25	74.1897	1
-0.25	5.36866	1
-0.25	-143.324	1
-0.25	-173.994	1
-0.25	-132.348	1
-0.25	91.2282	1
-0.25	137.29	1
-0.25	-13.6876	1
-0.25	-80.977	1
-0.25	-78.2465	1
-0.25	96.6924	1
-0.25	23.3101	1
-0.25	162.134	1
-0.25	-139.717	1
-0.25	26.0473	1
-0.25	19.0342	1
-0.25	156.585	1
-0.25	-38.8262	1
-0.25	-139.54	1
-0.25	-97.4188	1
-0.25	20.981	1
-0.25	68.7928	1
-0.25	162.247	1
-0.25	50.7291	1
-0.25	-71.8578	1
-0.25	0.658142	1
-0.25	-34.7698	1
-0.25	-11.8793	1
-0.25	121.973	1
-0.25	-87.9872	1
-0.25	77.8447	1
-0.25	93.7474	1
-0.25	139.875	1
-0.25	61.2152	1
-0.25	-100.589	1
-0.25	-10.3349	1
-0.25	-17.8224	1
-0.25	-35.3537	1
-0.25	-115.845	1
-0.25	30.6046	1
-0.25	133.309	1
-0.25	-148.359	1
-0.25	-151.985	1
-0.25	-158.78	1
-0.25	75.7689	1
-0.25	177.525	1
-0.25	14.082	1
-0.25	106.579	1
-0.25	0.789642	1
-0.25	-142.573	1
-0.25	-144.026	1
-0.25	-13.0625	1
-0.25	-129.704	1
-0.25	89.2661	1
-0.25	18.2979	1
-0.25	136.555	1
-0.25	-85.9012	1
-0.25	92.9511	1
-0.25	75.0991	1
-0.25	-31.2876	1
-0.25	-157.893	1
-0.25	-87.3225	1
-0.25	34.9578	1
-0.25	-63.1356	1
-0.25	36.0414	1
-0.25	139.088	1
-0.25	164.063	1
-0.25	112.15	1
-0.25	-61.5261	1
-0.25	171.981	-0.0190476
-0.25	120.231	-0.0190476
-0.25	21.685	-0.0190476
-0.25	107.627	-0.0190476
-0.25	-136.533	-0.0190476
-0.25	57.5114	-0.0190476
-0.25	-137.409	-0.0190476
-0.25	64.0445	-0.0190476
-0.25	-102.074	-0.0190476
-0.25	34.9411	-0.0190476
-0.25	-111.245	-0.0190476
-0.25	165.01	-0.0190476
-0.25	25.5139	-0.0190476
-0.25	-74.7194	-0.0190476
-0.25	-68.0279	-0.0190476
-0.25	-48.7031	-0.0190476
-0.25	-62.7488	-0.0190476
-0.25	-46.8453	-0.0190476
-0.25	167.525	-0.0190476
-0.25	107.933	-0.0190476
-0.25	-82.755	-0.0190476
-0.25	132.82	-0.0190476
-0.25	-145.168	-0.0190476
-0.25	-128.936	-0.0190476
-0.25	137.447	-0.0190476
-0.25	45.8859	-0.0190476
-0.25	-134.724	-0.0190476
-0.25	146.362	-0.0190476
-0.25	99.4656	-0.0190476
-0.25	-109.921	-0.0190476
-0.25	105.939	-0.0190476
-0.25	-153.407	-0.0190476
-0.25	-20.7648	-0.0190476
-0.25	145.197	-0.0190476
-0.25	132.211	-0.0190476
-0.25	-43.3007	-0.0190476
-0.25	141.594	-0.0190476
-0.25	-118.29	-0.0190476
-0.25	-70.1419	-0.0190476
-0.25	3.07257	-0.0190476
-0.25	-87.6753	-0.0190476
-0.25	-27.1921	-0.0190476
-0.25	83.4333	-0.0190476
-0.25	92.6011	-0.0190476
-0.25	0.0494129	-0.0190476
-0.25	-6.75827	-0.0190476
-0.25	-77.1224	-0.0190476
-0.25	142.562	-0.0190476
-0.25	9.26554	-0.0190476
-0.25	-151.081	-0.0190476
-0.25	79.0325	-0.0190476
-0.25	-7.29787	-0.0190476
-0.25	-91.4334	-0.0190476
-0.25	-4.17582	-0.0190476
-0.25	-147.745	-0.0190476
-0.25	71.0577	-0.0190476
-0.25	-80.0483	-0.0190476
-0.25	-29.2162	-0.0190476
-0.25	27.1347	-0.0190476
-0.25	-43.5905	-0.0190476
-0.25	27.0803	-0.0190476
-0.25	167.52	-0.0190476
-0.25	28.8333	-0.0190476
-0.25	-61.2201	-0.0190476
-0.25	-86.6884	-0.0190476
-0.25	-112.926	-0.0190476
-0.25	-125.112	-0.0190476
-0.25	137.202	-0.0190476
-0.25	-127.755	-0.0190476
-0.25	131.27	-0.0190476
-0.25	-23.898	-0.0190476
-0.25	-173.136	-0.0190476
-0.25	64.6403	-0.0190476
-0.25	119.643	-0.0190476
-0.25	5.08135	-0.0190476
-0.25	67.4594	-0.0190476
-0.25	162.814	-0.0190476
-0.25	-175.645	-0.0190476
-0.25	-47.4697	-0.0190476
-0.25	-157.385	-0.0190476
-0.25	159.309	-0.0190476
-0.25	-13.0162	-0.0190476
-0.25	66.9357	-0.0190476
-0.25	146.682	-0.0190476
-0.25	141.681	-0.0190476
-0.25	-168.065	-0.0190476
-0.25	-32.3892	-0.0190476
-0.25	-155.465	-0.0190476
-0.25	9.65413	-0.0190476
-0.25	-78.8848	-0.0190476
-0.25	-142.51	-0.0190476
-0.25	133.218	-0.0190476
-0.25	167.503	-0.0190476
-0.25	167.406	-0.0190476
-0.25	143.763	-0.0190476
-0.25	-155.947	-0.0190476
-0.25	158.406	-0.0190476
-0.25	-23.7189	-0.0190476
-0.25	3.66564	-0.0190476
-0.25	81.8376	-0.0190476
-0.25	-62.2125	-0.0190476
-0.25	125.534	-0.0190476
-0.25	-68.1061	-0.0190476
-0.25	-25.9613	-0.0190476
-0.25	-127.455	-0.0190476
-0.25	-40.972	-0.0190476
-0.25	-94.5644	-0.0190476
-0.25	90.1522	-0.0190476
-0.25	-4.2651	-0.0190476
-0.25	95.7714	-0.0190476
-0.25	15.4159	-0.0190476
-0.25	-70.2467	-0.0190476
-0.25	159.626	-0.0190476
-0.25	118.897	-0.0190476
-0.25	107.877	-0.0190476
-0.25	22.7931	-0.0190476
-0.25	7.18336	-0.0190476
-0.25	178.954	-0.0190476
-0.25	32.4011	-0.0190476
-0.25	-47.3685	-0.0190476
-0.25	62.2104	-0.0190476
-0.25	-134.658	-0.0190476
-0.25	-150.004	-0.0190476
-0.25	11.1301	-0.0190476
-0.25	-146.319	-0.0190476
-0.25	-48.6719	-0.0190476
-0.25	-125.385	-0.0190476
-0.25	75.7804	-0.0190476
-0.25	65.42	-0.0190476
-0.25	-8.80958	-0.0190476
-0.25	53.4371	-0.0190476
-0.25	-48.2166	-0.0190476
-0.25	-100.834	-0.0190476
-0.25	171.565	-0.0190476
-0.25	-34.3005	-0.0190476
-0.25	-129.691	-0.0190476
-0.25	130.589	-0.0190476
-0.25	167.571	-0.0190476
-0.25	4.39976	-0.0190476
-0.25	155.668	-0.0190476
-0.25	117.237	-0.0190476
-0.25	-92.1294	-0.0190476
-0.25	112.049	-0.0190476
-0.25	-134.106	-0.0190476
-0.25	-36.1173	-0.0190476
-0.25	38.8423	-0.0190476
-0.25	-166.313	-0.0190476
-0.25	-94.9603	-0.0190476
-0.25	-22.5289	-0.0190476
-0.25	140.842	-0.0190476
-0.25	-50.9353	-0.0190476
-0.25	65.9075	-0.0190476
-0.25	-123.435	-0.0190476
-0.25	-47.6802	-0.0190476
-0.25	-153.115	-0.0190476
-0.25	-65.3961	-0.0190476
-0.25	-21.2988	-0.0190476
-0.25	138.968	-0.0190476
-0.25	-138.191	-0.0190476
-0.25	-169.513	-0.0190476
-0.25	102.79	-0.0190476
-0.25	15.4197	-0.0190476
-0.25	156.571	-0.0190476
-0.25	131.89	-0.0190476
-0.25	-8.03837	-0.0190476
-0.25	76.1165	-0.0190476
-0.25	-66.7291	-0.0190476
-0.25	-70.9905	-0.0190476
-0.25	-16.2673	-0.0190476
-0.25	66.0764	-0.0190476
-0.25	161.241	-0.0190476
-0.25	-11.7135	-0.0190476
-0.25	-116.639	-0.0190476
-0.25	148.919	-0.0190476
-0.25	105.254	-0.0190476
-0.25	12.4692	-0.0190476
-0.25	-51.7794	-0.0190476
-0.25	-26.925	-0.0190476
-0.25	-20.58	-0.0190476
-0.25	145.449	-0.0190476
-0.25	-56.5043	-0.0190476
-0.25	-5.44999	-0.0190476
-0.25	-68.5753	-0.0190476
-0.25	106.067	-0.0190476
-0.25	-71.325	-0.0190476
-0.25	137.224	-0.0190476
-0.25	-90.5469	-0.0190476
-0.25	170.948	-0.0190476
-0.25	-75.3525	-0.0190476
-0.25	48.8093	-0.0190476
-0.25	-78.7904	-0.0190476
-0.25	-88.7895	-0.0190476
-0.25	-146.269	-0.0190476
-0.25	153.441	-0.0190476
-0.25	-165.765	-0.0190476
-0.25	-58.2826	-0.0190476
-0.25	-130.902	-0.0190476
-0.25	131.433	-0.0190476
-0.25	-160.914	-0.0190476
-0.25	152.71	-0.0190476
-0.25	70.5195	-0.0190476
-0.25	-87.0701	-0.0190476
-0.25	-120.714	-0.0190476
-0.25	-132.786	-0.0190476
-0.25	132.959	-0.0190476
-0.25	-102.883	-0.0190476
-0.25	130.23	-0.0190476
-0.25	-147.017	-0.0190476
-0.25	64.9775	-0.0190476
-0.25	179.248	-0.0190476
-0.25	-172.228	-0.0190476
-0.25	94.8928	-0.0190476
-0.25	20.7946	-0.0190476
-0.25	63.0402	-0.0190476
-0.25	-174.865	-0.0190476
-0.25	-87.6692	-0.0190476
-0.25	16.4857	-0.0190476
-0.25	-53.4303	-0.0190476
-0.25	45.5817	-0.0190476
-0.25	175.078	-0.0190476
-0.25	83.2522	-0.0190476
-0.25	-117.293	-0.0190476
-0.25	-84.5151	-0.0190476
-0.25	-152.155	-0.0190476
-0.25	-112.186	-0.0190476
-0.25	133.897	-0.0190476
-0.25	123.35	-0.0190476
-0.25	-45.8045	-0.0190476
-0.25	-153.273	-0.0190476
-0.25	179.781	-0.0190476
-0.25	65.1258	-0.0190476
-0.25	-25.9202	-0.0190476
-0.25	-45.6873	-0.0190476
-0.25	-87.7824	-0.0190476
-0.25	83.7448	-0.0190476
-0.25	-129.372	-0.0190476
-0.25	0.733647	-0.0190476
-0.25	-77.4695	-0.0190476
-0.25	-81.5467	-0.0190476
-0.25	29.2344	-0.0190476
-0.25	-62.7005	-0.0190476
-0.25	-127.154	-0.0190476
-0.25	-128.791	-0.0190476
-0.25	-91.0733	-0.0190476
-0.25	-116.225	-0.0190476
-0.25	-126.706	-0.0190476
-0.25	32.4351	-0.0190476
-0.25	109.271	-0.0190476
-0.25	-82.6265	-0.0190476
-0.25	80.7761	-0.0190476
-0.25	71.4702	-0.0190476
-0.25	2.25669	-0.0190476
-0.25	139.032	-0.0190476
-0.25	-112.984	-0.0190476
-0.25	119.006	-0.0190476
-0.25	-60.2146	-0.0190476
-0.25	97.7221	-0.0190476
-0.25	-156.367	-0.0190476
-0.25	-76.7561	-0.0190476
-0.25	-88.3596	-0.0190476
-0.25	117.436	-0.0190476
-0.25	175.598	-0.0190476
-0.25	-44.4647	-0.0190476
-0.25	-88.7323	-0.0190476
-0.25	-36.6701	-0.0190476
-0.25	85.1599	-0.0190476
-0.25	139.986	-0.0190476
-0.25	152.72	-0.0190476
-0.25	112.904	-0.0190476
-0.25	111.403	-0.0190476
-0.25	-94.9405	-0.0190476
-0.25	-7.38386	-0.0190476
-0.25	64.0923	-0.0190476
-0.25	-43.0414	-0.0190476
-0.25	-144.217	-0.0190476
-0.25	21.44	-0.0190476
-0.25	108.898	-0.0190476
-0.25	171.003	-0.0190476
-0.25	130.305	-0.0190476
-0.25	-174.878	-0.0190476
-0.25	82.8466	-0.0190476
-0.25	-116.97	-0.0190476
-0.25	60.7582	-0.0190476
-0.25	120.164	-0.0190476
-0.25	150.343	-0.0190476
-0.25	-102.848	-0.0190476
-0.25	-93.3545	-0.0190476
-0.25	79.1863	-0.0190476
-0.25	16.8455	-0.0190476
-0.25	78.7555	-0.0190476
-0.25	156.44	-0.0190476
-0.25	-26.9737	-0.0190476
-0.25	-41.2215	-0.0190476
-0.25	-50.6741	-0.0190476
0.3	-48.5375	1
0.3	-28.4739	1
0.3	138.618	1
0.3	158.703	1
0.3	-165.607	1
0.3	-29.6226	1
0.3	115.947	1
0.3	-91.65	1
0.3	-61.8513	1
0.3	-161.59	1
0.3	116.448	1
0.3	143.842	1
0.3	-88.8204	1
0.3	-108.67	1
0.3	-101.672	1
0.3	-54.0326	1
0.3	-126.675	1
0.3	49.1415	1
0.3	163.26	1
0.3	-34.9101	1
0.3	48.7001	1
0.3	86.0439	1
0.3	-76.317	1
0.3	32.3894	1
0.3	-108.792	1
0.3	-70.2533	1
0.3	-85.3217	1
0.3	97.4493	1
0.3	0.319667	1
0.3	120.515	1
0.3	-35.1823	1
0.3	136.584	1
0.3	-164.621	1
0.3	-85.6306	1
0.3	30.5174	1
0.3	26.2017	1
0.3	169.72	1
0.3	-77.3627	1
0.3	90.9328	1
0.3	156.335	1
0.3	49.0314	1
0.3	-37.6524	1
0.3	58.9806	1
0.3	79.2135	1
0.3	-67.7381	1
0.3	-174.481	1
0.3	-164.427	1
0.3	-124.104	1
0.3	-54.6218	1
0.3	132.113	1
0.3	14.8924	1
0.3	34.3261	1
0.3	-34.3251	1
0.3	-66.1814	1
0.3	104.159	1
0.3	158.056	1
0.3	-64.7451	1
0.3	-33.2924	1
0.3	121.094	1
0.3	36.7858	1
0.3	-53.6794	1
0.3	-12.1664	1
0.3	-111.192	1
0.3	-88.9784	1
0.3	166.195	1
0.3	131.049	1
0.3	16.5503	1
0.3	102.531	1
0.3	-168.639	1
0.3	-16.0037	1
0.3	-77.9623	1
0.3	-122.984	1
0.3	-138.217	1
0.3	-47.2938	1
0.3	-50.918	1
0.3	87.7917	1
0.3	-152.854	1
0.3	136.056	1
0.3	-117.05	1
0.3	161.58	1
0.3	19.1741	1
0.3	-174.829	1
0.3	-89.859	1
0.3	156.549	1
0.3	153.95	1
0.3	10.8361	1
0.3	-67.3976	1
0.3	78.2873	1
0.3	117.635	1
0.3	11.4211	1
0.3	-78.2379	1
0.3	-132.526	1
0.3	-144.247	1
0.3	111.18	1
0.3	-38.5442	1
0.3	-117.407	1
0.3	-84.2146	1
0.3	-151.795	1
0.3	16.8632	1
0.3	119.464	1
0.3	129.61	1
0.3	-42.3741	1
0.3	-27.7124	1
0.3	-23.0352	1
0.3	75.4227	1
0.3	90.055	1
0.3	26.7482	1
0.3	178.481	1
0.3	-60.5519	1
0.3	-27.9343	1
0.3	73.4856	1
0.3	174.282	1
0.3	-174.787	1
0.3	145.882	1
0.3	161.789	1
0.3	140.377	1
0.3	-174.119	1
0.3	-58.976	1
0.3	-163.608	1
0.3	-120.905	1
0.3	38.9149	1
0.3	-103.445	1
0.3	-59.9264	1
0.3	0.971837	1
0.3	-136.874	1
0.3	-142.828	1
0.3	157.573	1
0.3	-51.4363	1
0.3	89.3914	1
0.3	-143.958	1
0.3	-43.0383	1
0.3	-11.7179	1
0.3	129.892	1
0.3	35.7938	1
0.3	-9.50615	1
0.3	-28.8502	1
0.3	-126.411	1
0.3	-4.82503	1
0.3	-84.9671	1
0.3	-139.592	1
0.3	-12.3582	1
0.3	154.115	-0.047619
0.3	83.9424	-0.047619
0.3	26.5574	-0.047619
0.3	-81.4906	-0.047619
0.3	90.0926	-0.047619
0.3	-40.9539	-0.047619
0.3	27.3292	-0.047619
0.3	71.7444	-0.047619
0.3	-101.424	-0.047619
0.3	-98.4723	-0.047619
0.3	-60.7194	-0.047619
0.3	-159.155	-0.047619
0.3	-179.278	-0.047619
0.3	76.099	-0.047619
0.3	-152.28	-0.047619
0.3	86.8064	-0.047619
0.3	-141.454	-0.047619
0.3	4.51897	-0.047619
0.3	11.3631	-0.047619
0.3	138.052	-0.047619
0.3	167.945	-0.047619
0.3	-113.491	-0.047619
0.3	50.2206	-0.047619
0.3	-90.783	-0.047619
0.3	87.6772	-0.047619
0.3	-9.15721	-0.047619
0.3	73.9727	-0.047619
0.3	101.582	-0.047619
0.3	-12.0576	-0.047619
0.3	71.8661	-0.047619
0.3	10.3641	-0.047619
0.3	39.9217	-0.047619
0.3	122.969	-0.047619
0.3	114.631	-0.047619
0.3	44.1004	-0.047619
0.3	-164.6	-0.047619
0.3	-178.642	-0.047619
0.3	28.4177	-0.047619
0.3	-142.298	-0.047619
0.3	1.74871	-0.047619
0.3	151.08	-0.047619
0.3	56.4975	-0.047619
0.3	44.4179	-0.047619
0.3	111.606	-0.047619
0.3	90.4025	-0.047619
0.3	-10.1304	-0.047619
0.3	144.214	-0.047619
0.3	1.47024	-0.047619
0.3	-55.8995	-0.047619
0.3	40.1123	-0.047619
0.3	-110.961	-0.047619
0.3	77.8694	-0.047619
0.3	-96.854	-0.047619
0.3	-179.213	-0.047619
0.3	-38.7257	-0.047619
0.3	7.51327	-0.047619
0.3	-19.0584	-0.047619
0.3	169.295	-0.047619
0.3	-80.614	-0.047619
0.3	-132.589	-0.047619
0.3	152.125	-0.047619
0.3	25.9794	-0.047619
0.3	-58.6298	-0.047619
0.3	13.3502	-0.047619
0.3	139.977	-0.047619
0.3	-36.1169	-0.047619
0.3	136.41	-0.047619
0.3	-2.49127	-0.047619
0.3	148.709	-0.047619
0.3	-86.0082	-0.047619
0.3	-111.229	-0.047619
0.3	-70.3559	-0.047619
0.3	-44.0735	-0.047619
0.3	-162.524	-0.047619
0.3	122.925	-0.047619
0.3	23.3638	-0.047619
0.3	30.6028	-0.047619
0.3	58.0873	-0.047619
0.3	178.388	-0.047619
0.3	-113.489	-0.047619
0.3	77.7662	-0.047619
0.3	112.013	-0.047619
0.3	86.1112	-0.047619
0.3	57.8754	-0.047619
0.3	-168.163	-0.047619
0.3	-41.2705	-0.047619
0.3	13.6927	-0.047619
0.3	-179.187	-0.047619
0.3	43.3503	-0.047619
0.3	-10.0243	-0.047619
0.3	-131.862	-0.047619
0.3	157.503	-0.047619
0.3	-130.56	-0.047619
0.3	-176.765	-0.047619
0.3	24.7009	-0.047619
0.3	61.9092	-0.047619
0.3	-6.56064	-0.047619
0.3	-151.779	-0.047619
0.3	44.5325	-0.047619
0.3	138.726	-0.047619
0.3	150.295	-0.047619
0.3	93.7302	-0.047619
0.3	-132.83	-0.047619
0.3	-91.3046	-0.047619
0.3	26.3917	-0.047619
0.3	-122.155	-0.047619
0.3	77.0134	-0.047619
0.3	-134.096	-0.047619
0.3	139.658	-0.047619
0.3	-77.7654	-0.047619
0.3	116.334	-0.047619
0.3	55.996	-0.047619
0.3	-104.992	-0.047619
0.3	-26.9589	-0.047619
0.3	174.482	-0.047619
0.3	30.6757	-0.047619
0.3	165.919	-0.047619
0.3	-122.947	-0.047619
0.3	48.7829	-0.047619
0.3	74.1054	-0.047619
0.3	76.0748	-0.047619
0.3	-131.136	-0.047619
0.3	-104.742	-0.047619
0.3	173.408	-0.047619
0.3	0.405826	-0.047619
0.3	28.048	-0.047619
0.3	-0.768891	-0.047619
0.3	33.9719	-0.047619
0.3	-100.224	-0.047619
0.3	108.092	-0.047619
0.3	-15.2037	-0.047619
0.3	-79.1631	-0.047619
0.3	-20.6789	-0.047619
0.3	10.7021	-0.047619
0.3	18.7197	-0.047619
0.3	22.7463	-0.047619
0.3	90.5158	-0.047619
0.3	124.925	-0.047619
0.3	-145.953	-0.047619
0.3	23.84	-0.047619
0.3	67.6293	-0.047619
0.3	-145.959	-0.047619
0.3	-70.8888	-0.047619
0.3	112.553	-0.047619
0.3	44.267	-0.047619
0.3	120.213	-0.047619
0.3	-10.8665	-0.047619
0.3	-62.1355	-0.047619
0.3	-125.199	-0.047619
-0.25	71.1061	1
-0.25	-110.184	1
-0.25	33.6328	1
-0.25	-70.9219	1
-0.25	97.7814	1
-0.25	169.498	1
-0.25	-122.391	1
-0.25	21.8871	1
-0.25	109.43	1
-0.25	3.37296	1
-0.25	132.305	1
-0.25	5.61131	1
-0.25	-59.5467	1
-0.25	69.4467	1
-0.25	-105.57	1
-0.25	7.52802	1
-0.25	179.414	1
-0.25	101.295	1
-0.25	172.966	1
-0.25	44.3845	1
-0.25	-103.35	1
-0.25	10.7751	1
-0.25	-96.5624	1
-0.25	-133.105	1
-0.25	92.3648	1
-0.25	-145.132	1
-0.25	-15.637	1
-0.25	-127.332	1
-0.25	166.564	1
-0.25	-19.5685	1
-0.25	26.3833	1
-0.25	33.2403	1
-0.25	72.4559	1
-0.25	-137.672	1
-0.25	46.9776	1
-0.25	-106.128	1
-0.25	119.657	1
-0.25	158.899	1
-0.25	22.6991	1
-0.25	87.2291	1
-0.25	115.914	1
-0.25	6.41473	1
-0.25	-131.059	1
-0.25	-130.224	1
-0.25	-86.992	1
-0.25	49.5751	1
-0.25	6.4631	1
-0.25	-91.3471	1
-0.25	11.144	1
-0.25	54.8629	1
-0.25	176.69	1
-0.25	-85.2962	1
-0.25	0.0596697	1
-0.25	84.7325	1
-0.25	-121.122	1
-0.25	-117.184	1
-0.25	67.2549	1
-0.25	52.9263	1
-0.25	-86.5067	1
-0.25	-153.383	1
-0.25	85.8315	1
-0.25	114.669	1
-0.25	-29.5274	1
-0.25	135.374	1
-0.25	58.7239	1
-0.25	6.74861	1
-0.25	-74.6469	1
-0.25	137.015	1
-0.25	-164.456	1
-0.25	29.0473	1
-0.25	-30.7104	1
-0.25	-81.5956	1
-0.25	82.4384	1
-0.25	-78.5645	1
-0.25	-105.834	1
-0.25	-165.802	1
-0.25	-139.254	1
-0.25	-112.337	1
-0.25	-147.975	1
-0.25	157.642	1
-0.25	-77.6882	1
-0.25	77.9362	1
-0.25	110.063	1
-0.25	-119.207	1
-0.25	-173.176	1
-0.25	136.374	1
-0.25	1.07449	1
-0.25	121.017	1
-0.25	66.1674	1
-0.25	-122.698	1
-0.25	-117.071	1
-0.25	-17.2699	1
-0.25	60.5731	1
-0.25	-71.4775	1
-0.25	-129.407	1
-0.25	-73.1893	1
-0.25	58.5035	1
-0.25	-121.931	1
-0.25	75.7799	1
-0.25	-162.505	1
-0.25	14.4079	1
-0.25	-80.8116	1
-0.25	-29.9833	1
-0.25	132.185	1
-0.25	150.614	1
-0.25	163.373	1
-0.25	157.79	1
-0.25	167.112	1
-0.25	-116.784	1
-0.25	-52.9799	1
-0.25	-83.2386	1
-0.25	-65.1542	-0.047619
-0.25	-40.3138	-0.047619
-0.25	72.456	-0.047619
-0.25	-108.528	-0.047619
-0.25	-176.403	-0.047619
-0.25	166.441	-0.047619
-0.25	-172.763	-0.047619
-0.25	19.6784	-0.047619
-0.25	-83.4126	-0.047619
-0.25	-148.326	-0.047619
-0.25	109.687	-0.047619
-0.25	-39.2229	-0.047619
-0.25	-28.3982	-0.047619
-0.25	-165.648	-0.047619
-0.25	-88.1606	-0.047619
-0.25	-72.0438	-0.047619
-0.25	45.4083	-0.047619
-0.25	61.0813	-0.047619
-0.25	96.1812	-0.047619
-0.25	-8.81192	-0.047619
-0.25	167.493	-0.047619
-0.25	140.353	-0.047619
-0.25	68.7581	-0.047619
-0.25	-55.4058	-0.047619
-0.25	146.808	-0.047619
-0.25	-160.629	-0.047619
-0.25	-179.739	-0.047619
-0.25	-98.0862	-0.047619
-0.25	-124.752	-0.047619
-0.25	-30.3683	-0.047619
-0.25	-94.2197	-0.047619
-0.25	-46.9656	-0.047619
-0.25	-26.665	-0.047619
-0.25	137.365	-0.047619
-0.25	60.0283	-0.047619
-0.25	-170.109	-0.047619
-0.25	137.519	-0.047619
-0.25	-130.126	-0.047619
-0.25	-84.3051	-0.047619
-0.25	-120.494	-0.047619
-0.25	-16.2259	-0.047619
-0.25	-52.3717	-0.047619
-0.25	117.606	-0.047619
-0.25	-14.3484	-0.047619
-0.25	-82.3301	-0.047619
-0.25	84.2501	-0.047619
-0.25	33.7975	-0.047619
-0.25	62.6694	-0.047619
-0.25	10.5221	-0.047619
-0.25	-135.591	-0.047619
-0.25	-61.054	-0.047619
-0.25	90.0157	-0.047619
-0.25	-157.158	-0.047619
-0.25	-8.4626	-0.047619
-0.25	152.216	-0.047619
-0.25	86.0561	-0.047619
-0.25	-104.093	-0.047619
-0.25	-74.3723	-0.047619
-0.25	-10.928	-0.047619
-0.25	-17.7777	-0.047619
-0.25	97.6092	-0.047619
-0.25	179.043	-0.047619
-0.25	79.1125	-0.047619
-0.25	-9.30072	-0.047619
-0.25	-177.772	-0.047619
-0.25	-55.1258	-0.047619
-0.25	-167.852	-0.047619
-0.25	-13.8367	-0.047619
-0.25	-54.3405	-0.047619
-0.25	-91.2636	-0.047619
-0.25	6.25506	-0.047619
-0.25	-159.162	-0.047619
-0.25	-16.6039	-0.047619
-0.25	1.26564	-0.047619
-0.25	26.7047	-0.047619
-0.25	160.185	-0.047619
-0.25	-18.8224	-0.047619
-0.25	-129.284	-0.047619
-0.25	77.0779	-0.047619
-0.25	-138.984	-0.047619
-0.25	-44.5453	-0.047619
-0.25	-155.657	-0.047619
-0.25	92.8339	-0.047619
-0.25	-141.806	-0.047619
-0.25	126.916	-0.047619
-0.25	-123.382	-0.047619
-0.25	-102.831	-0.047619
-0.25	35.113	-0.047619
-0.25	68.0046	-0.047619
-0.25	53.7972	-0.047619
-0.25	-131.18	-0.047619
-0.25	-69.8996	-0.047619
-0.25	-102.117	-0.047619
-0.25	-58.2535	-0.047619
-0.25	115.666	-0.047619
-0.25	-177.35	-0.047619
-0.25	34.2582	-0.047619
-0.25	164.939	-0.047619
-0.25	-75.4825	-0.047619
-0.25	-55.6817	-0.047619
-0.25	-147.084	-0.047619
-0.25	144.093	-0.047619
-0.25	-34.3541	-0.047619
-0.25	-36.2524	-0.047619
-0.25	-132.688	-0.047619
-0.25	57.5425	-0.047619
-0.25	-132.589	-0.047619
-0.25	76.9834	-0.047619
-0.25	-87.2325	-0.047619
-0.25	-42.4722	-0.047619
-0.25	-134.745	-0.047619
-0.25	-130.701	-0.047619
-0.25	-91.2318	-0.047619
-0.25	-64.2008	-0.047619
-0.25	-46.8341	-0.047619
-0.25	-78.4085	-0.047619
-0.25	132.871	-0.047619
0.3	49.8185	1
0.3	-26.2206	1
0.3	-76.8307	1
0.3	-81.0705	1
0.3	-38.0077	1
0.3	-55.4845	1
0.3	-100.52	1
0.3	98.0383	1
0.3	88.2384	1
0.3	-86.8893	1
0.3	-80.4762	1
0.3	-35.3659	1
0.3	59.1519	1
0.3	0.832124	1
0.3	-94.7382	1
0.3	-142.939	1
0.3	-172.254	1
0.3	159.175	1
0.3	-102.08	1
0.3	108.32	1
0.3	-47.4723	1
0.3	149.108	1
0.3	106.765	1
0.3	109.067	1
0.3	174.53	1
0.3	155.867	1
0.3	149.887	1
0.3	-27.878	1
0.3	40.0688	1
0.3	-111.231	1
0.3	90.2032	1
0.3	-140.406	1
0.3	-176.535	1
0.3	14.5842	1
0.3	-62.6837	1
0.3	86.7184	1
0.3	-68.7337	1
0.3	153.624	1
0.3	-104.614	1
0.3	83.902	1
0.3	163.091	1
0.3	-143.267	1
0.3	-174.266	1
0.3	-65.6947	1
0.3	40.6558	1
0.3	-174.424	1
0.3	66.3049	1
0.3	-1.14084	1
0.3	55.3151	1
0.3	-157.186	1
0.3	61.3875	1
0.3	118.404	1
0.3	-46.3942	1
0.3	143.093	1
0.3	-99.7309	1
0.3	76.5519	1
0.3	-44.9088	1
0.3	-47.7673	1
0.3	-25.6885	1
0.3	-146.576	1
0.3	-133.855	1
0.3	-75.9891	1
0.3	-74.1837	1
0.3	-0.125138	1
0.3	-43.587	1
0.3	-138.579	1
0.3	-149.167	1
0.3	-7.53522	1
0.3	-161.193	1
0.3	53.3746	1
0.3	-125.352	1
0.3	-80.2035	1
0.3	115.565	1
0.3	139.012	1
0.3	19.2094	1
0.3	40.8044	1
0.3	158.676	1
0.3	74.7979	1
0.3	-102.577	1
0.3	145.098	1
0.3	-137.983	1
0.3	-77.0353	1
0.3	-65.9169	1
0.3	-102.26	1
0.3	-77.3765	1
0.3	158.037	1
0.3	-83.6267	1
0.3	-23.7431	1
0.3	-100.664	1
0.3	-4.74699	1
0.3	-145.915	1
0.3	146.423	1
0.3	12.3246	1
0.3	116.957	1
0.3	126.288	1
0.3	6.22225	1
0.3	-86.3243	1
0.3	13.4107	1
0.3	-24.7471	1
0.3	-60.0884	1
0.3	93.2647	1
0.3	85.003	1
0.3	-89.994	1
0.3	115.738	1
0.3	25.8678	1
0.3	1.64233	1
0.3	86.9632	1
0.3	-4.53175	1
0.3	133.385	1
0.3	100.392	1
0.3	129.159	1
0.3	66.4922	1
0.3	96.4859	1
0.3	79.9342	1
0.3	-78.94	1
0.3	165.778	1
0.3	-60.2397	1
0.3	169.009	1
0.3	-170.377	1
0.3	94.0594	1
0.3	16.1559	1
0.3	61.5851	1
0.3	77.9294	1
0.3	-173.989	1
0.3	-19.4107	1
0.3	57.8191	1
0.3	72.6929	1
0.3	75.4745	1
0.3	-40.6634	1
0.3	-87.8787	1
0.3	79.562	1
0.3	-175.929	1
0.3	84.7148	1
0.3	87.2306	1
0.3	15.9002	1
0.3	-159.406	1
0.3	35.31	1
0.3	-26.0021	1
0.3	57.9814	1
0.3	44.975	1
0.3	-11.15	1
0.3	123.442	-0.0666667
0.3	35.9166	-0.0666667
0.3	81.5492	-0.0666667
0.3	-131.199	-0.0666667
0.3	58.6591	-0.0666667
0.3	166.203	-0.0666667
0.3	-62.0992	-0.0666667
0.3	167.745	-0.0666667
0.3	16.9557	-0.0666667
0.3	-130.86	-0.0666667
0.3	-137.375	-0.0666667
0.3	-50.3933	-0.0666667
0.3	-55.4324	-0.0666667
0.3	52.9534	-0.0666667
0.3	-95.4173	-0.0666667
0.3	63.5614	-0.0666667
0.3	117.01	-0.0666667
0.3	164.674	-0.0666667
0.3	-41.1542	-0.0666667
0.3	107.614	-0.0666667
0.3	46.0493	-0.0666667
0.3	16.2658	-0.0666667
0.3	-156.903	-0.0666667
0.3	87.7232	-0.0666667
0.3	-59.9127	-0.0666667
0.3	-5.82666	-0.0666667
0.3	91.2908	-0.0666667
0.3	55.5358	-0.0666667
0.3	25.0274	-0.0666667
0.3	-119.839	-0.0666667
0.3	-127.016	-0.0666667
0.3	-99.5781	-0.0666667
0.3	58.4472	-0.0666667
0.3	-6.6819	-0.0666667
0.3	30.2481	-0.0666667
0.3	52.4933	-0.0666667
0.3	68.4028	-0.0666667
0.3	-145.367	-0.0666667
0.3	13.809	-0.0666667
0.3	44.3989	-0.0666667
0.3	-171.911	-0.0666667
0.3	-102.875	-0.0666667
0.3	108.374	-0.0666667
0.3	-157.573	-0.0666667
0.3	-108.545	-0.0666667
0.3	-60.4199	-0.0666667
0.3	111.205	-0.0666667
0.3	155.603	-0.0666667
0.3	13.5589	-0.0666667
0.3	-177.02	-0.0666667
0.3	127.036	-0.0666667
0.3	12.8787	-0.0666667
0.3	-25.8653	-0.0666667
0.3	116.329	-0.0666667
0.3	107.821	-0.0666667
0.3	91.6639	-0.0666667
0.3	171.949	-0.0666667
0.3	128.9	-0.0666667
0.3	56.3542	-0.0666667
0.3	170.391	-0.0666667
0.3	53.6971	-0.0666667
0.3	-138.541	-0.0666667
0.3	119.266	-0.0666667
0.3	63.7181	-0.0666667
0.3	143.717	-0.0666667
0.3	40.9259	-0.0666667
0.3	-119.258	-0.0666667
0.3	78.5239	-0.0666667
0.3	86.4132	-0.0666667
0.3	-102.722	-0.0666667
0.3	-54.5291	-0.0666667
0.3	155.638	-0.0666667
0.3	81.3875	-0.0666667
0.3	93.5641	-0.0666667
0.3	-39.9603	-0.0666667
0.3	-149.312	-0.0666667
0.3	137.51	-0.0666667
0.3	91.6496	-0.0666667
0.3	-47.4518	-0.0666667
0.3	7.7577	-0.0666667
0.3	107.041	-0.0666667
0.3	-142.095	-0.0666667
0.3	118.727	-0.0666667
0.3	68.4495	-0.0666667
0.3	15.5422	-0.0666667
0.3	-31.161	-0.0666667
0.3	-33.0881	-0.0666667
0.3	150.694	-0.0666667
0.3	36.0689	-0.0666667
0.3	98.6412	-0.0666667
0.3	-171.495	-0.0666667
0.3	-13.6073	-0.0666667
0.3	45.9588	-0.0666667
0.3	-6.75425	-0.0666667
0.3	-178.151	-0.0666667
0.3	143.585	-0.0666667
0.3	9.45205	-0.0666667
0.3	-93.1451	-0.0666667
0.3	87.8617	-0.0666667
0.3	51.6628	-0.0666667
0.3	134.883	-0.0666667
0.3	-60.2052	-0.0666667
0.3	99.6285	-0.0666667
0.3	63.853	-0.0666667
0.3	44.0414	-0.0666667
0.3	172.623	-0.0666667
-0.25	179.405	1
-0.25	-97.2218	1
-0.25	142.678	1
-0.25	42.157	1
-0.25	-75.9652	1
-0.25	134.599	1
-0.25	-81.8545	1
-0.25	-179.085	1
-0.25	65.0469	1
-0.25	153.316	1
-0.25	138.758	1
-0.25	143.192	1
-0.25	33.5289	1
-0.25	57.7587	1
-0.25	-89.0204	1
-0.25	-39.2657	1
-0.25	-40.6988	1
-0.25	-116.872	1
-0.25	-117.739	1
-0.25	-97.9277	1
-0.25	129.784	1
-0.25	34.3897	1
-0.25	-13.3961	1
-0.25	-10.7811	1
-0.25	46.2988	1
-0.25	29.5472	1
-0.25	-109.613	1
-0.25	70.0735	1
-0.25	-91.1601	1
-0.25	109.1	1
-0.25	176.616	1
-0.25	-0.904089	1
-0.25	110.07	1
-0.25	93.1429	1
-0.25	-160.832	1
-0.25	-1.91383	1
-0.25	47.2814	1
-0.25	-101.268	1
-0.25	-125.308	1
-0.25	161.777	1
-0.25	-40.696	1
-0.25	153.909	1
-0.25	-17.0968	1
-0.25	134.366	1
-0.25	80.0974	1
-0.25	107.317	1
-0.25	-82.7107	1
-0.25	124.95	1
-0.25	-33.354	1
-0.25	82.9292	1
-0.25	112.17	1
-0.25	-72.6457	1
-0.25	24.3388	1
-0.25	-172.194	1
-0.25	-73.6095	1
-0.25	24.3372	1
-0.25	50.1675	1
-0.25	-16.3142	1
-0.25	158.258	1
-0.25	-150.711	1
-0.25	73.2961	1
-0.25	20.9238	1
-0.25	-83.728	1
-0.25	148.193	1
-0.25	93.3391	1
-0.25	20.0742	1
-0.25	14.7236	1
-0.25	-158.016	1
-0.25	43.453	1
-0.25	-13.0479	1
-0.25	-151.174	1
-0.25	23.0371	1
-0.25	-106.568	1
-0.25	-83.5571	1
-0.25	-143.875	1
-0.25	-102.07	1
-0.25	71.2272	1
-0.25	-123.168	1
-0.25	92.1152	1
-0.25	-89.1387	1
-0.25	-83.999	1
-0.25	-165.315	1
-0.25	-107.401	1
-0.25	-110.528	1
-0.25	83.5525	1
-0.25	110.439	1
-0.25	135.197	1
-0.25	-134.966	1
-0.25	80.6848	1
-0.25	-125.573	1
-0.25	-71.6744	1
-0.25	-73.0835	1
-0.25	41.9749	1
-0.25	133.086	1
-0.25	3.72199	1
-0.25	23.4984	1
-0.25	-138.902	1
-0.25	108.601	1
-0.25	-38.8017	1
-0.25	-126.019	1
-0.25	176.711	1
-0.25	-32.1933	1
-0.25	70.2737	1
-0.25	-94.0039	1
-0.25	-4.84465	1
-0.25	-10.6583	1
-0.25	-165.813	1
-0.25	-36.0164	1
-0.25	93.5806	1
-0.25	38.3713	1
-0.25	-109.995	1
-0.25	9.74615	-0.0666667
-0.25	-12.6675	-0.0666667
-0.25	-109.919	-0.0666667
-0.25	-117.87	-0.0666667
-0.25	-110.931	-0.0666667
-0.25	-32.9923	-0.0666667
-0.25	-46.6881	-0.0666667
-0.25	-151.546	-0.0666667
-0.25	121.321	-0.0666667
-0.25	-117.298	-0.0666667
-0.25	47.5563	-0.0666667
-0.25	130.066	-0.0666667
-0.25	39.7075	-0.0666667
-0.25	3.28197	-0.0666667
-0.25	-123.068	-0.0666667
-0.25	-105.504	-0.0666667
-0.25	-178.425	-0.0666667
-0.25	-1.20193	-0.0666667
-0.25	-26.8398	-0.0666667
-0.25	-123.395	-0.0666667
-0.25	-57.136	-0.0666667
-0.25	-160.19	-0.0666667
-0.25	6.90235	-0.0666667
-0.25	107.073	-0.0666667
-0.25	-50.8999	-0.0666667
-0.25	139.209	-0.0666667
-0.25	33.6433	-0.0666667
-0.25	-29.2927	-0.0666667
-0.25	93.6303	-0.0666667
-0.25	28.0064	-0.0666667
-0.25	117.865	-0.0666667
-0.25	122.58	-0.0666667
-0.25	120.439	-0.0666667
-0.25	-43.5167	-0.0666667
-0.25	95.0719	-0.0666667
-0.25	92.4951	-0.0666667
-0.25	-11.047	-0.0666667
-0.25	-101.544	-0.0666667
-0.25	152.129	-0.0666667
-0.25	116.912	-0.0666667
-0.25	111.732	-0.0666667
-0.25	-10.9315	-0.0666667
-0.25	60.6948	-0.0666667
-0.25	90.1149	-0.0666667
-0.25	174.827	-0.0666667
-0.25	-9.54338	-0.0666667
-0.25	-14.1459	-0.0666667
-0.25	-89.7287	-0.0666667
-0.25	-7.95914	-0.0666667
-0.25	52.6884	-0.0666667
-0.25	-149.187	-0.0666667
-0.25	-43.5904	-0.0666667
-0.25	96.2465	-0.0666667
-0.25	-138.773	-0.0666667
-0.25	-21.154	-0.0666667
-0.25	164.92	-0.0666667
-0.25	-84.8729	-0.0666667
-0.25	-174.315	-0.0666667
-0.25	-156.168	-0.0666667
-0.25	-142.503	-0.0666667
-0.25	179.085	-0.0666667
-0.25	105.564	-0.0666667
-0.25	-170.07	-0.0666667
-0.25	-45.0237	-0.0666667
-0.25	175.335	-0.0666667
-0.25	27.2137	-0.0666667
-0.25	-156.263	-0.0666667
-0.25	13.9695	-0.0666667
-0.25	38.3903	-0.0666667
-0.25	178.424	-0.0666667
-0.25	69.2216	-0.0666667
-0.25	-151.449	-0.0666667
-0.25	-72.49	-0.0666667
-0.25	44.2805	-0.0666667
-0.25	59.6635	-0.0666667
-0.25	155.19	-0.0666667
-0.25	-15.9055	-0.0666667
-0.25	-86.084	-0.0666667
-0.25	-141.046	-0.0666667
-0.25	141.948	-0.0666667
-0.25	0.529977	-0.0666667
-0.25	0.0776567	-0.0666667
-0.25	-121.092	-0.0666667
-0.25	114.16	-0.0666667
0.3	89.3892	1
0.3	-78.123	1
0.3	132.928	1
0.3	-49.8312	1
0.3	124.599	1
0.3	50.0595	1
0.3	147.801	1
0.3	115.651	1
0.3	163.632	1
0.3	64.603	1
0.3	85.4336	1
0.3	163.754	1
0.3	91.2486	1
0.3	-90.0903	1
0.3	-0.383002	1
0.3	-101.059	1
0.3	-32.0069	1
0.3	-153.691	1
0.3	115.012	1
0.3	172.467	1
0.3	1.37125	1
0.3	30.823	1
0.3	-168.022	1
0.3	-123.532	1
0.3	-175.601	1
0.3	126.962	1
0.3	70.6124	1
0.3	57.9473	1
0.3	63.1603	1
0.3	28.4273	1
0.3	-11.3435	1
0.3	-94.1585	1
0.3	109.605	1
0.3	156.732	1
0.3	-91.2168	1
0.3	-54.9205	1
0.3	74.479	1
0.3	7.32075	1
0.3	-116.466	1
0.3	157.391	1
0.3	-47.1248	1
0.3	-61.2842	1
0.3	-101.004	1
0.3	-75.3606	1
0.3	-23.9665	1
0.3	13.9402	1
0.3	61.3906	1
0.3	-54.1216	1
0.3	171.51	1
0.3	0.566099	1
0.3	89.974	1
0.3	-2.16964	1
0.3	123.246	1
0.3	-23.9446	1
0.3	-70.8555	1
0.3	-158.013	1
0.3	-60.7517	1
0.3	32.085	1
0.3	-41.1992	1
0.3	-38.3345	1
0.3	-140.796	1
0.3	-134.562	1
0.3	95.8375	1
0.3	4.67606	1
0.3	54.8825	1
0.3	91.7587	1
0.3	-47.1742	1
0.3	-172.785	1
0.3	143.945	1
0.3	-161.463	1
0.3	-41.6484	1
0.3	96.2561	1
0.3	173.565	1
0.3	91.4274	1
0.3	-47.1974	1
0.3	-158.408	1
0.3	133.111	1
0.3	-122.111	1
0.3	-84.5573	1
0.3	-59.3549	1
0.3	152.223	1
0.3	32.0287	1
0.3	135.13	1
0.3	-90.3884	1
0.3	146.594	1
0.3	96.4059	1
0.3	156.135	1
0.3	-125	1
0.3	164.134	1
0.3	36.0281	1
0.3	-166.726	1
0.3	31.9468	1
0.3	116.216	1
0.3	52.7759	1
0.3	-159.79	1
0.3	-71.4992	1
0.3	126.372	1
0.3	-91.5674	1
0.3	-168.166	1
0.3	-54.5071	1
0.3	173.26	1
0.3	111.25	1
0.3	107.896	1
0.3	-5.98738	1
0.3	26.5501	1
0.3	58.5003	1
0.3	-86.7921	1
0.3	131.91	1
0.3	-73.5334	1
0.3	-6.27044	1
0.3	-173.658	1
0.3	-178.501	1
0.3	-174.9	1
0.3	-108.518	1
0.3	-162.735	1
0.3	132.171	1
0.3	-133.734	1
0.3	89.5551	1
0.3	-126.494	1
0.3	109.269	1
0.3	-100.386	1
0.3	11.322	1
0.3	129.532	1
0.3	96.1299	1
0.3	-64.355	1
0.3	-57.2964	1
0.3	-82.1085	1
0.3	-68.3128	1
0.3	-146.373	1
0.3	108.667	1
0.3	81.7084	1
0.3	-177.959	1
0.3	40.8609	1
0.3	129.541	1
0.3	-146.044	1
0.3	119.427	1
0.3	-91.97	1
0.3	67.4351	1
0.3	36.0156	1
0.3	-113.698	1
0.3	76.2331	1
0.3	-43.4808	-0.0285714
0.3	-67.9942	-0.0285714
0.3	-133.243	-0.0285714
0.3	130.365	-0.0285714
0.3	90.9959	-0.0285714
0.3	-38.8046	-0.0285714
0.3	-22.6174	-0.0285714
0.3	162.109	-0.0285714
0.3	-114.418	-0.0285714
0.3	161.597	-0.0285714
0.3	156.427	-0.0285714
0.3	-43.2213	-0.0285714
0.3	44.205	-0.0285714
0.3	160.222	-0.0285714
0.3	-16.2209	-0.0285714
0.3	-34.6193	-0.0285714
0.3	-56.2145	-0.0285714
0.3	-42.0807	-0.0285714
0.3	74.3867	-0.0285714
0.3	-158.927	-0.0285714
0.3	128.4	-0.0285714
0.3	41.6657	-0.0285714
0.3	19.115	-0.0285714
0.3	-144.046	-0.0285714
0.3	77.9333	-0.0285714
0.3	54.2617	-0.0285714
0.3	-110.756	-0.0285714
0.3	154.426	-0.0285714
0.3	-19.8433	-0.0285714
0.3	70.9899	-0.0285714
0.3	-166.182	-0.0285714
0.3	12.3185	-0.0285714
0.3	24.8541	-0.0285714
0.3	-112.275	-0.0285714
0.3	-155.572	-0.0285714
0.3	-134.453	-0.0285714
0.3	55.7348	-0.0285714
0.3	-4.57105	-0.0285714
0.3	-101.216	-0.0285714
0.3	-54.1866	-0.0285714
0.3	44.6787	-0.0285714
0.3	38.5072	-0.0285714
0.3	113.325	-0.0285714
0.3	40.1688	-0.0285714
0.3	29.7031	-0.0285714
0.3	-3.29449	-0.0285714
0.3	-167.26	-0.0285714
0.3	-38.4553	-0.0285714
0.3	20.4714	-0.0285714
0.3	-142.371	-0.0285714
0.3	-96.5432	-0.0285714
0.3	168.48	-0.0285714
0.3	139.354	-0.0285714
0.3	22.0803	-0.0285714
0.3	140.304	-0.0285714
0.3	3.92715	-0.0285714
0.3	-178.461	-0.0285714
0.3	175.216	-0.0285714
0.3	-107.08	-0.0285714
0.3	-95.4425	-0.0285714
0.3	-87.6847	-0.0285714
0.3	-62.004	-0.0285714
0.3	-129.832	-0.0285714
0.3	104.713	-0.0285714
0.3	49.2679	-0.0285714
0.3	-37.3387	-0.0285714
0.3	-15.4755	-0.0285714
0.3	142.583	-0.0285714
0.3	55.1429	-0.0285714
0.3	-43.3279	-0.0285714
0.3	136.773	-0.0285714
0.3	-53.1454	-0.0285714
0.3	56.1324	-0.0285714
0.3	-116.787	-0.0285714
0.3	-112.693	-0.0285714
0.3	117.626	-0.0285714
0.3	106.975	-0.0285714
0.3	-113.5	-0.0285714
0.3	171.005	-0.0285714
0.3	-167.499	-0.0285714
0.3	36.419	-0.0285714
0.3	67.9272	-0.0285714
0.3	130.217	-0.0285714
0.3	174.248	-0.0285714
0.3	55.5986	-0.0285714
0.3	26.7391	-0.0285714
0.3	-134.713	-0.0285714
0.3	-98.3741	-0.0285714
0.3	173.039	-0.0285714
0.3	-117.938	-0.0285714
0.3	-3.47364	-0.0285714
0.3	-67.009	-0.0285714
0.3	175.179	-0.0285714
0.3	4.22092	-0.0285714
0.3	131.696	-0.0285714
0.3	24.3492	-0.0285714
0.3	125.121	-0.0285714
0.3	-164.249	-0.0285714
0.3	141.322	-0.0285714
0.3	96.4853	-0.0285714
0.3	-99.0022	-0.0285714
0.3	-157.38	-0.0285714
0.3	-104.37	-0.0285714
0.3	-171.508	-0.0285714
0.3	118.441	-0.0285714
0.3	-154.046	-0.0285714
0.3	167.426	-0.0285714
0.3	9.17297	-0.0285714
0.3	-142.445	-0.0285714
0.3	-132.379	-0.0285714
0.3	-157.328	-0.0285714
0.3	-2.3304	-0.0285714
0.3	150.045	-0.0285714
0.3	-49.6807	-0.0285714
0.3	31.3806	-0.0285714
0.3	164.511	-0.0285714
0.3	-130.974	-0.0285714
0.3	-154.937	-0.0285714
0.3	167.344	-0.0285714
0.3	97.1746	-0.0285714
0.3	-137.097	-0.0285714
0.3	-53.8619	-0.0285714
0.3	-43.0967	-0.0285714
0.3	134.666	-0.0285714
0.3	150.281	-0.0285714
0.3	22.6113	-0.0285714
0.3	-137.113	-0.0285714
0.3	-72.6364	-0.0285714
0.3	60.2748	-0.0285714
0.3	-132.998	-0.0285714
0.3	97.3713	-0.0285714
0.3	-102.899	-0.0285714
0.3	-142.64	-0.0285714
0.3	140.924	-0.0285714
0.3	20.3829	-0.0285714
0.3	-128.29	-0.0285714
0.3	75.6365	-0.0285714
0.3	-173.102	-0.0285714
0.3	-151.485	-0.0285714
0.3	112.433	-0.0285714
0.3	-173.419	-0.0285714
0.3	-145.329	-0.0285714
0.3	109.073	-0.0285714
0.3	-47.7017	-0.0285714
0.3	55.7461	-0.0285714
0.3	160.111	-0.0285714
0.3	-114.256	-0.0285714
0.3	-31.8959	-0.0285714
0.3	175.964	-0.0285714
0.3	-4.74171	-0.0285714
0.3	-59.8598	-0.0285714
0.3	59.6584	-0.0285714
0.3	78.9291	-0.0285714
0.3	171.648	-0.0285714
0.3	-6.50484	-0.0285714
0.3	16.7554	-0.0285714
0.3	-148.329	-0.0285714
0.3	138.179	-0.0285714
0.3	55.0865	-0.0285714
0.3	-66.4688	-0.0285714
0.3	66.0804	-0.0285714
0.3	-107.514	-0.0285714
0.3	-87.988	-0.0285714
0.3	-99.2184	-0.0285714
0.3	-56.5514	-0.0285714
0.3	-107.979	-0.0285714
0.3	-153.871	-0.0285714
0.3	48.9346	-0.0285714
0.3	53.3617	-0.0285714
0.3	40.8611	-0.0285714
0.3	-88.7225	-0.0285714
0.3	-69.3215	-0.0285714
0.3	-141.745	-0.0285714
0.3	121.733	-0.0285714
0.3	-23.0314	-0.0285714
0.3	111.809	-0.0285714
0.3	121.089	-0.0285714
0.3	105.826	-0.0285714
0.3	138.352	-0.0285714
0.3	28.0865	-0.0285714
0.3	-171.081	-0.0285714
0.3	38.8642	-0.0285714
0.3	-145.71	-0.0285714
0.3	-85.5037	-0.0285714
0.3	113.817	-0.0285714
0.3	91.432	-0.0285714
0.3	155.411	-0.0285714
0.3	-102.903	-0.0285714
0.3	157.943	-0.0285714
0.3	109.598	-0.0285714
0.3	-109.445	-0.0285714
0.3	-177.308	-0.0285714
0.3	-57.9332	-0.0285714
0.3	131.996	-0.0285714
0.3	88.2594	-0.0285714
0.3	179.089	-0.0285714
0.3	-12.2528	-0.0285714
0.3	-122.63	-0.0285714
0.3	-143.169	-0.0285714
0.3	13.1514	-0.0285714
0.3	77.7732	-0.0285714
0.3	-117.863	-0.0285714
0.3	52.1532	-0.0285714
0.3	123.573	-0.0285714
0.3	22.4389	-0.0285714
0.3	-133.342	-0.0285714
0.3	106.902	-0.0285714
0.3	-158.167	-0.0285714
0.3	105.433	-0.0285714
0.3	91.0895	-0.0285714
0.3	-130.552	-0.0285714
0.3	51.8573	-0.0285714
0.3	-52.3019	-0.0285714
0.3	-95.6115	-0.0285714
0.3	-51.4515	-0.0285714
0.3	-168.134	-0.0285714
0.3	-100.401	-0.0285714
0.3	118.937	-0.0285714
0.3	138.463	-0.0285714
0.3	-80.9433	-0.0285714
0.3	-29.961	-0.0285714
0.3	-4.96067	-0.0285714
0.3	-32.9246	-0.0285714
0.3	-143.896	-0.0285714
0.3	-71.3893	-0.0285714
0.3	26.9156	-0.0285714
0.3	-21.3902	-0.0285714
0.3	141.422	-0.0285714
0.3	-0.328889	-0.0285714
0.3	-161.197	-0.0285714
0.3	-31.2994	-0.0285714
0.3	-70.8127	-0.0285714
0.3	68.0216	-0.0285714
0.3	87.9319	-0.0285714
0.3	171.858	-0.0285714
0.3	-115.73	-0.0285714
0.3	-97.4771	-0.0285714
0.3	-2.19249	-0.0285714
0.3	127.642	-0.0285714
0.3	-127.687	-0.0285714
0.3	-144.727	-0.0285714
0.3	-179.314	-0.0285714
0.3	150.07	-0.0285714
0.3	23.7513	-0.0285714
0.3	-25.5875	-0.0285714
0.3	-27.9792	-0.0285714
0.3	43.7204	-0.0285714
0.3	43.2646	-0.0285714
-0.25	-131.214	1
-0.25	113.955	1
-0.25	-149.502	1
-0.25	-109.879	1
-0.25	23.1339	1
-0.25	40.2911	1
-0.25	11.6588	1
-0.25	-120.047	1
-0.25	47.7421	1
-0.25	-82.2311	1
-0.25	160.732	1
-0.25	29.4522	1
-0.25	44.3497	1
-0.25	102.799	1
-0.25	-43.7557	1
-0.25	48.5692	1
-0.25	-69.807	1
-0.25	-28.3597	1
-0.25	-35.6475	1
-0.25	26.272	1
-0.25	178.435	1
-0.25	50.7858	1
-0.25	45.473	1
-0.25	7.40965	1
-0.25	137.098	1
-0.25	19.1789	1
-0.25	-7.24862	1
-0.25	-154.751	1
-0.25	-9.26898	1
-0.25	176.166	1
-0.25	-54.6477	1
-0.25	138.277	1
-0.25	-65.5341	1
-0.25	45.2117	1
-0.25	-24.694	1
-0.25	15.7975	1
-0.25	-10.0648	1
-0.25	81.4075	1
-0.25	95.5274	1
-0.25	-112.55	1
-0.25	41.3131	1
-0.25	89.2274	1
-0.25	70.9254	1
-0.25	-140.002	1
-0.25	-123.397	1
-0.25	70.8646	1
-0.25	133.702	1
-0.25	46.641	1
-0.25	-44.8893	1
-0.25	62.6309	1
-0.25	62.1538	1
-0.25	166.731	1
-0.25	-72.648	1
-0.25	-113.489	1
-0.25	-178.162	1
-0.25	-37.6356	1
-0.25	-98.1167	1
-0.25	2.58273	1
-0.25	-85.5624	1
-0.25	50.5126	1
-0.25	-91.2549	1
-0.25	76.1811	1
-0.25	-49.9506	1
-0.25	-173.721	1
-0.25	-2.72599	1
-0.25	5.0608	1
-0.25	105.273	1
-0.25	-14.2613	1
-0.25	60.973	1
-0.25	-36.3034	1
-0.25	-72.4851	1
-0.25	-94.5086	1
-0.25	54.3111	1
-0.25	9.32921	1
-0.25	-20.0774	1
-0.25	-64.9465	1
-0.25	-12.5195	1
-0.25	65.3927	1
-0.25	92.3498	1
-0.25	-165.344	1
-0.25	39.5623	1
-0.25	79.7212	1
-0.25	-141.803	1
-0.25	65.1974	1
-0.25	41.5987	1
-0.25	-116.725	1
-0.25	177.228	1
-0.25	-148.458	1
-0.25	-165.633	1
-0.25	-139.269	1
-0.25	-52.0584	1
-0.25	54.2862	1
-0.25	-3.90894	1
-0.25	91.7521	1
-0.25	179.021	1
-0.25	130.168	1
-0.25	132.14	1
-0.25	167.807	1
-0.25	28.586	1
-0.25	-3.50602	1
-0.25	65.8782	1
-0.25	137.195	1
-0.25	15.3785	1
-0.25	-143.089	1
-0.25	21.4424	1
-0.25	-20.3711	1
-0.25	-60.547	1
-0.25	-101.295	1
-0.25	-121.539	1
-0.25	-124.421	1
-0.25	-65.2884	1
-0.25	65.592	-0.0285714
-0.25	52.2371	-0.0285714
-0.25	-28.6106	-0.0285714
-0.25	71.3976	-0.0285714
-0.25	-28.9381	-0.0285714
-0.25	-12.2673	-0.0285714
-0.25	-40.3315	-0.0285714
-0.25	159.381	-0.0285714
-0.25	-5.32958	-0.0285714
-0.25	-154.849	-0.0285714
-0.25	-172.313	-0.0285714
-0.25	-10.2678	-0.0285714
-0.25	-59.5961	-0.0285714
-0.25	58.921	-0.0285714
-0.25	55.5681	-0.0285714
-0.25	96.3498	-0.0285714
-0.25	71.0273	-0.0285714
-0.25	-122.383	-0.0285714
-0.25	-149.547	-0.0285714
-0.25	111.415	-0.0285714
-0.25	-137.032	-0.0285714
-0.25	58.8889	-0.0285714
-0.25	87.5852	-0.0285714
-0.25	29.5416	-0.0285714
-0.25	-90.0434	-0.0285714
-0.25	-55.6504	-0.0285714
-0.25	-13.4667	-0.0285714
-0.25	-123.425	-0.0285714
-0.25	-86.6769	-0.0285714
-0.25	128.703	-0.0285714
-0.25	-172.116	-0.0285714
-0.25	-10.0251	-0.0285714
-0.25	-179.63	-0.0285714
-0.25	147.7	-0.0285714
-0.25	34.8791	-0.0285714
-0.25	100.934	-0.0285714
-0.25	-21.5905	-0.0285714
-0.25	-117.784	-0.0285714
-0.25	-168.064	-0.0285714
-0.25	-131.344	-0.0285714
-0.25	-100.668	-0.0285714
-0.25	67.9692	-0.0285714
-0.25	173.492	-0.0285714
-0.25	-122.748	-0.0285714
-0.25	-74.3802	-0.0285714
-0.25	66.8496	-0.0285714
-0.25	21.6417	-0.0285714
-0.25	-114.194	-0.0285714
-0.25	60.5523	-0.0285714
-0.25	-164.59	-0.0285714
-0.25	101.355	-0.0285714
-0.25	-38.9166	-0.0285714
-0.25	-5.2311	-0.0285714
-0.25	63.0128	-0.0285714
-0.25	106.528	-0.0285714
-0.25	23.6823	-0.0285714
-0.25	-156.932	-0.0285714
-0.25	60.9109	-0.0285714
-0.25	-99.1306	-0.0285714
-0.25	-48.771	-0.0285714
-0.25	18.4032	-0.0285714
-0.25	113.726	-0.0285714
-0.25	-30.2363	-0.0285714
-0.25	164.498	-0.0285714
-0.25	-126.847	-0.0285714
-0.25	-66.342	-0.0285714
-0.25	-52.1368	-0.0285714
-0.25	-128.882	-0.0285714
-0.25	17.733	-0.0285714
-0.25	-12.4493	-0.0285714
-0.25	104.442	-0.0285714
-0.25	4.9843	-0.0285714
-0.25	-154.674	-0.0285714
-0.25	85.7939	-0.0285714
-0.25	-124.544	-0.0285714
-0.25	108.695	-0.0285714
-0.25	-28.9391	-0.0285714
-0.25	5.55215	-0.0285714
-0.25	158.95	-0.0285714
-0.25	-107.104	-0.0285714
-0.25	107.316	-0.0285714
-0.25	-114.069	-0.0285714
-0.25	-160.058	-0.0285714
-0.25	-128.282	-0.0285714
-0.25	-17.6005	-0.0285714
-0.25	-105.565	-0.0285714
-0.25	-171.496	-0.0285714
-0.25	134.422	-0.0285714
-0.25	-174.949	-0.0285714
-0.25	57.9641	-0.0285714
-0.25	-93.8208	-0.0285714
-0.25	79.1695	-0.0285714
-0.25	50.8243	-0.0285714
-0.25	68.6928	-0.0285714
-0.25	-52.2527	-0.0285714
-0.25	-11.7612	-0.0285714
-0.25	132.402	-0.0285714
-0.25	108.232	-0.0285714
-0.25	-8.54832	-0.0285714
-0.25	57.9905	-0.0285714
-0.25	54.7889	-0.0285714
-0.25	135.997	-0.0285714
-0.25	170.581	-0.0285714
-0.25	172.15	-0.0285714
-0.25	-158.816	-0.0285714
-0.25	-43.8942	-0.0285714
-0.25	34.0313	-0.0285714
-0.25	-22.3344	-0.0285714
-0.25	-36.2819	-0.0285714
-0.25	-179.005	-0.0285714
-0.25	9.71023	-0.0285714
-0.25	8.43013	-0.0285714
-0.25	-40.2469	-0.0285714
-0.25	179.909	-0.0285714
-0.25	-83.0795	-0.0285714
-0.25	114.718	-0.0285714
-0.25	-80.7493	-0.0285714
-0.25	-148.815	-0.0285714
-0.25	125.94	-0.0285714
-0.25	133.09	-0.0285714
-0.25	80.07	-0.0285714
-0.25	58.5479	-0.0285714
-0.25	32.7021	-0.0285714
-0.25	38.8642	-0.0285714
-0.25	-79.73	-0.0285714
-0.25	-53.1252	-0.0285714
-0.25	-174.276	-0.0285714
-0.25	159.46	-0.0285714
-0.25	32.8513	-0.0285714
-0.25	155.891	-0.0285714
-0.25	116.078	-0.0285714
-0.25	74.2484	-0.0285714
-0.25	-3.91078	-0.0285714
-0.25	-16.0283	-0.0285714
-0.25	-62.0787	-0.0285714
-0.25	-10.1199	-0.0285714
-0.25	-81.5206	-0.0285714
-0.25	-178.469	-0.0285714
-0.25	-169.767	-0.0285714
-0.25	76.272	-0.0285714
-0.25	101.937	-0.0285714
-0.25	129.668	-0.0285714
-0.25	72.9045	-0.0285714
-0.25	141.181	-0.0285714
-0.25	-15.2799	-0.0285714
-0.25	17.7578	-0.0285714
-0.25	176.676	-0.0285714
-0.25	149.045	-0.0285714
-0.25	-93.8139	-0.0285714
-0.25	45.4857	-0.0285714
-0.25	-150.788	-0.0285714
-0.25	-128.691	-0.0285714
-0.25	-26.8874	-0.0285714
-0.25	24.8464	-0.0285714
-0.25	-90.9548	-0.0285714
-0.25	-48.7525	-0.0285714
-0.25	-119.822	-0.0285714
-0.25	139.404	-0.0285714
-0.25	43.8541	-0.0285714
-0.25	165.288	-0.0285714
-0.25	-4.83443	-0.0285714
-0.25	-122.425	-0.0285714
-0.25	156.571	-0.0285714
-0.25	4.21742	-0.0285714
-0.25	-109.883	-0.0285714
-0.25	-171.143	-0.0285714
-0.25	157.47	-0.0285714
-0.25	148.43	-0.0285714
-0.25	-80.2686	-0.0285714
-0.25	66.4899	-0.0285714
-0.25	-56.3949	-0.0285714
-0.25	160.652	-0.0285714
-0.25	3.88061	-0.0285714
-0.25	156.616	-0.0285714
-0.25	-51.7881	-0.0285714
-0.25	-8.68125	-0.0285714
-0.25	-46.4401	-0.0285714
-0.25	-6.97355	-0.0285714
-0.25	144.668	-0.0285714
-0.25	-155.16	-0.0285714
-0.25	-176.672	-0.0285714
-0.25	54.751	-0.0285714
-0.25	-43.8849	-0.0285714
-0.25	147.971	-0.0285714
-0.25	122.098	-0.0285714
-0.25	-90.0999	-0.0285714
-0.25	-61.7179	-0.0285714
-0.25	-174.095	-0.0285714
-0.25	71.2426	-0.0285714
-0.25	18.063	-0.0285714
-0.25	-179.748	-0.0285714
-0.25	121.488	-0.0285714
-0.25	151.178	-0.0285714
-0.25	55.0213	-0.0285714
-0.25	-29.6895	-0.0285714
-0.25	133.582	-0.0285714
0.3	41.6937	1
0.3	-67.6969	1
0.3	177.972	1
0.3	21.9731	1
0.3	-138.326	1
0.3	94.7362	1
0.3	-121.279	1
0.3	105.668	1
0.3	5.73531	1
0.3	-144.001	1
0.3	6.46139	1
0.3	58.8747	1
0.3	-22.1118	1
0.3	163.637	1
0.3	-146.756	1
0.3	9.18389	1
0.3	-23.2259	1
0.3	-21.3899	1
0.3	83.1237	1
0.3	-173.254	1
0.3	-1.01227	1
0.3	-104.647	1
0.3	2.96127	1
0.3	-32.1245	1
0.3	-8.83115	1
0.3	179.076	1
0.3	123.239	1
0.3	-21.2046	1
0.3	41.3325	1
0.3	-63.6458	1
0.3	-131.356	1
0.3	-5.21696	1
0.3	88.7324	1
0.3	-111.898	1
0.3	-21.087	1
0.3	-139.544	1
0.3	151.642	1
0.3	20.6298	1
0.3	3.38754	1
0.3	90.8823	1
0.3	16.1952	1
0.3	-64.7694	1
0.3	-140.022	1
0.3	-147.77	1
0.3	56.8304	1
0.3	10.6331	1
0.3	-129.347	1
0.3	63.7324	1
0.3	-136.922	1
0.3	72.7055	1
0.3	39.0639	1
0.3	67.855	1
0.3	-60.742	1
0.3	108.805	1
0.3	4.06159	1
0.3	-7.56743	1
0.3	53.9998	1
0.3	-23.9631	1
0.3	158.909	1
0.3	-86.9746	1
0.3	-6.33676	1
0.3	4.26542	1
0.3	-72.7419	1
0.3	-0.992035	1
0.3	62.1155	1
0.3	37.1782	1
0.3	-107.465	1
0.3	-40.304	1
0.3	164.277	1
0.3	9.43756	1
0.3	-65.9128	1
0.3	114.476	1
0.3	18.9689	1
0.3	-62.7317	1
0.3	-23.8998	1
0.3	-17.1662	1
0.3	-84.5299	1
0.3	174.82	1
0.3	130.775	1
0.3	-9.24695	1
0.3	123.744	1
0.3	48.7531	1
0.3	26.1997	1
0.3	86.1764	1
0.3	-61.7486	1
0.3	98.9625	1
0.3	60.0622	1
0.3	-27.5715	1
0.3	-167.405	1
0.3	-28.1387	1
0.3	-124.604	1
0.3	-123.609	1
0.3	-77.771	1
0.3	167.325	1
0.3	134.774	1
0.3	2.86591	1
0.3	87.0592	1
0.3	76.2082	1
0.3	-105.92	1
0.3	-60.1076	1
0.3	71.0634	1
0.3	-137.712	1
0.3	-52.762	1
0.3	111.374	1
0.3	-80.9583	1
0.3	50.013	1
0.3	23.8903	1
0.3	22.9026	1
0.3	-158.199	1
0.3	126.614	1
0.3	-23.2937	1
0.3	-61.1379	1
0.3	122.2	1
0.3	-49.7758	1
0.3	-133.039	1
0.3	151.185	1
0.3	76.0566	1
0.3	160.066	1
0.3	50.7418	1
0.3	138.908	1
0.3	92.4605	1
0.3	19.2107	1
0.3	0.5619	1
0.3	-170.462	1
0.3	129.826	1
0.3	-3.75223	1
0.3	-96.0585	1
0.3	-78.6682	1
0.3	-72.9776	1
0.3	-37.9412	1
0.3	172.008	1
0.3	-158.975	1
0.3	-39.2527	1
0.3	-22.3337	1
0.3	-89.3259	1
0.3	-123.446	1
0.3	-159.084	1
0.3	-164.918	1
0.3	-166.055	1
0.3	-106.076	1
0.3	10.0992	1
0.3	133.508	-0.052381
0.3	175.439	-0.052381
0.3	105.503	-0.052381
0.3	154.942	-0.052381
0.3	-147.863	-0.052381
0.3	171.479	-0.052381
0.3	-101.056	-0.052381
0.3	-48.7485	-0.052381
0.3	37.7315	-0.052381
0.3	178.157	-0.052381
0.3	151.312	-0.052381
0.3	-178.584	-0.052381
0.3	-110.19	-0.052381
0.3	55.5804	-0.052381
0.3	-159.54	-0.052381
0.3	35.6694	-0.052381
0.3	-152.281	-0.052381
0.3	176.92	-0.052381
0.3	-38.4465	-0.052381
0.3	-0.904991	-0.052381
0.3	50.9636	-0.052381
0.3	-36.4498	-0.052381
0.3	27.4348	-0.052381
0.3	41.2514	-0.052381
0.3	38.1948	-0.052381
0.3	36.5406	-0.052381
0.3	81.6478	-0.052381
0.3	-175.195	-0.052381
0.3	-43.9721	-0.052381
0.3	176.085	-0.052381
0.3	22.0305	-0.052381
0.3	-167.797	-0.052381
0.3	-140.308	-0.052381
0.3	120.167	-0.052381
0.3	8.35963	-0.052381
0.3	-126.07	-0.052381
0.3	-153.396	-0.052381
0.3	86.0291	-0.052381
0.3	114.646	-0.052381
0.3	-142.138	-0.052381
0.3	-87.9918	-0.052381
0.3	-145.13	-0.052381
0.3	-126.78	-0.052381
0.3	177.844	-0.052381
0.3	-1.26166	-0.052381
0.3	-8.53113	-0.052381
0.3	-109.592	-0.052381
0.3	-107.64	-0.052381
0.3	114.605	-0.052381
0.3	62.1046	-0.052381
0.3	38.515	-0.052381
0.3	-174.48	-0.052381
0.3	15.8702	-0.052381
0.3	145.399	-0.052381
0.3	68.6187	-0.052381
0.3	61.1398	-0.052381
0.3	-99.2425	-0.052381
0.3	69.8478	-0.052381
0.3	90.2017	-0.052381
0.3	-118.122	-0.052381
0.3	-175.602	-0.052381
0.3	-107.729	-0.052381
0.3	-19.4639	-0.052381
0.3	-0.73051	-0.052381
0.3	139.239	-0.052381
0.3	-164.596	-0.052381
0.3	-148.815	-0.052381
0.3	167.772	-0.052381
0.3	105.21	-0.052381
0.3	-119.459	-0.052381
0.3	163.613	-0.052381
0.3	-118.891	-0.052381
0.3	136.178	-0.052381
0.3	-154.574	-0.052381
0.3	158.579	-0.052381
0.3	109.171	-0.052381
0.3	73.7975	-0.052381
0.3	-0.296664	-0.052381
0.3	14.5941	-0.052381
0.3	-156.712	-0.052381
0.3	47.6835	-0.052381
0.3	156.472	-0.052381
0.3	-111.809	-0.052381
0.3	-131.745	-0.052381
0.3	-156.075	-0.052381
0.3	-136.795	-0.052381
0.3	-42.1595	-0.052381
0.3	152.453	-0.052381
0.3	-108.136	-0.052381
0.3	15.151	-0.052381
0.3	-86.4339	-0.052381
0.3	-44.3792	-0.052381
0.3	158.051	-0.052381
0.3	161.096	-0.052381
0.3	41.0403	-0.052381
0.3	-30.2407	-0.052381
0.3	156.289	-0.052381
0.3	84.9517	-0.052381
0.3	121.908	-0.052381
0.3	79.1134	-0.052381
0.3	12.2638	-0.052381
0.3	52.7441	-0.052381
0.3	-111.605	-0.052381
0.3	-0.921618	-0.052381
0.3	103.716	-0.052381
0.3	-117.078	-0.052381
0.3	-3.49156	-0.052381
0.3	86.1718	-0.052381
0.3	-48.8924	-0.052381
0.3	-145.619	-0.052381
0.3	-137.165	-0.052381
0.3	14.1118	-0.052381
0.3	-140.072	-0.052381
0.3	29.9296	-0.052381
0.3	149.189	-0.052381
0.3	16.5043	-0.052381
0.3	126.045	-0.052381
0.3	106.868	-0.052381
0.3	127.657	-0.052381
0.3	-107.651	-0.052381
0.3	-157.947	-0.052381
0.3	19.3032	-0.052381
0.3	-152.601	-0.052381
0.3	166.979	-0.052381
0.3	51.7622	-0.052381
0.3	-106.133	-0.052381
0.3	-59.8318	-0.052381
0.3	-171.359	-0.052381
0.3	73.0619	-0.052381
0.3	23.879	-0.052381
0.3	89.9369	-0.052381
0.3	-41.1324	-0.052381
0.3	-15.3009	-0.052381
0.3	17.1497	-0.052381
0.3	11.0103	-0.052381
-0.25	-79.452	1
-0.25	-149.022	1
-0.25	-23.2479	1
-0.25	20.6674	1
-0.25	47.1361	1
-0.25	56.9025	1
-0.25	37.1101	1
-0.25	119.815	1
-0.25	-42.9557	1
-0.25	-159.419	1
-0.25	-28.187	1
-0.25	-88.5479	1
-0.25	140.962	1
-0.25	13.0556	1
-0.25	94.8818	1
-0.25	121.09	1
-0.25	-159.898	1
-0.25	159.296	1
-0.25	25.5391	1
-0.25	-64.6522	1
-0.25	72.2929	1
-0.25	-11.4345	1
-0.25	147.864	1
-0.25	17.5538	1
-0.25	-99.2177	1
-0.25	-47.9549	1
-0.25	-149.023	1
-0.25	0.0924345	1
-0.25	172.799	1
-0.25	-154.98	1
-0.25	-67.8013	1
-0.25	149.847	1
-0.25	168.834	1
-0.25	-103.316	1
-0.25	-176.476	1
-0.25	-135.307	1
-0.25	-134.459	1
-0.25	24.582	1
-0.25	-64.7649	1
-0.25	53.0401	1
-0.25	168.696	1
-0.25	162.308	1
-0.25	-177.163	1
-0.25	-49.8173	1
-0.25	103.202	1
-0.25	94.7589	1
-0.25	-56.0255	1
-0.25	-165.084	1
-0.25	-48.1607	1
-0.25	-95.6187	1
-0.25	18.0025	1
-0.25	-137.956	1
-0.25	-53.2808	1
-0.25	-139.563	1
-0.25	43.3409	1
-0.25	-5.76627	1
-0.25	28.365	1
-0.25	-26.9066	1
-0.25	-50.3169	1
-0.25	-101.21	1
-0.25	-116.465	1
-0.25	-169.173	1
-0.25	108.346	1
-0.25	-60.0324	1
-0.25	1.291	1
-0.25	153.077	1
-0.25	-53.7503	1
-0.25	-81.1143	1
-0.25	155.762	1
-0.25	26.2118	1
-0.25	-176.384	1
-0.25	9.25294	1
-0.25	-95.6539	1
-0.25	-72.8304	1
-0.25	-21.4225	1
-0.25	-81.1618	1
-0.25	-50.0798	1
-0.25	-178.352	1
-0.25	13.1606	1
-0.25	43.4313	1
-0.25	42.9794	1
-0.25	78.3876	1
-0.25	152.213	1
-0.25	-39.0025	1
-0.25	131.014	1
-0.25	152.999	1
-0.25	37.2458	1
-0.25	-4.77741	1
-0.25	-59.5957	1
-0.25	-103.142	1
-0.25	171.005	1
-0.25	-57.1276	1
-0.25	24.4963	1
-0.25	50.2952	1
-0.25	-16.1688	1
-0.25	-67.7062	1
-0.25	-81.7347	1
-0.25	-156.053	1
-0.25	146.77	1
-0.25	-148.46	1
-0.25	6.81539	1
-0.25	-104.187	1
-0.25	64.9163	1
-0.25	-123.126	1
-0.25	-3.2897	1
-0.25	-109.602	1
-0.25	-107.348	1
-0.25	27.8798	1
-0.25	-35.4591	1
-0.25	90.8702	1
-0.25	-85.1066	1
-0.25	-32.8526	-0.052381
-0.25	-11.3786	-0.052381
-0.25	-166.932	-0.052381
-0.25	74.8185	-0.052381
-0.25	-83.1045	-0.052381
-0.25	-100.908	-0.052381
-0.25	-17.7321	-0.052381
-0.25	1.77378	-0.052381
-0.25	106.961	-0.052381
-0.25	-24.5834	-0.052381
-0.25	-140.182	-0.052381
-0.25	-120.268	-0.052381
-0.25	-157.462	-0.052381
-0.25	-175.437	-0.052381
-0.25	-38.9731	-0.052381
-0.25	52.6891	-0.052381
-0.25	-22.0155	-0.052381
-0.25	173.254	-0.052381
-0.25	-39.3241	-0.052381
-0.25	129.855	-0.052381
-0.25	87.3013	-0.052381
-0.25	-74.6974	-0.052381
-0.25	-54.8931	-0.052381
-0.25	51.7633	-0.052381
-0.25	84.7819	-0.052381
-0.25	1.36873	-0.052381
-0.25	55.4998	-0.052381
-0.25	77.0764	-0.052381
-0.25	3.61415	-0.052381
-0.25	-15.6035	-0.052381
-0.25	-77.6243	-0.052381
-0.25	-38.1724	-0.052381
-0.25	96.9391	-0.052381
-0.25	127.413	-0.052381
-0.25	-138.906	-0.052381
-0.25	73.0486	-0.052381
-0.25	77.3566	-0.052381
-0.25	97.4937	-0.052381
-0.25	104.596	-0.052381
-0.25	130.311	-0.052381
-0.25	-39.54	-0.052381
-0.25	-109.476	-0.052381
-0.25	179.385	-0.052381
-0.25	56.2242	-0.052381
-0.25	119.914	-0.052381
-0.25	109.981	-0.052381
-0.25	-96.8424	-0.052381
-0.25	-43.4441	-0.052381
-0.25	141.321	-0.052381
-0.25	-85.0618	-0.052381
-0.25	45.9792	-0.052381
-0.25	-176.005	-0.052381
-0.25	-15.7346	-0.052381
-0.25	82.7893	-0.052381
-0.25	130.505	-0.052381
-0.25	-53.2119	-0.052381
-0.25	-55.9265	-0.052381
-0.25	113.575	-0.052381
-0.25	150.879	-0.052381
-0.25	-99.4241	-0.052381
-0.25	49.5204	-0.052381
-0.25	83.9823	-0.052381
-0.25	120.856	-0.052381
-0.25	-125.386	-0.052381
-0.25	-45.7659	-0.052381
-0.25	27.2839	-0.052381
-0.25	-104.166	-0.052381
-0.25	118.147	-0.052381
-0.25	-120.149	-0.052381
-0.25	118.949	-0.052381
-0.25	-143.421	-0.052381
-0.25	-128.255	-0.052381
-0.25	-36.5707	-0.052381
-0.25	90.1979	-0.052381
-0.25	-1.46108	-0.052381
-0.25	40.2387	-0.052381
-0.25	138.101	-0.052381
-0.25	-11.1547	-0.052381
-0.25	145.561	-0.052381
-0.25	-119.911	-0.052381
-0.25	5.33369	-0.052381
-0.25	69.014	-0.052381
-0.25	-76.6947	-0.052381
-0.25	12.4514	-0.052381
-0.25	162.298	-0.052381
-0.25	-73.5954	-0.052381
-0.25	12.4456	-0.052381
-0.25	-133.697	-0.052381
-0.25	-75.034	-0.052381
-0.25	112.542	-0.052381
-0.25	35.2777	-0.052381
-0.25	129.171	-0.052381
-0.25	179.553	-0.052381
-0.25	166.742	-0.052381
-0.25	43.7487	-0.052381
-0.25	-13.3873	-0.052381
-0.25	138.414	-0.052381
-0.25	-45.7784	-0.052381
-0.25	52.4953	-0.052381
-0.25	132.959	-0.052381
-0.25	168.367	-0.052381
-0.25	136.415	-0.052381
-0.25	25.8109	-0.052381
-0.25	142.392	-0.052381
-0.25	-105.533	-0.052381
-0.25	65.6689	-0.052381
-0.25	158.471	-0.052381
