pol.	phi	weight
0.3	-11.0926	1
0.3	110.887	1
0.3	-107.834	1
0.3	-21.7822	1
0.3	167.477	1
0.3	100.401	1
0.3	0.360092	1
0.3	91.7598	1
0.3	-125.548	1
0.3	61.2021	1
0.3	50.4527	1
0.3	-124.041	1
0.3	-93.4062	1
0.3	-141.357	1
0.3	-113.732	1
0.3	148.271	1
0.3	64.5208	1
0.3	12.9396	1
0.3	122.279	1
0.3	39.0047	1
0.3	-134.424	1
0.3	70.6684	1
0.3	-65.3135	1
0.3	-79.2724	1
0.3	7.76617	1
0.3	-97.2512	1
0.3	68.2942	1
0.3	-121.071	1
0.3	-90.0157	1
0.3	98.3304	1
0.3	-157.984	1
0.3	-136.205	1
0.3	146.027	1
0.3	166.655	1
0.3	-124.112	1
0.3	-117	1
0.3	88.3662	1
0.3	-87.3848	1
0.3	-2.59226	1
0.3	170.733	1
0.3	-3.29956	1
0.3	-164.638	1
0.3	24.3579	1
0.3	-96.7043	1
0.3	35.8889	1
0.3	-40.697	1
0.3	75.5397	1
0.3	8.41405	1
0.3	158.799	1
0.3	154.321	1
0.3	17.0739	1
0.3	173.734	1
0.3	104.736	1
0.3	110.725	1
0.3	-170.511	1
0.3	-122.075	1
0.3	-179.245	1
0.3	-171.663	1
0.3	-108.826	1
0.3	-145.017	1
0.3	27.2051	1
0.3	132.606	1
0.3	-17.6673	1
0.3	132.187	1
0.3	-52.4127	1
0.3	-79.5945	1
0.3	-171.016	1
0.3	-117.614	1
0.3	-168.446	1
0.3	168.856	1
0.3	-56.095	1
0.3	146.223	1
0.3	110.021	1
0.3	-140.216	1
0.3	-49.6156	1
0.3	178.201	1
0.3	-17.2625	1
0.3	21.2064	1
0.3	-92.8296	1
0.3	-9.83802	1
0.3	178.781	1
0.3	-116.422	1
0.3	12.4093	1
0.3	121.509	1
0.3	-87.7382	1
0.3	64.873	1
0.3	-115.442	1
0.3	-103.259	1
0.3	2.58182	1
0.3	91.9478	1
0.3	-172.258	1
0.3	71.6047	1
0.3	-64.1229	1
0.3	-117.354	1
0.3	-150.593	1
0.3	178.499	1
0.3	86.48	1
0.3	-143.506	1
0.3	-14.8493	1
0.3	45.2242	1
0.3	-82.0559	1
0.3	-109.9	1
0.3	117.643	1
0.3	-48.0862	1
0.3	-45.8048	1
0.3	-152.273	1
0.3	85.1144	1
0.3	-49.9924	1
0.3	-165.584	1
0.3	87.6539	1
0.3	-172.252	1
0.3	-173.134	1
0.3	-8.15978	1
0.3	-53.8021	1
0.3	-133.131	1
0.3	163.161	1
0.3	0.709953	1
0.3	82.8083	1
0.3	-24.074	1
0.3	73.5622	1
0.3	-163.698	1
0.3	-5.44853	1
0.3	-150.628	1
0.3	-83.7515	1
0.3	-70.5967	1
0.3	-105.252	1
0.3	53.7979	1
0.3	-175.857	1
0.3	96.1718	1
0.3	43.0493	1
0.3	60.6549	1
0.3	97.6009	1
0.3	-56.0619	1
0.3	-163.167	1
0.3	23.49	1
0.3	-136.401	1
0.3	84.3417	1
0.3	-40.3445	1
0.3	-149.108	1
0.3	11.2578	1
0.3	92.3491	1
0.3	-116.43	-0.0714286
0.3	-103.246	-0.0714286
0.3	167.912	-0.0714286
0.3	-62.2626	-0.0714286
0.3	54.0186	-0.0714286
0.3	145.597	-0.0714286
0.3	-40.9221	-0.0714286
0.3	-149.56	-0.0714286
0.3	-21.2743	-0.0714286
0.3	52.9788	-0.0714286
0.3	-9.6502	-0.0714286
0.3	-95.4982	-0.0714286
0.3	136.194	-0.0714286
0.3	-107.685	-0.0714286
0.3	19.845	-0.0714286
0.3	145.398	-0.0714286
0.3	-157.106	-0.0714286
0.3	-164.211	-0.0714286
0.3	35.6221	-0.0714286
0.3	17.754	-0.0714286
0.3	-146.018	-0.0714286
0.3	75.8488	-0.0714286
0.3	-19.2585	-0.0714286
0.3	66.0539	-0.0714286
0.3	6.66453	-0.0714286
0.3	-56.2117	-0.0714286
0.3	27.794	-0.0714286
0.3	92.7125	-0.0714286
0.3	-134.166	-0.0714286
0.3	63.2648	-0.0714286
0.3	-57.7024	-0.0714286
0.3	120.299	-0.0714286
0.3	132.814	-0.0714286
0.3	-123.322	-0.0714286
0.3	146.776	-0.0714286
0.3	-36.4623	-0.0714286
0.3	-155.613	-0.0714286
0.3	-46.9499	-0.0714286
0.3	-150.915	-0.0714286
0.3	-70.2337	-0.0714286
0.3	112.827	-0.0714286
0.3	23.1757	-0.0714286
0.3	42.6263	-0.0714286
0.3	-93.7682	-0.0714286
0.3	-119.319	-0.0714286
0.3	-164.154	-0.0714286
0.3	-162.82	-0.0714286
0.3	22.2605	-0.0714286
0.3	-131.99	-0.0714286
0.3	-56.8581	-0.0714286
0.3	-179.332	-0.0714286
0.3	-92.3876	-0.0714286
0.3	40.4644	-0.0714286
0.3	114.211	-0.0714286
0.3	30.1194	-0.0714286
0.3	104.485	-0.0714286
0.3	-170.102	-0.0714286
0.3	-161.219	-0.0714286
0.3	-99.4005	-0.0714286
0.3	68.1136	-0.0714286
0.3	-23.7928	-0.0714286
0.3	-24.7815	-0.0714286
0.3	16.6045	-0.0714286
0.3	-83.1339	-0.0714286
0.3	-107.921	-0.0714286
0.3	47.6463	-0.0714286
0.3	-130.866	-0.0714286
0.3	43.2619	-0.0714286
0.3	130.514	-0.0714286
0.3	-92.3773	-0.0714286
0.3	-176.225	-0.0714286
0.3	-167.799	-0.0714286
0.3	151.637	-0.0714286
0.3	-82.7505	-0.0714286
0.3	67.3432	-0.0714286
0.3	-24.7108	-0.0714286
0.3	-8.80195	-0.0714286
0.3	24.2224	-0.0714286
0.3	-173.463	-0.0714286
0.3	-15.9194	-0.0714286
0.3	66.4319	-0.0714286
0.3	-26.4435	-0.0714286
0.3	85.971	-0.0714286
0.3	72.3433	-0.0714286
0.3	-71.3825	-0.0714286
0.3	79.5839	-0.0714286
0.3	-133.274	-0.0714286
0.3	-17.3352	-0.0714286
0.3	39.7847	-0.0714286
0.3	-126.107	-0.0714286
0.3	50.653	-0.0714286
0.3	-26.0214	-0.0714286
0.3	37.5104	-0.0714286
0.3	-96.0959	-0.0714286
0.3	82.8868	-0.0714286
0.3	-78.4218	-0.0714286
0.3	147.313	-0.0714286
0.3	50.8012	-0.0714286
0.3	-72.8549	-0.0714286
-0.25	-134.756	1
-0.25	-101.34	1
-0.25	-101.849	1
-0.25	40.3769	1
-0.25	145.361	1
-0.25	-52.2432	1
-0.25	98.6332	1
-0.25	70.509	1
-0.25	56.0821	1
-0.25	-88.6737	1
-0.25	-51.7444	1
-0.25	-136.319	1
-0.25	132.123	1
-0.25	91.3275	1
-0.25	121.247	1
-0.25	96.1908	1
-0.25	-56.7757	1
-0.25	-172.587	1
-0.25	-100.245	1
-0.25	-146.798	1
-0.25	44.0427	1
-0.25	38.2752	1
-0.25	70.1694	1
-0.25	176.469	1
-0.25	12.7344	1
-0.25	-51.3873	1
-0.25	31.579	1
-0.25	-168.368	1
-0.25	46.8319	1
-0.25	0.27784	1
-0.25	-56.5833	1
-0.25	-173.558	1
-0.25	-38.5608	1
-0.25	121.536	1
-0.25	-61.8582	1
-0.25	-136.746	1
-0.25	-19.0325	1
-0.25	-72.4382	1
-0.25	-144.085	1
-0.25	97.7767	1
-0.25	-93.6495	1
-0.25	-49.6906	1
-0.25	-96.169	1
-0.25	-20.5363	1
-0.25	86.0906	1
-0.25	-107.555	1
-0.25	-146.535	1
-0.25	102.002	1
-0.25	-126.228	1
-0.25	15.4239	1
-0.25	-49.8361	1
-0.25	165.755	1
-0.25	-129.911	1
-0.25	44.2265	1
-0.25	-8.19464	1
-0.25	42.4075	1
-0.25	-60.3382	1
-0.25	90.9899	1
-0.25	34.0223	1
-0.25	3.8374	1
-0.25	130.202	1
-0.25	-69.8087	1
-0.25	-11.7224	1
-0.25	-43.7419	1
-0.25	-131.648	1
-0.25	24.3134	1
-0.25	-92.0678	1
-0.25	-89.5407	1
-0.25	-131.151	1
-0.25	-166.323	1
-0.25	-126.416	1
-0.25	-137.863	1
-0.25	-158.577	1
-0.25	49.7173	1
-0.25	92.426	1
-0.25	-113.159	1
-0.25	-48.2821	1
-0.25	-49.2537	1
-0.25	-160.88	1
-0.25	28.0006	1
-0.25	-114.283	1
-0.25	163.8	1
-0.25	32.9342	1
-0.25	96.9179	1
-0.25	-134.232	1
-0.25	170.994	1
-0.25	25.4482	1
-0.25	-63.5126	1
-0.25	-147.601	1
-0.25	-27.0035	1
-0.25	-7.8774	1
-0.25	139.346	1
-0.25	-160.654	1
-0.25	-53.767	1
-0.25	77.5476	1
-0.25	73.1486	1
-0.25	131.288	1
-0.25	164.158	1
-0.25	-129.817	1
-0.25	53.6736	1
-0.25	61.4746	1
-0.25	75.8677	1
-0.25	2.95432	1
-0.25	-90.896	1
-0.25	-134.186	1
-0.25	-126.244	1
-0.25	-151.872	1
-0.25	-126.136	1
-0.25	-13.5778	1
-0.25	-75.0081	1
-0.25	165.006	1
-0.25	-86.9573	1
-0.25	-47.2741	1
-0.25	-149.442	1
-0.25	20.6222	1
-0.25	-167.773	-0.0714286
-0.25	-98.2093	-0.0714286
-0.25	-69.8128	-0.0714286
-0.25	-36.8548	-0.0714286
-0.25	162.805	-0.0714286
-0.25	163.436	-0.0714286
-0.25	92.9342	-0.0714286
-0.25	-163.233	-0.0714286
-0.25	-94.6847	-0.0714286
-0.25	-60.6328	-0.0714286
-0.25	-117.307	-0.0714286
-0.25	84.3048	-0.0714286
-0.25	-19.9136	-0.0714286
-0.25	156.732	-0.0714286
-0.25	56.7032	-0.0714286
-0.25	-88.5718	-0.0714286
-0.25	53.4881	-0.0714286
-0.25	-60.757	-0.0714286
-0.25	-125.196	-0.0714286
-0.25	20.264	-0.0714286
-0.25	136.292	-0.0714286
-0.25	34.5006	-0.0714286
-0.25	169.41	-0.0714286
-0.25	-5.59773	-0.0714286
-0.25	-61.2241	-0.0714286
-0.25	-49.6337	-0.0714286
-0.25	65.5142	-0.0714286
-0.25	115.665	-0.0714286
-0.25	47.0394	-0.0714286
-0.25	-21.1893	-0.0714286
-0.25	41.6568	-0.0714286
-0.25	170.356	-0.0714286
-0.25	116.638	-0.0714286
-0.25	116.965	-0.0714286
-0.25	-60.747	-0.0714286
-0.25	128.856	-0.0714286
-0.25	-31.7251	-0.0714286
-0.25	-170.338	-0.0714286
-0.25	152.332	-0.0714286
-0.25	-95.9028	-0.0714286
-0.25	-22.2063	-0.0714286
-0.25	27.4871	-0.0714286
-0.25	74.2825	-0.0714286
-0.25	157.7	-0.0714286
-0.25	-114.911	-0.0714286
-0.25	-121.497	-0.0714286
-0.25	58.8354	-0.0714286
-0.25	23.0896	-0.0714286
-0.25	-133.097	-0.0714286
-0.25	154.623	-0.0714286
-0.25	83.8089	-0.0714286
-0.25	-140.595	-0.0714286
-0.25	-162.368	-0.0714286
-0.25	13.3751	-0.0714286
-0.25	-159.976	-0.0714286
-0.25	125.956	-0.0714286
-0.25	-123.448	-0.0714286
-0.25	119.245	-0.0714286
-0.25	-105.605	-0.0714286
-0.25	50.1688	-0.0714286
-0.25	54.5931	-0.0714286
-0.25	13.4788	-0.0714286
-0.25	-92.9461	-0.0714286
-0.25	-80.5483	-0.0714286
-0.25	62.2	-0.0714286
-0.25	-22.3849	-0.0714286
-0.25	60.3437	-0.0714286
-0.25	-106.219	-0.0714286
-0.25	38.9707	-0.0714286
-0.25	-172.451	-0.0714286
-0.25	-98.8214	-0.0714286
-0.25	-48.725	-0.0714286
-0.25	67.284	-0.0714286
-0.25	46.8662	-0.0714286
-0.25	6.62349	-0.0714286
-0.25	168.889	-0.0714286
-0.25	-70.1577	-0.0714286
-0.25	82.8315	-0.0714286
-0.25	-136.835	-0.0714286
-0.25	173.397	-0.0714286
-0.25	70.1647	-0.0714286
0.3	104.212	1
0.3	-108.082	1
0.3	-49.4781	1
0.3	178.526	1
0.3	129.869	1
0.3	103.439	1
0.3	138.836	1
0.3	22.282	1
0.3	120.479	1
0.3	-156.001	1
0.3	142.511	1
0.3	36.0617	1
0.3	-22.8903	1
0.3	175.776	1
0.3	-107.452	1
0.3	22.4335	1
0.3	175.742	1
0.3	95.5277	1
0.3	-38.5014	1
0.3	126.841	1
0.3	146.649	1
0.3	-75.6856	1
0.3	9.66338	1
0.3	142.294	1
0.3	-149.826	1
0.3	109.22	1
0.3	127.758	1
0.3	2.63302	1
0.3	55.5492	1
0.3	88.4487	1
0.3	-115.652	1
0.3	74.779	1
0.3	-3.6898	1
0.3	157.669	1
0.3	29.6405	1
0.3	-20.2383	1
0.3	100.606	1
0.3	-80.3376	1
0.3	-98.7163	1
0.3	53.8154	1
0.3	-130.018	1
0.3	89.3927	1
0.3	-125.122	1
0.3	-66.182	1
0.3	-80.3795	1
0.3	53.4592	1
0.3	-104.438	1
0.3	143.204	1
0.3	-146.654	1
0.3	-59.0642	1
0.3	166.047	1
0.3	-105.347	1
0.3	-109.287	1
0.3	17.4261	1
0.3	47.8089	1
0.3	61.3451	1
0.3	145.315	1
0.3	-141.156	1
0.3	54.4467	1
0.3	41.4977	1
0.3	77.1485	1
0.3	-109.105	1
0.3	45.4652	1
0.3	43.6165	1
0.3	-148.527	1
0.3	-11.8845	1
0.3	-117.695	1
0.3	-21.2491	1
0.3	-94.573	1
0.3	-167.583	1
0.3	93.8339	1
0.3	-65.0264	1
0.3	-46.7028	1
0.3	-101.949	1
0.3	20.4383	1
0.3	-73.7055	1
0.3	-117.192	1
0.3	-71.1707	1
0.3	-102.761	1
0.3	80.2844	1
0.3	26.0886	1
0.3	-116.793	1
0.3	-89.2049	1
0.3	111.463	1
0.3	-37.2866	1
0.3	26.9972	1
0.3	-4.20915	1
0.3	119.873	1
0.3	-110.703	1
0.3	-132.188	1
0.3	-44.3634	1
0.3	6.00998	1
0.3	-112.598	1
0.3	-116.963	1
0.3	153.376	1
0.3	25.97	1
0.3	157.746	1
0.3	93.0063	1
0.3	44.8575	1
0.3	94.6123	1
0.3	123.806	1
0.3	144.495	1
0.3	-20.8179	1
0.3	89.6642	1
0.3	-119.176	1
0.3	-46.4928	1
0.3	102.06	1
0.3	16.0431	1
0.3	-55.058	1
0.3	-100.699	1
0.3	147.394	1
0.3	-110.172	1
0.3	-30.5279	1
0.3	174.372	1
0.3	-160.516	1
0.3	65.043	1
0.3	12.3733	1
0.3	152.998	1
0.3	5.24033	1
0.3	148.825	1
0.3	-122.422	1
0.3	-179.045	1
0.3	-28.3355	1
0.3	-12.0271	1
0.3	-109.094	1
0.3	-64.2466	1
0.3	1.04081	1
0.3	28.7227	1
0.3	-132.027	1
0.3	-29.2673	1
0.3	-51.2054	1
0.3	-166.356	1
0.3	34.2876	1
0.3	-34.0852	1
0.3	-143.345	1
0.3	88.362	1
0.3	-82.3964	1
0.3	6.60132	1
0.3	-144.571	1
0.3	19.0547	1
0.3	147.921	1
0.3	-24.3652	-0.0380952
0.3	-33.4653	-0.0380952
0.3	42.582	-0.0380952
0.3	8.17772	-0.0380952
0.3	12.0489	-0.0380952
0.3	-8.31455	-0.0380952
0.3	5.23747	-0.0380952
0.3	43.0156	-0.0380952
0.3	-158.079	-0.0380952
0.3	80.4559	-0.0380952
0.3	47.6502	-0.0380952
0.3	-178.688	-0.0380952
0.3	142.063	-0.0380952
0.3	117.494	-0.0380952
0.3	-148.059	-0.0380952
0.3	129.89	-0.0380952
0.3	-4.48924	-0.0380952
0.3	165.889	-0.0380952
0.3	32.4197	-0.0380952
0.3	172.831	-0.0380952
0.3	-151.81	-0.0380952
0.3	-5.51337	-0.0380952
0.3	135.25	-0.0380952
0.3	-37.5755	-0.0380952
0.3	16.6105	-0.0380952
0.3	149.961	-0.0380952
0.3	-82.5191	-0.0380952
0.3	-24.7266	-0.0380952
0.3	-94.4643	-0.0380952
0.3	-179.782	-0.0380952
0.3	179.743	-0.0380952
0.3	57.7044	-0.0380952
0.3	-177.874	-0.0380952
0.3	48.3814	-0.0380952
0.3	170.183	-0.0380952
0.3	177.021	-0.0380952
0.3	-131.15	-0.0380952
0.3	82.0281	-0.0380952
0.3	-11.6485	-0.0380952
0.3	155.656	-0.0380952
0.3	96.9406	-0.0380952
0.3	26.1463	-0.0380952
0.3	-40.3695	-0.0380952
0.3	66.2633	-0.0380952
0.3	-74.1329	-0.0380952
0.3	-168.064	-0.0380952
0.3	-76.4927	-0.0380952
0.3	-147.374	-0.0380952
0.3	89.1897	-0.0380952
0.3	151.822	-0.0380952
0.3	-44.0325	-0.0380952
0.3	-42.7711	-0.0380952
0.3	-34.3038	-0.0380952
0.3	-99.592	-0.0380952
0.3	152.565	-0.0380952
0.3	167.794	-0.0380952
0.3	-64.1774	-0.0380952
0.3	23.0356	-0.0380952
0.3	-14.5889	-0.0380952
0.3	-148.255	-0.0380952
0.3	-91.5399	-0.0380952
0.3	90.4708	-0.0380952
0.3	-153.914	-0.0380952
0.3	77.7122	-0.0380952
0.3	110.131	-0.0380952
0.3	165.491	-0.0380952
0.3	33.5717	-0.0380952
0.3	-176.229	-0.0380952
0.3	107.71	-0.0380952
0.3	-34.4459	-0.0380952
0.3	81.9459	-0.0380952
0.3	150.614	-0.0380952
0.3	20.6003	-0.0380952
0.3	89.7223	-0.0380952
0.3	24.6803	-0.0380952
0.3	71.1288	-0.0380952
0.3	-34.7899	-0.0380952
0.3	96.1294	-0.0380952
0.3	25.4409	-0.0380952
0.3	-108.079	-0.0380952
0.3	138.072	-0.0380952
0.3	-54.2843	-0.0380952
0.3	65.8965	-0.0380952
0.3	179.906	-0.0380952
0.3	-110.754	-0.0380952
0.3	-119.001	-0.0380952
0.3	-117.057	-0.0380952
0.3	58.7224	-0.0380952
0.3	33.7462	-0.0380952
0.3	-41.8737	-0.0380952
0.3	28.1874	-0.0380952
0.3	-175.452	-0.0380952
0.3	109.685	-0.0380952
0.3	-114.519	-0.0380952
0.3	175.311	-0.0380952
0.3	96.0625	-0.0380952
0.3	125.532	-0.0380952
0.3	-49.0293	-0.0380952
0.3	110.547	-0.0380952
0.3	82.2206	-0.0380952
0.3	-158.909	-0.0380952
0.3	-178.797	-0.0380952
0.3	56.2499	-0.0380952
0.3	-26.7364	-0.0380952
0.3	-42.5134	-0.0380952
0.3	51.7273	-0.0380952
0.3	-53.0518	-0.0380952
0.3	116.733	-0.0380952
0.3	-22.6481	-0.0380952
0.3	170.871	-0.0380952
0.3	134.964	-0.0380952
0.3	-95.8636	-0.0380952
0.3	-129.246	-0.0380952
0.3	-11.921	-0.0380952
0.3	-8.08584	-0.0380952
0.3	-60.3323	-0.0380952
0.3	42.3872	-0.0380952
0.3	27.0562	-0.0380952
0.3	-151.307	-0.0380952
0.3	-109.841	-0.0380952
0.3	52.7409	-0.0380952
0.3	-101.405	-0.0380952
0.3	102.659	-0.0380952
0.3	28.9912	-0.0380952
0.3	159.875	-0.0380952
0.3	130.185	-0.0380952
0.3	-65.8854	-0.0380952
0.3	-168.559	-0.0380952
0.3	86.4113	-0.0380952
0.3	-118.483	-0.0380952
0.3	75.768	-0.0380952
0.3	48.5755	-0.0380952
0.3	-140.995	-0.0380952
0.3	120.383	-0.0380952
0.3	136.84	-0.0380952
0.3	-18.9966	-0.0380952
0.3	18.2544	-0.0380952
0.3	-32.5163	-0.0380952
0.3	-91.659	-0.0380952
0.3	-64.4291	-0.0380952
0.3	-102.967	-0.0380952
0.3	147.503	-0.0380952
0.3	158.178	-0.0380952
0.3	-60.2018	-0.0380952
0.3	123.474	-0.0380952
0.3	-149.038	-0.0380952
0.3	163.96	-0.0380952
0.3	-33.7209	-0.0380952
0.3	114.582	-0.0380952
0.3	57.868	-0.0380952
0.3	99.9965	-0.0380952
0.3	142.79	-0.0380952
0.3	52.4831	-0.0380952
0.3	-44.9511	-0.0380952
0.3	131.902	-0.0380952
0.3	151.837	-0.0380952
0.3	-163.178	-0.0380952
0.3	-122.183	-0.0380952
0.3	-114.799	-0.0380952
0.3	107.604	-0.0380952
0.3	-132.8	-0.0380952
0.3	100.353	-0.0380952
0.3	-43.5534	-0.0380952
0.3	-126.868	-0.0380952
0.3	52.5751	-0.0380952
0.3	-148.96	-0.0380952
0.3	104.912	-0.0380952
0.3	91.4999	-0.0380952
0.3	-111.874	-0.0380952
0.3	-57.6692	-0.0380952
0.3	22.0483	-0.0380952
0.3	-74.5179	-0.0380952
0.3	140.6	-0.0380952
0.3	-144.034	-0.0380952
0.3	66.0756	-0.0380952
0.3	72.0744	-0.0380952
0.3	-173.536	-0.0380952
0.3	-105.119	-0.0380952
0.3	-178.524	-0.0380952
0.3	-40.2575	-0.0380952
0.3	45.2627	-0.0380952
0.3	179.006	-0.0380952
0.3	-120.357	-0.0380952
0.3	28.5632	-0.0380952
0.3	61.6975	-0.0380952
0.3	-134.971	-0.0380952
-0.25	-136.216	1
-0.25	-153.856	1
-0.25	-175.19	1
-0.25	177.264	1
-0.25	60.9582	1
-0.25	-5.57138	1
-0.25	-36.8332	1
-0.25	-115.306	1
-0.25	-64.1003	1
-0.25	-137.151	1
-0.25	-101.784	1
-0.25	158.415	1
-0.25	90.4704	1
-0.25	-35.7228	1
-0.25	78.8427	1
-0.25	46.2411	1
-0.25	-155.577	1
-0.25	4.53721	1
-0.25	-37.551	1
-0.25	-15.2936	1
-0.25	-30.0203	1
-0.25	100.743	1
-0.25	-127.633	1
-0.25	97.3361	1
-0.25	93.4202	1
-0.25	67.7943	1
-0.25	-53.2998	1
-0.25	58.1287	1
-0.25	-97.4853	1
-0.25	124.991	1
-0.25	176.851	1
-0.25	99.367	1
-0.25	12.427	1
-0.25	4.11815	1
-0.25	89.3361	1
-0.25	135.829	1
-0.25	67.5932	1
-0.25	-5.56964	1
-0.25	-110.698	1
-0.25	-17.4426	1
-0.25	112.701	1
-0.25	-124.507	1
-0.25	-15.8996	1
-0.25	35.4209	1
-0.25	149.259	1
-0.25	-4.8114	1
-0.25	-137.813	1
-0.25	-35.8936	1
-0.25	37.0698	1
-0.25	-70.112	1
-0.25	-87.8773	1
-0.25	78.7945	1
-0.25	22.5082	1
-0.25	12.1075	1
-0.25	-51.9809	1
-0.25	-72.0439	1
-0.25	112.935	1
-0.25	35.5425	1
-0.25	124.103	1
-0.25	-82.9975	1
-0.25	-62.4827	1
-0.25	90.4984	1
-0.25	-126.294	1
-0.25	-91.4957	1
-0.25	-26.9584	1
-0.25	128.132	1
-0.25	52.5407	1
-0.25	-52.8901	1
-0.25	-109.597	1
-0.25	117.301	1
-0.25	47.9296	1
-0.25	47.5389	1
-0.25	-94.045	1
-0.25	39.5125	1
-0.25	65.6585	1
-0.25	-134.203	1
-0.25	-133.97	1
-0.25	88.3285	1
-0.25	-126.053	1
-0.25	-94.6356	1
-0.25	-145.695	1
-0.25	175.829	1
-0.25	121.513	1
-0.25	-119.436	1
-0.25	107.489	1
-0.25	71.0031	1
-0.25	44.8226	1
-0.25	88.5531	1
-0.25	130.447	1
-0.25	-68.2407	1
-0.25	-76.0898	1
-0.25	-121.149	1
-0.25	-21.244	1
-0.25	-117.365	1
-0.25	173.044	1
-0.25	-178.024	1
-0.25	-138.406	1
-0.25	-178.342	1
-0.25	109.951	1
-0.25	94.6967	1
-0.25	-101.666	1
-0.25	91.3403	1
-0.25	-46.4856	1
-0.25	-68.8893	1
-0.25	-33.5964	1
-0.25	121.149	1
-0.25	41.5121	1
-0.25	96.3046	1
-0.25	-38.9741	1
-0.25	-115.854	1
-0.25	-88.955	1
-0.25	-84.4985	1
-0.25	65.1918	1
-0.25	-3.23314	1
-0.25	-71.9874	1
-0.25	168.223	-0.0380952
-0.25	-107.505	-0.0380952
-0.25	8.3315	-0.0380952
-0.25	-118.117	-0.0380952
-0.25	23.5959	-0.0380952
-0.25	-4.23509	-0.0380952
-0.25	22.1773	-0.0380952
-0.25	6.74074	-0.0380952
-0.25	172.047	-0.0380952
-0.25	-19.1263	-0.0380952
-0.25	48.585	-0.0380952
-0.25	-49.175	-0.0380952
-0.25	-23.7429	-0.0380952
-0.25	-163.456	-0.0380952
-0.25	116.745	-0.0380952
-0.25	136.193	-0.0380952
-0.25	156.958	-0.0380952
-0.25	148.462	-0.0380952
-0.25	-110.596	-0.0380952
-0.25	175.798	-0.0380952
-0.25	-38.1733	-0.0380952
-0.25	117.856	-0.0380952
-0.25	116.289	-0.0380952
-0.25	-84.5131	-0.0380952
-0.25	-52.3695	-0.0380952
-0.25	-54.3955	-0.0380952
-0.25	-28.4849	-0.0380952
-0.25	115.793	-0.0380952
-0.25	2.07815	-0.0380952
-0.25	98.5116	-0.0380952
-0.25	-96.0902	-0.0380952
-0.25	-76.7985	-0.0380952
-0.25	149.787	-0.0380952
-0.25	77.4761	-0.0380952
-0.25	38.4161	-0.0380952
-0.25	143.787	-0.0380952
-0.25	145.903	-0.0380952
-0.25	53.9688	-0.0380952
-0.25	113.87	-0.0380952
-0.25	-10.8216	-0.0380952
-0.25	-14.1221	-0.0380952
-0.25	104.183	-0.0380952
-0.25	29.2767	-0.0380952
-0.25	107.482	-0.0380952
-0.25	-78.7867	-0.0380952
-0.25	140.244	-0.0380952
-0.25	168.435	-0.0380952
-0.25	-156.82	-0.0380952
-0.25	26.2773	-0.0380952
-0.25	35.6805	-0.0380952
-0.25	-174.864	-0.0380952
-0.25	129.727	-0.0380952
-0.25	-39.1235	-0.0380952
-0.25	-122.617	-0.0380952
-0.25	71.3515	-0.0380952
-0.25	-36.3261	-0.0380952
-0.25	2.72448	-0.0380952
-0.25	-85.1581	-0.0380952
-0.25	-150.423	-0.0380952
-0.25	-10.7171	-0.0380952
-0.25	-27.0066	-0.0380952
-0.25	-94.1928	-0.0380952
-0.25	49.8929	-0.0380952
-0.25	113.878	-0.0380952
-0.25	78.7414	-0.0380952
-0.25	-102.367	-0.0380952
-0.25	-160.904	-0.0380952
-0.25	-103.627	-0.0380952
-0.25	-125.362	-0.0380952
-0.25	87.1735	-0.0380952
-0.25	-101.118	-0.0380952
-0.25	-127.79	-0.0380952
-0.25	-93.6433	-0.0380952
-0.25	116.858	-0.0380952
-0.25	-144.707	-0.0380952
-0.25	151.884	-0.0380952
-0.25	-23.784	-0.0380952
-0.25	-70.0341	-0.0380952
-0.25	-171.855	-0.0380952
-0.25	138.296	-0.0380952
-0.25	-50.8448	-0.0380952
-0.25	-27.312	-0.0380952
-0.25	-43.7463	-0.0380952
-0.25	4.19668	-0.0380952
-0.25	88.3112	-0.0380952
-0.25	28.0517	-0.0380952
-0.25	48.1617	-0.0380952
-0.25	-28.2634	-0.0380952
-0.25	-106.38	-0.0380952
-0.25	14.6731	-0.0380952
-0.25	-110.053	-0.0380952
-0.25	-9.96164	-0.0380952
-0.25	-127.063	-0.0380952
-0.25	136.565	-0.0380952
-0.25	115.644	-0.0380952
-0.25	47.593	-0.0380952
-0.25	3.46441	-0.0380952
-0.25	-141.1	-0.0380952
-0.25	-119.682	-0.0380952
-0.25	-175.398	-0.0380952
-0.25	65.34	-0.0380952
-0.25	51.8911	-0.0380952
-0.25	46.9012	-0.0380952
-0.25	39.9582	-0.0380952
-0.25	166.555	-0.0380952
-0.25	176.528	-0.0380952
-0.25	142.561	-0.0380952
-0.25	127.649	-0.0380952
-0.25	91.8411	-0.0380952
-0.25	39.9461	-0.0380952
-0.25	28.9262	-0.0380952
-0.25	-70.7102	-0.0380952
-0.25	-66.3534	-0.0380952
-0.25	-96.3534	-0.0380952
-0.25	-86.3831	-0.0380952
-0.25	-167.989	-0.0380952
-0.25	-53.2613	-0.0380952
-0.25	27.9935	-0.0380952
-0.25	-5.46482	-0.0380952
-0.25	90.0948	-0.0380952
-0.25	-39.2066	-0.0380952
-0.25	116.059	-0.0380952
-0.25	-120.325	-0.0380952
-0.25	-120.985	-0.0380952
-0.25	117.384	-0.0380952
-0.25	109.516	-0.0380952
-0.25	43.4252	-0.0380952
-0.25	-92.1565	-0.0380952
-0.25	-143.04	-0.0380952
-0.25	127.94	-0.0380952
-0.25	-10.9388	-0.0380952
-0.25	-127.163	-0.0380952
-0.25	-126.237	-0.0380952
-0.25	-95.6395	-0.0380952
-0.25	156.129	-0.0380952
-0.25	-30.2825	-0.0380952
-0.25	143.464	-0.0380952
-0.25	-89.1812	-0.0380952
-0.25	157.189	-0.0380952
-0.25	-54.3155	-0.0380952
-0.25	-162.153	-0.0380952
-0.25	-24.673	-0.0380952
-0.25	60.5086	-0.0380952
-0.25	143.691	-0.0380952
-0.25	113.549	-0.0380952
-0.25	84.0157	-0.0380952
-0.25	-99.2531	-0.0380952
-0.25	146.421	-0.0380952
-0.25	95.4976	-0.0380952
-0.25	-108.074	-0.0380952
-0.25	86.0733	-0.0380952
-0.25	172.766	-0.0380952
-0.25	156.004	-0.0380952
0.3	49.2942	1
0.3	171.6	1
0.3	94.6141	1
0.3	-47.4513	1
0.3	-129.764	1
0.3	12.7236	1
0.3	70.2072	1
0.3	53.7474	1
0.3	41.3293	1
0.3	-2.41139	1
0.3	171.567	1
0.3	-101.817	1
0.3	43.8945	1
0.3	-126.115	1
0.3	56.3185	1
0.3	-143.208	1
0.3	43.2299	1
0.3	9.77077	1
0.3	74.6612	1
0.3	58.3633	1
0.3	-89.0735	1
0.3	56.5213	1
0.3	-54.9514	1
0.3	-15.0194	1
0.3	175.355	1
0.3	-131.716	1
0.3	-110.513	1
0.3	-28.5609	1
0.3	-133.824	1
0.3	53.4301	1
0.3	143.063	1
0.3	33.6414	1
0.3	102.107	1
0.3	102.549	1
0.3	99.4778	1
0.3	-60.0003	1
0.3	134.505	1
0.3	-144.197	1
0.3	66.437	1
0.3	-137.51	1
0.3	127.123	1
0.3	69.6488	1
0.3	79.2519	1
0.3	-148.835	1
0.3	65.4988	1
0.3	-98.3718	1
0.3	75.9307	1
0.3	-100.992	1
0.3	63.594	1
0.3	114.989	1
0.3	-60.4887	1
0.3	-9.63142	1
0.3	-111.915	1
0.3	-72.7654	1
0.3	-73.3596	1
0.3	-9.56806	1
0.3	160.547	1
0.3	117.382	1
0.3	133.598	1
0.3	-20.8956	1
0.3	113.446	1
0.3	-65.9284	1
0.3	131.55	1
0.3	141.63	1
0.3	-106.953	1
0.3	-24.6865	1
0.3	166.134	1
0.3	-77.8076	1
0.3	27.8708	1
0.3	32.8979	1
0.3	-89.2059	1
0.3	-149.336	1
0.3	-79.9105	1
0.3	15.1763	1
0.3	75.287	1
0.3	48.3201	1
0.3	-100.824	1
0.3	10.4786	1
0.3	63.8826	1
0.3	-163.098	1
0.3	-64.3261	1
0.3	15.4549	1
0.3	-173.858	1
0.3	-119.752	1
0.3	-43.2587	1
0.3	-37.6947	1
0.3	-99.564	1
0.3	-35.8903	1
0.3	-79.1302	1
0.3	-140.094	1
0.3	-36.3949	1
0.3	52.563	1
0.3	-179.58	1
0.3	81.9397	1
0.3	73.7685	1
0.3	-33.3819	1
0.3	14.3435	1
0.3	-146.08	1
0.3	110.003	1
0.3	-45.3878	1
0.3	68.3979	1
0.3	78.8012	1
0.3	-109.305	1
0.3	-45.0738	1
0.3	49.5348	1
0.3	-11.5084	1
0.3	159.815	1
0.3	-168.075	1
0.3	175.999	1
0.3	158.002	1
0.3	-132.548	1
0.3	62.2852	1
0.3	-30.6201	1
0.3	158.516	1
0.3	-110.182	1
0.3	49.9129	1
0.3	-19.7402	1
0.3	-62.9586	1
0.3	37.9169	1
0.3	-12.6445	1
0.3	1.5702	1
0.3	37.5451	1
0.3	-22.1114	1
0.3	-142.413	1
0.3	-24.0718	1
0.3	43.4418	1
0.3	-110.552	1
0.3	141.84	1
0.3	-179.534	1
0.3	-64.247	1
0.3	146.853	1
0.3	31.47	1
0.3	-7.20105	1
0.3	116.424	1
0.3	-99.8899	1
0.3	-64.1928	1
0.3	-50.2771	1
0.3	50.664	1
0.3	28.3148	1
0.3	57.0422	1
0.3	158.098	1
0.3	97.7871	-0.0190476
0.3	63.5859	-0.0190476
0.3	-105.496	-0.0190476
0.3	-49.966	-0.0190476
0.3	133.596	-0.0190476
0.3	-61.3961	-0.0190476
0.3	85.5786	-0.0190476
0.3	-45.7597	-0.0190476
0.3	13.3378	-0.0190476
0.3	-134.871	-0.0190476
0.3	-42.9929	-0.0190476
0.3	92.1254	-0.0190476
0.3	-52.9355	-0.0190476
0.3	-112.29	-0.0190476
0.3	-174.731	-0.0190476
0.3	55.3468	-0.0190476
0.3	-146.521	-0.0190476
0.3	-62.6611	-0.0190476
0.3	-86.3107	-0.0190476
0.3	96.1033	-0.0190476
0.3	-49.4403	-0.0190476
0.3	-133.685	-0.0190476
0.3	-40.3518	-0.0190476
0.3	-101.04	-0.0190476
0.3	-158.957	-0.0190476
0.3	11.9197	-0.0190476
0.3	105.148	-0.0190476
0.3	45.0649	-0.0190476
0.3	8.14642	-0.0190476
0.3	-174.572	-0.0190476
0.3	-125.233	-0.0190476
0.3	-91.9311	-0.0190476
0.3	44.7393	-0.0190476
0.3	29.5491	-0.0190476
0.3	6.09795	-0.0190476
0.3	59.8508	-0.0190476
0.3	-4.1835	-0.0190476
0.3	65.264	-0.0190476
0.3	82.4524	-0.0190476
0.3	118.19	-0.0190476
0.3	-69.6193	-0.0190476
0.3	102.227	-0.0190476
0.3	-61.4251	-0.0190476
0.3	-171.675	-0.0190476
0.3	28.5653	-0.0190476
0.3	-112.195	-0.0190476
0.3	-82.2016	-0.0190476
0.3	85.8144	-0.0190476
0.3	-24.1841	-0.0190476
0.3	-42.1099	-0.0190476
0.3	7.65551	-0.0190476
0.3	11.701	-0.0190476
0.3	159.296	-0.0190476
0.3	-120.292	-0.0190476
0.3	20.5431	-0.0190476
0.3	-70.5243	-0.0190476
0.3	136.645	-0.0190476
0.3	159.39	-0.0190476
0.3	-3.65267	-0.0190476
0.3	89.7393	-0.0190476
0.3	-82.9979	-0.0190476
0.3	-132.619	-0.0190476
0.3	-162.593	-0.0190476
0.3	-75.6799	-0.0190476
0.3	9.37062	-0.0190476
0.3	46.8136	-0.0190476
0.3	-169.096	-0.0190476
0.3	14.2285	-0.0190476
0.3	145.317	-0.0190476
0.3	39.3714	-0.0190476
0.3	-0.543767	-0.0190476
0.3	-36.4359	-0.0190476
0.3	-88.7018	-0.0190476
0.3	171.43	-0.0190476
0.3	-67.8612	-0.0190476
0.3	-49.9646	-0.0190476
0.3	-29.2213	-0.0190476
0.3	7.77934	-0.0190476
0.3	166.166	-0.0190476
0.3	-32.0047	-0.0190476
0.3	127.393	-0.0190476
0.3	22.5992	-0.0190476
0.3	114.665	-0.0190476
0.3	-178.921	-0.0190476
0.3	119.253	-0.0190476
0.3	92.7329	-0.0190476
0.3	-89.6296	-0.0190476
0.3	-137.619	-0.0190476
0.3	-148.81	-0.0190476
0.3	-22.8072	-0.0190476
0.3	-2.78023	-0.0190476
0.3	68.8595	-0.0190476
0.3	87.5798	-0.0190476
0.3	-79.9788	-0.0190476
0.3	44.7796	-0.0190476
0.3	-140.935	-0.0190476
0.3	-37.6282	-0.0190476
0.3	40.8514	-0.0190476
0.3	-79.8711	-0.0190476
0.3	89.9644	-0.0190476
0.3	-20.3806	-0.0190476
0.3	49.8556	-0.0190476
0.3	8.35094	-0.0190476
0.3	-148.665	-0.0190476
0.3	-154.431	-0.0190476
0.3	164.729	-0.0190476
0.3	-50.7032	-0.0190476
0.3	-168.673	-0.0190476
0.3	61.0397	-0.0190476
0.3	-3.51773	-0.0190476
0.3	-130.278	-0.0190476
0.3	42.9407	-0.0190476
0.3	27.2553	-0.0190476
0.3	43.0375	-0.0190476
0.3	-126.62	-0.0190476
0.3	-21.3664	-0.0190476
0.3	57.1203	-0.0190476
0.3	136.061	-0.0190476
0.3	30.427	-0.0190476
0.3	5.38915	-0.0190476
0.3	89.5684	-0.0190476
0.3	15.3533	-0.0190476
0.3	-82.7829	-0.0190476
0.3	-139.6	-0.0190476
0.3	0.925963	-0.0190476
0.3	-87.605	-0.0190476
0.3	-97.4644	-0.0190476
0.3	149.107	-0.0190476
0.3	33.6206	-0.0190476
0.3	112.356	-0.0190476
0.3	-3.53687	-0.0190476
0.3	169.84	-0.0190476
0.3	94.7688	-0.0190476
0.3	-100.231	-0.0190476
0.3	89.0369	-0.0190476
0.3	143.758	-0.0190476
0.3	104.407	-0.0190476
0.3	14.747	-0.0190476
0.3	-22.6662	-0.0190476
0.3	-83.1081	-0.0190476
0.3	-98.1721	-0.0190476
0.3	98.6137	-0.0190476
0.3	115.163	-0.0190476
0.3	43.3876	-0.0190476
0.3	-127.064	-0.0190476
0.3	-142.51	-0.0190476
0.3	-35.2931	-0.0190476
0.3	-11.6337	-0.0190476
0.3	-83.4544	-0.0190476
0.3	53.7611	-0.0190476
0.3	122.296	-0.0190476
0.3	95.2874	-0.0190476
0.3	-161.712	-0.0190476
0.3	151.187	-0.0190476
0.3	-116.217	-0.0190476
0.3	41.8912	-0.0190476
0.3	-147.53	-0.0190476
0.3	-32.1302	-0.0190476
0.3	-107.528	-0.0190476
0.3	74.2645	-0.0190476
0.3	4.6567	-0.0190476
0.3	-22.5176	-0.0190476
0.3	-103.966	-0.0190476
0.3	-25.9671	-0.0190476
0.3	-0.321299	-0.0190476
0.3	-136.644	-0.0190476
0.3	-174.924	-0.0190476
0.3	101.287	-0.0190476
0.3	-76.3022	-0.0190476
0.3	26.0437	-0.0190476
0.3	-75.2211	-0.0190476
0.3	-62.3864	-0.0190476
0.3	67.511	-0.0190476
0.3	-93.0982	-0.0190476
0.3	-100.393	-0.0190476
0.3	138.882	-0.0190476
0.3	-156.038	-0.0190476
0.3	69.0872	-0.0190476
0.3	152.215	-0.0190476
0.3	37.6504	-0.0190476
0.3	152.769	-0.0190476
0.3	-6.87556	-0.0190476
0.3	135.864	-0.0190476
0.3	149.88	-0.0190476
0.3	-129.475	-0.0190476
0.3	-25.0586	-0.0190476
0.3	-170.422	-0.0190476
0.3	-117.149	-0.0190476
0.3	173.569	-0.0190476
0.3	-8.50212	-0.0190476
0.3	-91.3421	-0.0190476
0.3	116.243	-0.0190476
0.3	-14.038	-0.0190476
0.3	50.9004	-0.0190476
0.3	50.8531	-0.0190476
0.3	170.873	-0.0190476
0.3	-13.2557	-0.0190476
0.3	36.9039	-0.0190476
0.3	-62.5972	-0.0190476
0.3	-55.4195	-0.0190476
0.3	-39.3596	-0.0190476
0.3	168.323	-0.0190476
0.3	-106.278	-0.0190476
0.3	77.8109	-0.0190476
0.3	-135.074	-0.0190476
0.3	47.7511	-0.0190476
0.3	104.377	-0.0190476
0.3	-25.5779	-0.0190476
0.3	66.9425	-0.0190476
0.3	-76.638	-0.0190476
0.3	-97.484	-0.0190476
0.3	159.137	-0.0190476
0.3	85.3065	-0.0190476
0.3	54.286	-0.0190476
0.3	-116.872	-0.0190476
0.3	-76.0053	-0.0190476
0.3	4.1856	-0.0190476
0.3	-112.592	-0.0190476
0.3	2.47056	-0.0190476
0.3	-163.935	-0.0190476
0.3	-116.12	-0.0190476
0.3	65.4866	-0.0190476
0.3	17.3092	-0.0190476
0.3	115.246	-0.0190476
0.3	-32.9299	-0.0190476
0.3	54.373	-0.0190476
0.3	110.748	-0.0190476
0.3	58.0012	-0.0190476
0.3	34.6339	-0.0190476
0.3	-120.34	-0.0190476
0.3	177.779	-0.0190476
0.3	-130.722	-0.0190476
0.3	38.4606	-0.0190476
0.3	-148.712	-0.0190476
0.3	148.916	-0.0190476
0.3	-172.145	-0.0190476
0.3	-27.9422	-0.0190476
0.3	21.5142	-0.0190476
0.3	-161.492	-0.0190476
0.3	151.141	-0.0190476
0.3	-144.535	-0.0190476
0.3	154.85	-0.0190476
0.3	134.185	-0.0190476
0.3	-75.5212	-0.0190476
0.3	-66.2853	-0.0190476
0.3	168.316	-0.0190476
0.3	-169.248	-0.0190476
0.3	105.083	-0.0190476
0.3	-67.8081	-0.0190476
0.3	130.592	-0.0190476
0.3	131.28	-0.0190476
0.3	-17.7311	-0.0190476
0.3	148.362	-0.0190476
0.3	-154.972	-0.0190476
0.3	123.11	-0.0190476
0.3	46.5495	-0.0190476
0.3	-91.8064	-0.0190476
0.3	170.851	-0.0190476
0.3	-149.137	-0.0190476
0.3	109.045	-0.0190476
0.3	22.8541	-0.0190476
0.3	-49.0419	-0.0190476
0.3	30.6208	-0.0190476
0.3	-170.382	-0.0190476
0.3	-152.287	-0.0190476
0.3	110.69	-0.0190476
0.3	81.0384	-0.0190476
0.3	-179.961	-0.0190476
0.3	-92.9701	-0.0190476
0.3	-75.3461	-0.0190476
0.3	-71.0842	-0.0190476
0.3	136.469	-0.0190476
0.3	-101.573	-0.0190476
0.3	-101.452	-0.0190476
0.3	-158.266	-0.0190476
0.3	61.8896	-0.0190476
0.3	37.1172	-0.0190476
0.3	-172.912	-0.0190476
0.3	-138.023	-0.0190476
0.3	-10.8078	-0.0190476
0.3	-138.02	-0.0190476
0.3	13.8427	-0.0190476
0.3	28.0817	-0.0190476
0.3	106.222	-0.0190476
0.3	102.718	-0.0190476
0.3	-54.7791	-0.0190476
0.3	117.166	-0.0190476
0.3	-145.356	-0.0190476
0.3	-11.1189	-0.0190476
0.3	66.308	-0.0190476
0.3	58.2968	-0.0190476
0.3	6.4681	-0.0190476
0.3	57.6649	-0.0190476
0.3	-111.743	-0.0190476
0.3	-74.3997	-0.0190476
0.3	-108.093	-0.0190476
0.3	-36.0964	-0.0190476
0.3	-27.2172	-0.0190476
0.3	64.8088	-0.0190476
0.3	-91.7549	-0.0190476
0.3	-28.3514	-0.0190476
0.3	133.277	-0.0190476
0.3	156.969	-0.0190476
0.3	115.969	-0.0190476
0.3	-133.562	-0.0190476
0.3	75.223	-0.0190476
0.3	-178.449	-0.0190476
0.3	-148.703	-0.0190476
0.3	-21.037	-0.0190476
0.3	85.4418	-0.0190476
0.3	-18.5556	-0.0190476
0.3	9.05208	-0.0190476
0.3	140.387	-0.0190476
0.3	-132.362	-0.0190476
0.3	70.7798	-0.0190476
0.3	-49.3562	-0.0190476
0.3	-1.37883	-0.0190476
0.3	133.557	-0.0190476
0.3	-44.7427	-0.0190476
0.3	-8.59345	-0.0190476
0.3	67.6958	-0.0190476
0.3	21.4008	-0.0190476
0.3	122.042	-0.0190476
0.3	61.2169	-0.0190476
0.3	-114.283	-0.0190476
0.3	7.33651	-0.0190476
0.3	103.355	-0.0190476
0.3	160.428	-0.0190476
0.3	8.67607	-0.0190476
0.3	-16.6158	-0.0190476
0.3	173.049	-0.0190476
0.3	-66.0485	-0.0190476
0.3	102.254	-0.0190476
0.3	-41.5017	-0.0190476
0.3	-115.819	-0.0190476
0.3	62.5096	-0.0190476
0.3	11.1328	-0.0190476
0.3	-19.1651	-0.0190476
0.3	162.36	-0.0190476
0.3	-88.9162	-0.0190476
0.3	-91.4384	-0.0190476
0.3	82.9838	-0.0190476
0.3	-178.873	-0.0190476
0.3	-35.3623	-0.0190476
0.3	-36.3869	-0.0190476
0.3	-133.209	-0.0190476
0.3	-174.141	-0.0190476
0.3	-126.101	-0.0190476
0.3	-173.45	-0.0190476
0.3	157.967	-0.0190476
0.3	175.632	-0.0190476
0.3	-141.417	-0.0190476
0.3	-88.432	-0.0190476
0.3	126.283	-0.0190476
0.3	-167.447	-0.0190476
0.3	35.1892	-0.0190476
0.3	-79.7968	-0.0190476
0.3	15.539	-0.0190476
0.3	13.9039	-0.0190476
0.3	-152.5	-0.0190476
0.3	-178.955	-0.0190476
0.3	-61.7679	-0.0190476
0.3	-130.371	-0.0190476
0.3	157.191	-0.0190476
0.3	131.658	-0.0190476
0.3	15.6927	-0.0190476
0.3	103.293	-0.0190476
0.3	-141.276	-0.0190476
0.3	-93.1141	-0.0190476
0.3	-164.074	-0.0190476
0.3	39.8964	-0.0190476
0.3	-98.9343	-0.0190476
-0.25	76.0438	1
-0.25	83.1504	1
-0.25	106.651	1
-0.25	167.945	1
-0.25	-102.666	1
-0.25	-170.171	1
-0.25	-126.835	1
-0.25	-89.6378	1
-0.25	56.7247	1
-0.25	40.9919	1
-0.25	173.224	1
-0.25	-164.128	1
-0.25	-21.151	1
-0.25	138.753	1
-0.25	-158.732	1
-0.25	-79.8477	1
-0.25	82.9373	1
-0.25	-92.6744	1
-0.25	131.51	1
-0.25	102.047	1
-0.25	-66.9781	1
-0.25	-144.749	1
-0.25	-95.9377	1
-0.25	-100.359	1
-0.25	136.327	1
-0.25	55.856	1
-0.25	55.5321	1
-0.25	19.0032	1
-0.25	-128.911	1
-0.25	-27.125	1
-0.25	-13.5155	1
-0.25	42.4814	1
-0.25	-116.138	1
-0.25	19.3555	1
-0.25	-132.539	1
-0.25	68.8244	1
-0.25	135.649	1
-0.25	94.4939	1
-0.25	-92.4797	1
-0.25	-119.235	1
-0.25	54.6757	1
-0.25	-133.919	1
-0.25	-24.1105	1
-0.25	57.085	1
-0.25	-79.5971	1
-0.25	150.859	1
-0.25	-141.775	1
-0.25	103.172	1
-0.25	-148.266	1
-0.25	164.906	1
-0.25	3.81588	1
-0.25	23.9337	1
-0.25	10.3921	1
-0.25	-123.248	1
-0.25	-156.669	1
-0.25	-1.66241	1
-0.25	-17.2632	1
-0.25	108.785	1
-0.25	-176.612	1
-0.25	-0.871913	1
-0.25	42.292	1
-0.25	172.04	1
-0.25	-148.512	1
-0.25	105.962	1
-0.25	100.546	1
-0.25	-106.804	1
-0.25	-58.3673	1
-0.25	15.8725	1
-0.25	-169.662	1
-0.25	120.787	1
-0.25	-59.4297	1
-0.25	101.257	1
-0.25	99.5102	1
-0.25	45.7607	1
-0.25	-31.2804	1
-0.25	92.41	1
-0.25	-59.5866	1
-0.25	-48.9848	1
-0.25	-6.55921	1
-0.25	167.215	1
-0.25	-76.178	1
-0.25	169.298	1
-0.25	130.899	1
-0.25	45.7355	1
-0.25	-14.5844	1
-0.25	-42.53	1
-0.25	-69.763	1
-0.25	-135.537	1
-0.25	102.116	1
-0.25	-161.515	1
-0.25	-142.146	1
-0.25	144.282	1
-0.25	15.8142	1
-0.25	142.598	1
-0.25	27.6063	1
-0.25	-1.0714	1
-0.25	-179.357	1
-0.25	18.6401	1
-0.25	-0.135379	1
-0.25	-176.851	1
-0.25	53.5555	1
-0.25	-119.105	1
-0.25	-140.565	1
-0.25	80.7113	1
-0.25	92.1806	1
-0.25	-114.078	1
-0.25	-167.122	1
-0.25	114.624	1
-0.25	-33.2469	1
-0.25	30.6926	1
-0.25	175.329	1
-0.25	-84.7673	1
-0.25	-155.962	1
-0.25	-51.3464	1
-0.25	57.4835	1
-0.25	-33.6201	-0.0190476
-0.25	-78.7826	-0.0190476
-0.25	-160.093	-0.0190476
-0.25	81.4163	-0.0190476
-0.25	21.576	-0.0190476
-0.25	-129.504	-0.0190476
-0.25	-74.2232	-0.0190476
-0.25	125.291	-0.0190476
-0.25	132.54	-0.0190476
-0.25	-34.0636	-0.0190476
-0.25	-36.04	-0.0190476
-0.25	-6.53205	-0.0190476
-0.25	84.588	-0.0190476
-0.25	-21.6651	-0.0190476
-0.25	94.6836	-0.0190476
-0.25	-12.6487	-0.0190476
-0.25	-26.6284	-0.0190476
-0.25	-79.119	-0.0190476
-0.25	155.126	-0.0190476
-0.25	142.973	-0.0190476
-0.25	7.32654	-0.0190476
-0.25	-103.922	-0.0190476
-0.25	-164.701	-0.0190476
-0.25	163.127	-0.0190476
-0.25	110.286	-0.0190476
-0.25	161.868	-0.0190476
-0.25	70.0551	-0.0190476
-0.25	-63.145	-0.0190476
-0.25	-37.7396	-0.0190476
-0.25	89.4326	-0.0190476
-0.25	-36.1781	-0.0190476
-0.25	-45.5422	-0.0190476
-0.25	-29.2417	-0.0190476
-0.25	99.423	-0.0190476
-0.25	-61.9245	-0.0190476
-0.25	131.173	-0.0190476
-0.25	71.4175	-0.0190476
-0.25	-86.9319	-0.0190476
-0.25	179.603	-0.0190476
-0.25	143.924	-0.0190476
-0.25	-17.9442	-0.0190476
-0.25	169.376	-0.0190476
-0.25	-94.9629	-0.0190476
-0.25	-137.405	-0.0190476
-0.25	-31.3608	-0.0190476
-0.25	65.5467	-0.0190476
-0.25	-42.7581	-0.0190476
-0.25	29.1412	-0.0190476
-0.25	-12.3369	-0.0190476
-0.25	154.605	-0.0190476
-0.25	-124.273	-0.0190476
-0.25	-23.3434	-0.0190476
-0.25	68.5062	-0.0190476
-0.25	-12.0051	-0.0190476
-0.25	-103.211	-0.0190476
-0.25	-66.8062	-0.0190476
-0.25	-8.14023	-0.0190476
-0.25	-103.643	-0.0190476
-0.25	93.8078	-0.0190476
-0.25	69.1756	-0.0190476
-0.25	-102.02	-0.0190476
-0.25	66.2788	-0.0190476
-0.25	24.5577	-0.0190476
-0.25	114.519	-0.0190476
-0.25	41.7632	-0.0190476
-0.25	43.923	-0.0190476
-0.25	138.849	-0.0190476
-0.25	-8.79176	-0.0190476
-0.25	99.459	-0.0190476
-0.25	-113.891	-0.0190476
-0.25	177.07	-0.0190476
-0.25	-125.901	-0.0190476
-0.25	63.299	-0.0190476
-0.25	128.674	-0.0190476
-0.25	50.3661	-0.0190476
-0.25	131.981	-0.0190476
-0.25	156.351	-0.0190476
-0.25	-15.9787	-0.0190476
-0.25	161.976	-0.0190476
-0.25	-127.353	-0.0190476
-0.25	-160.371	-0.0190476
-0.25	-51.5504	-0.0190476
-0.25	31.756	-0.0190476
-0.25	1.08016	-0.0190476
-0.25	-44.6439	-0.0190476
-0.25	-170.696	-0.0190476
-0.25	164.366	-0.0190476
-0.25	-156.276	-0.0190476
-0.25	32.7966	-0.0190476
-0.25	92.5507	-0.0190476
-0.25	-156.577	-0.0190476
-0.25	125.848	-0.0190476
-0.25	151.123	-0.0190476
-0.25	171.949	-0.0190476
-0.25	165.814	-0.0190476
-0.25	-8.55165	-0.0190476
-0.25	-173.408	-0.0190476
-0.25	-179.816	-0.0190476
-0.25	-164.256	-0.0190476
-0.25	-12.0022	-0.0190476
-0.25	22.6331	-0.0190476
-0.25	-49.6662	-0.0190476
-0.25	156.198	-0.0190476
-0.25	108.591	-0.0190476
-0.25	-78.8255	-0.0190476
-0.25	-152.435	-0.0190476
-0.25	-48.9016	-0.0190476
-0.25	61.7381	-0.0190476
-0.25	-44.873	-0.0190476
-0.25	14.729	-0.0190476
-0.25	-71.8969	-0.0190476
-0.25	-94.2504	-0.0190476
-0.25	144.776	-0.0190476
-0.25	-104.382	-0.0190476
-0.25	-165.461	-0.0190476
-0.25	88.5733	-0.0190476
-0.25	27.7909	-0.0190476
-0.25	-118.937	-0.0190476
-0.25	171.552	-0.0190476
-0.25	144.767	-0.0190476
-0.25	-46.854	-0.0190476
-0.25	-139.637	-0.0190476
-0.25	-46.6758	-0.0190476
-0.25	108.164	-0.0190476
-0.25	-70.1291	-0.0190476
-0.25	-153.317	-0.0190476
-0.25	32.9274	-0.0190476
-0.25	-157.593	-0.0190476
-0.25	-66.4996	-0.0190476
-0.25	-160.764	-0.0190476
-0.25	68.4053	-0.0190476
-0.25	107.136	-0.0190476
-0.25	108.151	-0.0190476
-0.25	64.3387	-0.0190476
-0.25	-136.45	-0.0190476
-0.25	-128.458	-0.0190476
-0.25	-153.796	-0.0190476
-0.25	-114.149	-0.0190476
-0.25	-50.4914	-0.0190476
-0.25	149.459	-0.0190476
-0.25	-137.313	-0.0190476
-0.25	-64.7142	-0.0190476
-0.25	169.701	-0.0190476
-0.25	59.9946	-0.0190476
-0.25	33.1489	-0.0190476
-0.25	64.8116	-0.0190476
-0.25	-69.2277	-0.0190476
-0.25	-41.2301	-0.0190476
-0.25	-51.1611	-0.0190476
-0.25	67.6527	-0.0190476
-0.25	-79.8931	-0.0190476
-0.25	-116.527	-0.0190476
-0.25	103.156	-0.0190476
-0.25	-70.9246	-0.0190476
-0.25	-63.2654	-0.0190476
-0.25	82.7647	-0.0190476
-0.25	54.9701	-0.0190476
-0.25	26.8242	-0.0190476
-0.25	-123.258	-0.0190476
-0.25	-106.171	-0.0190476
-0.25	-147.086	-0.0190476
-0.25	51.0458	-0.0190476
-0.25	-5.47035	-0.0190476
-0.25	11.7977	-0.0190476
-0.25	-108.792	-0.0190476
-0.25	-121.959	-0.0190476
-0.25	98.223	-0.0190476
-0.25	34.0123	-0.0190476
-0.25	69.4379	-0.0190476
-0.25	-142.137	-0.0190476
-0.25	-57.4012	-0.0190476
-0.25	-136.841	-0.0190476
-0.25	60.6303	-0.0190476
-0.25	-133.153	-0.0190476
-0.25	168.437	-0.0190476
-0.25	-53.2086	-0.0190476
-0.25	-144.15	-0.0190476
-0.25	-43.4988	-0.0190476
-0.25	123.559	-0.0190476
-0.25	-1.36522	-0.0190476
-0.25	-17.9105	-0.0190476
-0.25	114.704	-0.0190476
-0.25	-68.2498	-0.0190476
-0.25	77.0647	-0.0190476
-0.25	161.107	-0.0190476
-0.25	-167.772	-0.0190476
-0.25	-142.641	-0.0190476
-0.25	27.8252	-0.0190476
-0.25	159.48	-0.0190476
-0.25	159.297	-0.0190476
-0.25	-5.71857	-0.0190476
-0.25	163.993	-0.0190476
-0.25	67.9762	-0.0190476
-0.25	-117.339	-0.0190476
-0.25	-22.9297	-0.0190476
-0.25	78.2968	-0.0190476
-0.25	-18.3429	-0.0190476
-0.25	134.628	-0.0190476
-0.25	-39.5633	-0.0190476
-0.25	-64.1047	-0.0190476
-0.25	-98.6005	-0.0190476
-0.25	-124.843	-0.0190476
-0.25	-14.1457	-0.0190476
-0.25	137.651	-0.0190476
-0.25	160.78	-0.0190476
-0.25	95.2128	-0.0190476
-0.25	31.7454	-0.0190476
-0.25	-21.8634	-0.0190476
-0.25	143.404	-0.0190476
-0.25	-155.572	-0.0190476
-0.25	79.7615	-0.0190476
-0.25	-144.155	-0.0190476
-0.25	-52.6203	-0.0190476
-0.25	-34.3621	-0.0190476
-0.25	179.806	-0.0190476
-0.25	93.5167	-0.0190476
-0.25	-109.445	-0.0190476
-0.25	83.3751	-0.0190476
-0.25	65.395	-0.0190476
-0.25	-149.557	-0.0190476
-0.25	-93.04	-0.0190476
-0.25	53.6482	-0.0190476
-0.25	121.057	-0.0190476
-0.25	-86.0977	-0.0190476
-0.25	139.501	-0.0190476
-0.25	-112.643	-0.0190476
-0.25	10.9116	-0.0190476
-0.25	-51.5486	-0.0190476
-0.25	58.4324	-0.0190476
-0.25	127.897	-0.0190476
-0.25	-80.3424	-0.0190476
-0.25	49.3715	-0.0190476
-0.25	23.0988	-0.0190476
-0.25	-41.1445	-0.0190476
-0.25	-100.509	-0.0190476
-0.25	-162.25	-0.0190476
-0.25	-43.4322	-0.0190476
-0.25	-112.885	-0.0190476
-0.25	87.952	-0.0190476
-0.25	22.1604	-0.0190476
-0.25	100.711	-0.0190476
-0.25	-121.56	-0.0190476
-0.25	-122.725	-0.0190476
-0.25	39.1137	-0.0190476
-0.25	-176.452	-0.0190476
-0.25	57.9798	-0.0190476
-0.25	39.9522	-0.0190476
-0.25	-32.8509	-0.0190476
-0.25	108.434	-0.0190476
-0.25	136.719	-0.0190476
-0.25	89.2746	-0.0190476
-0.25	-97.3336	-0.0190476
-0.25	116.3	-0.0190476
-0.25	144.162	-0.0190476
-0.25	133.346	-0.0190476
-0.25	-20.1482	-0.0190476
-0.25	91.924	-0.0190476
-0.25	-157.794	-0.0190476
-0.25	79.3886	-0.0190476
-0.25	8.16329	-0.0190476
-0.25	-139.859	-0.0190476
-0.25	100.299	-0.0190476
-0.25	67.5247	-0.0190476
-0.25	-79.1038	-0.0190476
-0.25	148.631	-0.0190476
-0.25	-82.0848	-0.0190476
-0.25	-155.162	-0.0190476
-0.25	139.732	-0.0190476
-0.25	-119.403	-0.0190476
-0.25	21.9481	-0.0190476
-0.25	125.147	-0.0190476
-0.25	60.7462	-0.0190476
-0.25	150.279	-0.0190476
-0.25	170.12	-0.0190476
-0.25	-87.2575	-0.0190476
-0.25	-75.1909	-0.0190476
-0.25	-32.5288	-0.0190476
-0.25	80.9102	-0.0190476
-0.25	149.159	-0.0190476
-0.25	-21.2906	-0.0190476
-0.25	-40.6983	-0.0190476
-0.25	140.697	-0.0190476
-0.25	-33.789	-0.0190476
-0.25	-134.869	-0.0190476
-0.25	5.87616	-0.0190476
-0.25	-176.038	-0.0190476
-0.25	-169.934	-0.0190476
-0.25	-132.072	-0.0190476
-0.25	102.928	-0.0190476
-0.25	-158.458	-0.0190476
-0.25	101.684	-0.0190476
-0.25	164.731	-0.0190476
-0.25	-116.329	-0.0190476
-0.25	173.966	-0.0190476
-0.25	-8.52746	-0.0190476
-0.25	130.42	-0.0190476
-0.25	-128.531	-0.0190476
-0.25	-154.631	-0.0190476
-0.25	-148.447	-0.0190476
-0.25	-20.5348	-0.0190476
-0.25	46.1348	-0.0190476
-0.25	55.4616	-0.0190476
-0.25	71.962	-0.0190476
-0.25	121.648	-0.0190476
-0.25	-78.1267	-0.0190476
-0.25	-34.2419	-0.0190476
0.3	24.798	1
0.3	-21.7998	1
0.3	93.7119	1
0.3	162.255	1
0.3	-25.2483	1
0.3	28.7566	1
0.3	-11.3152	1
0.3	-12.2249	1
0.3	-29.3259	1
0.3	-71.9715	1
0.3	173.819	1
0.3	-32.1398	1
0.3	-36.1915	1
0.3	18.3214	1
0.3	99.2129	1
0.3	112.355	1
0.3	-148.857	1
0.3	14.846	1
0.3	-96.312	1
0.3	33.3918	1
0.3	148.876	1
0.3	-7.15308	1
0.3	-18.3816	1
0.3	-178.95	1
0.3	-144.99	1
0.3	-69.6595	1
0.3	146.784	1
0.3	58.0404	1
0.3	24.8068	1
0.3	40.065	1
0.3	-141.228	1
0.3	90.3513	1
0.3	-151.812	1
0.3	-88.845	1
0.3	-31.4621	1
0.3	-33.7946	1
0.3	-64.9253	1
0.3	35.1073	1
0.3	147.896	1
0.3	-64.3022	1
0.3	34.026	1
0.3	2.91155	1
0.3	179.975	1
0.3	-19.1839	1
0.3	-113.115	1
0.3	121.521	1
0.3	142.302	1
0.3	-78.9325	1
0.3	-44.463	1
0.3	-32.1578	1
0.3	143.435	1
0.3	-43.6787	1
0.3	-79.5815	1
0.3	71.1219	1
0.3	137.618	1
0.3	-51.6656	1
0.3	-119.211	1
0.3	-102.995	1
0.3	168.478	1
0.3	-160.762	1
0.3	-156.895	1
0.3	146.125	1
0.3	-96.1752	1
0.3	134.668	1
0.3	47.9442	1
0.3	-127.843	1
0.3	-74.3231	1
0.3	49.6909	1
0.3	114.236	1
0.3	-129.858	1
0.3	127.025	1
0.3	139.551	1
0.3	-65.7823	1
0.3	6.93136	1
0.3	90.9836	1
0.3	-177.298	1
0.3	98.3815	1
0.3	172.751	1
0.3	-174.007	1
0.3	54.494	1
0.3	58.7231	1
0.3	-156.391	1
0.3	-75.1278	1
0.3	137.4	1
0.3	-37.6859	1
0.3	-168.37	1
0.3	84.8333	1
0.3	138.363	1
0.3	8.68568	1
0.3	-171.845	1
0.3	27.2372	1
0.3	-85.4644	1
0.3	-0.974241	1
0.3	0.182519	1
0.3	172.69	1
0.3	160.289	1
0.3	-47.6761	1
0.3	-91.7868	1
0.3	4.31743	1
0.3	-39.6995	1
0.3	-69.9405	1
0.3	-129.562	1
0.3	-51.9322	1
0.3	47.4984	1
0.3	-35.3464	1
0.3	-23.1567	1
0.3	8.35146	1
0.3	90.3792	1
0.3	130.248	1
0.3	99.7101	1
0.3	83.5504	1
0.3	-165.758	1
0.3	137.297	1
0.3	-117.229	1
0.3	-155.966	1
0.3	-52.8788	1
0.3	178.94	1
0.3	-7.45171	1
0.3	-60.448	1
0.3	-62.9585	1
0.3	131.384	1
0.3	167.001	1
0.3	113.661	1
0.3	1.09314	1
0.3	-136.601	1
0.3	140.9	1
0.3	91.6674	1
0.3	-161.154	1
0.3	54.6389	1
0.3	8.81196	1
0.3	-139.223	1
0.3	161.737	1
0.3	136.562	1
0.3	-163.479	1
0.3	-89.6658	1
0.3	-37.6429	1
0.3	175.307	1
0.3	64.1453	1
0.3	68.3867	1
0.3	-9.72243	1
0.3	55.7426	1
0.3	58.5817	-0.047619
0.3	123.658	-0.047619
0.3	91.8282	-0.047619
0.3	-64.2469	-0.047619
0.3	-18.4363	-0.047619
0.3	-120.77	-0.047619
0.3	-133.821	-0.047619
0.3	150.546	-0.047619
0.3	84.7822	-0.047619
0.3	38.8409	-0.047619
0.3	-1.55592	-0.047619
0.3	-109.696	-0.047619
0.3	124.298	-0.047619
0.3	-59.4171	-0.047619
0.3	-136.537	-0.047619
0.3	-43.0157	-0.047619
0.3	-163.591	-0.047619
0.3	-33.3604	-0.047619
0.3	34.5854	-0.047619
0.3	-87.0939	-0.047619
0.3	76.772	-0.047619
0.3	7.55312	-0.047619
0.3	-89.6721	-0.047619
0.3	34.1476	-0.047619
0.3	-123.217	-0.047619
0.3	-123.006	-0.047619
0.3	121.008	-0.047619
0.3	-174.821	-0.047619
0.3	-48.9704	-0.047619
0.3	173.33	-0.047619
0.3	45.7338	-0.047619
0.3	-108.249	-0.047619
0.3	176.775	-0.047619
0.3	-155.711	-0.047619
0.3	60.7511	-0.047619
0.3	-145.255	-0.047619
0.3	54.5601	-0.047619
0.3	-50.9819	-0.047619
0.3	-170.754	-0.047619
0.3	63.5911	-0.047619
0.3	61.1631	-0.047619
0.3	-86.0121	-0.047619
0.3	-16.2821	-0.047619
0.3	34.595	-0.047619
0.3	-162.78	-0.047619
0.3	-172.617	-0.047619
0.3	111.195	-0.047619
0.3	162.596	-0.047619
0.3	67.7354	-0.047619
0.3	10.3663	-0.047619
0.3	-100.886	-0.047619
0.3	-110.439	-0.047619
0.3	-159.326	-0.047619
0.3	-179.156	-0.047619
0.3	-92.5917	-0.047619
0.3	-113.314	-0.047619
0.3	-113.306	-0.047619
0.3	89.4451	-0.047619
0.3	-24.1652	-0.047619
0.3	-137.825	-0.047619
0.3	136.206	-0.047619
0.3	-28.0773	-0.047619
0.3	-11.923	-0.047619
0.3	131.065	-0.047619
0.3	149.855	-0.047619
0.3	16.2544	-0.047619
0.3	16.2029	-0.047619
0.3	88.4565	-0.047619
0.3	42.0895	-0.047619
0.3	-15.9851	-0.047619
0.3	39.8327	-0.047619
0.3	65.5127	-0.047619
0.3	-6.49885	-0.047619
0.3	-146.8	-0.047619
0.3	88.3445	-0.047619
0.3	-28.4962	-0.047619
0.3	-161.283	-0.047619
0.3	-164.604	-0.047619
0.3	-96.5963	-0.047619
0.3	-126.476	-0.047619
0.3	-36.5421	-0.047619
0.3	-125.274	-0.047619
0.3	102.432	-0.047619
0.3	-94.325	-0.047619
0.3	-158.304	-0.047619
0.3	-7.773	-0.047619
0.3	57.3791	-0.047619
0.3	158.251	-0.047619
0.3	-171.877	-0.047619
0.3	137.529	-0.047619
0.3	-127.499	-0.047619
0.3	160.295	-0.047619
0.3	25.8873	-0.047619
0.3	55.7158	-0.047619
0.3	-104.201	-0.047619
0.3	-3.84457	-0.047619
0.3	21.8701	-0.047619
0.3	-58.4795	-0.047619
0.3	-4.05013	-0.047619
0.3	-70.2914	-0.047619
0.3	-161.655	-0.047619
0.3	-5.04374	-0.047619
0.3	-161.812	-0.047619
0.3	145.254	-0.047619
0.3	-55.3065	-0.047619
0.3	-92.6277	-0.047619
0.3	-152.115	-0.047619
0.3	37.786	-0.047619
0.3	91.8875	-0.047619
0.3	-78.1371	-0.047619
0.3	-15.5568	-0.047619
0.3	-174.811	-0.047619
0.3	44.7351	-0.047619
0.3	62.5371	-0.047619
0.3	153.888	-0.047619
0.3	-154.417	-0.047619
0.3	-21.5887	-0.047619
0.3	170.476	-0.047619
0.3	43.1172	-0.047619
0.3	-32.758	-0.047619
0.3	136.135	-0.047619
0.3	-120.982	-0.047619
0.3	-84.5753	-0.047619
0.3	42.4055	-0.047619
0.3	90.5911	-0.047619
0.3	164.093	-0.047619
0.3	130.036	-0.047619
0.3	-111.915	-0.047619
0.3	-0.325567	-0.047619
0.3	120.322	-0.047619
0.3	-92.7374	-0.047619
0.3	10.1296	-0.047619
0.3	32.7685	-0.047619
0.3	-159.798	-0.047619
0.3	-58.5349	-0.047619
0.3	65.4749	-0.047619
0.3	-106.194	-0.047619
0.3	-76.3711	-0.047619
0.3	-57.5889	-0.047619
0.3	-64.2133	-0.047619
0.3	-100.867	-0.047619
0.3	161.567	-0.047619
0.3	66.5458	-0.047619
0.3	136.085	-0.047619
0.3	-115.465	-0.047619
0.3	98.3926	-0.047619
0.3	114.715	-0.047619
0.3	81.7221	-0.047619
0.3	82.4323	-0.047619
-0.25	-125.092	1
-0.25	-57.7675	1
-0.25	-148.169	1
-0.25	-156.627	1
-0.25	-105.278	1
-0.25	140.895	1
-0.25	-44.6064	1
-0.25	60.8502	1
-0.25	38.6949	1
-0.25	178.695	1
-0.25	-94.33	1
-0.25	133.57	1
-0.25	83.0306	1
-0.25	-51.0961	1
-0.25	-97.2935	1
-0.25	9.58698	1
-0.25	139.571	1
-0.25	34.3704	1
-0.25	32.1997	1
-0.25	-3.2324	1
-0.25	-26.5195	1
-0.25	-169.996	1
-0.25	30.3727	1
-0.25	-21.1349	1
-0.25	-71.0751	1
-0.25	-76.4604	1
-0.25	-40.8348	1
-0.25	74.8628	1
-0.25	-48.4275	1
-0.25	-79.3364	1
-0.25	57.4802	1
-0.25	44.513	1
-0.25	128.901	1
-0.25	-97.9716	1
-0.25	-133.775	1
-0.25	-0.484804	1
-0.25	14.8511	1
-0.25	102.27	1
-0.25	54.8427	1
-0.25	170.411	1
-0.25	-43.4095	1
-0.25	87.1393	1
-0.25	-172.738	1
-0.25	121.559	1
-0.25	-129.746	1
-0.25	-56.4802	1
-0.25	29.0732	1
-0.25	44.9166	1
-0.25	11.3529	1
-0.25	-43.4075	1
-0.25	1.41574	1
-0.25	56.1442	1
-0.25	-83.842	1
-0.25	52.2522	1
-0.25	-106.568	1
-0.25	40.9841	1
-0.25	-4.52954	1
-0.25	4.29628	1
-0.25	134.242	1
-0.25	148.794	1
-0.25	54.9282	1
-0.25	-107.582	1
-0.25	51.6589	1
-0.25	76.7611	1
-0.25	-166.436	1
-0.25	-175.453	1
-0.25	-64.3448	1
-0.25	-141.17	1
-0.25	166.127	1
-0.25	39.8225	1
-0.25	103.921	1
-0.25	155.314	1
-0.25	-74.8194	1
-0.25	-75.5896	1
-0.25	-104.558	1
-0.25	-6.64504	1
-0.25	10.4765	1
-0.25	47.8562	1
-0.25	74.91	1
-0.25	-1.66553	1
-0.25	30.6151	1
-0.25	-101.87	1
-0.25	-11.7957	1
-0.25	-18.3271	1
-0.25	90.4724	1
-0.25	-83.3511	1
-0.25	-90.4374	1
-0.25	172.198	1
-0.25	150.748	1
-0.25	151.132	1
-0.25	44.6244	1
-0.25	12.1684	1
-0.25	78.097	1
-0.25	-172.723	1
-0.25	-159.672	1
-0.25	-146.269	1
-0.25	10.3759	1
-0.25	-9.05355	1
-0.25	77.3653	1
-0.25	143.017	1
-0.25	35.3133	1
-0.25	86.366	1
-0.25	54.6572	1
-0.25	160.094	1
-0.25	-153.324	1
-0.25	-65.5663	1
-0.25	179.575	1
-0.25	-153.822	1
-0.25	-27.6235	1
-0.25	109.773	1
-0.25	62.8518	1
-0.25	128.575	1
-0.25	110.135	1
-0.25	-104.25	1
-0.25	-162.804	1
-0.25	65.6065	-0.047619
-0.25	150.583	-0.047619
-0.25	-8.72072	-0.047619
-0.25	-48.2278	-0.047619
-0.25	-85.3603	-0.047619
-0.25	41.5784	-0.047619
-0.25	-178.647	-0.047619
-0.25	46.6641	-0.047619
-0.25	41.6456	-0.047619
-0.25	-104.744	-0.047619
-0.25	-145.638	-0.047619
-0.25	149.935	-0.047619
-0.25	102.779	-0.047619
-0.25	-1.30906	-0.047619
-0.25	136.963	-0.047619
-0.25	152.967	-0.047619
-0.25	131.017	-0.047619
-0.25	-62.8854	-0.047619
-0.25	19.2138	-0.047619
-0.25	123.268	-0.047619
-0.25	-63.0663	-0.047619
-0.25	-118.97	-0.047619
-0.25	-13.4855	-0.047619
-0.25	89.2917	-0.047619
-0.25	-94.4008	-0.047619
-0.25	-97.6245	-0.047619
-0.25	133.038	-0.047619
-0.25	-144.136	-0.047619
-0.25	-86.5455	-0.047619
-0.25	111.316	-0.047619
-0.25	-27.0059	-0.047619
-0.25	86.6335	-0.047619
-0.25	-40.2615	-0.047619
-0.25	-8.33575	-0.047619
-0.25	148.694	-0.047619
-0.25	-172.181	-0.047619
-0.25	-105.59	-0.047619
-0.25	-18.8677	-0.047619
-0.25	58.4143	-0.047619
-0.25	140.795	-0.047619
-0.25	-108.477	-0.047619
-0.25	96.5219	-0.047619
-0.25	-156.675	-0.047619
-0.25	-158.623	-0.047619
-0.25	32.1053	-0.047619
-0.25	47.8414	-0.047619
-0.25	-76.3956	-0.047619
-0.25	76.9001	-0.047619
-0.25	-126.005	-0.047619
-0.25	-46.9717	-0.047619
-0.25	171.218	-0.047619
-0.25	125.176	-0.047619
-0.25	-3.51787	-0.047619
-0.25	-7.76549	-0.047619
-0.25	12.2663	-0.047619
-0.25	-126.202	-0.047619
-0.25	-18.726	-0.047619
-0.25	41.538	-0.047619
-0.25	49.874	-0.047619
-0.25	-134.486	-0.047619
-0.25	153.243	-0.047619
-0.25	-58.3317	-0.047619
-0.25	21.4983	-0.047619
-0.25	155.852	-0.047619
-0.25	39.5334	-0.047619
-0.25	-86.3431	-0.047619
-0.25	144.493	-0.047619
-0.25	-18.9636	-0.047619
-0.25	-66.9705	-0.047619
-0.25	-33.4083	-0.047619
-0.25	-39.0438	-0.047619
-0.25	83.732	-0.047619
-0.25	-27.5961	-0.047619
-0.25	-173.929	-0.047619
-0.25	-85.1058	-0.047619
-0.25	44.084	-0.047619
-0.25	-148.651	-0.047619
-0.25	-154.87	-0.047619
-0.25	100.918	-0.047619
-0.25	-74.1111	-0.047619
-0.25	127.146	-0.047619
-0.25	-109.203	-0.047619
-0.25	11.3208	-0.047619
-0.25	-39.9139	-0.047619
-0.25	8.31515	-0.047619
-0.25	40.2791	-0.047619
-0.25	162.072	-0.047619
-0.25	-3.17432	-0.047619
-0.25	-178.059	-0.047619
-0.25	161.829	-0.047619
-0.25	144.619	-0.047619
-0.25	-96.9279	-0.047619
-0.25	-120.043	-0.047619
-0.25	-172.164	-0.047619
-0.25	153.474	-0.047619
-0.25	81.124	-0.047619
-0.25	141.76	-0.047619
-0.25	-11.3617	-0.047619
-0.25	-13.392	-0.047619
-0.25	-47.2427	-0.047619
-0.25	9.19421	-0.047619
-0.25	-155.255	-0.047619
-0.25	26.8707	-0.047619
-0.25	141.622	-0.047619
-0.25	179.421	-0.047619
-0.25	-31.3504	-0.047619
-0.25	160.443	-0.047619
-0.25	86.2376	-0.047619
-0.25	87.1094	-0.047619
-0.25	-54.7797	-0.047619
-0.25	171.284	-0.047619
-0.25	160.532	-0.047619
-0.25	-167.502	-0.047619
-0.25	-160.787	-0.047619
-0.25	144.349	-0.047619
-0.25	-178.109	-0.047619
-0.25	-30.6569	-0.047619
-0.25	177.818	-0.047619
-0.25	-52.6908	-0.047619
-0.25	32.6825	-0.047619
-0.25	-24.2488	-0.047619
-0.25	-60.4931	-0.047619
0.3	17.615	1
0.3	53.2628	1
0.3	-152.747	1
0.3	136.783	1
0.3	104.094	1
0.3	-114.603	1
0.3	-82.125	1
0.3	-93.7283	1
0.3	157.528	1
0.3	151.306	1
0.3	137.052	1
0.3	135.357	1
0.3	-13.5513	1
0.3	83.9246	1
0.3	-43.0171	1
0.3	96.1899	1
0.3	-13.3104	1
0.3	128.346	1
0.3	171.16	1
0.3	4.24267	1
0.3	99.6566	1
0.3	80.5705	1
0.3	-110.215	1
0.3	-150.64	1
0.3	142.983	1
0.3	32.0144	1
0.3	135.643	1
0.3	122.933	1
0.3	155.142	1
0.3	-51.1257	1
0.3	131.821	1
0.3	-76.3875	1
0.3	-99.3109	1
0.3	-63.7951	1
0.3	12.1801	1
0.3	0.141382	1
0.3	-14.1356	1
0.3	158.431	1
0.3	111.663	1
0.3	-28.4521	1
0.3	70.2455	1
0.3	-169.598	1
0.3	98.449	1
0.3	159.18	1
0.3	6.25245	1
0.3	139.115	1
0.3	6.66936	1
0.3	154.092	1
0.3	-139.565	1
0.3	67.2568	1
0.3	47.6767	1
0.3	-87.349	1
0.3	-91.7279	1
0.3	8.04744	1
0.3	143.37	1
0.3	-81.9204	1
0.3	176.642	1
0.3	114.651	1
0.3	-1.46758	1
0.3	101.947	1
0.3	-179.639	1
0.3	-80.668	1
0.3	-161.466	1
0.3	105.992	1
0.3	170.981	1
0.3	140.852	1
0.3	178.374	1
0.3	25.2007	1
0.3	126.766	1
0.3	-68.4912	1
0.3	168.632	1
0.3	88.8323	1
0.3	66.7139	1
0.3	-38.5442	1
0.3	-56.7107	1
0.3	-32.3349	1
0.3	-78.1826	1
0.3	157.007	1
0.3	153.783	1
0.3	24.8005	1
0.3	-18.2726	1
0.3	-112.411	1
0.3	111.486	1
0.3	6.64695	1
0.3	-170.945	1
0.3	25.3475	1
0.3	-89.8612	1
0.3	172.847	1
0.3	7.57408	1
0.3	93.7573	1
0.3	147.473	1
0.3	-161.038	1
0.3	98.1595	1
0.3	138.694	1
0.3	-144.674	1
0.3	139.924	1
0.3	68.9159	1
0.3	-109.655	1
0.3	112.885	1
0.3	120.464	1
0.3	-9.62846	1
0.3	39.227	1
0.3	120.101	1
0.3	-48.5984	1
0.3	161.226	1
0.3	-28.3546	1
0.3	-100.555	1
0.3	51.8605	1
0.3	119.401	1
0.3	77.691	1
0.3	32.6138	1
0.3	-72.6919	1
0.3	-103.34	1
0.3	-176.02	1
0.3	26.0595	1
0.3	53.4084	1
0.3	59.2595	1
0.3	-104.205	1
0.3	77.2012	1
0.3	55.3879	1
0.3	-141.383	1
0.3	-39.3905	1
0.3	155.054	1
0.3	-7.5539	1
0.3	85.1101	1
0.3	-116.521	1
0.3	-27.7425	1
0.3	-92.4481	1
0.3	-147.333	1
0.3	155.971	1
0.3	-140.149	1
0.3	155.844	1
0.3	-49.085	1
0.3	114.894	1
0.3	-138.966	1
0.3	-157.13	1
0.3	58.7403	1
0.3	153.111	1
0.3	163.933	1
0.3	0.700671	1
0.3	-113.044	1
0.3	-63.8529	-0.0666667
0.3	-72.5604	-0.0666667
0.3	-13.8081	-0.0666667
0.3	51.1806	-0.0666667
0.3	-18.8182	-0.0666667
0.3	-155.413	-0.0666667
0.3	-116.216	-0.0666667
0.3	35.6596	-0.0666667
0.3	119.79	-0.0666667
0.3	-162.527	-0.0666667
0.3	-11.2302	-0.0666667
0.3	146.405	-0.0666667
0.3	-48.0201	-0.0666667
0.3	9.70923	-0.0666667
0.3	-147.931	-0.0666667
0.3	-141.18	-0.0666667
0.3	56.786	-0.0666667
0.3	32.4658	-0.0666667
0.3	-141.046	-0.0666667
0.3	-95.8434	-0.0666667
0.3	-64.1329	-0.0666667
0.3	-89.5413	-0.0666667
0.3	-12.0107	-0.0666667
0.3	-63.6913	-0.0666667
0.3	-129.763	-0.0666667
0.3	23.1262	-0.0666667
0.3	-151.484	-0.0666667
0.3	151.586	-0.0666667
0.3	19.412	-0.0666667
0.3	-114.604	-0.0666667
0.3	88.3798	-0.0666667
0.3	-17.0626	-0.0666667
0.3	29.5306	-0.0666667
0.3	67.2837	-0.0666667
0.3	-60.1705	-0.0666667
0.3	-128.157	-0.0666667
0.3	-130.663	-0.0666667
0.3	165.926	-0.0666667
0.3	140.388	-0.0666667
0.3	39.9669	-0.0666667
0.3	56.7673	-0.0666667
0.3	-29.6204	-0.0666667
0.3	156.946	-0.0666667
0.3	-96.5877	-0.0666667
0.3	-114.751	-0.0666667
0.3	159.602	-0.0666667
0.3	-88.1098	-0.0666667
0.3	-136.083	-0.0666667
0.3	-48.3914	-0.0666667
0.3	-49.6428	-0.0666667
0.3	-40.5397	-0.0666667
0.3	103.097	-0.0666667
0.3	142.328	-0.0666667
0.3	50.246	-0.0666667
0.3	-150.697	-0.0666667
0.3	-85.4239	-0.0666667
0.3	-87.3789	-0.0666667
0.3	-64.0984	-0.0666667
0.3	0.233909	-0.0666667
0.3	171.73	-0.0666667
0.3	42.5011	-0.0666667
0.3	97.8635	-0.0666667
0.3	-174.794	-0.0666667
0.3	-53.2724	-0.0666667
0.3	174.942	-0.0666667
0.3	17.1284	-0.0666667
0.3	55.9031	-0.0666667
0.3	65.1059	-0.0666667
0.3	124.821	-0.0666667
0.3	-102.696	-0.0666667
0.3	65.0898	-0.0666667
0.3	-131.379	-0.0666667
0.3	122.415	-0.0666667
0.3	173.448	-0.0666667
0.3	-176.449	-0.0666667
0.3	-97.6165	-0.0666667
0.3	67.0231	-0.0666667
0.3	29.2461	-0.0666667
0.3	3.53375	-0.0666667
0.3	97.7975	-0.0666667
0.3	-30.9393	-0.0666667
0.3	-29.6173	-0.0666667
0.3	-91.8802	-0.0666667
0.3	-48.8228	-0.0666667
0.3	157.131	-0.0666667
0.3	109.631	-0.0666667
0.3	61.6221	-0.0666667
0.3	50.9744	-0.0666667
0.3	5.34048	-0.0666667
0.3	-172.167	-0.0666667
0.3	97.5223	-0.0666667
0.3	-154.666	-0.0666667
0.3	140.745	-0.0666667
0.3	-90.6866	-0.0666667
0.3	-155.239	-0.0666667
0.3	-108.533	-0.0666667
0.3	-84.5184	-0.0666667
0.3	-163.741	-0.0666667
0.3	-123.519	-0.0666667
0.3	-133.263	-0.0666667
0.3	142.352	-0.0666667
0.3	-60.5407	-0.0666667
0.3	170.884	-0.0666667
0.3	-13.6296	-0.0666667
0.3	169.102	-0.0666667
0.3	-74.4242	-0.0666667
-0.25	6.12775	1
-0.25	51.5458	1
-0.25	-113.425	1
-0.25	161.694	1
-0.25	18.8478	1
-0.25	17.082	1
-0.25	-16.8733	1
-0.25	98.9932	1
-0.25	-15.9069	1
-0.25	-168.622	1
-0.25	47.2316	1
-0.25	-22.7352	1
-0.25	-103.931	1
-0.25	24.1012	1
-0.25	100.727	1
-0.25	-34.612	1
-0.25	-101.274	1
-0.25	-123.239	1
-0.25	68.1756	1
-0.25	-127.487	1
-0.25	-75.8737	1
-0.25	-159.39	1
-0.25	-112.712	1
-0.25	55.871	1
-0.25	66.8098	1
-0.25	149.325	1
-0.25	-173.956	1
-0.25	-138.94	1
-0.25	123.738	1
-0.25	59.1456	1
-0.25	34.6948	1
-0.25	59.4804	1
-0.25	-108.25	1
-0.25	-172.556	1
-0.25	55.106	1
-0.25	57.8986	1
-0.25	90.6181	1
-0.25	47.589	1
-0.25	-16.8899	1
-0.25	51.704	1
-0.25	-64.3201	1
-0.25	-90.8942	1
-0.25	152.479	1
-0.25	58.4729	1
-0.25	18.0264	1
-0.25	154.937	1
-0.25	48.303	1
-0.25	96.9623	1
-0.25	24.9719	1
-0.25	-124.74	1
-0.25	-17.1284	1
-0.25	-157.888	1
-0.25	-11.091	1
-0.25	-37.8917	1
-0.25	-79.6761	1
-0.25	-4.29497	1
-0.25	-175.119	1
-0.25	-112.918	1
-0.25	65.7789	1
-0.25	47.4683	1
-0.25	-114.37	1
-0.25	-48.6508	1
-0.25	-84.4486	1
-0.25	-27.3767	1
-0.25	26.6062	1
-0.25	53.402	1
-0.25	-121.914	1
-0.25	-81.2307	1
-0.25	-88.8269	1
-0.25	-68.5551	1
-0.25	158.037	1
-0.25	73.1312	1
-0.25	-153.941	1
-0.25	-45.2344	1
-0.25	-117.54	1
-0.25	155.253	1
-0.25	14.2264	1
-0.25	-47.8265	1
-0.25	134.427	1
-0.25	118.102	1
-0.25	47.1466	1
-0.25	-112.035	1
-0.25	146.142	1
-0.25	-175.339	1
-0.25	81.4932	1
-0.25	16.2894	1
-0.25	17.1973	1
-0.25	88.8571	1
-0.25	-91.3308	1
-0.25	-130.634	1
-0.25	42.462	1
-0.25	7.8856	1
-0.25	-155.833	1
-0.25	120.352	1
-0.25	-33.8936	1
-0.25	117.297	1
-0.25	-58.6221	1
-0.25	140.577	1
-0.25	-151.865	1
-0.25	-105.558	1
-0.25	10.643	1
-0.25	-91.0226	1
-0.25	85.3386	1
-0.25	-57.2642	1
-0.25	-54.7704	1
-0.25	168.994	1
-0.25	-103.327	1
-0.25	117.118	1
-0.25	-92.518	1
-0.25	62.68	1
-0.25	11.8885	1
-0.25	-99.5749	1
-0.25	104.353	1
-0.25	-8.53273	1
-0.25	-9.26672	1
-0.25	-126.214	-0.0666667
-0.25	-106.65	-0.0666667
-0.25	-7.72759	-0.0666667
-0.25	-108.882	-0.0666667
-0.25	-45.9244	-0.0666667
-0.25	-87.9376	-0.0666667
-0.25	54.9868	-0.0666667
-0.25	-148.335	-0.0666667
-0.25	53.1066	-0.0666667
-0.25	2.92339	-0.0666667
-0.25	-73.6042	-0.0666667
-0.25	65.025	-0.0666667
-0.25	-13.1725	-0.0666667
-0.25	62.2743	-0.0666667
-0.25	-105.201	-0.0666667
-0.25	58.7054	-0.0666667
-0.25	147.83	-0.0666667
-0.25	-175.367	-0.0666667
-0.25	-115.546	-0.0666667
-0.25	121.545	-0.0666667
-0.25	163.629	-0.0666667
-0.25	41.816	-0.0666667
-0.25	-76.5819	-0.0666667
-0.25	-57.8576	-0.0666667
-0.25	149.269	-0.0666667
-0.25	39.6776	-0.0666667
-0.25	-41.9609	-0.0666667
-0.25	-168.332	-0.0666667
-0.25	38.6446	-0.0666667
-0.25	50.0533	-0.0666667
-0.25	34.2771	-0.0666667
-0.25	-83.4546	-0.0666667
-0.25	136.212	-0.0666667
-0.25	36.58	-0.0666667
-0.25	-57.3231	-0.0666667
-0.25	92.5902	-0.0666667
-0.25	-134.119	-0.0666667
-0.25	116.494	-0.0666667
-0.25	-163.534	-0.0666667
-0.25	10.1449	-0.0666667
-0.25	-117.491	-0.0666667
-0.25	-166.561	-0.0666667
-0.25	174.34	-0.0666667
-0.25	-97.1358	-0.0666667
-0.25	-58.6086	-0.0666667
-0.25	124.527	-0.0666667
-0.25	-92.5425	-0.0666667
-0.25	131.712	-0.0666667
-0.25	-55.9575	-0.0666667
-0.25	-63.0827	-0.0666667
-0.25	-100.515	-0.0666667
-0.25	-29.2101	-0.0666667
-0.25	-93.7267	-0.0666667
-0.25	-148.384	-0.0666667
-0.25	20.6541	-0.0666667
-0.25	44.4762	-0.0666667
-0.25	48.0417	-0.0666667
-0.25	-28.3773	-0.0666667
-0.25	115.818	-0.0666667
-0.25	-45.4747	-0.0666667
-0.25	-21.2049	-0.0666667
-0.25	-33.9993	-0.0666667
-0.25	-58.1249	-0.0666667
-0.25	110.053	-0.0666667
-0.25	-151.198	-0.0666667
-0.25	-145.555	-0.0666667
-0.25	-155.334	-0.0666667
-0.25	132.073	-0.0666667
-0.25	97.7563	-0.0666667
-0.25	-46.0225	-0.0666667
-0.25	82.3415	-0.0666667
-0.25	-61.1418	-0.0666667
-0.25	-79.8568	-0.0666667
-0.25	178.516	-0.0666667
-0.25	71.1274	-0.0666667
-0.25	121.586	-0.0666667
-0.25	72.8818	-0.0666667
-0.25	165.042	-0.0666667
-0.25	28.2737	-0.0666667
-0.25	-156.47	-0.0666667
-0.25	-16.0381	-0.0666667
-0.25	157.416	-0.0666667
-0.25	-88.9787	-0.0666667
-0.25	-132.184	-0.0666667
-0.25	162.488	-0.0666667
-0.25	28.5821	-0.0666667
-0.25	-24.4654	-0.0666667
0.3	56.8806	1
0.3	43.6716	1
0.3	-94.6668	1
0.3	-12.7169	1
0.3	-47.6022	1
0.3	-18.7671	1
0.3	-31.6862	1
0.3	120.965	1
0.3	46.646	1
0.3	-178.783	1
0.3	-64.8962	1
0.3	-71.184	1
0.3	99.5726	1
0.3	-150.226	1
0.3	66.4282	1
0.3	36.7593	1
0.3	134.107	1
0.3	-58.7691	1
0.3	83.2148	1
0.3	40.2873	1
0.3	127.245	1
0.3	-85.1907	1
0.3	111.603	1
0.3	-143.24	1
0.3	71.5452	1
0.3	-137.094	1
0.3	-2.32963	1
0.3	-59.9822	1
0.3	-79.425	1
0.3	-101.987	1
0.3	14.2328	1
0.3	54.1057	1
0.3	-100.853	1
0.3	-49.7128	1
0.3	152.025	1
0.3	-87.6491	1
0.3	167.971	1
0.3	160.316	1
0.3	74.3484	1
0.3	18.3849	1
0.3	-176.505	1
0.3	-128.931	1
0.3	-60.2247	1
0.3	-175.321	1
0.3	-66.3249	1
0.3	-63.4287	1
0.3	-50.2741	1
0.3	-18.367	1
0.3	-12.4797	1
0.3	-103.188	1
0.3	166.368	1
0.3	42.4006	1
0.3	159.047	1
0.3	136.636	1
0.3	-72.3774	1
0.3	-0.787411	1
0.3	-83.5718	1
0.3	-146.389	1
0.3	178.833	1
0.3	22.7088	1
0.3	123.388	1
0.3	127.456	1
0.3	36.7307	1
0.3	72.1486	1
0.3	49.6761	1
0.3	68.8157	1
0.3	119.624	1
0.3	-79.2552	1
0.3	-171.663	1
0.3	-53.904	1
0.3	-120.073	1
0.3	138.099	1
0.3	-158.786	1
0.3	-37.3837	1
0.3	118.132	1
0.3	-57.3968	1
0.3	-59.6805	1
0.3	67.848	1
0.3	107.794	1
0.3	-38.7934	1
0.3	84.0577	1
0.3	119.602	1
0.3	-174.117	1
0.3	-6.32807	1
0.3	117.501	1
0.3	80.0644	1
0.3	11.6729	1
0.3	126.351	1
0.3	-12.7721	1
0.3	-119.52	1
0.3	152.424	1
0.3	-10.2231	1
0.3	140.275	1
0.3	-118.51	1
0.3	-64.6085	1
0.3	49.9042	1
0.3	-126.717	1
0.3	-4.46255	1
0.3	24.6396	1
0.3	114.457	1
0.3	151.212	1
0.3	-170.713	1
0.3	-91.3129	1
0.3	33.6552	1
0.3	-85.3128	1
0.3	-49.2655	1
0.3	-135.302	1
0.3	-31.3697	1
0.3	-99.5928	1
0.3	113.141	1
0.3	-108.949	1
0.3	-132.458	1
0.3	-122.987	1
0.3	-48.083	1
0.3	73.555	1
0.3	-65.5426	1
0.3	36.0581	1
0.3	-56.3766	1
0.3	0.120736	1
0.3	-62.4881	1
0.3	-56.6077	1
0.3	-20.0103	1
0.3	-82.7142	1
0.3	116.162	1
0.3	-34.9243	1
0.3	-146.906	1
0.3	-57.5965	1
0.3	-96.8129	1
0.3	-59.8749	1
0.3	-27.0959	1
0.3	-67.4572	1
0.3	90.7672	1
0.3	86.5298	1
0.3	-53.4774	1
0.3	81.2302	1
0.3	96.9534	1
0.3	105.874	1
0.3	-34.7272	1
0.3	-43.6823	1
0.3	-89.9008	1
0.3	-157.082	1
0.3	34.2784	-0.0285714
0.3	53.2227	-0.0285714
0.3	106.488	-0.0285714
0.3	-119.558	-0.0285714
0.3	-81.0853	-0.0285714
0.3	84.2128	-0.0285714
0.3	-41.5273	-0.0285714
0.3	-60.1157	-0.0285714
0.3	-25.6445	-0.0285714
0.3	-120.778	-0.0285714
0.3	-67.4877	-0.0285714
0.3	-132.935	-0.0285714
0.3	-66.629	-0.0285714
0.3	143.573	-0.0285714
0.3	14.4855	-0.0285714
0.3	-104.617	-0.0285714
0.3	101.914	-0.0285714
0.3	69.7553	-0.0285714
0.3	-5.22193	-0.0285714
0.3	75.6298	-0.0285714
0.3	159.679	-0.0285714
0.3	-75.5627	-0.0285714
0.3	-129.086	-0.0285714
0.3	137.137	-0.0285714
0.3	-108.484	-0.0285714
0.3	-14.5734	-0.0285714
0.3	77.3514	-0.0285714
0.3	-61.7357	-0.0285714
0.3	121.479	-0.0285714
0.3	78.967	-0.0285714
0.3	131.863	-0.0285714
0.3	64.6924	-0.0285714
0.3	19.7431	-0.0285714
0.3	67.8572	-0.0285714
0.3	-126.58	-0.0285714
0.3	86.5438	-0.0285714
0.3	-176.704	-0.0285714
0.3	-107.571	-0.0285714
0.3	44.7698	-0.0285714
0.3	164.384	-0.0285714
0.3	75.211	-0.0285714
0.3	78.351	-0.0285714
0.3	-163.997	-0.0285714
0.3	-155.87	-0.0285714
0.3	-115.111	-0.0285714
0.3	-106.21	-0.0285714
0.3	88.0439	-0.0285714
0.3	-76.5837	-0.0285714
0.3	73.4623	-0.0285714
0.3	-75.3058	-0.0285714
0.3	112.659	-0.0285714
0.3	30.8576	-0.0285714
0.3	65.5622	-0.0285714
0.3	35.9801	-0.0285714
0.3	56.9449	-0.0285714
0.3	24.2613	-0.0285714
0.3	-39.2226	-0.0285714
0.3	154.265	-0.0285714
0.3	-45.0343	-0.0285714
0.3	-171.608	-0.0285714
0.3	-132.247	-0.0285714
0.3	166.248	-0.0285714
0.3	20.8766	-0.0285714
0.3	79.4155	-0.0285714
0.3	-138.652	-0.0285714
0.3	-36.0378	-0.0285714
0.3	6.74478	-0.0285714
0.3	67.8289	-0.0285714
0.3	40.446	-0.0285714
0.3	16.0235	-0.0285714
0.3	86.2066	-0.0285714
0.3	93.8354	-0.0285714
0.3	-85.6198	-0.0285714
0.3	-174.937	-0.0285714
0.3	-170.595	-0.0285714
0.3	-34.6006	-0.0285714
0.3	135.693	-0.0285714
0.3	0.243333	-0.0285714
0.3	53.3184	-0.0285714
0.3	-150.202	-0.0285714
0.3	-156.687	-0.0285714
0.3	-118.906	-0.0285714
0.3	-4.49214	-0.0285714
0.3	22.6084	-0.0285714
0.3	-48.9588	-0.0285714
0.3	5.82531	-0.0285714
0.3	-151.511	-0.0285714
0.3	125.271	-0.0285714
0.3	-167.786	-0.0285714
0.3	-90.1217	-0.0285714
0.3	129.515	-0.0285714
0.3	-15.0494	-0.0285714
0.3	-174.86	-0.0285714
0.3	-89.9314	-0.0285714
0.3	0.732278	-0.0285714
0.3	19.9764	-0.0285714
0.3	-87.4375	-0.0285714
0.3	-24.5133	-0.0285714
0.3	26.3074	-0.0285714
0.3	-75.9579	-0.0285714
0.3	110.161	-0.0285714
0.3	27.9854	-0.0285714
0.3	19.1903	-0.0285714
0.3	122.01	-0.0285714
0.3	16.8268	-0.0285714
0.3	141.29	-0.0285714
0.3	27.7702	-0.0285714
0.3	-43.2843	-0.0285714
0.3	141.383	-0.0285714
0.3	108.663	-0.0285714
0.3	-115.503	-0.0285714
0.3	40.2824	-0.0285714
0.3	44.3823	-0.0285714
0.3	31.3413	-0.0285714
0.3	-129.64	-0.0285714
0.3	112.676	-0.0285714
0.3	133.136	-0.0285714
0.3	-131.63	-0.0285714
0.3	135.723	-0.0285714
0.3	84.8961	-0.0285714
0.3	91.6061	-0.0285714
0.3	137.543	-0.0285714
0.3	136.458	-0.0285714
0.3	11.5195	-0.0285714
0.3	4.14686	-0.0285714
0.3	61.2759	-0.0285714
0.3	8.66112	-0.0285714
0.3	-95.9599	-0.0285714
0.3	12.5394	-0.0285714
0.3	32.2083	-0.0285714
0.3	59.2573	-0.0285714
0.3	85.2205	-0.0285714
0.3	-16.1814	-0.0285714
0.3	157.133	-0.0285714
0.3	-147.094	-0.0285714
0.3	-20.9199	-0.0285714
0.3	-1.82196	-0.0285714
0.3	5.87134	-0.0285714
0.3	34.1779	-0.0285714
0.3	-51.3095	-0.0285714
0.3	-141.731	-0.0285714
0.3	-155.885	-0.0285714
0.3	159.688	-0.0285714
0.3	73.2446	-0.0285714
0.3	-134.77	-0.0285714
0.3	-0.168918	-0.0285714
0.3	71.9358	-0.0285714
0.3	-52.3643	-0.0285714
0.3	-24.8505	-0.0285714
0.3	-150.301	-0.0285714
0.3	-25.2408	-0.0285714
0.3	-121.858	-0.0285714
0.3	-57.9752	-0.0285714
0.3	67.561	-0.0285714
0.3	-79.9187	-0.0285714
0.3	-83.9792	-0.0285714
0.3	-9.17056	-0.0285714
0.3	-174.978	-0.0285714
0.3	-151.478	-0.0285714
0.3	31.858	-0.0285714
0.3	35.4806	-0.0285714
0.3	-121.859	-0.0285714
0.3	-154.299	-0.0285714
0.3	-74.7014	-0.0285714
0.3	5.50301	-0.0285714
0.3	0.574867	-0.0285714
0.3	-136.517	-0.0285714
0.3	-49.0787	-0.0285714
0.3	60.7984	-0.0285714
0.3	-153.228	-0.0285714
0.3	-81.0333	-0.0285714
0.3	104.108	-0.0285714
0.3	75.2604	-0.0285714
0.3	-118.235	-0.0285714
0.3	-19.6741	-0.0285714
0.3	45.8719	-0.0285714
0.3	167.28	-0.0285714
0.3	140.91	-0.0285714
0.3	0.0328477	-0.0285714
0.3	-157.022	-0.0285714
0.3	72.9778	-0.0285714
0.3	40.1945	-0.0285714
0.3	-41.2829	-0.0285714
0.3	101.996	-0.0285714
0.3	57.1354	-0.0285714
0.3	-127.076	-0.0285714
0.3	-52.5957	-0.0285714
0.3	24.5891	-0.0285714
0.3	172.607	-0.0285714
0.3	22.2469	-0.0285714
0.3	-59.3121	-0.0285714
0.3	62.1071	-0.0285714
0.3	77.7816	-0.0285714
0.3	173.249	-0.0285714
0.3	-69.0204	-0.0285714
0.3	-159.173	-0.0285714
0.3	80.6486	-0.0285714
0.3	-144.829	-0.0285714
0.3	130.218	-0.0285714
0.3	-88.2084	-0.0285714
0.3	120.129	-0.0285714
0.3	-91.2204	-0.0285714
0.3	-84.7105	-0.0285714
0.3	79.3311	-0.0285714
0.3	116.635	-0.0285714
0.3	-67.3996	-0.0285714
0.3	10.788	-0.0285714
0.3	42.3306	-0.0285714
0.3	42.2375	-0.0285714
0.3	106.96	-0.0285714
0.3	-140.482	-0.0285714
0.3	57.1285	-0.0285714
0.3	-108.001	-0.0285714
0.3	43.9411	-0.0285714
0.3	1.59542	-0.0285714
0.3	101.509	-0.0285714
0.3	-113.101	-0.0285714
0.3	167.303	-0.0285714
0.3	97.6745	-0.0285714
0.3	-27.0494	-0.0285714
0.3	-58.7395	-0.0285714
0.3	-117.127	-0.0285714
0.3	35.3745	-0.0285714
0.3	-158.744	-0.0285714
0.3	16.1317	-0.0285714
0.3	69.0853	-0.0285714
0.3	48.5178	-0.0285714
0.3	162.648	-0.0285714
0.3	102.17	-0.0285714
0.3	-26.3837	-0.0285714
0.3	-132.146	-0.0285714
0.3	90.1633	-0.0285714
0.3	29.1398	-0.0285714
0.3	18.8175	-0.0285714
0.3	105.865	-0.0285714
0.3	-2.01046	-0.0285714
0.3	164.421	-0.0285714
0.3	56.1267	-0.0285714
0.3	-87.5066	-0.0285714
0.3	52.5317	-0.0285714
0.3	25.8176	-0.0285714
0.3	136.721	-0.0285714
0.3	33.5372	-0.0285714
0.3	143.289	-0.0285714
0.3	4.79243	-0.0285714
0.3	42.5857	-0.0285714
0.3	-172.391	-0.0285714
0.3	-60.4438	-0.0285714
-0.25	-125.697	1
-0.25	119.11	1
-0.25	-155.516	1
-0.25	-150.917	1
-0.25	-157.508	1
-0.25	-19.7598	1
-0.25	120.761	1
-0.25	-38.2797	1
-0.25	141.183	1
-0.25	82.4796	1
-0.25	-140.714	1
-0.25	157.353	1
-0.25	17.389	1
-0.25	-52.1305	1
-0.25	-168.34	1
-0.25	-5.22878	1
-0.25	87.2087	1
-0.25	19.9282	1
-0.25	-122.891	1
-0.25	86.436	1
-0.25	31.4142	1
-0.25	9.58099	1
-0.25	165.447	1
-0.25	21.1452	1
-0.25	-85.2314	1
-0.25	24.4593	1
-0.25	-94.3715	1
-0.25	157	1
-0.25	66.4317	1
-0.25	43.3184	1
-0.25	110.388	1
-0.25	16.1788	1
-0.25	19.7353	1
-0.25	-69.256	1
-0.25	-18.4264	1
-0.25	32.2904	1
-0.25	74.6394	1
-0.25	-105.607	1
-0.25	35.1604	1
-0.25	-33.073	1
-0.25	148.223	1
-0.25	37.0961	1
-0.25	27.1518	1
-0.25	-16.8136	1
-0.25	-27.4719	1
-0.25	-51.367	1
-0.25	146	1
-0.25	-96.0555	1
-0.25	123.437	1
-0.25	-144.478	1
-0.25	-144.682	1
-0.25	104.931	1
-0.25	-119.653	1
-0.25	-142.066	1
-0.25	71.1667	1
-0.25	-171.482	1
-0.25	105.242	1
-0.25	179.404	1
-0.25	81.4011	1
-0.25	58.1086	1
-0.25	162.987	1
-0.25	36.591	1
-0.25	106.453	1
-0.25	137.572	1
-0.25	-66.6209	1
-0.25	-62.0012	1
-0.25	10.6708	1
-0.25	-9.0892	1
-0.25	135.389	1
-0.25	164.224	1
-0.25	-66.5562	1
-0.25	-179.261	1
-0.25	-140.111	1
-0.25	36.9796	1
-0.25	37.4377	1
-0.25	-17.1791	1
-0.25	18.3972	1
-0.25	-76.3136	1
-0.25	-1.94107	1
-0.25	68.8595	1
-0.25	-134.948	1
-0.25	-11.7367	1
-0.25	163.798	1
-0.25	23.5711	1
-0.25	-118.938	1
-0.25	-113.173	1
-0.25	70.2408	1
-0.25	55.7719	1
-0.25	-29.3625	1
-0.25	-8.11729	1
-0.25	32.1061	1
-0.25	-100.506	1
-0.25	44.2038	1
-0.25	28.2013	1
-0.25	151.973	1
-0.25	-160.744	1
-0.25	11.8674	1
-0.25	178.111	1
-0.25	-5.21854	1
-0.25	-161.115	1
-0.25	-137.863	1
-0.25	60.6497	1
-0.25	-165.536	1
-0.25	103.309	1
-0.25	-118.903	1
-0.25	107.198	1
-0.25	-5.29922	1
-0.25	34.107	1
-0.25	7.19782	1
-0.25	-84.188	1
-0.25	-50.3812	1
-0.25	-159.036	1
-0.25	79.1221	1
-0.25	174.367	1
-0.25	-36.8043	1
-0.25	-156.573	-0.0285714
-0.25	-60.5695	-0.0285714
-0.25	96.4786	-0.0285714
-0.25	57.4666	-0.0285714
-0.25	77.4773	-0.0285714
-0.25	-79.4472	-0.0285714
-0.25	-60.3476	-0.0285714
-0.25	135.623	-0.0285714
-0.25	117.421	-0.0285714
-0.25	-35.2832	-0.0285714
-0.25	63.0938	-0.0285714
-0.25	64.5948	-0.0285714
-0.25	29.9054	-0.0285714
-0.25	-42.2513	-0.0285714
-0.25	-42.7021	-0.0285714
-0.25	-14.2911	-0.0285714
-0.25	79.1595	-0.0285714
-0.25	12.8614	-0.0285714
-0.25	107.148	-0.0285714
-0.25	94.033	-0.0285714
-0.25	-3.26899	-0.0285714
-0.25	18.7384	-0.0285714
-0.25	-15.4417	-0.0285714
-0.25	150.303	-0.0285714
-0.25	-148.303	-0.0285714
-0.25	-26.3044	-0.0285714
-0.25	-46.1154	-0.0285714
-0.25	31.5709	-0.0285714
-0.25	-6.43878	-0.0285714
-0.25	124.483	-0.0285714
-0.25	-86.6668	-0.0285714
-0.25	149.498	-0.0285714
-0.25	-65.8758	-0.0285714
-0.25	-42.8453	-0.0285714
-0.25	-41.7101	-0.0285714
-0.25	-157.141	-0.0285714
-0.25	-151.212	-0.0285714
-0.25	25.7553	-0.0285714
-0.25	-103.367	-0.0285714
-0.25	-167.429	-0.0285714
-0.25	111.581	-0.0285714
-0.25	-42.4782	-0.0285714
-0.25	104.215	-0.0285714
-0.25	52.8118	-0.0285714
-0.25	-51.1833	-0.0285714
-0.25	29.5418	-0.0285714
-0.25	149.065	-0.0285714
-0.25	89.4079	-0.0285714
-0.25	17.9921	-0.0285714
-0.25	166.768	-0.0285714
-0.25	-111.257	-0.0285714
-0.25	123.563	-0.0285714
-0.25	-48.8325	-0.0285714
-0.25	-92.4558	-0.0285714
-0.25	89.3041	-0.0285714
-0.25	-121.911	-0.0285714
-0.25	-60.6555	-0.0285714
-0.25	-21.9222	-0.0285714
-0.25	164.665	-0.0285714
-0.25	7.88102	-0.0285714
-0.25	-148.877	-0.0285714
-0.25	-145.539	-0.0285714
-0.25	-68.8689	-0.0285714
-0.25	170.233	-0.0285714
-0.25	-16.4882	-0.0285714
-0.25	-157.315	-0.0285714
-0.25	88.272	-0.0285714
-0.25	-37.1838	-0.0285714
-0.25	-173.407	-0.0285714
-0.25	38.8478	-0.0285714
-0.25	-119.424	-0.0285714
-0.25	87.548	-0.0285714
-0.25	-178.325	-0.0285714
-0.25	-162.163	-0.0285714
-0.25	177.816	-0.0285714
-0.25	-55.7559	-0.0285714
-0.25	67.9816	-0.0285714
-0.25	-72.2621	-0.0285714
-0.25	-16.1067	-0.0285714
-0.25	131.154	-0.0285714
-0.25	-54.6775	-0.0285714
-0.25	149.745	-0.0285714
-0.25	-99.1757	-0.0285714
-0.25	24.5637	-0.0285714
-0.25	-57.8684	-0.0285714
-0.25	63.9625	-0.0285714
-0.25	-1.09808	-0.0285714
-0.25	175.944	-0.0285714
-0.25	12.6368	-0.0285714
-0.25	-133.409	-0.0285714
-0.25	98.5928	-0.0285714
-0.25	38.469	-0.0285714
-0.25	-76.4048	-0.0285714
-0.25	-119.875	-0.0285714
-0.25	-170.862	-0.0285714
-0.25	133.036	-0.0285714
-0.25	164.593	-0.0285714
-0.25	23.8526	-0.0285714
-0.25	153.203	-0.0285714
-0.25	21.1173	-0.0285714
-0.25	-31.8769	-0.0285714
-0.25	-20.8089	-0.0285714
-0.25	85.5813	-0.0285714
-0.25	76.9098	-0.0285714
-0.25	-140.119	-0.0285714
-0.25	32.39	-0.0285714
-0.25	-1.71139	-0.0285714
-0.25	-114.89	-0.0285714
-0.25	-174.337	-0.0285714
-0.25	127.548	-0.0285714
-0.25	138.855	-0.0285714
-0.25	-89.0075	-0.0285714
-0.25	-100.859	-0.0285714
-0.25	-75.429	-0.0285714
-0.25	142.28	-0.0285714
-0.25	-64.2611	-0.0285714
-0.25	177.819	-0.0285714
-0.25	-138.899	-0.0285714
-0.25	-81.4013	-0.0285714
-0.25	-82.7905	-0.0285714
-0.25	-157.021	-0.0285714
-0.25	-116.409	-0.0285714
-0.25	-25.0955	-0.0285714
-0.25	104.765	-0.0285714
-0.25	-132.623	-0.0285714
-0.25	-29.7604	-0.0285714
-0.25	-80.2104	-0.0285714
-0.25	161.675	-0.0285714
-0.25	12.8886	-0.0285714
-0.25	-38.6316	-0.0285714
-0.25	-11.4639	-0.0285714
-0.25	-18.9923	-0.0285714
-0.25	-36.2433	-0.0285714
-0.25	0.357756	-0.0285714
-0.25	-21.6167	-0.0285714
-0.25	-176.191	-0.0285714
-0.25	156.464	-0.0285714
-0.25	-0.875581	-0.0285714
-0.25	93.8079	-0.0285714
-0.25	-117.167	-0.0285714
-0.25	-112.685	-0.0285714
-0.25	-130.553	-0.0285714
-0.25	155.505	-0.0285714
-0.25	139.107	-0.0285714
-0.25	-40.8489	-0.0285714
-0.25	-38.8822	-0.0285714
-0.25	-69.401	-0.0285714
-0.25	66.2805	-0.0285714
-0.25	-90.6268	-0.0285714
-0.25	-66.6922	-0.0285714
-0.25	-35.201	-0.0285714
-0.25	-177.69	-0.0285714
-0.25	-72.1278	-0.0285714
-0.25	178.989	-0.0285714
-0.25	156.905	-0.0285714
-0.25	-33.5528	-0.0285714
-0.25	47.5861	-0.0285714
-0.25	30.4187	-0.0285714
-0.25	-24.0813	-0.0285714
-0.25	170.52	-0.0285714
-0.25	66.4977	-0.0285714
-0.25	-100.657	-0.0285714
-0.25	-72.2584	-0.0285714
-0.25	86.4003	-0.0285714
-0.25	-36.9855	-0.0285714
-0.25	73.6453	-0.0285714
-0.25	104.442	-0.0285714
-0.25	177.487	-0.0285714
-0.25	-163.78	-0.0285714
-0.25	-6.05691	-0.0285714
-0.25	-53.7725	-0.0285714
-0.25	107.997	-0.0285714
-0.25	-154.502	-0.0285714
-0.25	-117.58	-0.0285714
-0.25	134.694	-0.0285714
-0.25	-0.633886	-0.0285714
-0.25	-111.803	-0.0285714
-0.25	50.6112	-0.0285714
-0.25	-134.638	-0.0285714
-0.25	-137.365	-0.0285714
-0.25	-174.118	-0.0285714
-0.25	28.8272	-0.0285714
-0.25	-5.18881	-0.0285714
-0.25	-19.14	-0.0285714
-0.25	19.0503	-0.0285714
-0.25	43.3043	-0.0285714
-0.25	-47.8035	-0.0285714
-0.25	-124.115	-0.0285714
-0.25	147.935	-0.0285714
-0.25	-69.2947	-0.0285714
-0.25	13.395	-0.0285714
-0.25	-136.098	-0.0285714
-0.25	104.695	-0.0285714
-0.25	106.086	-0.0285714
-0.25	-28.7185	-0.0285714
-0.25	173.936	-0.0285714
-0.25	-82.5801	-0.0285714
-0.25	-125.729	-0.0285714
-0.25	-106.876	-0.0285714
-0.25	62.2818	-0.0285714
-0.25	160.726	-0.0285714
-0.25	67.3807	-0.0285714
-0.25	-165.043	-0.0285714
-0.25	157.922	-0.0285714
0.3	113.633	1
0.3	-95.9629	1
0.3	174.903	1
0.3	-117.756	1
0.3	78.4866	1
0.3	-127.6	1
0.3	143.041	1
0.3	-40.7215	1
0.3	-64.7462	1
0.3	156.431	1
0.3	129.6	1
0.3	-68.9165	1
0.3	-58.4033	1
0.3	163.155	1
0.3	-125.5	1
0.3	-114.964	1
0.3	60.3231	1
0.3	41.444	1
0.3	62.1446	1
0.3	170.523	1
0.3	146.003	1
0.3	-30.7208	1
0.3	-30.2743	1
0.3	-159.209	1
0.3	-105.696	1
0.3	153.139	1
0.3	158.435	1
0.3	-165.766	1
0.3	142.269	1
0.3	21.1216	1
0.3	-90.8839	1
0.3	130.634	1
0.3	107.443	1
0.3	121.819	1
0.3	100.788	1
0.3	-27.7066	1
0.3	-148.277	1
0.3	138.508	1
0.3	-172.968	1
0.3	-78.0252	1
0.3	-15.3711	1
0.3	25.1244	1
0.3	9.12944	1
0.3	-27.3485	1
0.3	-21.0197	1
0.3	101.602	1
0.3	-69.759	1
0.3	174.056	1
0.3	-39.3683	1
0.3	-162.304	1
0.3	72.68	1
0.3	-83.3375	1
0.3	130.194	1
0.3	-74.5418	1
0.3	172.488	1
0.3	23.6038	1
0.3	-12.0311	1
0.3	-161.257	1
0.3	116.113	1
0.3	-40.7167	1
0.3	109.28	1
0.3	-9.43317	1
0.3	-91.5221	1
0.3	170.815	1
0.3	-134.939	1
0.3	-88.0867	1
0.3	-19.9454	1
0.3	60.2158	1
0.3	174.169	1
0.3	123.113	1
0.3	-110.995	1
0.3	96.0663	1
0.3	116.101	1
0.3	114.103	1
0.3	-55.487	1
0.3	-33.6104	1
0.3	-91.7286	1
0.3	178.973	1
0.3	-138.122	1
0.3	51.6236	1
0.3	-92.6677	1
0.3	-65.9238	1
0.3	74.3772	1
0.3	-129.145	1
0.3	-82.8245	1
0.3	-171.738	1
0.3	142.425	1
0.3	-139.519	1
0.3	97.6193	1
0.3	-165.107	1
0.3	-16.2717	1
0.3	145.025	1
0.3	54.3763	1
0.3	-55.3326	1
0.3	-81.9651	1
0.3	30.6078	1
0.3	-142.585	1
0.3	-79.8028	1
0.3	-15.945	1
0.3	98.669	1
0.3	156.586	1
0.3	134.36	1
0.3	176.207	1
0.3	63.2835	1
0.3	79.7392	1
0.3	-56.8048	1
0.3	155.528	1
0.3	-105.907	1
0.3	-129.529	1
0.3	104.474	1
0.3	26.5123	1
0.3	-55.2006	1
0.3	159.766	1
0.3	-124.495	1
0.3	-35.7063	1
0.3	21.6824	1
0.3	125.364	1
0.3	-101.096	1
0.3	-142.488	1
0.3	-113.684	1
0.3	-78.5465	1
0.3	-153.401	1
0.3	-108.768	1
0.3	-164.877	1
0.3	3.30688	1
0.3	70.9777	1
0.3	56.4527	1
0.3	54.7746	1
0.3	49.5126	1
0.3	178.615	1
0.3	161.742	1
0.3	-46.0977	1
0.3	-75.8596	1
0.3	90.6446	1
0.3	-176.224	1
0.3	107.094	1
0.3	42.4355	1
0.3	-125.738	1
0.3	64.7769	1
0.3	37.3436	1
0.3	163.527	1
0.3	152.163	-0.052381
0.3	69.6672	-0.052381
0.3	5.07033	-0.052381
0.3	-151.225	-0.052381
0.3	-9.03794	-0.052381
0.3	-155.212	-0.052381
0.3	-47.8372	-0.052381
0.3	-128.119	-0.052381
0.3	161.371	-0.052381
0.3	-135.248	-0.052381
0.3	-136.561	-0.052381
0.3	-61.1564	-0.052381
0.3	-20.3803	-0.052381
0.3	41.95	-0.052381
0.3	10.2794	-0.052381
0.3	-52.3877	-0.052381
0.3	-86.2463	-0.052381
0.3	63.2698	-0.052381
0.3	-170.404	-0.052381
0.3	87.0533	-0.052381
0.3	45.4652	-0.052381
0.3	-69.628	-0.052381
0.3	42.1788	-0.052381
0.3	82.0708	-0.052381
0.3	-105.638	-0.052381
0.3	116.747	-0.052381
0.3	-138.404	-0.052381
0.3	-156.568	-0.052381
0.3	-134.478	-0.052381
0.3	53.156	-0.052381
0.3	-55.8988	-0.052381
0.3	-73.1208	-0.052381
0.3	90.4272	-0.052381
0.3	176.705	-0.052381
0.3	16.7875	-0.052381
0.3	10.2256	-0.052381
0.3	161.725	-0.052381
0.3	-107.483	-0.052381
0.3	122.853	-0.052381
0.3	-78.6142	-0.052381
0.3	67.8876	-0.052381
0.3	-10.8077	-0.052381
0.3	123.979	-0.052381
0.3	-88.2698	-0.052381
0.3	124.34	-0.052381
0.3	29.2192	-0.052381
0.3	-17.2148	-0.052381
0.3	70.6992	-0.052381
0.3	14.9165	-0.052381
0.3	105.727	-0.052381
0.3	-80.6136	-0.052381
0.3	-103.461	-0.052381
0.3	72.6485	-0.052381
0.3	73.6768	-0.052381
0.3	-57.2084	-0.052381
0.3	-18.4205	-0.052381
0.3	-100.201	-0.052381
0.3	-131.313	-0.052381
0.3	28.9493	-0.052381
0.3	50.5599	-0.052381
0.3	-162.039	-0.052381
0.3	25.4844	-0.052381
0.3	-2.52799	-0.052381
0.3	60.7703	-0.052381
0.3	-31.7923	-0.052381
0.3	51.9963	-0.052381
0.3	159.708	-0.052381
0.3	147.198	-0.052381
0.3	-95.7436	-0.052381
0.3	164.74	-0.052381
0.3	-30.1818	-0.052381
0.3	66.003	-0.052381
0.3	-93.1441	-0.052381
0.3	114.172	-0.052381
0.3	132.204	-0.052381
0.3	-5.97166	-0.052381
0.3	112.847	-0.052381
0.3	-109.774	-0.052381
0.3	117.025	-0.052381
0.3	92.431	-0.052381
0.3	120.577	-0.052381
0.3	-33.0682	-0.052381
0.3	177.334	-0.052381
0.3	115.251	-0.052381
0.3	-164.13	-0.052381
0.3	-137.346	-0.052381
0.3	-16.7657	-0.052381
0.3	21.6376	-0.052381
0.3	-32.7966	-0.052381
0.3	144.02	-0.052381
0.3	-6.36309	-0.052381
0.3	-137.774	-0.052381
0.3	-29.3364	-0.052381
0.3	-172.965	-0.052381
0.3	-128.15	-0.052381
0.3	-12.3744	-0.052381
0.3	-18.6096	-0.052381
0.3	53.7639	-0.052381
0.3	-86.1715	-0.052381
0.3	-33.5994	-0.052381
0.3	9.44327	-0.052381
0.3	34.1808	-0.052381
0.3	67.2342	-0.052381
0.3	-75.2242	-0.052381
0.3	-151.023	-0.052381
0.3	-128.047	-0.052381
0.3	-102.107	-0.052381
0.3	-66.1825	-0.052381
0.3	-144.69	-0.052381
0.3	92.1208	-0.052381
0.3	2.50461	-0.052381
0.3	-7.33295	-0.052381
0.3	-126.518	-0.052381
0.3	76.8314	-0.052381
0.3	155.596	-0.052381
0.3	-173.234	-0.052381
0.3	91.545	-0.052381
0.3	125.355	-0.052381
0.3	141.995	-0.052381
0.3	163.62	-0.052381
0.3	-124.552	-0.052381
0.3	-104.285	-0.052381
0.3	24.5521	-0.052381
0.3	-38.1748	-0.052381
0.3	-81.4596	-0.052381
0.3	86.0865	-0.052381
0.3	-132.419	-0.052381
0.3	58.4155	-0.052381
0.3	-120.475	-0.052381
0.3	-111.513	-0.052381
0.3	-115.009	-0.052381
0.3	-159.469	-0.052381
0.3	41.1134	-0.052381
0.3	-171.13	-0.052381
0.3	165.277	-0.052381
-0.25	105.607	1
-0.25	-67.0114	1
-0.25	-157.485	1
-0.25	-137.265	1
-0.25	-83.4499	1
-0.25	-122.758	1
-0.25	-120.688	1
-0.25	143.189	1
-0.25	-156.952	1
-0.25	-168.313	1
-0.25	72.4947	1
-0.25	146.96	1
-0.25	-18.8101	1
-0.25	128.057	1
-0.25	90.9985	1
-0.25	-165.873	1
-0.25	115.779	1
-0.25	92.4472	1
-0.25	136.728	1
-0.25	125.55	1
-0.25	-115.494	1
-0.25	164.059	1
-0.25	-64.9969	1
-0.25	73.0414	1
-0.25	-7.21895	1
-0.25	-159.905	1
-0.25	-49.2953	1
-0.25	1.17264	1
-0.25	-138.097	1
-0.25	-170.22	1
-0.25	27.4766	1
-0.25	-40.1662	1
-0.25	-108.824	1
-0.25	59.7338	1
-0.25	-57.1498	1
-0.25	-75.3943	1
-0.25	40.6341	1
-0.25	-137.736	1
-0.25	32.5948	1
-0.25	-27.203	1
-0.25	-67.855	1
-0.25	129.501	1
-0.25	-79.807	1
-0.25	-71.5322	1
-0.25	135.293	1
-0.25	77.2051	1
-0.25	96.9323	1
-0.25	-100.095	1
-0.25	-96.6652	1
-0.25	-128.544	1
-0.25	24.1693	1
-0.25	169.646	1
-0.25	123.507	1
-0.25	165.051	1
-0.25	-158.695	1
-0.25	130.029	1
-0.25	-71.5721	1
-0.25	73.0517	1
-0.25	-52.646	1
-0.25	-135.933	1
-0.25	-48.0313	1
-0.25	46.4402	1
-0.25	141.708	1
-0.25	152.409	1
-0.25	-86.477	1
-0.25	152.703	1
-0.25	123.969	1
-0.25	-176.658	1
-0.25	51.1383	1
-0.25	-157.792	1
-0.25	-98.2134	1
-0.25	-32.4811	1
-0.25	171.684	1
-0.25	-65.5826	1
-0.25	31.4509	1
-0.25	-60.949	1
-0.25	-158.797	1
-0.25	88.3496	1
-0.25	1.29661	1
-0.25	0.289151	1
-0.25	-64.9976	1
-0.25	-6.28319	1
-0.25	-86.9687	1
-0.25	-154.82	1
-0.25	-88.6801	1
-0.25	4.85785	1
-0.25	58.0519	1
-0.25	171.816	1
-0.25	-64.8446	1
-0.25	125.243	1
-0.25	125.191	1
-0.25	47.3439	1
-0.25	-57.3378	1
-0.25	73.2782	1
-0.25	4.82029	1
-0.25	-58.2192	1
-0.25	31.769	1
-0.25	-59.3504	1
-0.25	67.0037	1
-0.25	98.6304	1
-0.25	-162.691	1
-0.25	114.038	1
-0.25	-153.467	1
-0.25	43.2154	1
-0.25	86.8164	1
-0.25	51.3458	1
-0.25	116.788	1
-0.25	-130.909	1
-0.25	149.99	1
-0.25	56.7155	1
-0.25	-73.5055	1
-0.25	79.9857	1
-0.25	21.9838	1
-0.25	-167.908	1
-0.25	-60.4818	1
-0.25	-76.3022	-0.052381
-0.25	84.1002	-0.052381
-0.25	102.872	-0.052381
-0.25	-53.7867	-0.052381
-0.25	-53.466	-0.052381
-0.25	-5.78076	-0.052381
-0.25	103.863	-0.052381
-0.25	12.7205	-0.052381
-0.25	165.574	-0.052381
-0.25	111.789	-0.052381
-0.25	20.0246	-0.052381
-0.25	-146.19	-0.052381
-0.25	-18.6576	-0.052381
-0.25	-14.2392	-0.052381
-0.25	-111.083	-0.052381
-0.25	154.616	-0.052381
-0.25	6.95072	-0.052381
-0.25	-178.204	-0.052381
-0.25	130.92	-0.052381
-0.25	-172.519	-0.052381
-0.25	-166.414	-0.052381
-0.25	134.669	-0.052381
-0.25	-123.145	-0.052381
-0.25	-11.3969	-0.052381
-0.25	-5.40296	-0.052381
-0.25	10.394	-0.052381
-0.25	-102.335	-0.052381
-0.25	-15.5747	-0.052381
-0.25	65.3621	-0.052381
-0.25	-102.918	-0.052381
-0.25	38.7973	-0.052381
-0.25	-74.9821	-0.052381
-0.25	-22.0398	-0.052381
-0.25	-178.673	-0.052381
-0.25	147.429	-0.052381
-0.25	72.2285	-0.052381
-0.25	-71.5093	-0.052381
-0.25	87.1446	-0.052381
-0.25	121.01	-0.052381
-0.25	155.856	-0.052381
-0.25	-44.0067	-0.052381
-0.25	-143.673	-0.052381
-0.25	-37.5315	-0.052381
-0.25	-52.8902	-0.052381
-0.25	-37.5843	-0.052381
-0.25	111.187	-0.052381
-0.25	76.375	-0.052381
-0.25	-170.55	-0.052381
-0.25	48.3218	-0.052381
-0.25	158.148	-0.052381
-0.25	-103.278	-0.052381
-0.25	69.2976	-0.052381
-0.25	-44.5399	-0.052381
-0.25	-88.9452	-0.052381
-0.25	144.842	-0.052381
-0.25	148.019	-0.052381
-0.25	-165.924	-0.052381
-0.25	-8.50846	-0.052381
-0.25	-95.1804	-0.052381
-0.25	2.96889	-0.052381
-0.25	50.1527	-0.052381
-0.25	11.1548	-0.052381
-0.25	-94.5471	-0.052381
-0.25	5.37367	-0.052381
-0.25	-175.676	-0.052381
-0.25	-94.4817	-0.052381
-0.25	57.2614	-0.052381
-0.25	-110.646	-0.052381
-0.25	-68.7866	-0.052381
-0.25	41.1683	-0.052381
-0.25	-149.362	-0.052381
-0.25	105.121	-0.052381
-0.25	66.572	-0.052381
-0.25	3.05997	-0.052381
-0.25	-88.2179	-0.052381
-0.25	-121.357	-0.052381
-0.25	-37.1991	-0.052381
-0.25	-93.6899	-0.052381
-0.25	88.6099	-0.052381
-0.25	49.8137	-0.052381
-0.25	-73.772	-0.052381
-0.25	-146.978	-0.052381
-0.25	152.079	-0.052381
-0.25	2.35785	-0.052381
-0.25	-95.1136	-0.052381
-0.25	-151.051	-0.052381
-0.25	-0.992971	-0.052381
-0.25	11.5256	-0.052381
-0.25	-22.4876	-0.052381
-0.25	151.214	-0.052381
-0.25	111.124	-0.052381
-0.25	135.208	-0.052381
-0.25	-166.65	-0.052381
-0.25	108.348	-0.052381
-0.25	-174.169	-0.052381
-0.25	-170.191	-0.052381
-0.25	-99.1862	-0.052381
-0.25	117.687	-0.052381
-0.25	28.238	-0.052381
-0.25	140.214	-0.052381
-0.25	86.9001	-0.052381
-0.25	1.80269	-0.052381
-0.25	-138.441	-0.052381
-0.25	7.08137	-0.052381
-0.25	-48.3753	-0.052381
-0.25	137.577	-0.052381
-0.25	147.982	-0.052381
-0.25	0.0267681	-0.052381
-0.25	35.7972	-0.052381
-0.25	-97.3371	-0.052381
-0.25	-58.6624	-0.052381
