pol.	phi	weight
0.3	152.143	1
0.3	140.664	1
0.3	-126.183	1
0.3	148.793	1
0.3	172.002	1
0.3	-125.201	1
0.3	-168.886	1
0.3	-147.241	1
0.3	35.843	1
0.3	-177.418	1
0.3	-58.8752	1
0.3	-55.2507	1
0.3	-87.8958	1
0.3	-55.506	1
0.3	-74.4165	1
0.3	74.3191	1
0.3	87.3437	1
0.3	138.846	1
0.3	17.926	1
0.3	-77.983	1
0.3	141.643	1
0.3	-28.3362	1
0.3	164.32	1
0.3	117.131	1
0.3	-88.41	1
0.3	-57.2574	1
0.3	50.1417	1
0.3	136.384	1
0.3	-17.6534	1
0.3	113.9	1
0.3	-22.8189	1
0.3	-9.55042	1
0.3	-52.6211	1
0.3	40.7252	1
0.3	-76.0522	1
0.3	98.827	1
0.3	129.375	1
0.3	40.1229	1
0.3	27.7849	1
0.3	-146.527	1
0.3	-60.6687	1
0.3	45.6214	1
0.3	-44.3285	1
0.3	43.0404	1
0.3	20.1517	1
0.3	-61.2171	1
0.3	158.708	1
0.3	149.405	1
0.3	-52.9482	1
0.3	137.694	1
0.3	-139.15	1
0.3	28.818	1
0.3	-149.499	1
0.3	-29.5479	1
0.3	1.52447	1
0.3	54.1694	1
0.3	-165.174	1
0.3	43.354	1
0.3	-16.2611	1
0.3	-168.107	1
0.3	-17.9214	1
0.3	59.8002	1
0.3	46.4381	1
0.3	14.3706	1
0.3	164.348	1
0.3	178.814	1
0.3	-124.312	1
0.3	17.2881	1
0.3	118.906	1
0.3	82.8845	1
0.3	27.5851	1
0.3	129.043	1
0.3	-127.942	1
0.3	9.61928	1
0.3	104.208	1
0.3	-24.2917	1
0.3	-49.0295	1
0.3	-44.8604	1
0.3	-67.4489	1
0.3	25.7825	1
0.3	-27.3226	1
0.3	-89.5761	1
0.3	63.0239	1
0.3	-50.8496	1
0.3	-144.923	1
0.3	164.992	1
0.3	-9.1647	1
0.3	147.92	1
0.3	121.609	1
0.3	20.3804	1
0.3	26.2049	1
0.3	-33.2931	1
0.3	-30.5143	1
0.3	21.3044	1
0.3	-138.95	1
0.3	-87.0212	1
0.3	102.284	1
0.3	-64.6327	1
0.3	-86.1166	1
0.3	-95.2613	1
0.3	-164.542	1
0.3	41.9467	1
0.3	-99.5787	1
0.3	-77.8199	1
0.3	178.483	1
0.3	-73.0213	1
0.3	-67.5951	1
0.3	-93.4417	1
0.3	111.755	1
0.3	-60.6595	1
0.3	-105.874	1
0.3	104.086	1
0.3	58.396	1
0.3	-21.8612	1
0.3	137.554	1
0.3	-29.8367	1
0.3	-132.126	1
0.3	128.563	1
0.3	73.9631	1
0.3	-137.978	1
0.3	104.997	1
0.3	39.2151	1
0.3	110.484	1
0.3	139.554	1
0.3	-148.558	1
0.3	103.071	1
0.3	61.4176	1
0.3	165.914	1
0.3	17.0233	1
0.3	54.9773	1
0.3	-60.6292	1
0.3	23.7886	1
0.3	138.799	1
0.3	-7.64383	1
0.3	173.636	1
0.3	-165.301	-0.0714286
0.3	129.543	-0.0714286
0.3	26.7982	-0.0714286
0.3	-165.408	-0.0714286
0.3	-134.811	-0.0714286
0.3	74.5651	-0.0714286
0.3	128.194	-0.0714286
0.3	-15.9951	-0.0714286
0.3	-47.8734	-0.0714286
0.3	97.52	-0.0714286
0.3	-80.9743	-0.0714286
0.3	-48.3262	-0.0714286
0.3	-162.286	-0.0714286
0.3	131.008	-0.0714286
0.3	35.8923	-0.0714286
0.3	-120.253	-0.0714286
0.3	6.58488	-0.0714286
0.3	-159.866	-0.0714286
0.3	25.1911	-0.0714286
0.3	-11.9893	-0.0714286
0.3	-63.7624	-0.0714286
0.3	-178.729	-0.0714286
0.3	49.3611	-0.0714286
0.3	-10.9689	-0.0714286
0.3	-51.3273	-0.0714286
0.3	-91.2985	-0.0714286
0.3	-91.7772	-0.0714286
0.3	-147.12	-0.0714286
0.3	-31.2576	-0.0714286
0.3	-92.5471	-0.0714286
0.3	-109.852	-0.0714286
0.3	-166.207	-0.0714286
0.3	128.678	-0.0714286
0.3	159.672	-0.0714286
0.3	-31.7208	-0.0714286
0.3	106.576	-0.0714286
0.3	-122.6	-0.0714286
0.3	145.541	-0.0714286
0.3	-46.3766	-0.0714286
0.3	95.86	-0.0714286
0.3	29.3125	-0.0714286
0.3	-24.0222	-0.0714286
0.3	43.1768	-0.0714286
0.3	49.0887	-0.0714286
0.3	-18.4002	-0.0714286
0.3	90.4354	-0.0714286
0.3	-0.643525	-0.0714286
0.3	166.724	-0.0714286
0.3	36.2419	-0.0714286
0.3	21.7601	-0.0714286
0.3	81.1539	-0.0714286
0.3	36.2654	-0.0714286
0.3	-7.28309	-0.0714286
0.3	-121.704	-0.0714286
0.3	41.6136	-0.0714286
0.3	73.588	-0.0714286
0.3	87.4959	-0.0714286
0.3	173.014	-0.0714286
0.3	33.4563	-0.0714286
0.3	-145.431	-0.0714286
0.3	-26.7642	-0.0714286
0.3	30.874	-0.0714286
0.3	-143.759	-0.0714286
0.3	174.758	-0.0714286
0.3	128.767	-0.0714286
0.3	154.809	-0.0714286
0.3	-83.4689	-0.0714286
0.3	-32.1664	-0.0714286
0.3	17.112	-0.0714286
0.3	-149.613	-0.0714286
0.3	-85.5963	-0.0714286
0.3	162.015	-0.0714286
0.3	-15.915	-0.0714286
0.3	61.1338	-0.0714286
0.3	170.72	-0.0714286
0.3	-113.887	-0.0714286
0.3	-177.069	-0.0714286
0.3	-40.6521	-0.0714286
0.3	-177.161	-0.0714286
0.3	-127.159	-0.0714286
0.3	-39.0259	-0.0714286
0.3	-51.4969	-0.0714286
0.3	-30.0007	-0.0714286
0.3	23.9575	-0.0714286
0.3	-153.604	-0.0714286
0.3	-23.7148	-0.0714286
0.3	-15.4233	-0.0714286
0.3	12.21	-0.0714286
0.3	-139.881	-0.0714286
0.3	-44.7257	-0.0714286
0.3	161.457	-0.0714286
0.3	163.145	-0.0714286
0.3	30.7328	-0.0714286
0.3	29.5444	-0.0714286
0.3	8.09375	-0.0714286
-0.25	6.95184	1
-0.25	-135.196	1
-0.25	-175.966	1
-0.25	-115.472	1
-0.25	152.964	1
-0.25	39.9531	1
-0.25	-92.5891	1
-0.25	-73.528	1
-0.25	-179.014	1
-0.25	132.067	1
-0.25	-66.204	1
-0.25	-99.8018	1
-0.25	-30.2624	1
-0.25	10.3149	1
-0.25	-123.751	1
-0.25	3.2689	1
-0.25	176.309	1
-0.25	-123.056	1
-0.25	-72.3928	1
-0.25	-18.2218	1
-0.25	-75.0129	1
-0.25	84.8993	1
-0.25	67.8479	1
-0.25	140.396	1
-0.25	78.6006	1
-0.25	33.4719	1
-0.25	5.48943	1
-0.25	178.145	1
-0.25	39.327	1
-0.25	-80.8232	1
-0.25	-27.37	1
-0.25	-75.5138	1
-0.25	-108.025	1
-0.25	-32.3658	1
-0.25	133.91	1
-0.25	-22.2502	1
-0.25	17.5923	1
-0.25	61.0304	1
-0.25	-83.0349	1
-0.25	-38.1046	1
-0.25	-19.9484	1
-0.25	-101.488	1
-0.25	128.212	1
-0.25	62.704	1
-0.25	173.989	1
-0.25	54.2304	1
-0.25	-82.842	1
-0.25	-122.012	1
-0.25	141.704	1
-0.25	-121.383	1
-0.25	68.2517	1
-0.25	-13.0667	1
-0.25	35.8062	1
-0.25	-76.5023	1
-0.25	60.9398	1
-0.25	-43.5704	1
-0.25	178.612	1
-0.25	22.8211	1
-0.25	-28.9851	1
-0.25	-81.5661	1
-0.25	-110.233	1
-0.25	142.636	1
-0.25	-78.1888	1
-0.25	130.52	1
-0.25	-98.3774	1
-0.25	-70.5447	1
-0.25	2.54588	1
-0.25	-10.2987	1
-0.25	-48.4457	1
-0.25	-55.7695	1
-0.25	-33.2925	1
-0.25	-15.1525	1
-0.25	9.38848	1
-0.25	-119.37	1
-0.25	-172.18	1
-0.25	168.815	1
-0.25	-79.0103	1
-0.25	-25.3989	1
-0.25	-165.074	1
-0.25	-142.845	1
-0.25	-79.0467	1
-0.25	-146.682	1
-0.25	125.734	1
-0.25	169.015	1
-0.25	164.18	1
-0.25	60.1552	1
-0.25	6.99383	1
-0.25	-159.774	1
-0.25	-98.7352	1
-0.25	18.6066	1
-0.25	-146.694	1
-0.25	-51.4804	1
-0.25	-144.758	1
-0.25	33.7301	1
-0.25	15.1606	1
-0.25	111.403	1
-0.25	-71.5674	1
-0.25	50.4058	1
-0.25	23.2663	1
-0.25	56.7311	1
-0.25	147.275	1
-0.25	-103.884	1
-0.25	156.278	1
-0.25	-21.6177	1
-0.25	-103.788	1
-0.25	-44.9117	1
-0.25	5.68887	1
-0.25	-142.829	1
-0.25	-133.187	-0.0714286
-0.25	155.033	-0.0714286
-0.25	-92.1786	-0.0714286
-0.25	49.7982	-0.0714286
-0.25	133.585	-0.0714286
-0.25	3.54635	-0.0714286
-0.25	-9.05542	-0.0714286
-0.25	29.8356	-0.0714286
-0.25	-139.225	-0.0714286
-0.25	100.156	-0.0714286
-0.25	12.6453	-0.0714286
-0.25	5.34556	-0.0714286
-0.25	-20.1524	-0.0714286
-0.25	122.21	-0.0714286
-0.25	151.225	-0.0714286
-0.25	12.8491	-0.0714286
-0.25	-131.006	-0.0714286
-0.25	-61.9578	-0.0714286
-0.25	173.796	-0.0714286
-0.25	32.8504	-0.0714286
-0.25	65.7656	-0.0714286
-0.25	-154.466	-0.0714286
-0.25	-173.777	-0.0714286
-0.25	-30.9088	-0.0714286
-0.25	99.4041	-0.0714286
-0.25	-62.2123	-0.0714286
-0.25	-152.438	-0.0714286
-0.25	-114.438	-0.0714286
-0.25	116.707	-0.0714286
-0.25	-81.1939	-0.0714286
-0.25	13.0811	-0.0714286
-0.25	120.74	-0.0714286
-0.25	-75.9742	-0.0714286
-0.25	-57.6599	-0.0714286
-0.25	-57.419	-0.0714286
-0.25	120.686	-0.0714286
-0.25	-112.503	-0.0714286
-0.25	-52.7606	-0.0714286
-0.25	121.514	-0.0714286
-0.25	149.55	-0.0714286
-0.25	-145.788	-0.0714286
-0.25	60.6467	-0.0714286
-0.25	46.0373	-0.0714286
-0.25	61.9936	-0.0714286
-0.25	-43.5507	-0.0714286
-0.25	98.3578	-0.0714286
-0.25	138.726	-0.0714286
-0.25	-109.993	-0.0714286
-0.25	87.3037	-0.0714286
-0.25	172.672	-0.0714286
-0.25	85.4409	-0.0714286
-0.25	-117.583	-0.0714286
-0.25	128.174	-0.0714286
-0.25	-92.8559	-0.0714286
-0.25	176.144	-0.0714286
-0.25	43.9105	-0.0714286
-0.25	155.533	-0.0714286
-0.25	-143.661	-0.0714286
-0.25	-2.44075	-0.0714286
-0.25	109.472	-0.0714286
-0.25	51.9616	-0.0714286
-0.25	-155.629	-0.0714286
-0.25	-21.503	-0.0714286
-0.25	13.3969	-0.0714286
-0.25	-131.293	-0.0714286
-0.25	1.73133	-0.0714286
-0.25	152.519	-0.0714286
-0.25	-14.3703	-0.0714286
-0.25	-14.6861	-0.0714286
-0.25	-21.3808	-0.0714286
-0.25	145.833	-0.0714286
-0.25	126.286	-0.0714286
-0.25	3.14758	-0.0714286
-0.25	-10.8567	-0.0714286
-0.25	-108.701	-0.0714286
-0.25	22.621	-0.0714286
0.3	155.942	1
0.3	-145.432	1
0.3	-123.524	1
0.3	107.385	1
0.3	72.8581	1
0.3	-94.2463	1
0.3	62.8927	1
0.3	-41.0725	1
0.3	7.46633	1
0.3	-170.573	1
0.3	-159.192	1
0.3	78.2502	1
0.3	106.479	1
0.3	136.837	1
0.3	76.3454	1
0.3	159.986	1
0.3	104.861	1
0.3	96.7443	1
0.3	23.2508	1
0.3	94.7547	1
0.3	-68.5263	1
0.3	76.0407	1
0.3	134.322	1
0.3	65.6015	1
0.3	-42.9652	1
0.3	76.5631	1
0.3	-95.5757	1
0.3	-33.1216	1
0.3	36.7956	1
0.3	4.05577	1
0.3	104.297	1
0.3	111.352	1
0.3	-148.846	1
0.3	-132.852	1
0.3	-104.273	1
0.3	-57.0825	1
0.3	41.1081	1
0.3	10.9143	1
0.3	-34.3322	1
0.3	178.636	1
0.3	-118.384	1
0.3	58.044	1
0.3	140.734	1
0.3	61.0386	1
0.3	169.001	1
0.3	130.41	1
0.3	-142.758	1
0.3	99.874	1
0.3	-54.051	1
0.3	40.5152	1
0.3	137.012	1
0.3	-98.1623	1
0.3	-77.3723	1
0.3	106.73	1
0.3	-122.642	1
0.3	-95.1409	1
0.3	94.4601	1
0.3	115.72	1
0.3	-42.9404	1
0.3	148.516	1
0.3	-165.183	1
0.3	28.9192	1
0.3	166.998	1
0.3	-71.6924	1
0.3	-46.1693	1
0.3	52.6454	1
0.3	-11.8742	1
0.3	143.573	1
0.3	44.4015	1
0.3	74.7432	1
0.3	125.753	1
0.3	-43.0086	1
0.3	64.955	1
0.3	9.18997	1
0.3	93.6508	1
0.3	147.019	1
0.3	2.42243	1
0.3	46.3752	1
0.3	99.9902	1
0.3	-70.3409	1
0.3	-13.6441	1
0.3	-123.133	1
0.3	43.1999	1
0.3	44.9789	1
0.3	131.67	1
0.3	-18.4584	1
0.3	-86.3969	1
0.3	131.035	1
0.3	-28.9764	1
0.3	-2.52404	1
0.3	135.765	1
0.3	-109.837	1
0.3	144.631	1
0.3	130.357	1
0.3	131.47	1
0.3	129.193	1
0.3	155.339	1
0.3	45.1628	1
0.3	107.656	1
0.3	-19.0325	1
0.3	45.6747	1
0.3	-88.3932	1
0.3	-58.7944	1
0.3	-21.3147	1
0.3	-175.387	1
0.3	-52.3934	1
0.3	-15.7472	1
0.3	173.514	1
0.3	-175.31	1
0.3	-70.4009	1
0.3	167.265	1
0.3	161.784	1
0.3	105.127	1
0.3	50.5741	1
0.3	-77.7112	1
0.3	-34.9388	1
0.3	-170.365	1
0.3	175.949	1
0.3	-8.42332	1
0.3	-93.2221	1
0.3	-48.187	1
0.3	112.728	1
0.3	171.701	1
0.3	54.0706	1
0.3	143.295	1
0.3	173.283	1
0.3	-130.62	1
0.3	41.3237	1
0.3	-176.049	1
0.3	59.1365	1
0.3	141.948	1
0.3	-33.2665	1
0.3	175.745	1
0.3	-140.475	1
0.3	-122.477	1
0.3	92.1203	-0.0380952
0.3	-98.4847	-0.0380952
0.3	-126.287	-0.0380952
0.3	-174.248	-0.0380952
0.3	-147.221	-0.0380952
0.3	67.9095	-0.0380952
0.3	-43.9596	-0.0380952
0.3	89.2548	-0.0380952
0.3	-176.692	-0.0380952
0.3	139.655	-0.0380952
0.3	-151.845	-0.0380952
0.3	106.426	-0.0380952
0.3	-99.7229	-0.0380952
0.3	20.7912	-0.0380952
0.3	125.257	-0.0380952
0.3	19.3863	-0.0380952
0.3	-172.138	-0.0380952
0.3	42.4623	-0.0380952
0.3	143.148	-0.0380952
0.3	-168.241	-0.0380952
0.3	-127.233	-0.0380952
0.3	97.0837	-0.0380952
0.3	-161.402	-0.0380952
0.3	61.6598	-0.0380952
0.3	-60.22	-0.0380952
0.3	-82.4802	-0.0380952
0.3	-106.591	-0.0380952
0.3	-0.662209	-0.0380952
0.3	64.4022	-0.0380952
0.3	53.7302	-0.0380952
0.3	48.6735	-0.0380952
0.3	-19.9398	-0.0380952
0.3	-163.132	-0.0380952
0.3	-120.707	-0.0380952
0.3	-12.6018	-0.0380952
0.3	25.5918	-0.0380952
0.3	-169.075	-0.0380952
0.3	-20.0099	-0.0380952
0.3	-100.974	-0.0380952
0.3	-153.081	-0.0380952
0.3	13.248	-0.0380952
0.3	60.8634	-0.0380952
0.3	-104.812	-0.0380952
0.3	6.72638	-0.0380952
0.3	108.631	-0.0380952
0.3	-29.7888	-0.0380952
0.3	-77.17	-0.0380952
0.3	-162.019	-0.0380952
0.3	85.7143	-0.0380952
0.3	73.6079	-0.0380952
0.3	93.3796	-0.0380952
0.3	179.244	-0.0380952
0.3	-151.593	-0.0380952
0.3	14.6994	-0.0380952
0.3	-95.829	-0.0380952
0.3	41.3287	-0.0380952
0.3	-165.576	-0.0380952
0.3	56.3326	-0.0380952
0.3	-73.3528	-0.0380952
0.3	14.9826	-0.0380952
0.3	-112.864	-0.0380952
0.3	96.007	-0.0380952
0.3	86.792	-0.0380952
0.3	104.092	-0.0380952
0.3	29.4108	-0.0380952
0.3	98.521	-0.0380952
0.3	-18.2399	-0.0380952
0.3	-131.147	-0.0380952
0.3	3.14533	-0.0380952
0.3	-164.403	-0.0380952
0.3	-99.8195	-0.0380952
0.3	-56.6741	-0.0380952
0.3	-173.503	-0.0380952
0.3	178.488	-0.0380952
0.3	121.67	-0.0380952
0.3	82.6199	-0.0380952
0.3	-131.185	-0.0380952
0.3	3.66413	-0.0380952
0.3	57.886	-0.0380952
0.3	14.5657	-0.0380952
0.3	102.019	-0.0380952
0.3	154.499	-0.0380952
0.3	-42.3648	-0.0380952
0.3	-121.051	-0.0380952
0.3	-71.2298	-0.0380952
0.3	148.439	-0.0380952
0.3	97.7836	-0.0380952
0.3	-55.1553	-0.0380952
0.3	90.8053	-0.0380952
0.3	-112.541	-0.0380952
0.3	-146.32	-0.0380952
0.3	116.56	-0.0380952
0.3	174.49	-0.0380952
0.3	28.9112	-0.0380952
0.3	-93.2437	-0.0380952
0.3	68.5231	-0.0380952
0.3	-140.352	-0.0380952
0.3	33.2516	-0.0380952
0.3	-99.9654	-0.0380952
0.3	-59.6751	-0.0380952
0.3	89.4453	-0.0380952
0.3	-172.495	-0.0380952
0.3	75.594	-0.0380952
0.3	-137.743	-0.0380952
0.3	161.516	-0.0380952
0.3	87.6607	-0.0380952
0.3	-72.3952	-0.0380952
0.3	-63.2042	-0.0380952
0.3	-44.6011	-0.0380952
0.3	42.2326	-0.0380952
0.3	-154.412	-0.0380952
0.3	5.74718	-0.0380952
0.3	65.5632	-0.0380952
0.3	66.113	-0.0380952
0.3	24.1023	-0.0380952
0.3	-177.979	-0.0380952
0.3	-135.101	-0.0380952
0.3	-139.759	-0.0380952
0.3	109.757	-0.0380952
0.3	79.7429	-0.0380952
0.3	-111.675	-0.0380952
0.3	101.588	-0.0380952
0.3	-163.902	-0.0380952
0.3	176.065	-0.0380952
0.3	12.9489	-0.0380952
0.3	-131.675	-0.0380952
0.3	-61.2538	-0.0380952
0.3	39.3204	-0.0380952
0.3	-148.986	-0.0380952
0.3	-125.215	-0.0380952
0.3	-79.6069	-0.0380952
0.3	51.9146	-0.0380952
0.3	11.2692	-0.0380952
0.3	114.563	-0.0380952
0.3	21.2371	-0.0380952
0.3	122.42	-0.0380952
0.3	-141.064	-0.0380952
0.3	-82.7939	-0.0380952
0.3	-166.234	-0.0380952
0.3	175.881	-0.0380952
0.3	-109.469	-0.0380952
0.3	89.9532	-0.0380952
0.3	-160.67	-0.0380952
0.3	-155.308	-0.0380952
0.3	99.3849	-0.0380952
0.3	-160.224	-0.0380952
0.3	15.8549	-0.0380952
0.3	-99.5487	-0.0380952
0.3	101.467	-0.0380952
0.3	129.803	-0.0380952
0.3	-165.725	-0.0380952
0.3	18.7463	-0.0380952
0.3	76.6115	-0.0380952
0.3	54.9452	-0.0380952
0.3	-177.179	-0.0380952
0.3	0.561261	-0.0380952
0.3	175.174	-0.0380952
0.3	23.1869	-0.0380952
0.3	-132.763	-0.0380952
0.3	-80.6399	-0.0380952
0.3	-21.5132	-0.0380952
0.3	119.251	-0.0380952
0.3	61.3897	-0.0380952
0.3	54.4562	-0.0380952
0.3	76.6818	-0.0380952
0.3	-152.532	-0.0380952
0.3	-139.736	-0.0380952
0.3	14.0208	-0.0380952
0.3	-133.854	-0.0380952
0.3	-0.727425	-0.0380952
0.3	55.6338	-0.0380952
0.3	26.2624	-0.0380952
0.3	-164.471	-0.0380952
0.3	95.6228	-0.0380952
0.3	94.1951	-0.0380952
0.3	165.06	-0.0380952
0.3	78.2478	-0.0380952
0.3	-26.7104	-0.0380952
-0.25	-135.537	1
-0.25	20.6078	1
-0.25	-179.204	1
-0.25	-10.1077	1
-0.25	178.892	1
-0.25	105.284	1
-0.25	-131.791	1
-0.25	-144.333	1
-0.25	94.3765	1
-0.25	164.293	1
-0.25	70.2663	1
-0.25	-35.9884	1
-0.25	38.2078	1
-0.25	84.772	1
-0.25	90.348	1
-0.25	154.606	1
-0.25	144.905	1
-0.25	45.0924	1
-0.25	-16.2158	1
-0.25	66.1047	1
-0.25	-16.6971	1
-0.25	40.5868	1
-0.25	81.7421	1
-0.25	66.5772	1
-0.25	146.328	1
-0.25	-61.3052	1
-0.25	58.5356	1
-0.25	-165.087	1
-0.25	-148.857	1
-0.25	-27.1018	1
-0.25	6.09468	1
-0.25	167.344	1
-0.25	-22.2503	1
-0.25	-130.668	1
-0.25	58.4907	1
-0.25	176.059	1
-0.25	-134.83	1
-0.25	-112.187	1
-0.25	-102.36	1
-0.25	-65.0043	1
-0.25	72.9792	1
-0.25	28.2301	1
-0.25	62.0566	1
-0.25	-166.08	1
-0.25	-44.3891	1
-0.25	-56.2542	1
-0.25	85.0708	1
-0.25	161.791	1
-0.25	-65.0797	1
-0.25	-106.771	1
-0.25	-140.176	1
-0.25	-145.245	1
-0.25	-116.702	1
-0.25	27.8101	1
-0.25	17.1343	1
-0.25	-46.2913	1
-0.25	-125.216	1
-0.25	-108.87	1
-0.25	123.226	1
-0.25	-127.023	1
-0.25	-22.4939	1
-0.25	145.149	1
-0.25	6.11412	1
-0.25	154.942	1
-0.25	70.2843	1
-0.25	-102.168	1
-0.25	178.055	1
-0.25	112.852	1
-0.25	27.1947	1
-0.25	76.9741	1
-0.25	-127.388	1
-0.25	167.002	1
-0.25	-149.829	1
-0.25	175.254	1
-0.25	15.7257	1
-0.25	84.4509	1
-0.25	-172.493	1
-0.25	103.044	1
-0.25	-13.1823	1
-0.25	96.0253	1
-0.25	84.2672	1
-0.25	-148.883	1
-0.25	-142.063	1
-0.25	-77.2622	1
-0.25	-116.147	1
-0.25	-13.8022	1
-0.25	127.694	1
-0.25	-141.478	1
-0.25	-47.7607	1
-0.25	57.946	1
-0.25	47.2337	1
-0.25	-143.279	1
-0.25	3.46483	1
-0.25	-104.94	1
-0.25	7.94694	1
-0.25	-121.408	1
-0.25	176.573	1
-0.25	138.999	1
-0.25	122.899	1
-0.25	-113.241	1
-0.25	83.6662	1
-0.25	-70.7977	1
-0.25	-50.4228	1
-0.25	70.7464	1
-0.25	3.16834	1
-0.25	-131.779	1
-0.25	-105.394	1
-0.25	90.72	1
-0.25	-178.963	-0.0380952
-0.25	-134.663	-0.0380952
-0.25	179.661	-0.0380952
-0.25	-150.315	-0.0380952
-0.25	-97.8191	-0.0380952
-0.25	-95.181	-0.0380952
-0.25	-150.156	-0.0380952
-0.25	137.249	-0.0380952
-0.25	-90.1845	-0.0380952
-0.25	156.357	-0.0380952
-0.25	-61.4812	-0.0380952
-0.25	6.75328	-0.0380952
-0.25	-14.5788	-0.0380952
-0.25	117.653	-0.0380952
-0.25	-105.376	-0.0380952
-0.25	-8.23883	-0.0380952
-0.25	-19.734	-0.0380952
-0.25	-67.1976	-0.0380952
-0.25	178.85	-0.0380952
-0.25	15.8622	-0.0380952
-0.25	77.6386	-0.0380952
-0.25	-61.9084	-0.0380952
-0.25	48.6581	-0.0380952
-0.25	153.732	-0.0380952
-0.25	78.1645	-0.0380952
-0.25	133.682	-0.0380952
-0.25	-62.5689	-0.0380952
-0.25	78.3169	-0.0380952
-0.25	27.4817	-0.0380952
-0.25	-153.473	-0.0380952
-0.25	101.38	-0.0380952
-0.25	-170.703	-0.0380952
-0.25	-90.1174	-0.0380952
-0.25	-102.34	-0.0380952
-0.25	117.405	-0.0380952
-0.25	172.047	-0.0380952
-0.25	-115.346	-0.0380952
-0.25	-97.8594	-0.0380952
-0.25	123.994	-0.0380952
-0.25	155.169	-0.0380952
-0.25	-120.425	-0.0380952
-0.25	140.688	-0.0380952
-0.25	68.2461	-0.0380952
-0.25	105.83	-0.0380952
-0.25	-33.102	-0.0380952
-0.25	-70.6526	-0.0380952
-0.25	122.126	-0.0380952
-0.25	-71.3186	-0.0380952
-0.25	-39.6734	-0.0380952
-0.25	-73.7772	-0.0380952
-0.25	118.39	-0.0380952
-0.25	115.069	-0.0380952
-0.25	-171.858	-0.0380952
-0.25	6.1718	-0.0380952
-0.25	-156.171	-0.0380952
-0.25	-118.451	-0.0380952
-0.25	-115.704	-0.0380952
-0.25	-5.77869	-0.0380952
-0.25	63.7248	-0.0380952
-0.25	-108.304	-0.0380952
-0.25	46.709	-0.0380952
-0.25	-90.4157	-0.0380952
-0.25	40.7783	-0.0380952
-0.25	-30.2029	-0.0380952
-0.25	134.084	-0.0380952
-0.25	59.5264	-0.0380952
-0.25	123.588	-0.0380952
-0.25	-35.4665	-0.0380952
-0.25	-27.9674	-0.0380952
-0.25	-156.324	-0.0380952
-0.25	163.295	-0.0380952
-0.25	-70.9869	-0.0380952
-0.25	-71.5601	-0.0380952
-0.25	-63.9747	-0.0380952
-0.25	-49.615	-0.0380952
-0.25	-47.3149	-0.0380952
-0.25	100.913	-0.0380952
-0.25	15.2131	-0.0380952
-0.25	-46.9977	-0.0380952
-0.25	71.6553	-0.0380952
-0.25	108.999	-0.0380952
-0.25	33.7798	-0.0380952
-0.25	-166.7	-0.0380952
-0.25	-12.2569	-0.0380952
-0.25	158.836	-0.0380952
-0.25	90.6519	-0.0380952
-0.25	-20.3602	-0.0380952
-0.25	-165.973	-0.0380952
-0.25	-62.3566	-0.0380952
-0.25	67.5502	-0.0380952
-0.25	-39.9327	-0.0380952
-0.25	141.749	-0.0380952
-0.25	146.825	-0.0380952
-0.25	-113.529	-0.0380952
-0.25	-16.0058	-0.0380952
-0.25	-119.584	-0.0380952
-0.25	69.897	-0.0380952
-0.25	-57.2815	-0.0380952
-0.25	174.062	-0.0380952
-0.25	10.4598	-0.0380952
-0.25	-126.82	-0.0380952
-0.25	-99.1545	-0.0380952
-0.25	-32.788	-0.0380952
-0.25	-65.17	-0.0380952
-0.25	-153.549	-0.0380952
-0.25	135.52	-0.0380952
-0.25	-31.1367	-0.0380952
-0.25	172.915	-0.0380952
-0.25	121.807	-0.0380952
-0.25	-137.194	-0.0380952
-0.25	57.1583	-0.0380952
-0.25	-129.418	-0.0380952
-0.25	178.107	-0.0380952
-0.25	-33.3369	-0.0380952
-0.25	-44.5893	-0.0380952
-0.25	116.132	-0.0380952
-0.25	125.529	-0.0380952
-0.25	149.988	-0.0380952
-0.25	-57.7811	-0.0380952
-0.25	170.238	-0.0380952
-0.25	42.7081	-0.0380952
-0.25	51.1133	-0.0380952
-0.25	-119.984	-0.0380952
-0.25	33.5905	-0.0380952
-0.25	-148.577	-0.0380952
-0.25	-9.26364	-0.0380952
-0.25	18.3754	-0.0380952
-0.25	-1.13448	-0.0380952
-0.25	-87.6293	-0.0380952
-0.25	-91.5462	-0.0380952
-0.25	157.048	-0.0380952
-0.25	126.779	-0.0380952
-0.25	-160.088	-0.0380952
-0.25	49.2094	-0.0380952
-0.25	-112.296	-0.0380952
-0.25	49.6164	-0.0380952
-0.25	138.537	-0.0380952
-0.25	-108.862	-0.0380952
-0.25	19.9586	-0.0380952
-0.25	12.0403	-0.0380952
-0.25	-100.561	-0.0380952
-0.25	-15.0389	-0.0380952
-0.25	173.804	-0.0380952
0.3	122.124	1
0.3	-23.5408	1
0.3	58.5147	1
0.3	74.7408	1
0.3	61.1765	1
0.3	-77.0264	1
0.3	-89.4216	1
0.3	-137.879	1
0.3	118.666	1
0.3	-25.007	1
0.3	128.453	1
0.3	158.535	1
0.3	-13.5564	1
0.3	-176.046	1
0.3	-24.438	1
0.3	-88.6671	1
0.3	89.7236	1
0.3	163.836	1
0.3	-37.9692	1
0.3	-13.079	1
0.3	141.337	1
0.3	64.0532	1
0.3	21.2095	1
0.3	104.911	1
0.3	-156.957	1
0.3	-132.442	1
0.3	-99.3908	1
0.3	43.3524	1
0.3	-83.5979	1
0.3	84.6603	1
0.3	-27.3825	1
0.3	-13.2345	1
0.3	25.1697	1
0.3	160.736	1
0.3	61.6093	1
0.3	119.238	1
0.3	45.1794	1
0.3	72.0023	1
0.3	95.2811	1
0.3	-101.322	1
0.3	-85.4099	1
0.3	-130.23	1
0.3	81.5842	1
0.3	117.392	1
0.3	85.196	1
0.3	154.925	1
0.3	-40.8467	1
0.3	72.3552	1
0.3	51.5562	1
0.3	133.891	1
0.3	155.376	1
0.3	3.44317	1
0.3	26.861	1
0.3	12.4971	1
0.3	-38.3651	1
0.3	-100.85	1
0.3	159.444	1
0.3	165.504	1
0.3	-175.827	1
0.3	29.9235	1
0.3	-54.0709	1
0.3	122.911	1
0.3	70.2462	1
0.3	5.21445	1
0.3	-20.6456	1
0.3	6.01198	1
0.3	151.188	1
0.3	152.062	1
0.3	67.8776	1
0.3	-114.494	1
0.3	-66.2713	1
0.3	22.4687	1
0.3	-17.6717	1
0.3	69.7264	1
0.3	-61.1985	1
0.3	-170.533	1
0.3	-91.9452	1
0.3	13.8705	1
0.3	93.5762	1
0.3	60.8546	1
0.3	-140.768	1
0.3	129.259	1
0.3	-162.504	1
0.3	112.602	1
0.3	-179.711	1
0.3	-157.292	1
0.3	-23.216	1
0.3	-71.5304	1
0.3	5.90718	1
0.3	-113.209	1
0.3	2.75674	1
0.3	-59.0258	1
0.3	106.649	1
0.3	73.8808	1
0.3	152.658	1
0.3	26.6538	1
0.3	-37.0538	1
0.3	106.569	1
0.3	116.525	1
0.3	138.488	1
0.3	118.441	1
0.3	92.1309	1
0.3	174.84	1
0.3	9.05693	1
0.3	-161.173	1
0.3	166.095	1
0.3	170.702	1
0.3	132.271	1
0.3	-153.812	1
0.3	156.379	1
0.3	75.9794	1
0.3	-66.1591	1
0.3	-94.3712	1
0.3	120.197	1
0.3	-50.8281	1
0.3	-45.3846	1
0.3	150.605	1
0.3	-54.6292	1
0.3	147.633	1
0.3	78.1927	1
0.3	80.1658	1
0.3	-56.3945	1
0.3	-24.5732	1
0.3	128.486	1
0.3	-140.315	1
0.3	99.3141	1
0.3	-109.797	1
0.3	47.8315	1
0.3	-4.64248	1
0.3	98.5799	1
0.3	-162.632	1
0.3	19.3191	1
0.3	-61.884	1
0.3	-152.595	1
0.3	-71.7294	1
0.3	-144.117	-0.0190476
0.3	161.069	-0.0190476
0.3	-175.053	-0.0190476
0.3	164.015	-0.0190476
0.3	145.506	-0.0190476
0.3	78.4956	-0.0190476
0.3	-113.803	-0.0190476
0.3	117.978	-0.0190476
0.3	82.818	-0.0190476
0.3	110.572	-0.0190476
0.3	65.8534	-0.0190476
0.3	106.291	-0.0190476
0.3	-134.262	-0.0190476
0.3	24.8591	-0.0190476
0.3	144.935	-0.0190476
0.3	-167.52	-0.0190476
0.3	135.117	-0.0190476
0.3	88.4009	-0.0190476
0.3	65.8383	-0.0190476
0.3	-54.5644	-0.0190476
0.3	-2.69656	-0.0190476
0.3	157.036	-0.0190476
0.3	79.8535	-0.0190476
0.3	-134.382	-0.0190476
0.3	112.363	-0.0190476
0.3	122.204	-0.0190476
0.3	-31.3853	-0.0190476
0.3	0.159919	-0.0190476
0.3	99.7253	-0.0190476
0.3	79.9454	-0.0190476
0.3	124.87	-0.0190476
0.3	-135.484	-0.0190476
0.3	26.6458	-0.0190476
0.3	-144.593	-0.0190476
0.3	-9.68083	-0.0190476
0.3	158.574	-0.0190476
0.3	-125.217	-0.0190476
0.3	103.375	-0.0190476
0.3	87.8121	-0.0190476
0.3	-138.233	-0.0190476
0.3	86.2279	-0.0190476
0.3	174.736	-0.0190476
0.3	96.8512	-0.0190476
0.3	47.3513	-0.0190476
0.3	61.097	-0.0190476
0.3	-121.204	-0.0190476
0.3	-22.8151	-0.0190476
0.3	-128.313	-0.0190476
0.3	111.078	-0.0190476
0.3	124.175	-0.0190476
0.3	164.185	-0.0190476
0.3	-34.8651	-0.0190476
0.3	-52.0651	-0.0190476
0.3	-10.4263	-0.0190476
0.3	-120.011	-0.0190476
0.3	-88.5131	-0.0190476
0.3	-146.882	-0.0190476
0.3	112.985	-0.0190476
0.3	87.5126	-0.0190476
0.3	80.1228	-0.0190476
0.3	-91.5562	-0.0190476
0.3	-138.102	-0.0190476
0.3	-149.416	-0.0190476
0.3	-79.1248	-0.0190476
0.3	111.145	-0.0190476
0.3	156.004	-0.0190476
0.3	-28.231	-0.0190476
0.3	73.5763	-0.0190476
0.3	106.994	-0.0190476
0.3	-62.838	-0.0190476
0.3	32.844	-0.0190476
0.3	28.4191	-0.0190476
0.3	-62.7996	-0.0190476
0.3	-53.5943	-0.0190476
0.3	44.7536	-0.0190476
0.3	-46.8907	-0.0190476
0.3	-0.222531	-0.0190476
0.3	41.1887	-0.0190476
0.3	-105.018	-0.0190476
0.3	-128.781	-0.0190476
0.3	128.429	-0.0190476
0.3	-167.807	-0.0190476
0.3	-47.3724	-0.0190476
0.3	-18.3144	-0.0190476
0.3	-115.837	-0.0190476
0.3	68.9101	-0.0190476
0.3	-74.4477	-0.0190476
0.3	-124.561	-0.0190476
0.3	-50.1743	-0.0190476
0.3	-74.7861	-0.0190476
0.3	-139.306	-0.0190476
0.3	-153.331	-0.0190476
0.3	59.0212	-0.0190476
0.3	-16.7039	-0.0190476
0.3	-107.208	-0.0190476
0.3	-175.492	-0.0190476
0.3	22.9305	-0.0190476
0.3	-41.8474	-0.0190476
0.3	83.9176	-0.0190476
0.3	23.538	-0.0190476
0.3	-3.27435	-0.0190476
0.3	-43.1948	-0.0190476
0.3	-162.182	-0.0190476
0.3	6.61916	-0.0190476
0.3	43.7305	-0.0190476
0.3	118.897	-0.0190476
0.3	107.506	-0.0190476
0.3	-30.0389	-0.0190476
0.3	163.47	-0.0190476
0.3	-14.2968	-0.0190476
0.3	-77.4187	-0.0190476
0.3	54.8794	-0.0190476
0.3	-40.4978	-0.0190476
0.3	37.4817	-0.0190476
0.3	30.2669	-0.0190476
0.3	-138.201	-0.0190476
0.3	110.967	-0.0190476
0.3	37.2837	-0.0190476
0.3	3.25741	-0.0190476
0.3	-107.061	-0.0190476
0.3	-139.982	-0.0190476
0.3	-81.7003	-0.0190476
0.3	6.28011	-0.0190476
0.3	-158.87	-0.0190476
0.3	99.2904	-0.0190476
0.3	-170.325	-0.0190476
0.3	49.8854	-0.0190476
0.3	30.7198	-0.0190476
0.3	-64.6052	-0.0190476
0.3	159.906	-0.0190476
0.3	-16.1487	-0.0190476
0.3	7.11962	-0.0190476
0.3	47.7712	-0.0190476
0.3	-34.1595	-0.0190476
0.3	-93.2984	-0.0190476
0.3	49.4922	-0.0190476
0.3	-81.5563	-0.0190476
0.3	163.459	-0.0190476
0.3	30.1075	-0.0190476
0.3	173.617	-0.0190476
0.3	-3.15334	-0.0190476
0.3	128.252	-0.0190476
0.3	98.2036	-0.0190476
0.3	99.8709	-0.0190476
0.3	-129.232	-0.0190476
0.3	-117.189	-0.0190476
0.3	-95.712	-0.0190476
0.3	-79.9353	-0.0190476
0.3	171.027	-0.0190476
0.3	36.442	-0.0190476
0.3	114.159	-0.0190476
0.3	-167.228	-0.0190476
0.3	-38.3826	-0.0190476
0.3	-116.398	-0.0190476
0.3	-134.422	-0.0190476
0.3	170.17	-0.0190476
0.3	108.793	-0.0190476
0.3	142.101	-0.0190476
0.3	-130.355	-0.0190476
0.3	-2.68409	-0.0190476
0.3	-78.6952	-0.0190476
0.3	173.756	-0.0190476
0.3	-126.289	-0.0190476
0.3	-88.4159	-0.0190476
0.3	-54.2691	-0.0190476
0.3	6.31265	-0.0190476
0.3	16.5409	-0.0190476
0.3	0.0610865	-0.0190476
0.3	-69.0061	-0.0190476
0.3	150.531	-0.0190476
0.3	129.942	-0.0190476
0.3	-102.954	-0.0190476
0.3	157.86	-0.0190476
0.3	96.2343	-0.0190476
0.3	-169.266	-0.0190476
0.3	-18.6985	-0.0190476
0.3	5.72159	-0.0190476
0.3	69.3448	-0.0190476
0.3	147.297	-0.0190476
0.3	-175.649	-0.0190476
0.3	-162.432	-0.0190476
0.3	-32.6453	-0.0190476
0.3	-59.3595	-0.0190476
0.3	-176.638	-0.0190476
0.3	-43.045	-0.0190476
0.3	148.309	-0.0190476
0.3	53.6946	-0.0190476
0.3	128.782	-0.0190476
0.3	-141.534	-0.0190476
0.3	-27.5599	-0.0190476
0.3	147.162	-0.0190476
0.3	107.576	-0.0190476
0.3	160.479	-0.0190476
0.3	-92.802	-0.0190476
0.3	-70.0401	-0.0190476
0.3	-110.811	-0.0190476
0.3	-167.776	-0.0190476
0.3	147.657	-0.0190476
0.3	19.5631	-0.0190476
0.3	157.872	-0.0190476
0.3	-113.379	-0.0190476
0.3	-136.967	-0.0190476
0.3	69.9354	-0.0190476
0.3	-99.2511	-0.0190476
0.3	60.8344	-0.0190476
0.3	-138.31	-0.0190476
0.3	-131.544	-0.0190476
0.3	-149.847	-0.0190476
0.3	-178.683	-0.0190476
0.3	-110.801	-0.0190476
0.3	55.902	-0.0190476
0.3	71.1612	-0.0190476
0.3	122.764	-0.0190476
0.3	-173.139	-0.0190476
0.3	154.948	-0.0190476
0.3	-90.6501	-0.0190476
0.3	67.3099	-0.0190476
0.3	-13.4191	-0.0190476
0.3	-40.834	-0.0190476
0.3	148.563	-0.0190476
0.3	1.78839	-0.0190476
0.3	16.5383	-0.0190476
0.3	-35.6856	-0.0190476
0.3	-97.7149	-0.0190476
0.3	-136.851	-0.0190476
0.3	70.108	-0.0190476
0.3	-136.806	-0.0190476
0.3	88.2005	-0.0190476
0.3	46.3647	-0.0190476
0.3	-96.6523	-0.0190476
0.3	-75.1812	-0.0190476
0.3	57.628	-0.0190476
0.3	87.5965	-0.0190476
0.3	-80.3297	-0.0190476
0.3	-139.928	-0.0190476
0.3	93.1726	-0.0190476
0.3	-107.356	-0.0190476
0.3	-13.0404	-0.0190476
0.3	-85.358	-0.0190476
0.3	-139.436	-0.0190476
0.3	-92.1384	-0.0190476
0.3	-54.0337	-0.0190476
0.3	-144.317	-0.0190476
0.3	86.3273	-0.0190476
0.3	112.705	-0.0190476
0.3	-90.1583	-0.0190476
0.3	-27.2947	-0.0190476
0.3	161.096	-0.0190476
0.3	7.33535	-0.0190476
0.3	-174.085	-0.0190476
0.3	-169.994	-0.0190476
0.3	-3.69836	-0.0190476
0.3	-46.9664	-0.0190476
0.3	-88.2782	-0.0190476
0.3	-91.1589	-0.0190476
0.3	-8.09061	-0.0190476
0.3	-16.0731	-0.0190476
0.3	103.774	-0.0190476
0.3	-34.1117	-0.0190476
0.3	81.2102	-0.0190476
0.3	179.319	-0.0190476
0.3	157.421	-0.0190476
0.3	32.1236	-0.0190476
0.3	1.91211	-0.0190476
0.3	-94.7609	-0.0190476
0.3	25.7142	-0.0190476
0.3	-67.232	-0.0190476
0.3	55.2801	-0.0190476
0.3	-22.6411	-0.0190476
0.3	-127.982	-0.0190476
0.3	-141.717	-0.0190476
0.3	156.112	-0.0190476
0.3	21.9591	-0.0190476
0.3	-171.861	-0.0190476
0.3	-90.2792	-0.0190476
0.3	-171.122	-0.0190476
0.3	-81.5065	-0.0190476
0.3	-149.666	-0.0190476
0.3	-171.027	-0.0190476
0.3	-107.874	-0.0190476
0.3	176.293	-0.0190476
0.3	-45.3728	-0.0190476
0.3	59.1013	-0.0190476
0.3	-85.0672	-0.0190476
0.3	-82.1026	-0.0190476
0.3	-55.1038	-0.0190476
0.3	85.1597	-0.0190476
0.3	-173.933	-0.0190476
0.3	-89.9355	-0.0190476
0.3	-86.7426	-0.0190476
0.3	-64.4904	-0.0190476
0.3	-103.329	-0.0190476
0.3	157.431	-0.0190476
0.3	-103.551	-0.0190476
0.3	98.3517	-0.0190476
0.3	14.868	-0.0190476
0.3	-69.7718	-0.0190476
0.3	-145.688	-0.0190476
0.3	-106.729	-0.0190476
0.3	34.3632	-0.0190476
0.3	-117.709	-0.0190476
0.3	-2.96992	-0.0190476
0.3	-112.043	-0.0190476
0.3	-72.7878	-0.0190476
0.3	4.26637	-0.0190476
0.3	83.1538	-0.0190476
0.3	-111.479	-0.0190476
0.3	146.248	-0.0190476
0.3	49.8763	-0.0190476
0.3	-59.9708	-0.0190476
0.3	-112.539	-0.0190476
0.3	-108.316	-0.0190476
0.3	-154.121	-0.0190476
0.3	-39.058	-0.0190476
0.3	-28.0498	-0.0190476
0.3	-168.32	-0.0190476
0.3	30.9047	-0.0190476
0.3	135.02	-0.0190476
0.3	-32.3842	-0.0190476
0.3	-35.7397	-0.0190476
0.3	-151.087	-0.0190476
0.3	-157.602	-0.0190476
0.3	166.648	-0.0190476
0.3	-138.759	-0.0190476
0.3	-54.8118	-0.0190476
0.3	177.362	-0.0190476
0.3	-131.905	-0.0190476
0.3	146.528	-0.0190476
0.3	7.79899	-0.0190476
0.3	52.0705	-0.0190476
0.3	-71.0189	-0.0190476
0.3	16.402	-0.0190476
0.3	-173.22	-0.0190476
0.3	-148.833	-0.0190476
0.3	130.773	-0.0190476
0.3	130.613	-0.0190476
0.3	-93.9774	-0.0190476
0.3	5.09546	-0.0190476
0.3	33.4782	-0.0190476
0.3	-24.7623	-0.0190476
0.3	-56.868	-0.0190476
0.3	-55.0088	-0.0190476
0.3	-16.1046	-0.0190476
0.3	124.084	-0.0190476
0.3	-156.805	-0.0190476
0.3	106.156	-0.0190476
0.3	-144.318	-0.0190476
0.3	-69.1583	-0.0190476
0.3	-154.794	-0.0190476
0.3	-123.993	-0.0190476
0.3	-20.0369	-0.0190476
0.3	-175.346	-0.0190476
0.3	122.869	-0.0190476
0.3	-149.188	-0.0190476
0.3	-30.7649	-0.0190476
0.3	52.4769	-0.0190476
0.3	46.3926	-0.0190476
-0.25	161.778	1
-0.25	99.9908	1
-0.25	54.58	1
-0.25	65.3532	1
-0.25	-112.988	1
-0.25	59.5163	1
-0.25	36.1189	1
-0.25	-27.2362	1
-0.25	-51.0742	1
-0.25	-21.2545	1
-0.25	73.2302	1
-0.25	-148.552	1
-0.25	155.75	1
-0.25	124.608	1
-0.25	7.44666	1
-0.25	-79.2612	1
-0.25	-91.6098	1
-0.25	-142.043	1
-0.25	-105.523	1
-0.25	36.9003	1
-0.25	94.4664	1
-0.25	8.95287	1
-0.25	-126.733	1
-0.25	-130.855	1
-0.25	-39.5561	1
-0.25	148.615	1
-0.25	-75.3541	1
-0.25	-117.248	1
-0.25	-113.833	1
-0.25	-174.088	1
-0.25	-128.299	1
-0.25	-81.1192	1
-0.25	82.0461	1
-0.25	56.0559	1
-0.25	-163.578	1
-0.25	74.2712	1
-0.25	-138.936	1
-0.25	-150.346	1
-0.25	74.4564	1
-0.25	4.94786	1
-0.25	-103.19	1
-0.25	-166.007	1
-0.25	49.8538	1
-0.25	35.5824	1
-0.25	-132.092	1
-0.25	46.1743	1
-0.25	168.322	1
-0.25	74.4042	1
-0.25	-123.179	1
-0.25	48.6983	1
-0.25	-48.3112	1
-0.25	20.5962	1
-0.25	120.949	1
-0.25	-58.9336	1
-0.25	52.3965	1
-0.25	67.1058	1
-0.25	-158.436	1
-0.25	-0.804894	1
-0.25	-56.0795	1
-0.25	169.987	1
-0.25	144.713	1
-0.25	83.6207	1
-0.25	-131.51	1
-0.25	-156.548	1
-0.25	-164.834	1
-0.25	125.59	1
-0.25	164.344	1
-0.25	-148.423	1
-0.25	17.65	1
-0.25	131.922	1
-0.25	-42.4068	1
-0.25	-98.7595	1
-0.25	151.379	1
-0.25	157.959	1
-0.25	-139.123	1
-0.25	45.6936	1
-0.25	-156.9	1
-0.25	57.6285	1
-0.25	30.1474	1
-0.25	-37.4064	1
-0.25	-6.44115	1
-0.25	129.368	1
-0.25	-58.9387	1
-0.25	170.058	1
-0.25	-11.5605	1
-0.25	115.628	1
-0.25	44.8395	1
-0.25	131.964	1
-0.25	178.557	1
-0.25	-71.3407	1
-0.25	136.88	1
-0.25	-69.0559	1
-0.25	-143.65	1
-0.25	-148.17	1
-0.25	107.066	1
-0.25	-157.031	1
-0.25	-152.877	1
-0.25	3.94946	1
-0.25	-164.633	1
-0.25	58.7891	1
-0.25	107.819	1
-0.25	118.613	1
-0.25	23.1317	1
-0.25	-28.1585	1
-0.25	-8.08474	1
-0.25	128.503	1
-0.25	-74.1609	1
-0.25	-165.945	1
-0.25	99.6203	-0.0190476
-0.25	48.9782	-0.0190476
-0.25	21.7717	-0.0190476
-0.25	-171.07	-0.0190476
-0.25	65.3085	-0.0190476
-0.25	156.01	-0.0190476
-0.25	13.1146	-0.0190476
-0.25	-170.799	-0.0190476
-0.25	131.697	-0.0190476
-0.25	-163.49	-0.0190476
-0.25	-34.7415	-0.0190476
-0.25	164.32	-0.0190476
-0.25	-113.209	-0.0190476
-0.25	171.969	-0.0190476
-0.25	-109.668	-0.0190476
-0.25	34.8937	-0.0190476
-0.25	11.3832	-0.0190476
-0.25	-78.5584	-0.0190476
-0.25	41.2564	-0.0190476
-0.25	120.349	-0.0190476
-0.25	-72.1468	-0.0190476
-0.25	-51.8529	-0.0190476
-0.25	-13.8494	-0.0190476
-0.25	130.356	-0.0190476
-0.25	139.12	-0.0190476
-0.25	110.869	-0.0190476
-0.25	-60.5467	-0.0190476
-0.25	140.521	-0.0190476
-0.25	139.687	-0.0190476
-0.25	-37.7866	-0.0190476
-0.25	-120.044	-0.0190476
-0.25	-77.5991	-0.0190476
-0.25	122.809	-0.0190476
-0.25	82.9088	-0.0190476
-0.25	-83.247	-0.0190476
-0.25	-48.1587	-0.0190476
-0.25	19.5735	-0.0190476
-0.25	126.412	-0.0190476
-0.25	96.2283	-0.0190476
-0.25	-138.636	-0.0190476
-0.25	-170.189	-0.0190476
-0.25	118.671	-0.0190476
-0.25	45.1285	-0.0190476
-0.25	83.4367	-0.0190476
-0.25	-82.9489	-0.0190476
-0.25	-54.2538	-0.0190476
-0.25	21.4159	-0.0190476
-0.25	128.507	-0.0190476
-0.25	107.815	-0.0190476
-0.25	-91.7708	-0.0190476
-0.25	-70.0197	-0.0190476
-0.25	-153.939	-0.0190476
-0.25	156.707	-0.0190476
-0.25	26.4626	-0.0190476
-0.25	177.088	-0.0190476
-0.25	11.0369	-0.0190476
-0.25	131.741	-0.0190476
-0.25	-17.6556	-0.0190476
-0.25	0.787878	-0.0190476
-0.25	31.8627	-0.0190476
-0.25	173.039	-0.0190476
-0.25	-22.7797	-0.0190476
-0.25	113.015	-0.0190476
-0.25	-66.4961	-0.0190476
-0.25	-96.4018	-0.0190476
-0.25	132.745	-0.0190476
-0.25	-44.3135	-0.0190476
-0.25	171.393	-0.0190476
-0.25	-93.4291	-0.0190476
-0.25	44.1287	-0.0190476
-0.25	4.82156	-0.0190476
-0.25	-71.9497	-0.0190476
-0.25	80.6921	-0.0190476
-0.25	-42.6295	-0.0190476
-0.25	57.1459	-0.0190476
-0.25	69.1493	-0.0190476
-0.25	-46.3758	-0.0190476
-0.25	-123.375	-0.0190476
-0.25	-163.282	-0.0190476
-0.25	-98.5723	-0.0190476
-0.25	-147.998	-0.0190476
-0.25	11.5007	-0.0190476
-0.25	39.2815	-0.0190476
-0.25	-174.323	-0.0190476
-0.25	-69.7591	-0.0190476
-0.25	8.65127	-0.0190476
-0.25	98.847	-0.0190476
-0.25	-0.307736	-0.0190476
-0.25	-14.5975	-0.0190476
-0.25	81.9782	-0.0190476
-0.25	-57.4085	-0.0190476
-0.25	151.975	-0.0190476
-0.25	111.598	-0.0190476
-0.25	32.8022	-0.0190476
-0.25	-10.2188	-0.0190476
-0.25	12.1622	-0.0190476
-0.25	-38.8213	-0.0190476
-0.25	-5.9521	-0.0190476
-0.25	-66.3176	-0.0190476
-0.25	-102.79	-0.0190476
-0.25	59.8333	-0.0190476
-0.25	30.4306	-0.0190476
-0.25	7.4514	-0.0190476
-0.25	-119.058	-0.0190476
-0.25	-132.01	-0.0190476
-0.25	114.181	-0.0190476
-0.25	-100.772	-0.0190476
-0.25	-76.1216	-0.0190476
-0.25	132.165	-0.0190476
-0.25	119.501	-0.0190476
-0.25	15.0875	-0.0190476
-0.25	-120.045	-0.0190476
-0.25	-118.453	-0.0190476
-0.25	-8.77153	-0.0190476
-0.25	144.119	-0.0190476
-0.25	-83.3432	-0.0190476
-0.25	-172.981	-0.0190476
-0.25	156.047	-0.0190476
-0.25	173.384	-0.0190476
-0.25	74.6333	-0.0190476
-0.25	23.4743	-0.0190476
-0.25	61.0154	-0.0190476
-0.25	-18.5317	-0.0190476
-0.25	7.02102	-0.0190476
-0.25	-64.5422	-0.0190476
-0.25	114.763	-0.0190476
-0.25	-47.7343	-0.0190476
-0.25	-58.4367	-0.0190476
-0.25	144.66	-0.0190476
-0.25	110.352	-0.0190476
-0.25	135.167	-0.0190476
-0.25	29.3087	-0.0190476
-0.25	137.349	-0.0190476
-0.25	51.2031	-0.0190476
-0.25	-9.91336	-0.0190476
-0.25	27.1264	-0.0190476
-0.25	152.932	-0.0190476
-0.25	148.512	-0.0190476
-0.25	164.796	-0.0190476
-0.25	159.6	-0.0190476
-0.25	157.824	-0.0190476
-0.25	70.6297	-0.0190476
-0.25	-107.219	-0.0190476
-0.25	-32.0268	-0.0190476
-0.25	-74.4349	-0.0190476
-0.25	164.338	-0.0190476
-0.25	126.461	-0.0190476
-0.25	93.9733	-0.0190476
-0.25	-114.215	-0.0190476
-0.25	120.436	-0.0190476
-0.25	11.6736	-0.0190476
-0.25	50.5208	-0.0190476
-0.25	175.57	-0.0190476
-0.25	-79.6942	-0.0190476
-0.25	-141.199	-0.0190476
-0.25	0.771908	-0.0190476
-0.25	19.7172	-0.0190476
-0.25	-35.0457	-0.0190476
-0.25	60.3247	-0.0190476
-0.25	71.2141	-0.0190476
-0.25	20.0826	-0.0190476
-0.25	172.809	-0.0190476
-0.25	25.2833	-0.0190476
-0.25	37.2453	-0.0190476
-0.25	99.879	-0.0190476
-0.25	88.6191	-0.0190476
-0.25	37.1263	-0.0190476
-0.25	28.0719	-0.0190476
-0.25	48.2105	-0.0190476
-0.25	33.0023	-0.0190476
-0.25	82.2863	-0.0190476
-0.25	-131.906	-0.0190476
-0.25	88.6675	-0.0190476
-0.25	132.245	-0.0190476
-0.25	-99.9451	-0.0190476
-0.25	173.613	-0.0190476
-0.25	5.58541	-0.0190476
-0.25	145.39	-0.0190476
-0.25	-179.267	-0.0190476
-0.25	172.639	-0.0190476
-0.25	105.852	-0.0190476
-0.25	-123.49	-0.0190476
-0.25	84.3171	-0.0190476
-0.25	-119.955	-0.0190476
-0.25	119.076	-0.0190476
-0.25	-117.003	-0.0190476
-0.25	146.6	-0.0190476
-0.25	68.1979	-0.0190476
-0.25	-84.2485	-0.0190476
-0.25	90.2634	-0.0190476
-0.25	53.7819	-0.0190476
-0.25	-64.5013	-0.0190476
-0.25	-62.663	-0.0190476
-0.25	-13.6134	-0.0190476
-0.25	51.5708	-0.0190476
-0.25	3.88885	-0.0190476
-0.25	-23.7387	-0.0190476
-0.25	25.7484	-0.0190476
-0.25	-4.09189	-0.0190476
-0.25	43.7216	-0.0190476
-0.25	-148.765	-0.0190476
-0.25	159.174	-0.0190476
-0.25	154.507	-0.0190476
-0.25	-50.3418	-0.0190476
-0.25	-103.722	-0.0190476
-0.25	5.9022	-0.0190476
-0.25	158.539	-0.0190476
-0.25	66.2778	-0.0190476
-0.25	145.672	-0.0190476
-0.25	-78.9639	-0.0190476
-0.25	-88.7063	-0.0190476
-0.25	-128.194	-0.0190476
-0.25	177.924	-0.0190476
-0.25	-84.5552	-0.0190476
-0.25	64.0111	-0.0190476
-0.25	-165.315	-0.0190476
-0.25	115.824	-0.0190476
-0.25	105.454	-0.0190476
-0.25	176.761	-0.0190476
-0.25	60.2386	-0.0190476
-0.25	-146.205	-0.0190476
-0.25	-115.249	-0.0190476
-0.25	-8.02939	-0.0190476
-0.25	-154.402	-0.0190476
-0.25	-95.4931	-0.0190476
-0.25	-121.66	-0.0190476
-0.25	-97.1956	-0.0190476
-0.25	79.7028	-0.0190476
-0.25	59.8885	-0.0190476
-0.25	71.1431	-0.0190476
-0.25	14.8292	-0.0190476
-0.25	143.147	-0.0190476
-0.25	-174.869	-0.0190476
-0.25	118.213	-0.0190476
-0.25	-35.0184	-0.0190476
-0.25	22.7283	-0.0190476
-0.25	134.343	-0.0190476
-0.25	-15.4413	-0.0190476
-0.25	-145.154	-0.0190476
-0.25	-62.5892	-0.0190476
-0.25	151.663	-0.0190476
-0.25	-164.563	-0.0190476
-0.25	-9.85594	-0.0190476
-0.25	176.466	-0.0190476
-0.25	-81.243	-0.0190476
-0.25	-65.0065	-0.0190476
-0.25	170.417	-0.0190476
-0.25	-174.738	-0.0190476
-0.25	-130.582	-0.0190476
-0.25	-68.4424	-0.0190476
-0.25	172.479	-0.0190476
-0.25	-160.371	-0.0190476
-0.25	169.113	-0.0190476
-0.25	61.6794	-0.0190476
-0.25	-94.7787	-0.0190476
-0.25	-15.4085	-0.0190476
-0.25	-58.7297	-0.0190476
-0.25	-7.79899	-0.0190476
-0.25	82.1932	-0.0190476
-0.25	160.006	-0.0190476
-0.25	178.325	-0.0190476
-0.25	75.2089	-0.0190476
-0.25	-73.7131	-0.0190476
-0.25	-81.5891	-0.0190476
-0.25	-15.7529	-0.0190476
-0.25	-92.5799	-0.0190476
-0.25	151.99	-0.0190476
-0.25	133.282	-0.0190476
-0.25	-117.927	-0.0190476
-0.25	-101.203	-0.0190476
-0.25	-53.5454	-0.0190476
-0.25	-42.4087	-0.0190476
-0.25	52.0328	-0.0190476
-0.25	173.194	-0.0190476
-0.25	38.7079	-0.0190476
-0.25	-15.4788	-0.0190476
-0.25	-43.6403	-0.0190476
-0.25	-29.4902	-0.0190476
-0.25	-111.676	-0.0190476
-0.25	82.5646	-0.0190476
-0.25	-109.522	-0.0190476
-0.25	-174.521	-0.0190476
-0.25	147.392	-0.0190476
-0.25	-80.1055	-0.0190476
-0.25	114.51	-0.0190476
-0.25	-136.18	-0.0190476
0.3	-127.114	1
0.3	154.012	1
0.3	-23.5785	1
0.3	-67.6058	1
0.3	-80.528	1
0.3	17.6665	1
0.3	41.5968	1
0.3	-177.771	1
0.3	21.5443	1
0.3	-116.42	1
0.3	137.379	1
0.3	-122.088	1
0.3	53.9588	1
0.3	-19.573	1
0.3	75.5548	1
0.3	58.8415	1
0.3	61.4157	1
0.3	-78.8243	1
0.3	-32.6072	1
0.3	-146.954	1
0.3	83.7085	1
0.3	-134.467	1
0.3	116.841	1
0.3	73.3813	1
0.3	-120.926	1
0.3	34.1366	1
0.3	-150.924	1
0.3	46.2899	1
0.3	36.7329	1
0.3	80.4794	1
0.3	-51.2644	1
0.3	-86.8405	1
0.3	136.704	1
0.3	57.8057	1
0.3	-10.5214	1
0.3	156.372	1
0.3	140.647	1
0.3	150.85	1
0.3	-144.706	1
0.3	-5.27952	1
0.3	130.848	1
0.3	-49.6233	1
0.3	-162.133	1
0.3	57.8647	1
0.3	114.246	1
0.3	-22.8265	1
0.3	145.381	1
0.3	68.9899	1
0.3	5.47054	1
0.3	-74.6952	1
0.3	154.729	1
0.3	25.4777	1
0.3	103.82	1
0.3	49.7022	1
0.3	-76.3945	1
0.3	138.374	1
0.3	-141.432	1
0.3	47.3277	1
0.3	-95.0497	1
0.3	40.7221	1
0.3	-12.9508	1
0.3	-0.99765	1
0.3	134.113	1
0.3	-140.736	1
0.3	177.93	1
0.3	-112.276	1
0.3	-21.9044	1
0.3	-134.25	1
0.3	-72.3864	1
0.3	31.452	1
0.3	162.543	1
0.3	4.39957	1
0.3	-83.4846	1
0.3	129.938	1
0.3	-50.9637	1
0.3	123.214	1
0.3	6.38472	1
0.3	137.304	1
0.3	-6.04041	1
0.3	-61.7393	1
0.3	-122.563	1
0.3	91.5927	1
0.3	26.1564	1
0.3	70.4085	1
0.3	-97.3731	1
0.3	-161.636	1
0.3	33.8457	1
0.3	-55.1848	1
0.3	32.2832	1
0.3	-87.6297	1
0.3	-5.52406	1
0.3	-31.457	1
0.3	-172.17	1
0.3	-55.3018	1
0.3	110.354	1
0.3	0.525556	1
0.3	52.9844	1
0.3	-148.864	1
0.3	-20.2516	1
0.3	-18.0628	1
0.3	24.5685	1
0.3	153.3	1
0.3	-152.462	1
0.3	-81.8492	1
0.3	-143.423	1
0.3	-54.5798	1
0.3	-175.634	1
0.3	116.444	1
0.3	-144.755	1
0.3	-68.8091	1
0.3	129.002	1
0.3	16.1711	1
0.3	-67.2612	1
0.3	-150.953	1
0.3	-40.7393	1
0.3	-74.0146	1
0.3	103.524	1
0.3	133.562	1
0.3	-8.85586	1
0.3	163.634	1
0.3	65.3253	1
0.3	50.7429	1
0.3	-154.274	1
0.3	108.023	1
0.3	-12.6257	1
0.3	143.438	1
0.3	-66.8796	1
0.3	14.9098	1
0.3	-8.69381	1
0.3	-127.368	1
0.3	96.4193	1
0.3	-79.2957	1
0.3	18.4916	1
0.3	83.6991	1
0.3	32.1812	1
0.3	-68.2916	-0.047619
0.3	27.5135	-0.047619
0.3	-154.142	-0.047619
0.3	-149.358	-0.047619
0.3	79.996	-0.047619
0.3	-24.9214	-0.047619
0.3	-131.783	-0.047619
0.3	-41.721	-0.047619
0.3	-126.459	-0.047619
0.3	64.917	-0.047619
0.3	-141.754	-0.047619
0.3	-167.803	-0.047619
0.3	120.247	-0.047619
0.3	99.4605	-0.047619
0.3	-17.1457	-0.047619
0.3	107.061	-0.047619
0.3	-35.2371	-0.047619
0.3	-76.7334	-0.047619
0.3	24.1244	-0.047619
0.3	9.70672	-0.047619
0.3	-167.37	-0.047619
0.3	-62.751	-0.047619
0.3	94.4095	-0.047619
0.3	54.7059	-0.047619
0.3	-14.2414	-0.047619
0.3	174.285	-0.047619
0.3	-20.8327	-0.047619
0.3	88.2426	-0.047619
0.3	-60.4285	-0.047619
0.3	-93.3588	-0.047619
0.3	-61.0362	-0.047619
0.3	-0.761316	-0.047619
0.3	-111.77	-0.047619
0.3	-23.9498	-0.047619
0.3	-57.864	-0.047619
0.3	-52.5866	-0.047619
0.3	-53.7786	-0.047619
0.3	-167.331	-0.047619
0.3	35.84	-0.047619
0.3	5.03471	-0.047619
0.3	-33.7591	-0.047619
0.3	21.5113	-0.047619
0.3	-143.251	-0.047619
0.3	-29.0278	-0.047619
0.3	52.2738	-0.047619
0.3	-106.094	-0.047619
0.3	-146.242	-0.047619
0.3	-129.575	-0.047619
0.3	-92.5482	-0.047619
0.3	-39.6844	-0.047619
0.3	-77.4212	-0.047619
0.3	-36.8481	-0.047619
0.3	40.5206	-0.047619
0.3	127.404	-0.047619
0.3	32.5302	-0.047619
0.3	4.97066	-0.047619
0.3	-81.3226	-0.047619
0.3	-174.386	-0.047619
0.3	160.449	-0.047619
0.3	40.031	-0.047619
0.3	-56.4985	-0.047619
0.3	-109.979	-0.047619
0.3	-6.61986	-0.047619
0.3	-135.074	-0.047619
0.3	73.8195	-0.047619
0.3	-97.3011	-0.047619
0.3	71.1967	-0.047619
0.3	-26.3077	-0.047619
0.3	-33.0118	-0.047619
0.3	-179.036	-0.047619
0.3	178.066	-0.047619
0.3	-178.533	-0.047619
0.3	-82.7063	-0.047619
0.3	-73.09	-0.047619
0.3	20.6749	-0.047619
0.3	125.859	-0.047619
0.3	-175.043	-0.047619
0.3	-38.376	-0.047619
0.3	-35.9131	-0.047619
0.3	-4.84332	-0.047619
0.3	175.254	-0.047619
0.3	154.612	-0.047619
0.3	11.8524	-0.047619
0.3	-162.223	-0.047619
0.3	86.3396	-0.047619
0.3	26.8752	-0.047619
0.3	90.8313	-0.047619
0.3	-148.295	-0.047619
0.3	55.9524	-0.047619
0.3	-5.22382	-0.047619
0.3	-171.533	-0.047619
0.3	-119.936	-0.047619
0.3	90.6385	-0.047619
0.3	-29.3927	-0.047619
0.3	-148.406	-0.047619
0.3	-52.2608	-0.047619
0.3	-29.1575	-0.047619
0.3	-85.8523	-0.047619
0.3	-96.955	-0.047619
0.3	-166.762	-0.047619
0.3	-9.83009	-0.047619
0.3	52.2457	-0.047619
0.3	-12.572	-0.047619
0.3	124.461	-0.047619
0.3	126.004	-0.047619
0.3	53.7544	-0.047619
0.3	-60.7768	-0.047619
0.3	165.21	-0.047619
0.3	-61.3155	-0.047619
0.3	-38.6131	-0.047619
0.3	178.181	-0.047619
0.3	-108.633	-0.047619
0.3	147.499	-0.047619
0.3	-143.184	-0.047619
0.3	145.217	-0.047619
0.3	-96.5391	-0.047619
0.3	-36.9938	-0.047619
0.3	163.35	-0.047619
0.3	121.024	-0.047619
0.3	-152.709	-0.047619
0.3	47.8246	-0.047619
0.3	-178.16	-0.047619
0.3	27.3924	-0.047619
0.3	-32.6903	-0.047619
0.3	107.833	-0.047619
0.3	2.98845	-0.047619
0.3	154.256	-0.047619
0.3	80.2607	-0.047619
0.3	27.706	-0.047619
0.3	-165.516	-0.047619
0.3	-165.279	-0.047619
0.3	173.486	-0.047619
0.3	67.5822	-0.047619
0.3	20.4706	-0.047619
0.3	-18.4864	-0.047619
0.3	23.265	-0.047619
0.3	151.789	-0.047619
0.3	-65.0435	-0.047619
0.3	46.8476	-0.047619
0.3	-179.633	-0.047619
0.3	-122.054	-0.047619
0.3	170.438	-0.047619
-0.25	-44.5152	1
-0.25	-62.2884	1
-0.25	83.6657	1
-0.25	-107.296	1
-0.25	24.2944	1
-0.25	-24.3688	1
-0.25	-159.855	1
-0.25	-61.1377	1
-0.25	18.203	1
-0.25	96.8793	1
-0.25	179.432	1
-0.25	-39.6161	1
-0.25	-159.26	1
-0.25	111.602	1
-0.25	51.7098	1
-0.25	-126.529	1
-0.25	63.6272	1
-0.25	27.0568	1
-0.25	-111.164	1
-0.25	118.792	1
-0.25	-93.0781	1
-0.25	-81.6527	1
-0.25	154.207	1
-0.25	-14.1909	1
-0.25	-132.386	1
-0.25	136.776	1
-0.25	-79.4359	1
-0.25	-19.1244	1
-0.25	-125.149	1
-0.25	30.0227	1
-0.25	-37.2073	1
-0.25	15.8508	1
-0.25	11.7279	1
-0.25	41.0331	1
-0.25	-172.168	1
-0.25	-86.8716	1
-0.25	12.3384	1
-0.25	58.7592	1
-0.25	-121.177	1
-0.25	22.4146	1
-0.25	-100.439	1
-0.25	-77.4658	1
-0.25	-62.6607	1
-0.25	-149.322	1
-0.25	-139.587	1
-0.25	-129.945	1
-0.25	125.401	1
-0.25	51.9544	1
-0.25	-62.9413	1
-0.25	83.4916	1
-0.25	50.5796	1
-0.25	163.436	1
-0.25	-57.5647	1
-0.25	107.712	1
-0.25	12.098	1
-0.25	-123.477	1
-0.25	-118.254	1
-0.25	169.622	1
-0.25	48.9817	1
-0.25	-175.087	1
-0.25	-133.824	1
-0.25	27.5219	1
-0.25	-26.2641	1
-0.25	-75.8586	1
-0.25	-100.188	1
-0.25	160.542	1
-0.25	11.4327	1
-0.25	163.61	1
-0.25	-167.863	1
-0.25	-33.7993	1
-0.25	125.276	1
-0.25	-63.9069	1
-0.25	-155.731	1
-0.25	-36.0267	1
-0.25	-22.8251	1
-0.25	-125.542	1
-0.25	77.3679	1
-0.25	109.381	1
-0.25	168.782	1
-0.25	55.3039	1
-0.25	-122.189	1
-0.25	157.155	1
-0.25	148.618	1
-0.25	90.0833	1
-0.25	11.0136	1
-0.25	37.2798	1
-0.25	118.391	1
-0.25	-9.46384	1
-0.25	169.704	1
-0.25	34.4614	1
-0.25	142.193	1
-0.25	-124.181	1
-0.25	118.644	1
-0.25	48.9511	1
-0.25	-138.761	1
-0.25	-45.6913	1
-0.25	104.01	1
-0.25	30.0523	1
-0.25	106.874	1
-0.25	105.506	1
-0.25	-166.517	1
-0.25	80.201	1
-0.25	72.7978	1
-0.25	-21.3983	1
-0.25	-87.1212	1
-0.25	-1.48482	1
-0.25	21.8305	1
-0.25	162.987	1
-0.25	-84.9635	-0.047619
-0.25	13.4233	-0.047619
-0.25	122.46	-0.047619
-0.25	174.827	-0.047619
-0.25	-74.1194	-0.047619
-0.25	-101.927	-0.047619
-0.25	-108.149	-0.047619
-0.25	-97.2654	-0.047619
-0.25	106.491	-0.047619
-0.25	-173.129	-0.047619
-0.25	-77.1903	-0.047619
-0.25	36.4598	-0.047619
-0.25	-179.818	-0.047619
-0.25	-15.7204	-0.047619
-0.25	-154.754	-0.047619
-0.25	8.31379	-0.047619
-0.25	-112.576	-0.047619
-0.25	155.781	-0.047619
-0.25	85.1137	-0.047619
-0.25	99.4181	-0.047619
-0.25	47.8426	-0.047619
-0.25	145.101	-0.047619
-0.25	64.0015	-0.047619
-0.25	9.47522	-0.047619
-0.25	173.044	-0.047619
-0.25	-101.546	-0.047619
-0.25	150.272	-0.047619
-0.25	-28.3248	-0.047619
-0.25	-37.911	-0.047619
-0.25	72.8936	-0.047619
-0.25	-32.6597	-0.047619
-0.25	-66.6662	-0.047619
-0.25	12.6486	-0.047619
-0.25	61.9736	-0.047619
-0.25	-133.323	-0.047619
-0.25	166.159	-0.047619
-0.25	-50.3498	-0.047619
-0.25	13.1362	-0.047619
-0.25	138.29	-0.047619
-0.25	148.747	-0.047619
-0.25	-21.8835	-0.047619
-0.25	10.1904	-0.047619
-0.25	-55.7716	-0.047619
-0.25	117.251	-0.047619
-0.25	-91.9525	-0.047619
-0.25	135.171	-0.047619
-0.25	138.664	-0.047619
-0.25	-105.559	-0.047619
-0.25	-142.684	-0.047619
-0.25	22.62	-0.047619
-0.25	176.579	-0.047619
-0.25	-120.873	-0.047619
-0.25	-7.78866	-0.047619
-0.25	-73.5124	-0.047619
-0.25	51.1636	-0.047619
-0.25	-0.469237	-0.047619
-0.25	86.366	-0.047619
-0.25	59.1088	-0.047619
-0.25	-167.058	-0.047619
-0.25	71.9217	-0.047619
-0.25	-128.841	-0.047619
-0.25	138.375	-0.047619
-0.25	-157.104	-0.047619
-0.25	-91.9529	-0.047619
-0.25	119.512	-0.047619
-0.25	54.5983	-0.047619
-0.25	-165.267	-0.047619
-0.25	164.714	-0.047619
-0.25	-144.615	-0.047619
-0.25	-64.5808	-0.047619
-0.25	-65.0613	-0.047619
-0.25	142.148	-0.047619
-0.25	-175.509	-0.047619
-0.25	-38.03	-0.047619
-0.25	-171.218	-0.047619
-0.25	-65.3023	-0.047619
-0.25	120.713	-0.047619
-0.25	102.421	-0.047619
-0.25	-0.856173	-0.047619
-0.25	41.6589	-0.047619
-0.25	-53.408	-0.047619
-0.25	-88.5367	-0.047619
-0.25	28.6954	-0.047619
-0.25	114.571	-0.047619
-0.25	37.7357	-0.047619
-0.25	-96.1515	-0.047619
-0.25	63.8947	-0.047619
-0.25	-39.325	-0.047619
-0.25	-102.072	-0.047619
-0.25	45.0786	-0.047619
-0.25	7.3885	-0.047619
-0.25	9.19257	-0.047619
-0.25	46.1988	-0.047619
-0.25	-73.1006	-0.047619
-0.25	-140.353	-0.047619
-0.25	-20.3545	-0.047619
-0.25	92.3091	-0.047619
-0.25	-2.52456	-0.047619
-0.25	162.69	-0.047619
-0.25	-134.714	-0.047619
-0.25	-48.8137	-0.047619
-0.25	-73.9986	-0.047619
-0.25	-139.693	-0.047619
-0.25	-43.8026	-0.047619
-0.25	-23.3076	-0.047619
-0.25	151.092	-0.047619
-0.25	66.8045	-0.047619
-0.25	162.619	-0.047619
-0.25	-77.5194	-0.047619
-0.25	133.715	-0.047619
-0.25	2.90319	-0.047619
-0.25	25.0878	-0.047619
-0.25	-109.989	-0.047619
-0.25	167.284	-0.047619
0.3	-23.3716	1
0.3	-155.962	1
0.3	153.948	1
0.3	-95.3455	1
0.3	-118.431	1
0.3	139.098	1
0.3	25.0083	1
0.3	-82.6047	1
0.3	93.6807	1
0.3	-170.036	1
0.3	-173.15	1
0.3	154.949	1
0.3	-33.4077	1
0.3	-101.37	1
0.3	-65.2732	1
0.3	-93.6841	1
0.3	-64.3667	1
0.3	-169.093	1
0.3	-115.125	1
0.3	-160.188	1
0.3	-120.836	1
0.3	-58.0118	1
0.3	37.7484	1
0.3	-50.755	1
0.3	-35.5802	1
0.3	-159.005	1
0.3	-111.785	1
0.3	55.8641	1
0.3	-101.515	1
0.3	42.2614	1
0.3	11.9224	1
0.3	121.39	1
0.3	62.8773	1
0.3	-94.4961	1
0.3	22.4096	1
0.3	165.118	1
0.3	-55.9202	1
0.3	37.9106	1
0.3	118.808	1
0.3	39.0745	1
0.3	169.04	1
0.3	-135.003	1
0.3	-57.4177	1
0.3	-79.6014	1
0.3	-68.8669	1
0.3	17.0371	1
0.3	-71.3361	1
0.3	43.1571	1
0.3	-103.696	1
0.3	86.0337	1
0.3	-167.026	1
0.3	159.77	1
0.3	27.5297	1
0.3	90.9053	1
0.3	-129.639	1
0.3	-117.057	1
0.3	21.3557	1
0.3	85.8426	1
0.3	-114.162	1
0.3	121.817	1
0.3	7.83847	1
0.3	-34.1509	1
0.3	-108.011	1
0.3	153.035	1
0.3	-129.781	1
0.3	136.399	1
0.3	-10.1243	1
0.3	-33.4876	1
0.3	61.2196	1
0.3	168.326	1
0.3	177.855	1
0.3	-109.971	1
0.3	-121.837	1
0.3	-128.744	1
0.3	-107.774	1
0.3	-21.304	1
0.3	150.541	1
0.3	100.331	1
0.3	67.3528	1
0.3	-35.2989	1
0.3	-56.7798	1
0.3	26.0065	1
0.3	-39.7934	1
0.3	126.179	1
0.3	44.7705	1
0.3	128.637	1
0.3	-42.5196	1
0.3	-53.8231	1
0.3	-155.611	1
0.3	-91.3641	1
0.3	-40.8291	1
0.3	15.2756	1
0.3	113.085	1
0.3	104.818	1
0.3	-9.38899	1
0.3	-79.6833	1
0.3	-82.8207	1
0.3	118.756	1
0.3	49.2755	1
0.3	111.17	1
0.3	60.5652	1
0.3	108.785	1
0.3	-10.0832	1
0.3	135.128	1
0.3	-57.1656	1
0.3	-17.867	1
0.3	172.174	1
0.3	137.521	1
0.3	25.3906	1
0.3	15.9344	1
0.3	-160.038	1
0.3	-10.7157	1
0.3	114.694	1
0.3	-101.933	1
0.3	139.473	1
0.3	-114.387	1
0.3	-152.555	1
0.3	3.98478	1
0.3	132.844	1
0.3	178.499	1
0.3	-87.2091	1
0.3	-85.9762	1
0.3	-100.994	1
0.3	74.3502	1
0.3	114.513	1
0.3	-36.4059	1
0.3	16.5937	1
0.3	62.1915	1
0.3	71.2135	1
0.3	31.8415	1
0.3	-123.943	1
0.3	-10.3915	1
0.3	95.0751	1
0.3	11.3981	1
0.3	89.6242	1
0.3	-139.698	-0.0666667
0.3	21.0809	-0.0666667
0.3	-120.492	-0.0666667
0.3	82.1246	-0.0666667
0.3	61.6102	-0.0666667
0.3	31.2103	-0.0666667
0.3	-135.756	-0.0666667
0.3	21.1037	-0.0666667
0.3	27.2881	-0.0666667
0.3	-81.6731	-0.0666667
0.3	-141.076	-0.0666667
0.3	-145.937	-0.0666667
0.3	97.3989	-0.0666667
0.3	-4.49573	-0.0666667
0.3	-166.151	-0.0666667
0.3	122.144	-0.0666667
0.3	170.709	-0.0666667
0.3	63.6734	-0.0666667
0.3	-109.784	-0.0666667
0.3	122.175	-0.0666667
0.3	-119.141	-0.0666667
0.3	-61.6156	-0.0666667
0.3	-129.624	-0.0666667
0.3	67.6863	-0.0666667
0.3	28.7734	-0.0666667
0.3	129.346	-0.0666667
0.3	-84.838	-0.0666667
0.3	-111.157	-0.0666667
0.3	153.404	-0.0666667
0.3	63.6475	-0.0666667
0.3	-97.9454	-0.0666667
0.3	170.912	-0.0666667
0.3	-114.974	-0.0666667
0.3	-104.174	-0.0666667
0.3	173.27	-0.0666667
0.3	139.441	-0.0666667
0.3	-58.5498	-0.0666667
0.3	1.09766	-0.0666667
0.3	102.154	-0.0666667
0.3	8.57759	-0.0666667
0.3	13.0547	-0.0666667
0.3	-80.1873	-0.0666667
0.3	-80.2094	-0.0666667
0.3	4.12997	-0.0666667
0.3	58.4828	-0.0666667
0.3	79.6054	-0.0666667
0.3	-38.8695	-0.0666667
0.3	126.532	-0.0666667
0.3	88.3676	-0.0666667
0.3	-86.3092	-0.0666667
0.3	-112.56	-0.0666667
0.3	17.0671	-0.0666667
0.3	161.511	-0.0666667
0.3	-151.082	-0.0666667
0.3	-165.429	-0.0666667
0.3	58.5732	-0.0666667
0.3	-130.705	-0.0666667
0.3	-137.415	-0.0666667
0.3	-68.5033	-0.0666667
0.3	54.897	-0.0666667
0.3	-81.66	-0.0666667
0.3	-142.334	-0.0666667
0.3	-166.706	-0.0666667
0.3	57.3062	-0.0666667
0.3	106.753	-0.0666667
0.3	-119.218	-0.0666667
0.3	115.277	-0.0666667
0.3	35.3164	-0.0666667
0.3	136.728	-0.0666667
0.3	-67.9337	-0.0666667
0.3	-128.221	-0.0666667
0.3	152.642	-0.0666667
0.3	13.3594	-0.0666667
0.3	-132.076	-0.0666667
0.3	-145.104	-0.0666667
0.3	-154.323	-0.0666667
0.3	49.6184	-0.0666667
0.3	-163.098	-0.0666667
0.3	157.223	-0.0666667
0.3	-17.1277	-0.0666667
0.3	-95.7973	-0.0666667
0.3	125.902	-0.0666667
0.3	147.024	-0.0666667
0.3	-116.698	-0.0666667
0.3	128.202	-0.0666667
0.3	56.3661	-0.0666667
0.3	165.976	-0.0666667
0.3	131.819	-0.0666667
0.3	53.4058	-0.0666667
0.3	-70.798	-0.0666667
0.3	-81.1554	-0.0666667
0.3	-25.1265	-0.0666667
0.3	-35.5095	-0.0666667
0.3	-152.871	-0.0666667
0.3	-135.329	-0.0666667
0.3	-150.123	-0.0666667
0.3	-25.1494	-0.0666667
0.3	-133.538	-0.0666667
0.3	147.339	-0.0666667
0.3	-102.299	-0.0666667
0.3	19.5173	-0.0666667
0.3	-34.546	-0.0666667
-0.25	62.2907	1
-0.25	-81.4271	1
-0.25	45.9286	1
-0.25	76.7794	1
-0.25	-74.8076	1
-0.25	34.6921	1
-0.25	-134.557	1
-0.25	24.0185	1
-0.25	84.1615	1
-0.25	-95.3862	1
-0.25	-154.235	1
-0.25	-148.787	1
-0.25	148.668	1
-0.25	147.455	1
-0.25	-176.459	1
-0.25	164.05	1
-0.25	93.6931	1
-0.25	-6.554	1
-0.25	166.858	1
-0.25	25.83	1
-0.25	144.994	1
-0.25	-127.508	1
-0.25	-39.3389	1
-0.25	83.7212	1
-0.25	-171.064	1
-0.25	-22.8015	1
-0.25	-156.723	1
-0.25	-51.6873	1
-0.25	-49.2526	1
-0.25	22.0705	1
-0.25	-179.835	1
-0.25	26.1147	1
-0.25	113.579	1
-0.25	-23.9506	1
-0.25	-54.3388	1
-0.25	-144.955	1
-0.25	-170.734	1
-0.25	-124.167	1
-0.25	-105.972	1
-0.25	147.168	1
-0.25	-161.673	1
-0.25	-83.9165	1
-0.25	75.421	1
-0.25	39.6221	1
-0.25	60.3726	1
-0.25	-134.975	1
-0.25	-35.2732	1
-0.25	142.751	1
-0.25	56.3462	1
-0.25	-24.5207	1
-0.25	71.4216	1
-0.25	-89.7959	1
-0.25	164.797	1
-0.25	-121.916	1
-0.25	85.3385	1
-0.25	-57.8226	1
-0.25	68.6154	1
-0.25	153.974	1
-0.25	-136.379	1
-0.25	164.051	1
-0.25	-154.633	1
-0.25	-0.321069	1
-0.25	-58.2869	1
-0.25	166.028	1
-0.25	24.054	1
-0.25	158.56	1
-0.25	-152.866	1
-0.25	148.03	1
-0.25	111.987	1
-0.25	47.4452	1
-0.25	163.858	1
-0.25	14.8693	1
-0.25	128.662	1
-0.25	-10.2808	1
-0.25	169.292	1
-0.25	100.232	1
-0.25	-157.447	1
-0.25	-102.182	1
-0.25	-145.324	1
-0.25	-25.7576	1
-0.25	147.943	1
-0.25	156.651	1
-0.25	102.115	1
-0.25	107.878	1
-0.25	77.7895	1
-0.25	-134.488	1
-0.25	-119.897	1
-0.25	142.506	1
-0.25	-113.849	1
-0.25	-143.53	1
-0.25	-22.6139	1
-0.25	65.7461	1
-0.25	117.5	1
-0.25	51.3848	1
-0.25	-105.706	1
-0.25	-175.115	1
-0.25	35.8117	1
-0.25	-2.96657	1
-0.25	-51.5125	1
-0.25	-164.631	1
-0.25	-123.572	1
-0.25	-106.06	1
-0.25	121.461	1
-0.25	-9.43252	1
-0.25	9.16701	1
-0.25	-146.672	1
-0.25	126.627	1
-0.25	41.3533	1
-0.25	-109.569	-0.0666667
-0.25	72.9025	-0.0666667
-0.25	-24.905	-0.0666667
-0.25	-15.8112	-0.0666667
-0.25	35.4649	-0.0666667
-0.25	164.274	-0.0666667
-0.25	108.655	-0.0666667
-0.25	-116.449	-0.0666667
-0.25	92.8959	-0.0666667
-0.25	91.0796	-0.0666667
-0.25	29.9989	-0.0666667
-0.25	9.33618	-0.0666667
-0.25	-10.3756	-0.0666667
-0.25	118.306	-0.0666667
-0.25	-93.625	-0.0666667
-0.25	38.6166	-0.0666667
-0.25	-18.7621	-0.0666667
-0.25	41.2343	-0.0666667
-0.25	-170.818	-0.0666667
-0.25	-123.341	-0.0666667
-0.25	118.81	-0.0666667
-0.25	127.845	-0.0666667
-0.25	49.2412	-0.0666667
-0.25	-101.143	-0.0666667
-0.25	-79.6258	-0.0666667
-0.25	160.255	-0.0666667
-0.25	80.0599	-0.0666667
-0.25	-166.724	-0.0666667
-0.25	-101.377	-0.0666667
-0.25	33.8387	-0.0666667
-0.25	58.0192	-0.0666667
-0.25	-21.5524	-0.0666667
-0.25	104.969	-0.0666667
-0.25	-45.6949	-0.0666667
-0.25	34.1639	-0.0666667
-0.25	-16.2251	-0.0666667
-0.25	-101.618	-0.0666667
-0.25	-139.889	-0.0666667
-0.25	112.754	-0.0666667
-0.25	43.5283	-0.0666667
-0.25	97.9634	-0.0666667
-0.25	-29.8011	-0.0666667
-0.25	-20.9601	-0.0666667
-0.25	-10.7997	-0.0666667
-0.25	-79.3905	-0.0666667
-0.25	18.371	-0.0666667
-0.25	126.577	-0.0666667
-0.25	-171.97	-0.0666667
-0.25	-175.176	-0.0666667
-0.25	-90.0592	-0.0666667
-0.25	64.6288	-0.0666667
-0.25	-29.107	-0.0666667
-0.25	17.7735	-0.0666667
-0.25	29.6769	-0.0666667
-0.25	-122.377	-0.0666667
-0.25	-1.42545	-0.0666667
-0.25	49.8692	-0.0666667
-0.25	-37.7941	-0.0666667
-0.25	-141.477	-0.0666667
-0.25	93.2057	-0.0666667
-0.25	-10.7938	-0.0666667
-0.25	-54.1011	-0.0666667
-0.25	-172.907	-0.0666667
-0.25	117.689	-0.0666667
-0.25	-110.042	-0.0666667
-0.25	48.3417	-0.0666667
-0.25	116.057	-0.0666667
-0.25	92.279	-0.0666667
-0.25	-172.678	-0.0666667
-0.25	-172.702	-0.0666667
-0.25	143.399	-0.0666667
-0.25	118.448	-0.0666667
-0.25	-160.097	-0.0666667
-0.25	-162.06	-0.0666667
-0.25	117.936	-0.0666667
-0.25	-78.2659	-0.0666667
-0.25	-38.1074	-0.0666667
-0.25	20.7906	-0.0666667
-0.25	-62.9617	-0.0666667
-0.25	43.7642	-0.0666667
-0.25	92.0123	-0.0666667
0.3	88.4751	1
0.3	116.671	1
0.3	154.438	1
0.3	52.3587	1
0.3	97.9306	1
0.3	-126.452	1
0.3	-38.8543	1
0.3	91.2317	1
0.3	-62.7883	1
0.3	36.7339	1
0.3	15.4356	1
0.3	-126.833	1
0.3	15.4783	1
0.3	-64.5681	1
0.3	164.806	1
0.3	137.571	1
0.3	-10.4866	1
0.3	5.28626	1
0.3	1.72325	1
0.3	-63.3597	1
0.3	86.7324	1
0.3	78.4538	1
0.3	-100.687	1
0.3	-28.226	1
0.3	-86.5752	1
0.3	35.2585	1
0.3	123.504	1
0.3	-93.0599	1
0.3	51.7232	1
0.3	-27.9834	1
0.3	-107.279	1
0.3	96.3787	1
0.3	-45.0246	1
0.3	21.8855	1
0.3	-71.2078	1
0.3	-18.8838	1
0.3	22.2168	1
0.3	-62.505	1
0.3	-23.0934	1
0.3	-97.2347	1
0.3	-168.208	1
0.3	-1.39085	1
0.3	160.343	1
0.3	-28.9159	1
0.3	12.4793	1
0.3	-75.0741	1
0.3	-98.872	1
0.3	-167.326	1
0.3	81.3872	1
0.3	-71.4316	1
0.3	141.024	1
0.3	-171.625	1
0.3	175.83	1
0.3	31.2923	1
0.3	-153.926	1
0.3	56.468	1
0.3	153.006	1
0.3	-67.7129	1
0.3	133.273	1
0.3	-112.442	1
0.3	-99.1564	1
0.3	-116.542	1
0.3	-133.9	1
0.3	3.05965	1
0.3	-87.48	1
0.3	-37.4749	1
0.3	8.90105	1
0.3	-74.9219	1
0.3	110.119	1
0.3	-53.0655	1
0.3	111.971	1
0.3	-145.712	1
0.3	80.2039	1
0.3	-100.567	1
0.3	134.194	1
0.3	115.115	1
0.3	-141.939	1
0.3	-13.8459	1
0.3	166.889	1
0.3	-98.0988	1
0.3	80.4113	1
0.3	175.633	1
0.3	-66.7668	1
0.3	145.557	1
0.3	-69.2351	1
0.3	-162.707	1
0.3	-26.6236	1
0.3	-159.91	1
0.3	110.206	1
0.3	-155.334	1
0.3	-31.926	1
0.3	34.8635	1
0.3	65.4213	1
0.3	43.2749	1
0.3	-108.43	1
0.3	77.1026	1
0.3	45.0557	1
0.3	175.976	1
0.3	-63.7172	1
0.3	177.073	1
0.3	-84.8041	1
0.3	-107.306	1
0.3	59.9983	1
0.3	-157.636	1
0.3	-54.2179	1
0.3	173.893	1
0.3	-96.0409	1
0.3	115.88	1
0.3	-74.0135	1
0.3	22.2037	1
0.3	144.612	1
0.3	112.213	1
0.3	151.652	1
0.3	164.285	1
0.3	130.438	1
0.3	167.776	1
0.3	68.7598	1
0.3	124.135	1
0.3	108.839	1
0.3	72.55	1
0.3	-48.3738	1
0.3	-16.2969	1
0.3	-65.5869	1
0.3	82.5921	1
0.3	31.7446	1
0.3	-143.974	1
0.3	-35.725	1
0.3	-88.9489	1
0.3	-81.8336	1
0.3	44.4348	1
0.3	38.3559	1
0.3	-19.3695	1
0.3	78.7098	1
0.3	110.575	1
0.3	-78.4952	1
0.3	-78.5763	-0.0285714
0.3	-162.738	-0.0285714
0.3	-55.4396	-0.0285714
0.3	-33.859	-0.0285714
0.3	-17.5109	-0.0285714
0.3	98.5989	-0.0285714
0.3	60.7822	-0.0285714
0.3	-167.705	-0.0285714
0.3	79.1014	-0.0285714
0.3	-52.8534	-0.0285714
0.3	-85.8938	-0.0285714
0.3	113.606	-0.0285714
0.3	124.559	-0.0285714
0.3	-87.6762	-0.0285714
0.3	-97.8624	-0.0285714
0.3	42.9943	-0.0285714
0.3	-126.373	-0.0285714
0.3	-44.4201	-0.0285714
0.3	176.828	-0.0285714
0.3	-170.349	-0.0285714
0.3	-149.096	-0.0285714
0.3	10.1393	-0.0285714
0.3	-11.7282	-0.0285714
0.3	-105.014	-0.0285714
0.3	-38.8048	-0.0285714
0.3	168.711	-0.0285714
0.3	-177.847	-0.0285714
0.3	128.825	-0.0285714
0.3	133.514	-0.0285714
0.3	-58.548	-0.0285714
0.3	158.824	-0.0285714
0.3	-153.9	-0.0285714
0.3	127.106	-0.0285714
0.3	84.7933	-0.0285714
0.3	-16.0128	-0.0285714
0.3	122.673	-0.0285714
0.3	-94.4301	-0.0285714
0.3	-120.698	-0.0285714
0.3	-95.9952	-0.0285714
0.3	66.4259	-0.0285714
0.3	113.837	-0.0285714
0.3	69.8011	-0.0285714
0.3	-135.533	-0.0285714
0.3	149.791	-0.0285714
0.3	156.331	-0.0285714
0.3	-43.4381	-0.0285714
0.3	139.435	-0.0285714
0.3	83.1387	-0.0285714
0.3	-36.3689	-0.0285714
0.3	6.22237	-0.0285714
0.3	23.8016	-0.0285714
0.3	94.362	-0.0285714
0.3	104.864	-0.0285714
0.3	80.5906	-0.0285714
0.3	16.4251	-0.0285714
0.3	123.899	-0.0285714
0.3	40.4049	-0.0285714
0.3	-3.59671	-0.0285714
0.3	-14.4464	-0.0285714
0.3	3.27541	-0.0285714
0.3	-138.158	-0.0285714
0.3	142.504	-0.0285714
0.3	23.8722	-0.0285714
0.3	-22.5695	-0.0285714
0.3	-103.448	-0.0285714
0.3	141.42	-0.0285714
0.3	132.68	-0.0285714
0.3	-49.1186	-0.0285714
0.3	-47.3758	-0.0285714
0.3	31.0067	-0.0285714
0.3	-28.9685	-0.0285714
0.3	152.341	-0.0285714
0.3	81.8538	-0.0285714
0.3	-24.343	-0.0285714
0.3	68.7674	-0.0285714
0.3	-45.204	-0.0285714
0.3	-105.248	-0.0285714
0.3	158.775	-0.0285714
0.3	155.772	-0.0285714
0.3	-163.639	-0.0285714
0.3	39.775	-0.0285714
0.3	50.8962	-0.0285714
0.3	90.6202	-0.0285714
0.3	-135.482	-0.0285714
0.3	-134.792	-0.0285714
0.3	-149.551	-0.0285714
0.3	-61.7808	-0.0285714
0.3	89.9433	-0.0285714
0.3	92.7627	-0.0285714
0.3	-140.007	-0.0285714
0.3	-65.1341	-0.0285714
0.3	-178.273	-0.0285714
0.3	-22.6502	-0.0285714
0.3	169.573	-0.0285714
0.3	-49.08	-0.0285714
0.3	-73.9376	-0.0285714
0.3	3.00354	-0.0285714
0.3	-108.373	-0.0285714
0.3	-11.4385	-0.0285714
0.3	77.5661	-0.0285714
0.3	24.6887	-0.0285714
0.3	-152.724	-0.0285714
0.3	52.4835	-0.0285714
0.3	-38.6802	-0.0285714
0.3	-140.506	-0.0285714
0.3	-131.759	-0.0285714
0.3	67.8287	-0.0285714
0.3	-147.144	-0.0285714
0.3	36.9106	-0.0285714
0.3	-30.0818	-0.0285714
0.3	141.017	-0.0285714
0.3	-99.4402	-0.0285714
0.3	-135.003	-0.0285714
0.3	150.074	-0.0285714
0.3	32.1977	-0.0285714
0.3	-146.898	-0.0285714
0.3	-19.1374	-0.0285714
0.3	-21.333	-0.0285714
0.3	-137.014	-0.0285714
0.3	84.6688	-0.0285714
0.3	30.6246	-0.0285714
0.3	151.302	-0.0285714
0.3	-132.113	-0.0285714
0.3	35.3856	-0.0285714
0.3	88.1717	-0.0285714
0.3	-166.931	-0.0285714
0.3	-76.5337	-0.0285714
0.3	-139.115	-0.0285714
0.3	-169.005	-0.0285714
0.3	-33.7554	-0.0285714
0.3	-112.659	-0.0285714
0.3	-8.40157	-0.0285714
0.3	133.265	-0.0285714
0.3	47.2898	-0.0285714
0.3	100.006	-0.0285714
0.3	-65.2165	-0.0285714
0.3	112.724	-0.0285714
0.3	-38.9969	-0.0285714
0.3	-51.6909	-0.0285714
0.3	-128.801	-0.0285714
0.3	-175.94	-0.0285714
0.3	-133.706	-0.0285714
0.3	32.3181	-0.0285714
0.3	79.6685	-0.0285714
0.3	-78.267	-0.0285714
0.3	45.1905	-0.0285714
0.3	42.8094	-0.0285714
0.3	159.816	-0.0285714
0.3	80.7156	-0.0285714
0.3	125.297	-0.0285714
0.3	30.2246	-0.0285714
0.3	13.0536	-0.0285714
0.3	68.717	-0.0285714
0.3	-141.462	-0.0285714
0.3	165.117	-0.0285714
0.3	-120.555	-0.0285714
0.3	-29.3869	-0.0285714
0.3	161.136	-0.0285714
0.3	-154.266	-0.0285714
0.3	40.9334	-0.0285714
0.3	159.741	-0.0285714
0.3	4.25544	-0.0285714
0.3	-159.829	-0.0285714
0.3	-113.179	-0.0285714
0.3	-45.5579	-0.0285714
0.3	73.9359	-0.0285714
0.3	2.69137	-0.0285714
0.3	-116.098	-0.0285714
0.3	100.143	-0.0285714
0.3	-66.8662	-0.0285714
0.3	71.3077	-0.0285714
0.3	-179.319	-0.0285714
0.3	38.0227	-0.0285714
0.3	-84.7017	-0.0285714
0.3	112.179	-0.0285714
0.3	44.3379	-0.0285714
0.3	154.953	-0.0285714
0.3	-12.5999	-0.0285714
0.3	23.8572	-0.0285714
0.3	167.595	-0.0285714
0.3	4.32813	-0.0285714
0.3	145.163	-0.0285714
0.3	178.679	-0.0285714
0.3	-50.7332	-0.0285714
0.3	43.134	-0.0285714
0.3	-70.1841	-0.0285714
0.3	-67.3028	-0.0285714
0.3	-69.4162	-0.0285714
0.3	133.312	-0.0285714
0.3	-94.4838	-0.0285714
0.3	148.355	-0.0285714
0.3	-129.342	-0.0285714
0.3	15.1317	-0.0285714
0.3	-30.9678	-0.0285714
0.3	108.799	-0.0285714
0.3	161.774	-0.0285714
0.3	-73.5201	-0.0285714
0.3	26.9234	-0.0285714
0.3	-73.0918	-0.0285714
0.3	125.401	-0.0285714
0.3	46.3058	-0.0285714
0.3	16.9006	-0.0285714
0.3	-149.586	-0.0285714
0.3	-157.785	-0.0285714
0.3	37.2944	-0.0285714
0.3	-18.4686	-0.0285714
0.3	70.1846	-0.0285714
0.3	-6.64003	-0.0285714
0.3	3.19274	-0.0285714
0.3	99.9696	-0.0285714
0.3	-130.479	-0.0285714
0.3	56.9783	-0.0285714
0.3	13.6191	-0.0285714
0.3	-108.623	-0.0285714
0.3	104.185	-0.0285714
0.3	175.411	-0.0285714
0.3	-94.1125	-0.0285714
0.3	130.16	-0.0285714
0.3	-84.9927	-0.0285714
0.3	168.724	-0.0285714
0.3	75.8432	-0.0285714
0.3	45.8985	-0.0285714
0.3	-40.7253	-0.0285714
0.3	-118.825	-0.0285714
0.3	-33.4133	-0.0285714
0.3	170.857	-0.0285714
0.3	13.1139	-0.0285714
0.3	-109.054	-0.0285714
0.3	-24.7427	-0.0285714
0.3	70.5428	-0.0285714
0.3	12.7572	-0.0285714
0.3	-82.1788	-0.0285714
0.3	-163.167	-0.0285714
0.3	170.115	-0.0285714
0.3	-131.447	-0.0285714
0.3	171.624	-0.0285714
0.3	108.095	-0.0285714
0.3	-141.289	-0.0285714
-0.25	-162.494	1
-0.25	-126.508	1
-0.25	74.1024	1
-0.25	139.418	1
-0.25	6.74456	1
-0.25	116.491	1
-0.25	24.4199	1
-0.25	-156.196	1
-0.25	-143.756	1
-0.25	70.3089	1
-0.25	-103.497	1
-0.25	55.5744	1
-0.25	-73.9831	1
-0.25	138.162	1
-0.25	-112.959	1
-0.25	175.297	1
-0.25	-136.071	1
-0.25	69.3068	1
-0.25	-127.729	1
-0.25	171.913	1
-0.25	73.117	1
-0.25	-43.0473	1
-0.25	138.169	1
-0.25	-150.617	1
-0.25	-166.423	1
-0.25	83.2457	1
-0.25	-135.535	1
-0.25	-165.188	1
-0.25	61.0843	1
-0.25	-21.3635	1
-0.25	101.229	1
-0.25	-95.8962	1
-0.25	-26.82	1
-0.25	-151.263	1
-0.25	-152.854	1
-0.25	-146.692	1
-0.25	30.5226	1
-0.25	22.2007	1
-0.25	-102.836	1
-0.25	85.0713	1
-0.25	-111.355	1
-0.25	37.7496	1
-0.25	-107.257	1
-0.25	168.558	1
-0.25	4.69579	1
-0.25	-144.327	1
-0.25	-26.2451	1
-0.25	-73.7943	1
-0.25	-164.604	1
-0.25	-85.5574	1
-0.25	-159.095	1
-0.25	15.6468	1
-0.25	42.6103	1
-0.25	-52.5195	1
-0.25	161.229	1
-0.25	131.757	1
-0.25	-135.985	1
-0.25	117.391	1
-0.25	-110.489	1
-0.25	58.0869	1
-0.25	-173.916	1
-0.25	125.698	1
-0.25	58.7038	1
-0.25	84.3841	1
-0.25	-95.969	1
-0.25	-36.4775	1
-0.25	-172.499	1
-0.25	53.2871	1
-0.25	-6.41553	1
-0.25	51.385	1
-0.25	-167.384	1
-0.25	30.9219	1
-0.25	-22.0238	1
-0.25	104.002	1
-0.25	-134.614	1
-0.25	122.337	1
-0.25	-174.551	1
-0.25	77.2239	1
-0.25	166.857	1
-0.25	-58.4556	1
-0.25	-34.9866	1
-0.25	128.306	1
-0.25	-55.0684	1
-0.25	10.0646	1
-0.25	-85.9482	1
-0.25	121.152	1
-0.25	-112.272	1
-0.25	118.952	1
-0.25	65.2862	1
-0.25	-21.2826	1
-0.25	52.6279	1
-0.25	111.947	1
-0.25	162.283	1
-0.25	25.2735	1
-0.25	-100.749	1
-0.25	58.2851	1
-0.25	-122.213	1
-0.25	-100.635	1
-0.25	-116.929	1
-0.25	96.5632	1
-0.25	-169.125	1
-0.25	-56.1869	1
-0.25	-131.99	1
-0.25	6.3319	1
-0.25	137.355	1
-0.25	66.6651	1
-0.25	-86.7333	1
-0.25	-73.7869	1
-0.25	-85.8339	-0.0285714
-0.25	138.578	-0.0285714
-0.25	161.727	-0.0285714
-0.25	48.7709	-0.0285714
-0.25	130.651	-0.0285714
-0.25	63.972	-0.0285714
-0.25	106.82	-0.0285714
-0.25	-109.292	-0.0285714
-0.25	154.503	-0.0285714
-0.25	123.68	-0.0285714
-0.25	-41.0879	-0.0285714
-0.25	151.73	-0.0285714
-0.25	28.1018	-0.0285714
-0.25	69.9985	-0.0285714
-0.25	158.576	-0.0285714
-0.25	-178.291	-0.0285714
-0.25	-30.4267	-0.0285714
-0.25	-106.117	-0.0285714
-0.25	-115.306	-0.0285714
-0.25	-98.0025	-0.0285714
-0.25	-24.9222	-0.0285714
-0.25	-50.1665	-0.0285714
-0.25	109.634	-0.0285714
-0.25	-82.2463	-0.0285714
-0.25	-94.4064	-0.0285714
-0.25	-165.75	-0.0285714
-0.25	32.8758	-0.0285714
-0.25	-60.8753	-0.0285714
-0.25	-77.3743	-0.0285714
-0.25	-60.9569	-0.0285714
-0.25	21.5366	-0.0285714
-0.25	77.9749	-0.0285714
-0.25	127.676	-0.0285714
-0.25	-175.151	-0.0285714
-0.25	179.428	-0.0285714
-0.25	-64.0331	-0.0285714
-0.25	-31.3269	-0.0285714
-0.25	-76.1895	-0.0285714
-0.25	-145.864	-0.0285714
-0.25	-91.5476	-0.0285714
-0.25	141.076	-0.0285714
-0.25	88.2767	-0.0285714
-0.25	-122.104	-0.0285714
-0.25	-156.973	-0.0285714
-0.25	-59.6502	-0.0285714
-0.25	-55.1956	-0.0285714
-0.25	-52.3734	-0.0285714
-0.25	138.511	-0.0285714
-0.25	-118.626	-0.0285714
-0.25	138.899	-0.0285714
-0.25	-103.675	-0.0285714
-0.25	-42.2204	-0.0285714
-0.25	127.683	-0.0285714
-0.25	-91.5725	-0.0285714
-0.25	-97.5413	-0.0285714
-0.25	36.613	-0.0285714
-0.25	-96.1902	-0.0285714
-0.25	-52.1821	-0.0285714
-0.25	-27.4012	-0.0285714
-0.25	93.9736	-0.0285714
-0.25	156.488	-0.0285714
-0.25	-22.3252	-0.0285714
-0.25	126.13	-0.0285714
-0.25	-81.1879	-0.0285714
-0.25	23.4679	-0.0285714
-0.25	76.4667	-0.0285714
-0.25	-123.077	-0.0285714
-0.25	-130.332	-0.0285714
-0.25	-71.531	-0.0285714
-0.25	175.634	-0.0285714
-0.25	131.681	-0.0285714
-0.25	5.18079	-0.0285714
-0.25	121.178	-0.0285714
-0.25	-94.3323	-0.0285714
-0.25	135.54	-0.0285714
-0.25	-81.9337	-0.0285714
-0.25	3.98874	-0.0285714
-0.25	26.0732	-0.0285714
-0.25	77.3957	-0.0285714
-0.25	28.3943	-0.0285714
-0.25	-147.098	-0.0285714
-0.25	7.44549	-0.0285714
-0.25	-27.2907	-0.0285714
-0.25	141.818	-0.0285714
-0.25	-85.2524	-0.0285714
-0.25	-36.0292	-0.0285714
-0.25	-157.131	-0.0285714
-0.25	133.904	-0.0285714
-0.25	178.378	-0.0285714
-0.25	99.7926	-0.0285714
-0.25	-149.67	-0.0285714
-0.25	36.9442	-0.0285714
-0.25	-81.6541	-0.0285714
-0.25	-58.4334	-0.0285714
-0.25	3.41514	-0.0285714
-0.25	103.565	-0.0285714
-0.25	-61.5856	-0.0285714
-0.25	-40.5671	-0.0285714
-0.25	128.299	-0.0285714
-0.25	147.795	-0.0285714
-0.25	161.225	-0.0285714
-0.25	-165.191	-0.0285714
-0.25	60.8275	-0.0285714
-0.25	38.2294	-0.0285714
-0.25	88.2702	-0.0285714
-0.25	-115.512	-0.0285714
-0.25	-160.082	-0.0285714
-0.25	123.565	-0.0285714
-0.25	114.432	-0.0285714
-0.25	-103.539	-0.0285714
-0.25	-23.3252	-0.0285714
-0.25	82.3709	-0.0285714
-0.25	-128.313	-0.0285714
-0.25	56.3305	-0.0285714
-0.25	-161.728	-0.0285714
-0.25	164.297	-0.0285714
-0.25	95.9699	-0.0285714
-0.25	-100	-0.0285714
-0.25	-37.4652	-0.0285714
-0.25	-117.6	-0.0285714
-0.25	-158.114	-0.0285714
-0.25	-18.4242	-0.0285714
-0.25	-20.5448	-0.0285714
-0.25	29.7664	-0.0285714
-0.25	-32.5427	-0.0285714
-0.25	-25.6945	-0.0285714
-0.25	33.8664	-0.0285714
-0.25	34.8866	-0.0285714
-0.25	30.7541	-0.0285714
-0.25	44.5831	-0.0285714
-0.25	-173.678	-0.0285714
-0.25	-145.57	-0.0285714
-0.25	-100.697	-0.0285714
-0.25	26.3265	-0.0285714
-0.25	-39.9477	-0.0285714
-0.25	15.0801	-0.0285714
-0.25	-141.135	-0.0285714
-0.25	-107.279	-0.0285714
-0.25	60.7209	-0.0285714
-0.25	-121.391	-0.0285714
-0.25	-64.0953	-0.0285714
-0.25	154.429	-0.0285714
-0.25	45.7214	-0.0285714
-0.25	-176.567	-0.0285714
-0.25	-19.2088	-0.0285714
-0.25	-90.2829	-0.0285714
-0.25	-32.1189	-0.0285714
-0.25	116.787	-0.0285714
-0.25	80.6316	-0.0285714
-0.25	62.1286	-0.0285714
-0.25	46.3826	-0.0285714
-0.25	70.8552	-0.0285714
-0.25	71.8168	-0.0285714
-0.25	-103.67	-0.0285714
-0.25	-130.472	-0.0285714
-0.25	168.328	-0.0285714
-0.25	-86.022	-0.0285714
-0.25	139.596	-0.0285714
-0.25	-119.373	-0.0285714
-0.25	-90.7681	-0.0285714
-0.25	-98.0835	-0.0285714
-0.25	-42.3601	-0.0285714
-0.25	158.431	-0.0285714
-0.25	-40.7758	-0.0285714
-0.25	49.8537	-0.0285714
-0.25	97.5802	-0.0285714
-0.25	4.27438	-0.0285714
-0.25	111.913	-0.0285714
-0.25	68.0138	-0.0285714
-0.25	81.8023	-0.0285714
-0.25	-145.753	-0.0285714
-0.25	178.773	-0.0285714
-0.25	-167.054	-0.0285714
-0.25	120.853	-0.0285714
-0.25	34.1642	-0.0285714
-0.25	-148.676	-0.0285714
-0.25	106.525	-0.0285714
-0.25	104.701	-0.0285714
-0.25	68.4217	-0.0285714
-0.25	175.518	-0.0285714
-0.25	81.515	-0.0285714
-0.25	-147.46	-0.0285714
-0.25	-133.287	-0.0285714
-0.25	-118.668	-0.0285714
-0.25	24.197	-0.0285714
-0.25	-27.2968	-0.0285714
-0.25	-6.18738	-0.0285714
-0.25	13.9759	-0.0285714
-0.25	-50.4991	-0.0285714
-0.25	-133.164	-0.0285714
0.3	-176.513	1
0.3	-86.3165	1
0.3	81.6206	1
0.3	-10.1189	1
0.3	-77.0304	1
0.3	-43.5186	1
0.3	-144.744	1
0.3	14.4998	1
0.3	52.8789	1
0.3	133.179	1
0.3	53.9083	1
0.3	42.2757	1
0.3	-4.13604	1
0.3	-20.4017	1
0.3	-43.8611	1
0.3	52.0937	1
0.3	107.141	1
0.3	-9.56901	1
0.3	-42.5588	1
0.3	-108.506	1
0.3	97.0844	1
0.3	-160.142	1
0.3	117.389	1
0.3	-115.555	1
0.3	25.3098	1
0.3	91.5529	1
0.3	157.798	1
0.3	-43.4548	1
0.3	-169.995	1
0.3	77.6343	1
0.3	60.0917	1
0.3	24.4105	1
0.3	92.088	1
0.3	71.2738	1
0.3	42.704	1
0.3	-142.531	1
0.3	-42.1212	1
0.3	92.686	1
0.3	111.61	1
0.3	-54.7532	1
0.3	-7.17268	1
0.3	-50.6665	1
0.3	13.3455	1
0.3	159.323	1
0.3	103.766	1
0.3	116.626	1
0.3	-131.973	1
0.3	86.1291	1
0.3	29.8262	1
0.3	150.862	1
0.3	99.7991	1
0.3	-135.324	1
0.3	-79.9108	1
0.3	25.4522	1
0.3	19.941	1
0.3	103.87	1
0.3	88.0232	1
0.3	-122.44	1
0.3	147.431	1
0.3	-89.8577	1
0.3	-106.846	1
0.3	141.062	1
0.3	78.6528	1
0.3	-111.167	1
0.3	-82.5014	1
0.3	42.6485	1
0.3	127.115	1
0.3	22.9514	1
0.3	-64.7916	1
0.3	-12.732	1
0.3	-21.3037	1
0.3	91.5988	1
0.3	64.6026	1
0.3	-4.21657	1
0.3	-97.1171	1
0.3	134.23	1
0.3	14.9526	1
0.3	0.704289	1
0.3	103.699	1
0.3	-23.3515	1
0.3	-76.7764	1
0.3	-49.958	1
0.3	-178.794	1
0.3	-179.136	1
0.3	26.8094	1
0.3	-56.2181	1
0.3	141.364	1
0.3	-105.773	1
0.3	125.674	1
0.3	-127.95	1
0.3	172.214	1
0.3	68.0866	1
0.3	-46.6515	1
0.3	122.23	1
0.3	-28.8741	1
0.3	-105.348	1
0.3	-36.2817	1
0.3	3.73792	1
0.3	36.3136	1
0.3	6.18263	1
0.3	129.514	1
0.3	16.5137	1
0.3	96.1429	1
0.3	-15.3729	1
0.3	-157.552	1
0.3	49.214	1
0.3	-117.201	1
0.3	85.0528	1
0.3	27.5832	1
0.3	68.2916	1
0.3	60.2165	1
0.3	128.362	1
0.3	-162.543	1
0.3	62.2003	1
0.3	-101.93	1
0.3	9.59779	1
0.3	-139.425	1
0.3	-174.711	1
0.3	-73.9608	1
0.3	154.649	1
0.3	177.892	1
0.3	-49.5062	1
0.3	123.629	1
0.3	25.1996	1
0.3	-58.6159	1
0.3	141.601	1
0.3	-136.117	1
0.3	96.996	1
0.3	-38.6556	1
0.3	-174.859	1
0.3	142.279	1
0.3	66.9135	1
0.3	-20.95	1
0.3	16.0178	1
0.3	-87.9077	1
0.3	-8.50787	-0.052381
0.3	-40.8839	-0.052381
0.3	160.556	-0.052381
0.3	-178.873	-0.052381
0.3	151.813	-0.052381
0.3	155.725	-0.052381
0.3	-178.565	-0.052381
0.3	29.1963	-0.052381
0.3	-148.31	-0.052381
0.3	177.238	-0.052381
0.3	-137.833	-0.052381
0.3	120.091	-0.052381
0.3	100.846	-0.052381
0.3	-105.793	-0.052381
0.3	-30.3125	-0.052381
0.3	-149.068	-0.052381
0.3	-103.985	-0.052381
0.3	-105.61	-0.052381
0.3	54.564	-0.052381
0.3	62.6976	-0.052381
0.3	136.529	-0.052381
0.3	-52.5799	-0.052381
0.3	-57.568	-0.052381
0.3	98.0272	-0.052381
0.3	148.871	-0.052381
0.3	-63.7973	-0.052381
0.3	-24.6961	-0.052381
0.3	0.973541	-0.052381
0.3	111.439	-0.052381
0.3	-49.5557	-0.052381
0.3	166.332	-0.052381
0.3	-177.012	-0.052381
0.3	126.776	-0.052381
0.3	-122.513	-0.052381
0.3	154.573	-0.052381
0.3	-107.612	-0.052381
0.3	-3.17332	-0.052381
0.3	-109.714	-0.052381
0.3	137.931	-0.052381
0.3	-175.909	-0.052381
0.3	30.1327	-0.052381
0.3	-129.894	-0.052381
0.3	69.8172	-0.052381
0.3	151.446	-0.052381
0.3	131.739	-0.052381
0.3	152.358	-0.052381
0.3	-127.638	-0.052381
0.3	90.3829	-0.052381
0.3	1.99132	-0.052381
0.3	127.779	-0.052381
0.3	43.554	-0.052381
0.3	158.497	-0.052381
0.3	104.938	-0.052381
0.3	-120.511	-0.052381
0.3	-16.6477	-0.052381
0.3	-68.1209	-0.052381
0.3	41.1633	-0.052381
0.3	18.269	-0.052381
0.3	64.4249	-0.052381
0.3	98.8485	-0.052381
0.3	94.9013	-0.052381
0.3	22.0316	-0.052381
0.3	-56.4859	-0.052381
0.3	50.7036	-0.052381
0.3	-92.3472	-0.052381
0.3	123.443	-0.052381
0.3	81.5595	-0.052381
0.3	-165.538	-0.052381
0.3	-117.05	-0.052381
0.3	32.5737	-0.052381
0.3	58.9763	-0.052381
0.3	-178.054	-0.052381
0.3	23.5092	-0.052381
0.3	113.404	-0.052381
0.3	12.2714	-0.052381
0.3	79.3394	-0.052381
0.3	150.537	-0.052381
0.3	93.845	-0.052381
0.3	-81.6845	-0.052381
0.3	-48.3238	-0.052381
0.3	7.90886	-0.052381
0.3	-30.6434	-0.052381
0.3	10.8632	-0.052381
0.3	98.6329	-0.052381
0.3	64.0888	-0.052381
0.3	-20.9207	-0.052381
0.3	-127.74	-0.052381
0.3	-32.1796	-0.052381
0.3	99.8027	-0.052381
0.3	105.124	-0.052381
0.3	95.1753	-0.052381
0.3	155.917	-0.052381
0.3	73.2484	-0.052381
0.3	132.661	-0.052381
0.3	-93.1406	-0.052381
0.3	-86.793	-0.052381
0.3	84.0296	-0.052381
0.3	-52.4232	-0.052381
0.3	97.7296	-0.052381
0.3	171.906	-0.052381
0.3	116.821	-0.052381
0.3	61.0903	-0.052381
0.3	169.693	-0.052381
0.3	67.3527	-0.052381
0.3	81.6715	-0.052381
0.3	72.2557	-0.052381
0.3	-105.631	-0.052381
0.3	-100.093	-0.052381
0.3	-45.2628	-0.052381
0.3	4.70218	-0.052381
0.3	-9.20583	-0.052381
0.3	-115.668	-0.052381
0.3	151.938	-0.052381
0.3	126.853	-0.052381
0.3	97.7967	-0.052381
0.3	-41.1599	-0.052381
0.3	-51.9685	-0.052381
0.3	32.0777	-0.052381
0.3	159.86	-0.052381
0.3	9.03217	-0.052381
0.3	98.3735	-0.052381
0.3	99.4005	-0.052381
0.3	131.876	-0.052381
0.3	65.0034	-0.052381
0.3	42.0793	-0.052381
0.3	97.3562	-0.052381
0.3	-102.923	-0.052381
0.3	149.412	-0.052381
0.3	-144.307	-0.052381
-0.25	174.633	1
-0.25	-73.3928	1
-0.25	-128.352	1
-0.25	-136.875	1
-0.25	167.895	1
-0.25	-59.4833	1
-0.25	-52.7798	1
-0.25	-33.3944	1
-0.25	69.0481	1
-0.25	40.3295	1
-0.25	130.653	1
-0.25	-41.6344	1
-0.25	-161.036	1
-0.25	44.6145	1
-0.25	159.242	1
-0.25	-94.0766	1
-0.25	16.3602	1
-0.25	109.562	1
-0.25	41.1875	1
-0.25	55.4968	1
-0.25	-99.8241	1
-0.25	60.1818	1
-0.25	-84.1	1
-0.25	147.278	1
-0.25	38.9155	1
-0.25	134.743	1
-0.25	-60.6897	1
-0.25	-127.874	1
-0.25	70.8089	1
-0.25	164.132	1
-0.25	-164.388	1
-0.25	-28.749	1
-0.25	97.749	1
-0.25	-138.189	1
-0.25	82.0281	1
-0.25	11.7469	1
-0.25	95.3757	1
-0.25	170.208	1
-0.25	-99.9013	1
-0.25	52.8826	1
-0.25	-115.194	1
-0.25	170.663	1
-0.25	-118.724	1
-0.25	2.59518	1
-0.25	-101.26	1
-0.25	55.3703	1
-0.25	10.2358	1
-0.25	-103.847	1
-0.25	48.6969	1
-0.25	-30.9096	1
-0.25	109.03	1
-0.25	-119.832	1
-0.25	-106.673	1
-0.25	20.9465	1
-0.25	-74.6031	1
-0.25	120.087	1
-0.25	-130.168	1
-0.25	-47.1071	1
-0.25	126.505	1
-0.25	-160.827	1
-0.25	30.499	1
-0.25	58.9421	1
-0.25	80.6741	1
-0.25	-152.205	1
-0.25	169.285	1
-0.25	87.2421	1
-0.25	41.482	1
-0.25	178.452	1
-0.25	-68.5476	1
-0.25	126.566	1
-0.25	7.21843	1
-0.25	-136.423	1
-0.25	152.27	1
-0.25	3.58027	1
-0.25	25.9032	1
-0.25	-42.0832	1
-0.25	8.3728	1
-0.25	-103.526	1
-0.25	1.26612	1
-0.25	98.8165	1
-0.25	-110.395	1
-0.25	-79.8511	1
-0.25	38.0456	1
-0.25	167.244	1
-0.25	5.77159	1
-0.25	150.786	1
-0.25	-84.9363	1
-0.25	-71.7846	1
-0.25	48.7969	1
-0.25	19.8466	1
-0.25	-63.4931	1
-0.25	-35.9369	1
-0.25	-98.9279	1
-0.25	-1.77685	1
-0.25	102.394	1
-0.25	-36.8768	1
-0.25	-46.2204	1
-0.25	178.207	1
-0.25	72.9363	1
-0.25	-63.3559	1
-0.25	-10.3512	1
-0.25	76.6862	1
-0.25	-117.289	1
-0.25	5.36467	1
-0.25	100.606	1
-0.25	152.873	1
-0.25	147.327	1
-0.25	-26.4467	1
-0.25	-89.4383	-0.052381
-0.25	-152.945	-0.052381
-0.25	161.253	-0.052381
-0.25	-73.3744	-0.052381
-0.25	-125.478	-0.052381
-0.25	13.1011	-0.052381
-0.25	113.176	-0.052381
-0.25	-137.111	-0.052381
-0.25	-109.589	-0.052381
-0.25	-169.718	-0.052381
-0.25	-80.864	-0.052381
-0.25	64.2715	-0.052381
-0.25	-26.5775	-0.052381
-0.25	-97.1562	-0.052381
-0.25	124.216	-0.052381
-0.25	-64.278	-0.052381
-0.25	-175.732	-0.052381
-0.25	-25.2925	-0.052381
-0.25	-80.2275	-0.052381
-0.25	-78.8225	-0.052381
-0.25	24.7066	-0.052381
-0.25	58.6986	-0.052381
-0.25	98.295	-0.052381
-0.25	79.1304	-0.052381
-0.25	-148.784	-0.052381
-0.25	63.0991	-0.052381
-0.25	-79.9181	-0.052381
-0.25	-53.2686	-0.052381
-0.25	-55.2773	-0.052381
-0.25	-161.512	-0.052381
-0.25	-87.0609	-0.052381
-0.25	-25.3124	-0.052381
-0.25	96.9151	-0.052381
-0.25	6.98854	-0.052381
-0.25	141.148	-0.052381
-0.25	126.729	-0.052381
-0.25	-92.0554	-0.052381
-0.25	-24.3494	-0.052381
-0.25	-136.98	-0.052381
-0.25	-90.4949	-0.052381
-0.25	129.91	-0.052381
-0.25	1.44218	-0.052381
-0.25	-74.8725	-0.052381
-0.25	13.725	-0.052381
-0.25	-14.0313	-0.052381
-0.25	-20.3584	-0.052381
-0.25	19.1573	-0.052381
-0.25	42.6158	-0.052381
-0.25	-30.9706	-0.052381
-0.25	131.524	-0.052381
-0.25	-42.618	-0.052381
-0.25	85.5002	-0.052381
-0.25	103.581	-0.052381
-0.25	-128.974	-0.052381
-0.25	120.718	-0.052381
-0.25	91.1223	-0.052381
-0.25	168.339	-0.052381
-0.25	-6.99796	-0.052381
-0.25	-171.959	-0.052381
-0.25	156.563	-0.052381
-0.25	176.196	-0.052381
-0.25	-15.4783	-0.052381
-0.25	-108.203	-0.052381
-0.25	-52.2175	-0.052381
-0.25	-79.4395	-0.052381
-0.25	-163.919	-0.052381
-0.25	-159.718	-0.052381
-0.25	107.743	-0.052381
-0.25	38.3484	-0.052381
-0.25	-31.468	-0.052381
-0.25	-38.1313	-0.052381
-0.25	129.734	-0.052381
-0.25	-71.0257	-0.052381
-0.25	-39.2949	-0.052381
-0.25	97.8471	-0.052381
-0.25	59.7339	-0.052381
-0.25	64.7732	-0.052381
-0.25	-41.8624	-0.052381
-0.25	63.4449	-0.052381
-0.25	-4.59931	-0.052381
-0.25	-18.3634	-0.052381
-0.25	-74.7378	-0.052381
-0.25	15.733	-0.052381
-0.25	83.8276	-0.052381
-0.25	-12.9533	-0.052381
-0.25	-106.039	-0.052381
-0.25	105.651	-0.052381
-0.25	105.131	-0.052381
-0.25	145.25	-0.052381
-0.25	-102.681	-0.052381
-0.25	62.9838	-0.052381
-0.25	155.231	-0.052381
-0.25	104.16	-0.052381
-0.25	-71.4199	-0.052381
-0.25	-5.08194	-0.052381
-0.25	19.8963	-0.052381
-0.25	44.0047	-0.052381
-0.25	-17.9655	-0.052381
-0.25	-152.889	-0.052381
-0.25	-12.0188	-0.052381
-0.25	104.01	-0.052381
-0.25	15.0876	-0.052381
-0.25	74.6677	-0.052381
-0.25	-80.6723	-0.052381
