pol.	phi	weight
0.3	-42.5102	1
0.3	-88.5075	1
0.3	-90.0365	1
0.3	116.313	1
0.3	-9.72544	1
0.3	151.505	1
0.3	37.9517	1
0.3	29.4244	1
0.3	-61.8289	1
0.3	-57.5635	1
0.3	-63.139	1
0.3	-37.0836	1
0.3	63.4786	1
0.3	-147.263	1
0.3	-125.022	1
0.3	-122.868	1
0.3	-78.5571	1
0.3	-24.875	1
0.3	-90.1651	1
0.3	-129.769	1
0.3	-83.692	1
0.3	-160.22	1
0.3	163.53	1
0.3	-5.32402	1
0.3	151.457	1
0.3	-73.8975	1
0.3	-92.0627	1
0.3	-22.3648	1
0.3	-122.264	1
0.3	-15.1538	1
0.3	31.23	1
0.3	102.659	1
0.3	50.2708	1
0.3	103.419	1
0.3	114.815	1
0.3	101.257	1
0.3	22.222	1
0.3	166.855	1
0.3	62.7694	1
0.3	-68.8651	1
0.3	98.4934	1
0.3	19.7915	1
0.3	-151.459	1
0.3	117.139	1
0.3	27.2755	1
0.3	37.1824	1
0.3	-98.6116	1
0.3	88.7662	1
0.3	-86.3835	1
0.3	156.79	1
0.3	34.3664	1
0.3	38.9002	1
0.3	82.5561	1
0.3	-111.227	1
0.3	-77.2149	1
0.3	-0.302898	1
0.3	81.2884	1
0.3	15.0397	1
0.3	-114.27	1
0.3	-53.0735	1
0.3	-109.245	1
0.3	142.33	1
0.3	-165.347	1
0.3	84.9648	1
0.3	30.3681	1
0.3	-97.1182	1
0.3	124.361	1
0.3	-13.8499	1
0.3	-141.258	1
0.3	69.3249	1
0.3	-55.5863	1
0.3	13.0796	1
0.3	-38.1848	1
0.3	71.7332	1
0.3	-13.4256	1
0.3	-75.4074	1
0.3	-14.7883	1
0.3	-58.7166	1
0.3	109.6	1
0.3	-23.0856	1
0.3	79.9818	1
0.3	97.0201	1
0.3	-103.715	1
0.3	-37.9753	1
0.3	-41.0421	1
0.3	-132.53	1
0.3	-175.782	1
0.3	151.321	1
0.3	71.9378	1
0.3	91.9064	1
0.3	-10.1327	1
0.3	-175.489	1
0.3	-91.7059	1
0.3	92.9312	1
0.3	158.47	1
0.3	-57.8649	1
0.3	-121.383	1
0.3	112.431	1
0.3	-99.2693	1
0.3	-74.0572	1
0.3	-178.656	1
0.3	-92.4684	1
0.3	-105.613	1
0.3	-93.0762	1
0.3	166.483	1
0.3	89.3042	1
0.3	171.046	1
0.3	154.761	1
0.3	133.51	1
0.3	-48.0973	1
0.3	5.24981	1
0.3	61.0519	1
0.3	-16.7637	1
0.3	164.033	1
0.3	-175.171	1
0.3	102.971	1
0.3	-48.5555	1
0.3	-77.7919	1
0.3	123.2	1
0.3	14.2375	1
0.3	-122.853	1
0.3	76.3022	1
0.3	-62.4177	1
0.3	88.8882	1
0.3	-116.868	1
0.3	175.248	1
0.3	156.95	1
0.3	6.47499	1
0.3	-36.7884	1
0.3	-166.084	1
0.3	65.741	1
0.3	63.1998	1
0.3	-109.675	1
0.3	25.6417	1
0.3	47.0285	1
0.3	-29.4253	1
0.3	74.6115	1
0.3	65.1398	1
0.3	40.9221	-0.0714286
0.3	11.319	-0.0714286
0.3	39.0407	-0.0714286
0.3	155.525	-0.0714286
0.3	17.2206	-0.0714286
0.3	27.5609	-0.0714286
0.3	-30.1286	-0.0714286
0.3	54.5446	-0.0714286
0.3	-44.8054	-0.0714286
0.3	75.3034	-0.0714286
0.3	-136.525	-0.0714286
0.3	-152.255	-0.0714286
0.3	-46.1916	-0.0714286
0.3	93.4543	-0.0714286
0.3	-47.7231	-0.0714286
0.3	167.498	-0.0714286
0.3	-83.8396	-0.0714286
0.3	-105.255	-0.0714286
0.3	-8.69751	-0.0714286
0.3	149.46	-0.0714286
0.3	-16.1917	-0.0714286
0.3	-70.2849	-0.0714286
0.3	141.782	-0.0714286
0.3	45.839	-0.0714286
0.3	62.6484	-0.0714286
0.3	-57.7806	-0.0714286
0.3	174.616	-0.0714286
0.3	62.4389	-0.0714286
0.3	-113.457	-0.0714286
0.3	4.40152	-0.0714286
0.3	-78.0925	-0.0714286
0.3	159.615	-0.0714286
0.3	44.3363	-0.0714286
0.3	129.774	-0.0714286
0.3	-9.22051	-0.0714286
0.3	-81.2445	-0.0714286
0.3	-70.2599	-0.0714286
0.3	104.256	-0.0714286
0.3	-85.1141	-0.0714286
0.3	123.51	-0.0714286
0.3	-145.26	-0.0714286
0.3	-132.202	-0.0714286
0.3	85.9215	-0.0714286
0.3	128.202	-0.0714286
0.3	-60.7225	-0.0714286
0.3	80.5444	-0.0714286
0.3	132.348	-0.0714286
0.3	118.444	-0.0714286
0.3	115.219	-0.0714286
0.3	-1.61659	-0.0714286
0.3	26.615	-0.0714286
0.3	-77.0749	-0.0714286
0.3	143.059	-0.0714286
0.3	-176.142	-0.0714286
0.3	98.2595	-0.0714286
0.3	103.853	-0.0714286
0.3	-156.595	-0.0714286
0.3	-141.016	-0.0714286
0.3	19.2009	-0.0714286
0.3	58.1381	-0.0714286
0.3	126.582	-0.0714286
0.3	18.7812	-0.0714286
0.3	-25.6207	-0.0714286
0.3	173.629	-0.0714286
0.3	35.4298	-0.0714286
0.3	-11.0886	-0.0714286
0.3	-42.315	-0.0714286
0.3	81.0057	-0.0714286
0.3	10.0073	-0.0714286
0.3	-15.6467	-0.0714286
0.3	-13.145	-0.0714286
0.3	102.378	-0.0714286
0.3	-175.094	-0.0714286
0.3	38.2692	-0.0714286
0.3	-101.149	-0.0714286
0.3	-31.5687	-0.0714286
0.3	-62.0499	-0.0714286
0.3	-26.7489	-0.0714286
0.3	-133.897	-0.0714286
0.3	-107.715	-0.0714286
0.3	-103.02	-0.0714286
0.3	-45.9045	-0.0714286
0.3	131.642	-0.0714286
0.3	32.4703	-0.0714286
0.3	-76.0676	-0.0714286
0.3	65.6298	-0.0714286
0.3	179.764	-0.0714286
0.3	-59.9789	-0.0714286
0.3	-175.65	-0.0714286
0.3	39.7353	-0.0714286
0.3	153.625	-0.0714286
0.3	103.347	-0.0714286
0.3	-88.6761	-0.0714286
0.3	152.725	-0.0714286
0.3	-77.983	-0.0714286
0.3	152.598	-0.0714286
0.3	158.931	-0.0714286
-0.25	56.7281	1
-0.25	50.3186	1
-0.25	-114.697	1
-0.25	60.816	1
-0.25	97.5781	1
-0.25	40.6084	1
-0.25	-14.743	1
-0.25	148.119	1
-0.25	77.8052	1
-0.25	-108.031	1
-0.25	-121.714	1
-0.25	-100.836	1
-0.25	115.541	1
-0.25	68.2255	1
-0.25	-68.5719	1
-0.25	126.073	1
-0.25	-153.814	1
-0.25	-74.2075	1
-0.25	50.3742	1
-0.25	13.7759	1
-0.25	-44.2841	1
-0.25	-151.543	1
-0.25	-58.7358	1
-0.25	-35.1319	1
-0.25	87.8265	1
-0.25	-32.7293	1
-0.25	-23.2436	1
-0.25	131.655	1
-0.25	172.72	1
-0.25	169.485	1
-0.25	-90.0512	1
-0.25	-15.6196	1
-0.25	56.1738	1
-0.25	137.854	1
-0.25	-113.56	1
-0.25	-91.1289	1
-0.25	-149.289	1
-0.25	-47.7379	1
-0.25	166.376	1
-0.25	-116.963	1
-0.25	115.637	1
-0.25	-111.71	1
-0.25	-45.6911	1
-0.25	-36.701	1
-0.25	51.8908	1
-0.25	-103.291	1
-0.25	-48.6464	1
-0.25	-146.542	1
-0.25	174.816	1
-0.25	-168.258	1
-0.25	20.4009	1
-0.25	159.146	1
-0.25	-172.281	1
-0.25	-169.337	1
-0.25	-35.802	1
-0.25	-179.178	1
-0.25	96.8391	1
-0.25	-97.5803	1
-0.25	165.265	1
-0.25	-101.717	1
-0.25	40.1067	1
-0.25	42.1113	1
-0.25	101.134	1
-0.25	66.3894	1
-0.25	-48.5324	1
-0.25	112.361	1
-0.25	-148.516	1
-0.25	-171.306	1
-0.25	116.146	1
-0.25	109.221	1
-0.25	54.9629	1
-0.25	131.52	1
-0.25	27.4009	1
-0.25	114.199	1
-0.25	166.964	1
-0.25	5.03045	1
-0.25	111.486	1
-0.25	143.013	1
-0.25	-116.713	1
-0.25	-101.851	1
-0.25	74.4187	1
-0.25	37.9508	1
-0.25	33.7864	1
-0.25	6.72077	1
-0.25	56.9152	1
-0.25	49.4777	1
-0.25	-29.3303	1
-0.25	-110.774	1
-0.25	142.355	1
-0.25	67.0491	1
-0.25	126.128	1
-0.25	-113.094	1
-0.25	-81.8747	1
-0.25	107.017	1
-0.25	-43.3353	1
-0.25	-68.5167	1
-0.25	-6.72566	1
-0.25	4.51289	1
-0.25	-132.462	1
-0.25	48.9968	1
-0.25	56.7463	1
-0.25	155.676	1
-0.25	116.698	1
-0.25	-82.1405	1
-0.25	50.624	1
-0.25	-103.664	1
-0.25	-124.889	1
-0.25	173.152	1
-0.25	-98.8655	1
-0.25	148.548	1
-0.25	76.5736	1
-0.25	111.564	1
-0.25	-24.0883	1
-0.25	153.633	-0.0714286
-0.25	-167.987	-0.0714286
-0.25	145.433	-0.0714286
-0.25	-65.5361	-0.0714286
-0.25	14.29	-0.0714286
-0.25	-13.7661	-0.0714286
-0.25	-61.2745	-0.0714286
-0.25	16.0488	-0.0714286
-0.25	48.8996	-0.0714286
-0.25	-172.954	-0.0714286
-0.25	171.52	-0.0714286
-0.25	15.3122	-0.0714286
-0.25	128.107	-0.0714286
-0.25	-127.715	-0.0714286
-0.25	134.942	-0.0714286
-0.25	-143.148	-0.0714286
-0.25	90.5791	-0.0714286
-0.25	-30.4459	-0.0714286
-0.25	125.86	-0.0714286
-0.25	-119.729	-0.0714286
-0.25	38.4274	-0.0714286
-0.25	121.336	-0.0714286
-0.25	25.302	-0.0714286
-0.25	-5.74698	-0.0714286
-0.25	-61.6148	-0.0714286
-0.25	-150.731	-0.0714286
-0.25	114.28	-0.0714286
-0.25	-159.036	-0.0714286
-0.25	133.551	-0.0714286
-0.25	108.263	-0.0714286
-0.25	-36.6865	-0.0714286
-0.25	-105.833	-0.0714286
-0.25	179.744	-0.0714286
-0.25	-84.2458	-0.0714286
-0.25	80.2911	-0.0714286
-0.25	150.874	-0.0714286
-0.25	-21.7706	-0.0714286
-0.25	-49.3021	-0.0714286
-0.25	148.726	-0.0714286
-0.25	-22.6369	-0.0714286
-0.25	-141.861	-0.0714286
-0.25	-54.6008	-0.0714286
-0.25	58.351	-0.0714286
-0.25	137.071	-0.0714286
-0.25	-23.3165	-0.0714286
-0.25	129.898	-0.0714286
-0.25	163.028	-0.0714286
-0.25	100.239	-0.0714286
-0.25	88.6121	-0.0714286
-0.25	112.732	-0.0714286
-0.25	-31.726	-0.0714286
-0.25	-49.1232	-0.0714286
-0.25	-89.5559	-0.0714286
-0.25	118.096	-0.0714286
-0.25	-177.181	-0.0714286
-0.25	-176.76	-0.0714286
-0.25	-104.624	-0.0714286
-0.25	-145.479	-0.0714286
-0.25	105.86	-0.0714286
-0.25	45.2649	-0.0714286
-0.25	-38.8364	-0.0714286
-0.25	116.709	-0.0714286
-0.25	33.0596	-0.0714286
-0.25	-33.8886	-0.0714286
-0.25	-76.5218	-0.0714286
-0.25	-138.288	-0.0714286
-0.25	39.676	-0.0714286
-0.25	-172.814	-0.0714286
-0.25	-73.0071	-0.0714286
-0.25	77.2171	-0.0714286
-0.25	74.0254	-0.0714286
-0.25	61.2859	-0.0714286
-0.25	-92.4299	-0.0714286
-0.25	66.1782	-0.0714286
-0.25	132.752	-0.0714286
-0.25	25.4687	-0.0714286
-0.25	16.6629	-0.0714286
-0.25	-54.0503	-0.0714286
-0.25	-0.892713	-0.0714286
0.3	145.206	1
0.3	36.9228	1
0.3	104.592	1
0.3	-35.4204	1
0.3	-170.312	1
0.3	6.99575	1
0.3	-0.0700785	1
0.3	130.798	1
0.3	52.5454	1
0.3	7.13268	1
0.3	131.974	1
0.3	2.37408	1
0.3	-89.3322	1
0.3	112.384	1
0.3	100.85	1
0.3	164.897	1
0.3	102.218	1
0.3	-37.7018	1
0.3	111.721	1
0.3	-50.7457	1
0.3	133.839	1
0.3	80.1707	1
0.3	177.222	1
0.3	67.9804	1
0.3	-172.897	1
0.3	-168.105	1
0.3	-28.3901	1
0.3	133.739	1
0.3	172.272	1
0.3	-69.0376	1
0.3	148.352	1
0.3	144.841	1
0.3	165.455	1
0.3	154.46	1
0.3	164.684	1
0.3	-106.457	1
0.3	112.527	1
0.3	-82.5416	1
0.3	-48.7953	1
0.3	-132.377	1
0.3	-179.368	1
0.3	-132.714	1
0.3	120.986	1
0.3	121.284	1
0.3	44.0048	1
0.3	0.84015	1
0.3	-60.7797	1
0.3	-147.543	1
0.3	118.461	1
0.3	-34.8943	1
0.3	-145.13	1
0.3	141.547	1
0.3	-24.2654	1
0.3	1.75519	1
0.3	-85.7554	1
0.3	-175.328	1
0.3	90.9363	1
0.3	-9.74384	1
0.3	-163.107	1
0.3	-126.381	1
0.3	-67.8603	1
0.3	26.4439	1
0.3	161.765	1
0.3	-34.4478	1
0.3	-46.829	1
0.3	32.2822	1
0.3	-17.8794	1
0.3	-172.735	1
0.3	23.1452	1
0.3	-169.73	1
0.3	45.7841	1
0.3	-95.1107	1
0.3	-27.8308	1
0.3	-131.962	1
0.3	-172.182	1
0.3	152.945	1
0.3	-100.4	1
0.3	-66.8532	1
0.3	126.963	1
0.3	100.227	1
0.3	-102.693	1
0.3	-14.0798	1
0.3	151.03	1
0.3	-157.767	1
0.3	88.5726	1
0.3	-29.3638	1
0.3	-30.3363	1
0.3	-120.839	1
0.3	150.577	1
0.3	42.2176	1
0.3	-117.034	1
0.3	-37.0403	1
0.3	-67.5385	1
0.3	168.233	1
0.3	74.6575	1
0.3	0.275377	1
0.3	4.10207	1
0.3	-110.061	1
0.3	-16.4038	1
0.3	179.667	1
0.3	26.847	1
0.3	-151.811	1
0.3	-124.112	1
0.3	-156.08	1
0.3	-45.0955	1
0.3	58.7972	1
0.3	-134.158	1
0.3	165.451	1
0.3	33.644	1
0.3	77.874	1
0.3	90.2957	1
0.3	-14.8326	1
0.3	-168.921	1
0.3	69.0632	1
0.3	58.2827	1
0.3	90.9264	1
0.3	-90.5444	1
0.3	18.1823	1
0.3	-101.417	1
0.3	-36.1135	1
0.3	167.64	1
0.3	39.0475	1
0.3	10.4987	1
0.3	-176.06	1
0.3	-122.803	1
0.3	118.168	1
0.3	140.723	1
0.3	-96.6682	1
0.3	-1.38287	1
0.3	10.6371	1
0.3	33.0301	1
0.3	-98.5109	1
0.3	-39.7189	1
0.3	-144.534	1
0.3	155.911	1
0.3	-105.987	1
0.3	86.0691	1
0.3	-129.738	1
0.3	85.9253	-0.0380952
0.3	-174.564	-0.0380952
0.3	-98.2836	-0.0380952
0.3	120.973	-0.0380952
0.3	-106.75	-0.0380952
0.3	6.56658	-0.0380952
0.3	170.358	-0.0380952
0.3	-47.5392	-0.0380952
0.3	140.195	-0.0380952
0.3	172.559	-0.0380952
0.3	81.92	-0.0380952
0.3	-155.463	-0.0380952
0.3	-32.4618	-0.0380952
0.3	170.188	-0.0380952
0.3	63.0224	-0.0380952
0.3	144.386	-0.0380952
0.3	102.417	-0.0380952
0.3	53.3433	-0.0380952
0.3	-69.5385	-0.0380952
0.3	-89.1779	-0.0380952
0.3	178.455	-0.0380952
0.3	28.6367	-0.0380952
0.3	-60.0334	-0.0380952
0.3	-129.133	-0.0380952
0.3	-61.9654	-0.0380952
0.3	28.5886	-0.0380952
0.3	42.7351	-0.0380952
0.3	10.8148	-0.0380952
0.3	-109.762	-0.0380952
0.3	57.6229	-0.0380952
0.3	89.6719	-0.0380952
0.3	-25.2739	-0.0380952
0.3	-151.806	-0.0380952
0.3	-153.076	-0.0380952
0.3	-57.3928	-0.0380952
0.3	32.5688	-0.0380952
0.3	-119.152	-0.0380952
0.3	152.046	-0.0380952
0.3	-126.72	-0.0380952
0.3	-71.4755	-0.0380952
0.3	51.0898	-0.0380952
0.3	99.7866	-0.0380952
0.3	-79.0286	-0.0380952
0.3	-16.1387	-0.0380952
0.3	-84.6644	-0.0380952
0.3	9.10383	-0.0380952
0.3	15.51	-0.0380952
0.3	104.959	-0.0380952
0.3	-155.849	-0.0380952
0.3	96.8051	-0.0380952
0.3	71.7737	-0.0380952
0.3	139.483	-0.0380952
0.3	80.1002	-0.0380952
0.3	-30.3533	-0.0380952
0.3	-42.9181	-0.0380952
0.3	56.9622	-0.0380952
0.3	102.528	-0.0380952
0.3	-123.65	-0.0380952
0.3	45.3622	-0.0380952
0.3	33.9293	-0.0380952
0.3	-33.6714	-0.0380952
0.3	-90.4415	-0.0380952
0.3	45.3606	-0.0380952
0.3	175.575	-0.0380952
0.3	-75.5286	-0.0380952
0.3	5.7022	-0.0380952
0.3	-7.77854	-0.0380952
0.3	104.074	-0.0380952
0.3	43.3697	-0.0380952
0.3	107.949	-0.0380952
0.3	-158.797	-0.0380952
0.3	-46.3543	-0.0380952
0.3	-41.0067	-0.0380952
0.3	97.4806	-0.0380952
0.3	-162.686	-0.0380952
0.3	-82.7432	-0.0380952
0.3	-175.255	-0.0380952
0.3	-21.6273	-0.0380952
0.3	140.625	-0.0380952
0.3	166.292	-0.0380952
0.3	166.953	-0.0380952
0.3	17.4044	-0.0380952
0.3	-92.3536	-0.0380952
0.3	114.602	-0.0380952
0.3	71.1988	-0.0380952
0.3	-145.145	-0.0380952
0.3	-87.3293	-0.0380952
0.3	-32.0396	-0.0380952
0.3	-39.5195	-0.0380952
0.3	144.016	-0.0380952
0.3	-21.2287	-0.0380952
0.3	70.2298	-0.0380952
0.3	44.8831	-0.0380952
0.3	-58.277	-0.0380952
0.3	-17.2143	-0.0380952
0.3	-86.636	-0.0380952
0.3	-136.799	-0.0380952
0.3	-140.994	-0.0380952
0.3	79.0229	-0.0380952
0.3	-32.4523	-0.0380952
0.3	23.3421	-0.0380952
0.3	70.3982	-0.0380952
0.3	-133.66	-0.0380952
0.3	-85.683	-0.0380952
0.3	120.7	-0.0380952
0.3	-100.82	-0.0380952
0.3	2.48354	-0.0380952
0.3	-84.2629	-0.0380952
0.3	-105.61	-0.0380952
0.3	-146.486	-0.0380952
0.3	-31.72	-0.0380952
0.3	-120.612	-0.0380952
0.3	5.87364	-0.0380952
0.3	115.162	-0.0380952
0.3	55.1107	-0.0380952
0.3	-171.332	-0.0380952
0.3	41.0173	-0.0380952
0.3	-95.4538	-0.0380952
0.3	-65.4414	-0.0380952
0.3	-50.4617	-0.0380952
0.3	-31.8714	-0.0380952
0.3	165.231	-0.0380952
0.3	113.824	-0.0380952
0.3	97.904	-0.0380952
0.3	156.611	-0.0380952
0.3	179.525	-0.0380952
0.3	158.315	-0.0380952
0.3	-125.749	-0.0380952
0.3	-12.1605	-0.0380952
0.3	-24.6258	-0.0380952
0.3	81.0823	-0.0380952
0.3	-29.5227	-0.0380952
0.3	-2.63014	-0.0380952
0.3	-87.0756	-0.0380952
0.3	29.9031	-0.0380952
0.3	87.9505	-0.0380952
0.3	51.6134	-0.0380952
0.3	99.7777	-0.0380952
0.3	19.6428	-0.0380952
0.3	155.285	-0.0380952
0.3	-106.325	-0.0380952
0.3	68.3837	-0.0380952
0.3	-163.321	-0.0380952
0.3	104.071	-0.0380952
0.3	-75.7499	-0.0380952
0.3	-114.442	-0.0380952
0.3	176.565	-0.0380952
0.3	5.54831	-0.0380952
0.3	-53.2146	-0.0380952
0.3	-38.5179	-0.0380952
0.3	34.2914	-0.0380952
0.3	-133.832	-0.0380952
0.3	13.645	-0.0380952
0.3	141.086	-0.0380952
0.3	-95.0376	-0.0380952
0.3	119.91	-0.0380952
0.3	-172.877	-0.0380952
0.3	138.721	-0.0380952
0.3	109.711	-0.0380952
0.3	119.481	-0.0380952
0.3	173.29	-0.0380952
0.3	4.3354	-0.0380952
0.3	80.388	-0.0380952
0.3	-72.9711	-0.0380952
0.3	-56.0133	-0.0380952
0.3	-10.2151	-0.0380952
0.3	178.989	-0.0380952
0.3	-151.485	-0.0380952
0.3	-123.28	-0.0380952
0.3	99.844	-0.0380952
0.3	63.0679	-0.0380952
0.3	8.62427	-0.0380952
0.3	-104.873	-0.0380952
0.3	-119.361	-0.0380952
0.3	130.147	-0.0380952
0.3	116.76	-0.0380952
0.3	-150.241	-0.0380952
0.3	178.754	-0.0380952
0.3	-163.612	-0.0380952
0.3	-131.954	-0.0380952
0.3	23.0734	-0.0380952
0.3	-134.231	-0.0380952
-0.25	-122.408	1
-0.25	-65.2626	1
-0.25	-107.94	1
-0.25	-62.206	1
-0.25	-107.036	1
-0.25	-178.634	1
-0.25	-20.2079	1
-0.25	75.7998	1
-0.25	44.0689	1
-0.25	-178.294	1
-0.25	-119.687	1
-0.25	99.4142	1
-0.25	139.963	1
-0.25	-150.658	1
-0.25	-161.915	1
-0.25	160.43	1
-0.25	-11.0496	1
-0.25	84.2367	1
-0.25	135.027	1
-0.25	-38.5324	1
-0.25	-123.188	1
-0.25	35.1808	1
-0.25	127.076	1
-0.25	149.282	1
-0.25	165.7	1
-0.25	-104.683	1
-0.25	-60.8099	1
-0.25	-2.95473	1
-0.25	-92.5015	1
-0.25	177.471	1
-0.25	-72.1091	1
-0.25	-133.245	1
-0.25	-93.2918	1
-0.25	155.653	1
-0.25	-93.1948	1
-0.25	-36.9859	1
-0.25	-42.2329	1
-0.25	5.0988	1
-0.25	-174.532	1
-0.25	-32.235	1
-0.25	69.5146	1
-0.25	-30.8113	1
-0.25	-105.754	1
-0.25	16.7673	1
-0.25	46.4008	1
-0.25	-132.846	1
-0.25	156.424	1
-0.25	104.739	1
-0.25	98.308	1
-0.25	17.3767	1
-0.25	64.879	1
-0.25	-82.0798	1
-0.25	-178.122	1
-0.25	-159.09	1
-0.25	94.8442	1
-0.25	68.2773	1
-0.25	-103.549	1
-0.25	64.486	1
-0.25	-103.16	1
-0.25	67.1602	1
-0.25	41.7261	1
-0.25	-38.9041	1
-0.25	34.5565	1
-0.25	169.413	1
-0.25	-175.758	1
-0.25	-118.012	1
-0.25	45.9846	1
-0.25	-46.9677	1
-0.25	82.8725	1
-0.25	-176.128	1
-0.25	39.4138	1
-0.25	-149.738	1
-0.25	-53.9303	1
-0.25	167.422	1
-0.25	87.1108	1
-0.25	-48.998	1
-0.25	81.3431	1
-0.25	82.5277	1
-0.25	-178.201	1
-0.25	58.1533	1
-0.25	52.1685	1
-0.25	54.4957	1
-0.25	69.9896	1
-0.25	98.7567	1
-0.25	-165.951	1
-0.25	-20.9739	1
-0.25	148.55	1
-0.25	42.7943	1
-0.25	153.303	1
-0.25	-136.646	1
-0.25	-167.499	1
-0.25	-75.5294	1
-0.25	55.5572	1
-0.25	-126.224	1
-0.25	133.003	1
-0.25	62.9792	1
-0.25	92.106	1
-0.25	-101.43	1
-0.25	-170.016	1
-0.25	155.527	1
-0.25	-119.156	1
-0.25	135.318	1
-0.25	42.2068	1
-0.25	-85.5823	1
-0.25	55.0768	1
-0.25	-33.4554	1
-0.25	104.196	1
-0.25	29.1605	1
-0.25	-152.249	1
-0.25	-125.877	1
-0.25	-95.1591	1
-0.25	136.721	1
-0.25	122.016	1
-0.25	-10.6361	-0.0380952
-0.25	170.556	-0.0380952
-0.25	94.204	-0.0380952
-0.25	173.754	-0.0380952
-0.25	70.6149	-0.0380952
-0.25	127.211	-0.0380952
-0.25	-25.4508	-0.0380952
-0.25	50.2143	-0.0380952
-0.25	40.7399	-0.0380952
-0.25	83.7828	-0.0380952
-0.25	112.67	-0.0380952
-0.25	-1.02138	-0.0380952
-0.25	-133.995	-0.0380952
-0.25	-93.4979	-0.0380952
-0.25	132.003	-0.0380952
-0.25	-14.3493	-0.0380952
-0.25	-152.367	-0.0380952
-0.25	143.714	-0.0380952
-0.25	-19.4487	-0.0380952
-0.25	38.1544	-0.0380952
-0.25	-52.0906	-0.0380952
-0.25	68.4882	-0.0380952
-0.25	146.068	-0.0380952
-0.25	-68.4433	-0.0380952
-0.25	10.9332	-0.0380952
-0.25	-69.9814	-0.0380952
-0.25	157.887	-0.0380952
-0.25	-84.8327	-0.0380952
-0.25	-17.4373	-0.0380952
-0.25	-163.348	-0.0380952
-0.25	-133.896	-0.0380952
-0.25	-166.67	-0.0380952
-0.25	102.997	-0.0380952
-0.25	74.7338	-0.0380952
-0.25	146.395	-0.0380952
-0.25	-73.6249	-0.0380952
-0.25	-37.6306	-0.0380952
-0.25	86.3186	-0.0380952
-0.25	-108.762	-0.0380952
-0.25	-109.145	-0.0380952
-0.25	-52.9854	-0.0380952
-0.25	-102.596	-0.0380952
-0.25	152.014	-0.0380952
-0.25	151.54	-0.0380952
-0.25	154.692	-0.0380952
-0.25	-78.1335	-0.0380952
-0.25	-39.2153	-0.0380952
-0.25	-100.299	-0.0380952
-0.25	-109.477	-0.0380952
-0.25	-117.801	-0.0380952
-0.25	94.6011	-0.0380952
-0.25	-5.0801	-0.0380952
-0.25	-143.061	-0.0380952
-0.25	-73.8928	-0.0380952
-0.25	165.294	-0.0380952
-0.25	160.385	-0.0380952
-0.25	78.7192	-0.0380952
-0.25	-71.3337	-0.0380952
-0.25	-129.423	-0.0380952
-0.25	-155.984	-0.0380952
-0.25	135.5	-0.0380952
-0.25	123.748	-0.0380952
-0.25	64.3568	-0.0380952
-0.25	-151.847	-0.0380952
-0.25	-132.668	-0.0380952
-0.25	-80.0391	-0.0380952
-0.25	-80.2966	-0.0380952
-0.25	-91.9879	-0.0380952
-0.25	134.96	-0.0380952
-0.25	42.1433	-0.0380952
-0.25	26.1592	-0.0380952
-0.25	45.0746	-0.0380952
-0.25	-106.737	-0.0380952
-0.25	-93.0139	-0.0380952
-0.25	-17.4285	-0.0380952
-0.25	-82.1967	-0.0380952
-0.25	157.296	-0.0380952
-0.25	71.8274	-0.0380952
-0.25	10.5477	-0.0380952
-0.25	97.0208	-0.0380952
-0.25	-176.62	-0.0380952
-0.25	-104.841	-0.0380952
-0.25	41.1943	-0.0380952
-0.25	34.9916	-0.0380952
-0.25	-149.822	-0.0380952
-0.25	-82.947	-0.0380952
-0.25	172.384	-0.0380952
-0.25	-34.0147	-0.0380952
-0.25	-122.674	-0.0380952
-0.25	13.6967	-0.0380952
-0.25	18.9436	-0.0380952
-0.25	-101.087	-0.0380952
-0.25	2.75047	-0.0380952
-0.25	-85.5382	-0.0380952
-0.25	-42.3713	-0.0380952
-0.25	-14.4984	-0.0380952
-0.25	-176.433	-0.0380952
-0.25	-115.482	-0.0380952
-0.25	-141.181	-0.0380952
-0.25	-44.4343	-0.0380952
-0.25	-145.201	-0.0380952
-0.25	-80.7965	-0.0380952
-0.25	55.9968	-0.0380952
-0.25	-94.334	-0.0380952
-0.25	168.154	-0.0380952
-0.25	56.9889	-0.0380952
-0.25	-72.9707	-0.0380952
-0.25	-128.067	-0.0380952
-0.25	-58.9472	-0.0380952
-0.25	-170.838	-0.0380952
-0.25	-48.6016	-0.0380952
-0.25	-57.9503	-0.0380952
-0.25	-85.3246	-0.0380952
-0.25	143.482	-0.0380952
-0.25	-71.8103	-0.0380952
-0.25	-148.091	-0.0380952
-0.25	-54.2307	-0.0380952
-0.25	67.3574	-0.0380952
-0.25	57.5431	-0.0380952
-0.25	52.8185	-0.0380952
-0.25	33.5211	-0.0380952
-0.25	166.483	-0.0380952
-0.25	-52.742	-0.0380952
-0.25	9.81446	-0.0380952
-0.25	52.3932	-0.0380952
-0.25	-96.927	-0.0380952
-0.25	-92.1062	-0.0380952
-0.25	5.18196	-0.0380952
-0.25	161.762	-0.0380952
-0.25	-41.3364	-0.0380952
-0.25	101.151	-0.0380952
-0.25	146.288	-0.0380952
-0.25	84.5909	-0.0380952
-0.25	-21.9632	-0.0380952
-0.25	-78.4982	-0.0380952
-0.25	-168.103	-0.0380952
-0.25	-18.6716	-0.0380952
-0.25	142.147	-0.0380952
-0.25	113.047	-0.0380952
-0.25	59.7075	-0.0380952
-0.25	21.1257	-0.0380952
-0.25	56.6005	-0.0380952
-0.25	2.896	-0.0380952
-0.25	-58.0005	-0.0380952
-0.25	-74.4747	-0.0380952
-0.25	144.249	-0.0380952
-0.25	103.579	-0.0380952
-0.25	63.2185	-0.0380952
-0.25	-147.548	-0.0380952
0.3	-84.1518	1
0.3	119.975	1
0.3	139.813	1
0.3	156.312	1
0.3	73.4412	1
0.3	86.9869	1
0.3	57.3878	1
0.3	14.6376	1
0.3	74.5658	1
0.3	-27.1436	1
0.3	-88.725	1
0.3	117.237	1
0.3	-14.1956	1
0.3	-59.7639	1
0.3	119.15	1
0.3	147.299	1
0.3	-150.102	1
0.3	-17.0729	1
0.3	-94.7444	1
0.3	152.658	1
0.3	-177.1	1
0.3	-96.9625	1
0.3	-23.0125	1
0.3	18.188	1
0.3	146.157	1
0.3	-29.1457	1
0.3	96.3596	1
0.3	-97.2432	1
0.3	-149.3	1
0.3	-160.675	1
0.3	-112.345	1
0.3	43.2179	1
0.3	-91.6983	1
0.3	-50.6292	1
0.3	-136.868	1
0.3	163.282	1
0.3	-161.84	1
0.3	-165.248	1
0.3	-23.3481	1
0.3	-37.5705	1
0.3	-118.207	1
0.3	170.373	1
0.3	-136.294	1
0.3	169.319	1
0.3	-53.4668	1
0.3	-109.032	1
0.3	7.70176	1
0.3	111.228	1
0.3	130.43	1
0.3	122.655	1
0.3	-15.4148	1
0.3	6.48407	1
0.3	-53.5251	1
0.3	-179.746	1
0.3	111.053	1
0.3	-36.6019	1
0.3	-23.8667	1
0.3	-17.0799	1
0.3	26.5504	1
0.3	-116.037	1
0.3	122.883	1
0.3	-35.5479	1
0.3	167.816	1
0.3	-81.3493	1
0.3	-50.388	1
0.3	40.7161	1
0.3	136.238	1
0.3	-0.0673803	1
0.3	-107.453	1
0.3	27.6048	1
0.3	-118.717	1
0.3	-60.5146	1
0.3	-75.0557	1
0.3	-50.0648	1
0.3	102.873	1
0.3	-143.598	1
0.3	112.629	1
0.3	-177.348	1
0.3	-47.6895	1
0.3	75.6406	1
0.3	108.806	1
0.3	-90.9026	1
0.3	130.889	1
0.3	49.5546	1
0.3	156.552	1
0.3	86.8386	1
0.3	61.6105	1
0.3	130.271	1
0.3	24.2118	1
0.3	-49.1353	1
0.3	-98.3926	1
0.3	151.182	1
0.3	-82.857	1
0.3	18.2267	1
0.3	-104.423	1
0.3	145.14	1
0.3	-173.181	1
0.3	78.4899	1
0.3	149.973	1
0.3	-29.6629	1
0.3	-144.095	1
0.3	-136.441	1
0.3	156.934	1
0.3	18.3202	1
0.3	-2.23734	1
0.3	-160.883	1
0.3	87.8518	1
0.3	17.4846	1
0.3	178.122	1
0.3	44.8447	1
0.3	39.291	1
0.3	-54.3533	1
0.3	-158.027	1
0.3	-127.082	1
0.3	-98.9906	1
0.3	-53.0103	1
0.3	103.941	1
0.3	0.285339	1
0.3	-112.705	1
0.3	110.128	1
0.3	-139.096	1
0.3	145.377	1
0.3	99.2536	1
0.3	-4.43008	1
0.3	139.018	1
0.3	149.835	1
0.3	131.955	1
0.3	-8.50199	1
0.3	-121.076	1
0.3	-75.9375	1
0.3	-37.3967	1
0.3	-81.0843	1
0.3	-59.9973	1
0.3	32.2018	1
0.3	36.3142	1
0.3	8.251	1
0.3	-129.43	1
0.3	73.1658	1
0.3	117.162	-0.0190476
0.3	132.783	-0.0190476
0.3	-46.0203	-0.0190476
0.3	127.95	-0.0190476
0.3	-151.211	-0.0190476
0.3	-64.9855	-0.0190476
0.3	-86.22	-0.0190476
0.3	-16.8961	-0.0190476
0.3	-177.057	-0.0190476
0.3	-23.1497	-0.0190476
0.3	-110.893	-0.0190476
0.3	-89.4081	-0.0190476
0.3	-147.07	-0.0190476
0.3	-40.4418	-0.0190476
0.3	-111.078	-0.0190476
0.3	115.099	-0.0190476
0.3	-116.579	-0.0190476
0.3	-13.2385	-0.0190476
0.3	-157.109	-0.0190476
0.3	102.902	-0.0190476
0.3	-151.68	-0.0190476
0.3	-43.1301	-0.0190476
0.3	-156.114	-0.0190476
0.3	135.229	-0.0190476
0.3	-101.131	-0.0190476
0.3	-49.6518	-0.0190476
0.3	-14.4859	-0.0190476
0.3	70.983	-0.0190476
0.3	172.854	-0.0190476
0.3	77.894	-0.0190476
0.3	65.6148	-0.0190476
0.3	-81.4413	-0.0190476
0.3	24.9857	-0.0190476
0.3	-7.84583	-0.0190476
0.3	136.021	-0.0190476
0.3	-50.9386	-0.0190476
0.3	-171.363	-0.0190476
0.3	162.389	-0.0190476
0.3	-125.032	-0.0190476
0.3	114.521	-0.0190476
0.3	76.036	-0.0190476
0.3	-124.563	-0.0190476
0.3	-157.628	-0.0190476
0.3	150.233	-0.0190476
0.3	100.237	-0.0190476
0.3	-125.728	-0.0190476
0.3	-148.042	-0.0190476
0.3	-1.19991	-0.0190476
0.3	149.312	-0.0190476
0.3	51.143	-0.0190476
0.3	176.011	-0.0190476
0.3	94.181	-0.0190476
0.3	19.5562	-0.0190476
0.3	-147.273	-0.0190476
0.3	-149.769	-0.0190476
0.3	-93.7968	-0.0190476
0.3	70.2758	-0.0190476
0.3	127.591	-0.0190476
0.3	-138.301	-0.0190476
0.3	40.605	-0.0190476
0.3	-27.355	-0.0190476
0.3	173.791	-0.0190476
0.3	64.8237	-0.0190476
0.3	-135.855	-0.0190476
0.3	71.7162	-0.0190476
0.3	-173.967	-0.0190476
0.3	143.771	-0.0190476
0.3	105.557	-0.0190476
0.3	-131.824	-0.0190476
0.3	-163.543	-0.0190476
0.3	-132.551	-0.0190476
0.3	3.59639	-0.0190476
0.3	-137.971	-0.0190476
0.3	-93.4393	-0.0190476
0.3	-152.295	-0.0190476
0.3	2.55966	-0.0190476
0.3	-167.433	-0.0190476
0.3	-88.9544	-0.0190476
0.3	-157.123	-0.0190476
0.3	-20.0751	-0.0190476
0.3	49.0773	-0.0190476
0.3	146.788	-0.0190476
0.3	-150.835	-0.0190476
0.3	-9.02902	-0.0190476
0.3	24.672	-0.0190476
0.3	-167.655	-0.0190476
0.3	150.3	-0.0190476
0.3	-43.2004	-0.0190476
0.3	-79.7006	-0.0190476
0.3	174.475	-0.0190476
0.3	-111.528	-0.0190476
0.3	-5.8663	-0.0190476
0.3	-100.45	-0.0190476
0.3	-68.8546	-0.0190476
0.3	-179.127	-0.0190476
0.3	-72.1442	-0.0190476
0.3	33.0486	-0.0190476
0.3	-26.9276	-0.0190476
0.3	157.039	-0.0190476
0.3	-37.154	-0.0190476
0.3	-108.148	-0.0190476
0.3	81.6655	-0.0190476
0.3	13.5893	-0.0190476
0.3	21.6693	-0.0190476
0.3	-7.48549	-0.0190476
0.3	-147.112	-0.0190476
0.3	155.762	-0.0190476
0.3	46.1217	-0.0190476
0.3	-95.1661	-0.0190476
0.3	165.871	-0.0190476
0.3	-50.5091	-0.0190476
0.3	-6.82501	-0.0190476
0.3	-169.535	-0.0190476
0.3	-97.3193	-0.0190476
0.3	46.7333	-0.0190476
0.3	-126.599	-0.0190476
0.3	49.0889	-0.0190476
0.3	48.666	-0.0190476
0.3	27.178	-0.0190476
0.3	-139.008	-0.0190476
0.3	8.9443	-0.0190476
0.3	161.894	-0.0190476
0.3	-80.6119	-0.0190476
0.3	-39.6256	-0.0190476
0.3	120.602	-0.0190476
0.3	-167.735	-0.0190476
0.3	33.8728	-0.0190476
0.3	26.6581	-0.0190476
0.3	-69.6132	-0.0190476
0.3	-29.5138	-0.0190476
0.3	-142.735	-0.0190476
0.3	119.64	-0.0190476
0.3	85.641	-0.0190476
0.3	-26.3605	-0.0190476
0.3	72.4798	-0.0190476
0.3	-178.394	-0.0190476
0.3	-81.4149	-0.0190476
0.3	65.2188	-0.0190476
0.3	60.3803	-0.0190476
0.3	-115.679	-0.0190476
0.3	-108.826	-0.0190476
0.3	-84.6423	-0.0190476
0.3	85.9842	-0.0190476
0.3	-69.7496	-0.0190476
0.3	-95.782	-0.0190476
0.3	118.814	-0.0190476
0.3	-142.37	-0.0190476
0.3	131.392	-0.0190476
0.3	-53.046	-0.0190476
0.3	82.8282	-0.0190476
0.3	153.169	-0.0190476
0.3	-4.14163	-0.0190476
0.3	-22.1174	-0.0190476
0.3	-146.514	-0.0190476
0.3	-12.3646	-0.0190476
0.3	-101.801	-0.0190476
0.3	170.334	-0.0190476
0.3	62.8928	-0.0190476
0.3	-0.388339	-0.0190476
0.3	-76.4725	-0.0190476
0.3	-66.1423	-0.0190476
0.3	-176.388	-0.0190476
0.3	-39.6232	-0.0190476
0.3	20.3718	-0.0190476
0.3	83.201	-0.0190476
0.3	-58.4364	-0.0190476
0.3	67.3138	-0.0190476
0.3	-147.99	-0.0190476
0.3	88.4964	-0.0190476
0.3	152.779	-0.0190476
0.3	-76.1413	-0.0190476
0.3	-73.6804	-0.0190476
0.3	165.228	-0.0190476
0.3	-102.404	-0.0190476
0.3	140.319	-0.0190476
0.3	-83.5483	-0.0190476
0.3	-83.5142	-0.0190476
0.3	-60.3898	-0.0190476
0.3	-174.887	-0.0190476
0.3	-155.754	-0.0190476
0.3	119.734	-0.0190476
0.3	-173.57	-0.0190476
0.3	-12.5449	-0.0190476
0.3	52.1714	-0.0190476
0.3	-119.781	-0.0190476
0.3	62.7031	-0.0190476
0.3	-7.89238	-0.0190476
0.3	-21.2318	-0.0190476
0.3	123.917	-0.0190476
0.3	128.557	-0.0190476
0.3	-68.6132	-0.0190476
0.3	123.567	-0.0190476
0.3	-100.15	-0.0190476
0.3	-33.9855	-0.0190476
0.3	-48.1837	-0.0190476
0.3	59.5364	-0.0190476
0.3	-101.69	-0.0190476
0.3	-176.384	-0.0190476
0.3	-139.912	-0.0190476
0.3	-127.657	-0.0190476
0.3	-75.1659	-0.0190476
0.3	34.7316	-0.0190476
0.3	-149.091	-0.0190476
0.3	-107.973	-0.0190476
0.3	-66.6761	-0.0190476
0.3	35.964	-0.0190476
0.3	-123.327	-0.0190476
0.3	11.8668	-0.0190476
0.3	90.5813	-0.0190476
0.3	152.494	-0.0190476
0.3	-119.167	-0.0190476
0.3	148.314	-0.0190476
0.3	78.5408	-0.0190476
0.3	31.9241	-0.0190476
0.3	-27.0062	-0.0190476
0.3	-81.7798	-0.0190476
0.3	-124.919	-0.0190476
0.3	88.5999	-0.0190476
0.3	20.5301	-0.0190476
0.3	149.975	-0.0190476
0.3	-92.205	-0.0190476
0.3	104.388	-0.0190476
0.3	163.239	-0.0190476
0.3	44.0798	-0.0190476
0.3	-170.088	-0.0190476
0.3	-108.146	-0.0190476
0.3	120.054	-0.0190476
0.3	39.2822	-0.0190476
0.3	-98.6958	-0.0190476
0.3	27.8524	-0.0190476
0.3	122.096	-0.0190476
0.3	16.8616	-0.0190476
0.3	67.0615	-0.0190476
0.3	-133.133	-0.0190476
0.3	-86.4394	-0.0190476
0.3	-58.3768	-0.0190476
0.3	11.4211	-0.0190476
0.3	117.347	-0.0190476
0.3	3.15845	-0.0190476
0.3	22.2665	-0.0190476
0.3	-36.5211	-0.0190476
0.3	140.962	-0.0190476
0.3	16.0821	-0.0190476
0.3	-172.053	-0.0190476
0.3	70.7276	-0.0190476
0.3	52.693	-0.0190476
0.3	-139.534	-0.0190476
0.3	87.3338	-0.0190476
0.3	115.999	-0.0190476
0.3	17.2999	-0.0190476
0.3	57.5462	-0.0190476
0.3	124.58	-0.0190476
0.3	3.25094	-0.0190476
0.3	69.9143	-0.0190476
0.3	-151.997	-0.0190476
0.3	117.699	-0.0190476
0.3	149.11	-0.0190476
0.3	21.8135	-0.0190476
0.3	-138.849	-0.0190476
0.3	-35.6958	-0.0190476
0.3	-115.785	-0.0190476
0.3	-62.1669	-0.0190476
0.3	53.0032	-0.0190476
0.3	-83.7948	-0.0190476
0.3	162.154	-0.0190476
0.3	165.315	-0.0190476
0.3	6.6921	-0.0190476
0.3	-22.4512	-0.0190476
0.3	73.2319	-0.0190476
0.3	-101.111	-0.0190476
0.3	-7.29724	-0.0190476
0.3	-26.7049	-0.0190476
0.3	109.525	-0.0190476
0.3	-5.44358	-0.0190476
0.3	-4.97353	-0.0190476
0.3	-19.1361	-0.0190476
0.3	-8.5514	-0.0190476
0.3	-84.7132	-0.0190476
0.3	-170.076	-0.0190476
0.3	-92.7442	-0.0190476
0.3	-165.758	-0.0190476
0.3	172.982	-0.0190476
0.3	-43.8865	-0.0190476
0.3	-141.478	-0.0190476
0.3	18.1027	-0.0190476
0.3	24.2879	-0.0190476
0.3	71.2944	-0.0190476
0.3	-147.05	-0.0190476
0.3	-146.825	-0.0190476
0.3	128.626	-0.0190476
0.3	-155.594	-0.0190476
0.3	-93.9283	-0.0190476
0.3	145.349	-0.0190476
0.3	80.384	-0.0190476
0.3	7.47495	-0.0190476
0.3	-123.543	-0.0190476
0.3	11.2765	-0.0190476
0.3	-76.9489	-0.0190476
0.3	-149.168	-0.0190476
0.3	-75.1987	-0.0190476
0.3	29.6445	-0.0190476
0.3	48.5674	-0.0190476
0.3	29.7374	-0.0190476
0.3	144.747	-0.0190476
0.3	-1.96849	-0.0190476
0.3	92.7223	-0.0190476
0.3	146.907	-0.0190476
0.3	-151.441	-0.0190476
0.3	-87.6491	-0.0190476
0.3	120.228	-0.0190476
0.3	-164.1	-0.0190476
0.3	-42.87	-0.0190476
0.3	-117.758	-0.0190476
0.3	-120.168	-0.0190476
0.3	118.072	-0.0190476
0.3	-38.6085	-0.0190476
0.3	0.274825	-0.0190476
0.3	-56.6798	-0.0190476
0.3	179.485	-0.0190476
0.3	100.042	-0.0190476
0.3	-80.4685	-0.0190476
0.3	32.0116	-0.0190476
0.3	98.909	-0.0190476
0.3	25.2455	-0.0190476
0.3	27.6666	-0.0190476
0.3	179.189	-0.0190476
0.3	116.066	-0.0190476
0.3	-105.844	-0.0190476
0.3	-85.8362	-0.0190476
0.3	40.0631	-0.0190476
0.3	-47.9648	-0.0190476
0.3	-133.545	-0.0190476
0.3	-59.5019	-0.0190476
0.3	14.0536	-0.0190476
0.3	172.013	-0.0190476
0.3	8.12406	-0.0190476
0.3	52.6787	-0.0190476
0.3	-21.5165	-0.0190476
0.3	-130.729	-0.0190476
0.3	-45.1695	-0.0190476
0.3	-6.16537	-0.0190476
0.3	-96.9919	-0.0190476
0.3	-174.777	-0.0190476
0.3	58.5909	-0.0190476
0.3	-97.0544	-0.0190476
0.3	25.6673	-0.0190476
0.3	2.561	-0.0190476
0.3	-83.5691	-0.0190476
0.3	-61.1281	-0.0190476
0.3	9.19145	-0.0190476
0.3	-167.356	-0.0190476
0.3	68.9889	-0.0190476
0.3	-137.624	-0.0190476
0.3	-179.413	-0.0190476
0.3	-2.10247	-0.0190476
0.3	84.8067	-0.0190476
0.3	-163.957	-0.0190476
0.3	-0.944122	-0.0190476
0.3	-25.8004	-0.0190476
0.3	167.132	-0.0190476
0.3	-170.95	-0.0190476
0.3	-143.753	-0.0190476
0.3	89.2065	-0.0190476
0.3	-62.7146	-0.0190476
-0.25	-69.8155	1
-0.25	55.4626	1
-0.25	-31.0142	1
-0.25	-96.935	1
-0.25	27.94	1
-0.25	-163.89	1
-0.25	-160.367	1
-0.25	15.7548	1
-0.25	-9.1262	1
-0.25	-0.605123	1
-0.25	14.6742	1
-0.25	-64.1978	1
-0.25	-175.744	1
-0.25	-36.0081	1
-0.25	-179.359	1
-0.25	-120.7	1
-0.25	-156.503	1
-0.25	129.775	1
-0.25	160.156	1
-0.25	41.7699	1
-0.25	111.254	1
-0.25	66.2899	1
-0.25	-142.864	1
-0.25	-153.445	1
-0.25	-49.1019	1
-0.25	176.956	1
-0.25	44.647	1
-0.25	103.912	1
-0.25	93.1201	1
-0.25	90.0018	1
-0.25	-138.699	1
-0.25	-173.251	1
-0.25	-139.762	1
-0.25	114.075	1
-0.25	-103.369	1
-0.25	-125.243	1
-0.25	-122.687	1
-0.25	168.806	1
-0.25	-179.816	1
-0.25	-139.307	1
-0.25	-151.15	1
-0.25	123.196	1
-0.25	-70.4309	1
-0.25	44.7852	1
-0.25	-126.67	1
-0.25	171.561	1
-0.25	73.5757	1
-0.25	18.971	1
-0.25	118.578	1
-0.25	74.1966	1
-0.25	-43.727	1
-0.25	177.472	1
-0.25	14.9973	1
-0.25	-154.357	1
-0.25	59.1479	1
-0.25	-16.5865	1
-0.25	-117.081	1
-0.25	-40.1733	1
-0.25	130.593	1
-0.25	98.1762	1
-0.25	133.522	1
-0.25	-48.3424	1
-0.25	151.4	1
-0.25	-85.7805	1
-0.25	32.2331	1
-0.25	-14.7022	1
-0.25	-96.6022	1
-0.25	63.6653	1
-0.25	16.3081	1
-0.25	-55.2525	1
-0.25	130.512	1
-0.25	56.4862	1
-0.25	49.9878	1
-0.25	87.3169	1
-0.25	-166.794	1
-0.25	171.876	1
-0.25	-168.837	1
-0.25	59.8404	1
-0.25	-179.639	1
-0.25	-147.134	1
-0.25	-177.087	1
-0.25	-116.418	1
-0.25	-128.306	1
-0.25	-154.261	1
-0.25	95.9966	1
-0.25	-177.376	1
-0.25	30.6521	1
-0.25	17.2496	1
-0.25	-9.32539	1
-0.25	136.061	1
-0.25	-133.824	1
-0.25	-34.2399	1
-0.25	-137.199	1
-0.25	38.6077	1
-0.25	-107.564	1
-0.25	-146.987	1
-0.25	161.392	1
-0.25	-58.2333	1
-0.25	143.676	1
-0.25	176.158	1
-0.25	-125.739	1
-0.25	-118.962	1
-0.25	81.318	1
-0.25	54.7855	1
-0.25	41.3681	1
-0.25	131.451	1
-0.25	-51.6994	1
-0.25	-9.26684	1
-0.25	30.2389	1
-0.25	87.1977	1
-0.25	1.92689	1
-0.25	-175.866	1
-0.25	-41.427	1
-0.25	54.453	-0.0190476
-0.25	-3.23974	-0.0190476
-0.25	-84.927	-0.0190476
-0.25	-68.7881	-0.0190476
-0.25	-91.6643	-0.0190476
-0.25	-163.119	-0.0190476
-0.25	10.007	-0.0190476
-0.25	-179.42	-0.0190476
-0.25	160.897	-0.0190476
-0.25	-83.0741	-0.0190476
-0.25	-37.5215	-0.0190476
-0.25	150.889	-0.0190476
-0.25	-30.3034	-0.0190476
-0.25	-154.118	-0.0190476
-0.25	83.051	-0.0190476
-0.25	155.203	-0.0190476
-0.25	28.4642	-0.0190476
-0.25	151.969	-0.0190476
-0.25	-178.693	-0.0190476
-0.25	-7.26127	-0.0190476
-0.25	-157.412	-0.0190476
-0.25	29.7108	-0.0190476
-0.25	126.846	-0.0190476
-0.25	45.9432	-0.0190476
-0.25	-15.4279	-0.0190476
-0.25	22.5188	-0.0190476
-0.25	139.442	-0.0190476
-0.25	-105.442	-0.0190476
-0.25	34.6826	-0.0190476
-0.25	64.4118	-0.0190476
-0.25	-2.52071	-0.0190476
-0.25	144.721	-0.0190476
-0.25	144.31	-0.0190476
-0.25	-49.9743	-0.0190476
-0.25	152.957	-0.0190476
-0.25	-56.8502	-0.0190476
-0.25	-36.4236	-0.0190476
-0.25	101.963	-0.0190476
-0.25	-98.9238	-0.0190476
-0.25	174.686	-0.0190476
-0.25	-53.8546	-0.0190476
-0.25	-144.592	-0.0190476
-0.25	100.398	-0.0190476
-0.25	34.94	-0.0190476
-0.25	-144.793	-0.0190476
-0.25	103.505	-0.0190476
-0.25	-153.368	-0.0190476
-0.25	-16.0723	-0.0190476
-0.25	94.8407	-0.0190476
-0.25	41.5452	-0.0190476
-0.25	-152.808	-0.0190476
-0.25	-147.372	-0.0190476
-0.25	29.6874	-0.0190476
-0.25	13.043	-0.0190476
-0.25	-123.662	-0.0190476
-0.25	32.9654	-0.0190476
-0.25	-175.214	-0.0190476
-0.25	-68.9137	-0.0190476
-0.25	179.753	-0.0190476
-0.25	107.353	-0.0190476
-0.25	113.047	-0.0190476
-0.25	-57.5135	-0.0190476
-0.25	70.2882	-0.0190476
-0.25	-151.792	-0.0190476
-0.25	-171.052	-0.0190476
-0.25	3.74555	-0.0190476
-0.25	-78.0383	-0.0190476
-0.25	9.26993	-0.0190476
-0.25	47.8463	-0.0190476
-0.25	8.96048	-0.0190476
-0.25	113.128	-0.0190476
-0.25	-36.6131	-0.0190476
-0.25	20.8311	-0.0190476
-0.25	152.826	-0.0190476
-0.25	-170.185	-0.0190476
-0.25	169.034	-0.0190476
-0.25	170.879	-0.0190476
-0.25	-18.0757	-0.0190476
-0.25	-75.8271	-0.0190476
-0.25	72.5493	-0.0190476
-0.25	147.945	-0.0190476
-0.25	-165.462	-0.0190476
-0.25	-72.615	-0.0190476
-0.25	109.868	-0.0190476
-0.25	-3.34588	-0.0190476
-0.25	107.969	-0.0190476
-0.25	91.5057	-0.0190476
-0.25	33.1832	-0.0190476
-0.25	168.191	-0.0190476
-0.25	-167.328	-0.0190476
-0.25	-100.212	-0.0190476
-0.25	-22.124	-0.0190476
-0.25	53.5442	-0.0190476
-0.25	85.7907	-0.0190476
-0.25	12.0673	-0.0190476
-0.25	-63.7053	-0.0190476
-0.25	171.913	-0.0190476
-0.25	54.7042	-0.0190476
-0.25	-86.256	-0.0190476
-0.25	30.612	-0.0190476
-0.25	-117.334	-0.0190476
-0.25	-155.973	-0.0190476
-0.25	-162.047	-0.0190476
-0.25	94.0208	-0.0190476
-0.25	26.0439	-0.0190476
-0.25	-112.156	-0.0190476
-0.25	78.5525	-0.0190476
-0.25	-177.487	-0.0190476
-0.25	97.0364	-0.0190476
-0.25	48.5371	-0.0190476
-0.25	109.213	-0.0190476
-0.25	-14.6293	-0.0190476
-0.25	-104.287	-0.0190476
-0.25	-131.725	-0.0190476
-0.25	50.5177	-0.0190476
-0.25	124.814	-0.0190476
-0.25	146.574	-0.0190476
-0.25	-177.655	-0.0190476
-0.25	109.299	-0.0190476
-0.25	-12.776	-0.0190476
-0.25	123.136	-0.0190476
-0.25	-112.911	-0.0190476
-0.25	-175.123	-0.0190476
-0.25	101.041	-0.0190476
-0.25	-87.2235	-0.0190476
-0.25	-75.0722	-0.0190476
-0.25	138.281	-0.0190476
-0.25	87.2067	-0.0190476
-0.25	-38.978	-0.0190476
-0.25	-41.3114	-0.0190476
-0.25	141.439	-0.0190476
-0.25	-101.436	-0.0190476
-0.25	15.049	-0.0190476
-0.25	-106.004	-0.0190476
-0.25	-109.317	-0.0190476
-0.25	-45.7527	-0.0190476
-0.25	131.858	-0.0190476
-0.25	-108.537	-0.0190476
-0.25	-160.57	-0.0190476
-0.25	163.238	-0.0190476
-0.25	134.512	-0.0190476
-0.25	-31.303	-0.0190476
-0.25	67.8079	-0.0190476
-0.25	91.1954	-0.0190476
-0.25	-129.848	-0.0190476
-0.25	-175.341	-0.0190476
-0.25	140.72	-0.0190476
-0.25	-150.124	-0.0190476
-0.25	59.1639	-0.0190476
-0.25	-51.8275	-0.0190476
-0.25	-69.5613	-0.0190476
-0.25	27.2167	-0.0190476
-0.25	88.4144	-0.0190476
-0.25	155.456	-0.0190476
-0.25	95.5893	-0.0190476
-0.25	50.408	-0.0190476
-0.25	160.279	-0.0190476
-0.25	40.2069	-0.0190476
-0.25	-134.996	-0.0190476
-0.25	-160.392	-0.0190476
-0.25	-23.8251	-0.0190476
-0.25	-68.8587	-0.0190476
-0.25	80.7533	-0.0190476
-0.25	-74.6669	-0.0190476
-0.25	83.2439	-0.0190476
-0.25	-57.3309	-0.0190476
-0.25	80.0694	-0.0190476
-0.25	-102.459	-0.0190476
-0.25	108.268	-0.0190476
-0.25	-153.954	-0.0190476
-0.25	-38.0498	-0.0190476
-0.25	-20.2543	-0.0190476
-0.25	-63.8994	-0.0190476
-0.25	2.14202	-0.0190476
-0.25	-91.2101	-0.0190476
-0.25	-67.8485	-0.0190476
-0.25	-119.325	-0.0190476
-0.25	168.119	-0.0190476
-0.25	-95.8427	-0.0190476
-0.25	138.384	-0.0190476
-0.25	175.78	-0.0190476
-0.25	157.818	-0.0190476
-0.25	7.54656	-0.0190476
-0.25	-64.0853	-0.0190476
-0.25	-150.493	-0.0190476
-0.25	17.7632	-0.0190476
-0.25	70.3247	-0.0190476
-0.25	125.805	-0.0190476
-0.25	69.7404	-0.0190476
-0.25	-47.6758	-0.0190476
-0.25	105.5	-0.0190476
-0.25	125.496	-0.0190476
-0.25	-5.13742	-0.0190476
-0.25	-33.0846	-0.0190476
-0.25	-48.8165	-0.0190476
-0.25	63.5585	-0.0190476
-0.25	-10.7474	-0.0190476
-0.25	-66.0595	-0.0190476
-0.25	8.48389	-0.0190476
-0.25	-3.37739	-0.0190476
-0.25	-76.3109	-0.0190476
-0.25	69.5183	-0.0190476
-0.25	-81.4401	-0.0190476
-0.25	-175.431	-0.0190476
-0.25	-176.178	-0.0190476
-0.25	-32.8953	-0.0190476
-0.25	159.137	-0.0190476
-0.25	14.4365	-0.0190476
-0.25	42.5924	-0.0190476
-0.25	-54.6966	-0.0190476
-0.25	141.414	-0.0190476
-0.25	55.8667	-0.0190476
-0.25	-43.1918	-0.0190476
-0.25	178.875	-0.0190476
-0.25	36.3219	-0.0190476
-0.25	161.705	-0.0190476
-0.25	52.4876	-0.0190476
-0.25	-145.76	-0.0190476
-0.25	-104.134	-0.0190476
-0.25	-1.53478	-0.0190476
-0.25	122.631	-0.0190476
-0.25	149.193	-0.0190476
-0.25	-104.997	-0.0190476
-0.25	96.3739	-0.0190476
-0.25	97.9545	-0.0190476
-0.25	15.826	-0.0190476
-0.25	167.193	-0.0190476
-0.25	56.5107	-0.0190476
-0.25	-18.4945	-0.0190476
-0.25	74.6269	-0.0190476
-0.25	-65.3582	-0.0190476
-0.25	-80.8449	-0.0190476
-0.25	20.07	-0.0190476
-0.25	95.0692	-0.0190476
-0.25	-35.5617	-0.0190476
-0.25	137.706	-0.0190476
-0.25	65.3224	-0.0190476
-0.25	164.831	-0.0190476
-0.25	-42.5117	-0.0190476
-0.25	-84.537	-0.0190476
-0.25	-29.7552	-0.0190476
-0.25	-136.918	-0.0190476
-0.25	51.8694	-0.0190476
-0.25	145.012	-0.0190476
-0.25	-30.5953	-0.0190476
-0.25	-74.5979	-0.0190476
-0.25	142.69	-0.0190476
-0.25	-44.0843	-0.0190476
-0.25	160.998	-0.0190476
-0.25	131.169	-0.0190476
-0.25	62.576	-0.0190476
-0.25	-19.744	-0.0190476
-0.25	115.341	-0.0190476
-0.25	-155.385	-0.0190476
-0.25	-178.567	-0.0190476
-0.25	-68.6616	-0.0190476
-0.25	143.102	-0.0190476
-0.25	-133.144	-0.0190476
-0.25	133.93	-0.0190476
-0.25	29.4412	-0.0190476
-0.25	-163.223	-0.0190476
-0.25	-101.991	-0.0190476
-0.25	100.042	-0.0190476
-0.25	61.9322	-0.0190476
-0.25	-124.693	-0.0190476
-0.25	111.423	-0.0190476
-0.25	131.326	-0.0190476
-0.25	152.118	-0.0190476
-0.25	-136.001	-0.0190476
-0.25	-104.015	-0.0190476
-0.25	59.8599	-0.0190476
-0.25	118.118	-0.0190476
-0.25	153.232	-0.0190476
-0.25	130.322	-0.0190476
-0.25	-140.46	-0.0190476
-0.25	-8.33696	-0.0190476
-0.25	-37.0885	-0.0190476
-0.25	56.6984	-0.0190476
-0.25	-159.513	-0.0190476
-0.25	-116.007	-0.0190476
-0.25	104.171	-0.0190476
-0.25	-120.874	-0.0190476
-0.25	-110.203	-0.0190476
-0.25	-103.221	-0.0190476
-0.25	-57.562	-0.0190476
-0.25	13.9638	-0.0190476
-0.25	171.829	-0.0190476
-0.25	24.7656	-0.0190476
-0.25	18.1034	-0.0190476
-0.25	115.156	-0.0190476
-0.25	130.696	-0.0190476
-0.25	148.959	-0.0190476
-0.25	4.12312	-0.0190476
-0.25	-5.51922	-0.0190476
-0.25	149.613	-0.0190476
-0.25	20.9186	-0.0190476
-0.25	169.21	-0.0190476
-0.25	31.604	-0.0190476
-0.25	-173.259	-0.0190476
0.3	5.35007	1
0.3	-27.6903	1
0.3	97.9248	1
0.3	-19.4896	1
0.3	94.6235	1
0.3	149.03	1
0.3	88.7064	1
0.3	-77.314	1
0.3	174.15	1
0.3	-1.12675	1
0.3	-45.8708	1
0.3	117.769	1
0.3	115.9	1
0.3	130.127	1
0.3	160.686	1
0.3	88.9351	1
0.3	-103.151	1
0.3	-7.70279	1
0.3	-169.364	1
0.3	23.9853	1
0.3	-101.982	1
0.3	121.724	1
0.3	-140.469	1
0.3	-80.1999	1
0.3	153.323	1
0.3	112.254	1
0.3	-152.987	1
0.3	140.116	1
0.3	-106.089	1
0.3	159.293	1
0.3	134.625	1
0.3	30.226	1
0.3	-95.0985	1
0.3	119.945	1
0.3	136.077	1
0.3	-48.8048	1
0.3	-143.381	1
0.3	116.115	1
0.3	-167.859	1
0.3	103.127	1
0.3	-137.473	1
0.3	-172.006	1
0.3	-130.862	1
0.3	-117.948	1
0.3	12.0013	1
0.3	-111.361	1
0.3	-124.491	1
0.3	45.6929	1
0.3	-61.9326	1
0.3	-6.74631	1
0.3	-43.6341	1
0.3	170.403	1
0.3	-49.3439	1
0.3	67.6131	1
0.3	-18.4583	1
0.3	-171.812	1
0.3	51.3681	1
0.3	-11.0008	1
0.3	75.0924	1
0.3	-47.7138	1
0.3	86.7762	1
0.3	-4.78392	1
0.3	58.3305	1
0.3	-57.1501	1
0.3	14.8633	1
0.3	147.596	1
0.3	111.739	1
0.3	-89.163	1
0.3	-92.1739	1
0.3	-10.2429	1
0.3	12.2639	1
0.3	-170.996	1
0.3	-77.9161	1
0.3	94.5792	1
0.3	-46.4632	1
0.3	-129.024	1
0.3	-112.077	1
0.3	70.8036	1
0.3	-88.1072	1
0.3	-19.8293	1
0.3	0.490091	1
0.3	-144.736	1
0.3	108.679	1
0.3	126.715	1
0.3	99.6319	1
0.3	160.863	1
0.3	54.0879	1
0.3	-129.208	1
0.3	-51.2713	1
0.3	142.527	1
0.3	39.8397	1
0.3	20.7792	1
0.3	-50.9822	1
0.3	50.7303	1
0.3	114.362	1
0.3	-27.7796	1
0.3	78.2397	1
0.3	-168.495	1
0.3	165.193	1
0.3	35.3666	1
0.3	-75.3967	1
0.3	-120.479	1
0.3	-168.437	1
0.3	10.7841	1
0.3	128.981	1
0.3	-128.346	1
0.3	-94.1895	1
0.3	-130.564	1
0.3	-105.28	1
0.3	-164.481	1
0.3	155.808	1
0.3	-147.174	1
0.3	-82.4412	1
0.3	28.6571	1
0.3	11.492	1
0.3	-116.993	1
0.3	174.62	1
0.3	-61.5765	1
0.3	9.25192	1
0.3	-9.32989	1
0.3	-96.5763	1
0.3	-141.74	1
0.3	145.493	1
0.3	-81.9745	1
0.3	115.71	1
0.3	-115.823	1
0.3	170.107	1
0.3	-145.357	1
0.3	150.34	1
0.3	147.413	1
0.3	117.202	1
0.3	179.632	1
0.3	-13.3187	1
0.3	110.605	1
0.3	-168.698	1
0.3	-60.2279	1
0.3	-103.869	1
0.3	-172.29	1
0.3	-119.18	-0.047619
0.3	107.063	-0.047619
0.3	-154.214	-0.047619
0.3	-28.0109	-0.047619
0.3	-79.2823	-0.047619
0.3	-179.646	-0.047619
0.3	-116.881	-0.047619
0.3	-80.4178	-0.047619
0.3	-20.4099	-0.047619
0.3	-104.218	-0.047619
0.3	-75.1712	-0.047619
0.3	151.306	-0.047619
0.3	62.4757	-0.047619
0.3	-125.935	-0.047619
0.3	177.279	-0.047619
0.3	-109.16	-0.047619
0.3	146.279	-0.047619
0.3	-151.756	-0.047619
0.3	25.2412	-0.047619
0.3	-148.362	-0.047619
0.3	-136.806	-0.047619
0.3	-95.0904	-0.047619
0.3	8.27013	-0.047619
0.3	-3.7901	-0.047619
0.3	58.797	-0.047619
0.3	-24.1001	-0.047619
0.3	42.494	-0.047619
0.3	53.7976	-0.047619
0.3	-166.077	-0.047619
0.3	-14.553	-0.047619
0.3	98.3431	-0.047619
0.3	-84.4386	-0.047619
0.3	75.4762	-0.047619
0.3	-105.423	-0.047619
0.3	169.681	-0.047619
0.3	-28.6756	-0.047619
0.3	-48.8897	-0.047619
0.3	151.404	-0.047619
0.3	-99.0736	-0.047619
0.3	129.441	-0.047619
0.3	23.1221	-0.047619
0.3	-86.9585	-0.047619
0.3	-41.8173	-0.047619
0.3	-125.63	-0.047619
0.3	-74.992	-0.047619
0.3	92.8092	-0.047619
0.3	-0.815891	-0.047619
0.3	-169.287	-0.047619
0.3	-89.2576	-0.047619
0.3	-140.928	-0.047619
0.3	146.896	-0.047619
0.3	38.4409	-0.047619
0.3	170.416	-0.047619
0.3	52.8601	-0.047619
0.3	146.99	-0.047619
0.3	105.29	-0.047619
0.3	156.36	-0.047619
0.3	109.067	-0.047619
0.3	50.9884	-0.047619
0.3	-46.6087	-0.047619
0.3	-88.8869	-0.047619
0.3	153.025	-0.047619
0.3	99.8443	-0.047619
0.3	-71.0949	-0.047619
0.3	77.095	-0.047619
0.3	73.8545	-0.047619
0.3	-51.1611	-0.047619
0.3	132.909	-0.047619
0.3	122.272	-0.047619
0.3	-121.998	-0.047619
0.3	16.9004	-0.047619
0.3	32.0774	-0.047619
0.3	-0.207717	-0.047619
0.3	-38.3783	-0.047619
0.3	14.4481	-0.047619
0.3	5.34959	-0.047619
0.3	176.566	-0.047619
0.3	-55.9716	-0.047619
0.3	-48.448	-0.047619
0.3	116.324	-0.047619
0.3	132.999	-0.047619
0.3	1.95059	-0.047619
0.3	-15.49	-0.047619
0.3	-9.30632	-0.047619
0.3	-162.844	-0.047619
0.3	-179.984	-0.047619
0.3	-54.4445	-0.047619
0.3	-40.7144	-0.047619
0.3	80.9273	-0.047619
0.3	129.972	-0.047619
0.3	38.3506	-0.047619
0.3	125.092	-0.047619
0.3	2.62624	-0.047619
0.3	81.3259	-0.047619
0.3	-4.00315	-0.047619
0.3	-144.715	-0.047619
0.3	42.6906	-0.047619
0.3	65.4048	-0.047619
0.3	-1.89875	-0.047619
0.3	-146.316	-0.047619
0.3	-117.915	-0.047619
0.3	-135.861	-0.047619
0.3	48.9194	-0.047619
0.3	-118.453	-0.047619
0.3	157.278	-0.047619
0.3	-118.622	-0.047619
0.3	-10.5054	-0.047619
0.3	-48.9295	-0.047619
0.3	-65.8148	-0.047619
0.3	-117.117	-0.047619
0.3	117.05	-0.047619
0.3	168.039	-0.047619
0.3	62.9292	-0.047619
0.3	125.166	-0.047619
0.3	-124.817	-0.047619
0.3	-144.605	-0.047619
0.3	86.6684	-0.047619
0.3	18.7066	-0.047619
0.3	0.263177	-0.047619
0.3	117.497	-0.047619
0.3	-167.336	-0.047619
0.3	25.5402	-0.047619
0.3	102.659	-0.047619
0.3	-165.753	-0.047619
0.3	-65.4147	-0.047619
0.3	111.119	-0.047619
0.3	2.98469	-0.047619
0.3	3.06323	-0.047619
0.3	-140.386	-0.047619
0.3	98.0214	-0.047619
0.3	-75.8525	-0.047619
0.3	-45.7566	-0.047619
0.3	-18.7725	-0.047619
0.3	-112.867	-0.047619
0.3	-77.3805	-0.047619
0.3	94.3037	-0.047619
0.3	-150.84	-0.047619
0.3	144.274	-0.047619
0.3	100.027	-0.047619
0.3	-30.7529	-0.047619
0.3	21.1054	-0.047619
0.3	122.724	-0.047619
0.3	13.0216	-0.047619
0.3	-161.04	-0.047619
0.3	-40.4844	-0.047619
-0.25	-1.61	1
-0.25	173.485	1
-0.25	-143.696	1
-0.25	-137.484	1
-0.25	170.732	1
-0.25	15.6901	1
-0.25	-41.3187	1
-0.25	119.686	1
-0.25	79.3508	1
-0.25	73.4768	1
-0.25	42.4946	1
-0.25	-116.412	1
-0.25	-48.2115	1
-0.25	98.5617	1
-0.25	33.6709	1
-0.25	-175.57	1
-0.25	-93.1431	1
-0.25	139.912	1
-0.25	122.216	1
-0.25	136.545	1
-0.25	-50.8966	1
-0.25	106.019	1
-0.25	146.331	1
-0.25	-131.072	1
-0.25	-64.1407	1
-0.25	-155.14	1
-0.25	56.474	1
-0.25	-46.5492	1
-0.25	146.95	1
-0.25	-145.168	1
-0.25	-43.5349	1
-0.25	133.208	1
-0.25	36.3619	1
-0.25	48.7452	1
-0.25	54.964	1
-0.25	-77.8962	1
-0.25	-100.163	1
-0.25	-111.084	1
-0.25	144.985	1
-0.25	-130.597	1
-0.25	-159.325	1
-0.25	32.4978	1
-0.25	-124.914	1
-0.25	135.296	1
-0.25	65.1824	1
-0.25	-113.261	1
-0.25	24.9421	1
-0.25	49.7507	1
-0.25	-41.7266	1
-0.25	-82.3028	1
-0.25	141.401	1
-0.25	17.3121	1
-0.25	-32.0872	1
-0.25	-40.314	1
-0.25	-152.712	1
-0.25	171.049	1
-0.25	168.809	1
-0.25	-169.219	1
-0.25	-109.579	1
-0.25	17.181	1
-0.25	-113.996	1
-0.25	57.4484	1
-0.25	-111.029	1
-0.25	52.3319	1
-0.25	133.679	1
-0.25	164.694	1
-0.25	82.4555	1
-0.25	-164.322	1
-0.25	151.905	1
-0.25	102.804	1
-0.25	-23.0072	1
-0.25	146.281	1
-0.25	-75.5726	1
-0.25	-106.056	1
-0.25	-123.42	1
-0.25	-164.787	1
-0.25	-120.088	1
-0.25	-56.1	1
-0.25	120.785	1
-0.25	-143.272	1
-0.25	123.38	1
-0.25	131.034	1
-0.25	-174.647	1
-0.25	166.331	1
-0.25	11.4513	1
-0.25	-99.6423	1
-0.25	123.892	1
-0.25	-148.737	1
-0.25	44.7191	1
-0.25	-172.414	1
-0.25	-59.7227	1
-0.25	65.3204	1
-0.25	81.0601	1
-0.25	42.1708	1
-0.25	-99.0344	1
-0.25	-84.712	1
-0.25	-90.9825	1
-0.25	-30.8269	1
-0.25	169.037	1
-0.25	-148.555	1
-0.25	-162.814	1
-0.25	-75.8615	1
-0.25	-64.6638	1
-0.25	140.206	1
-0.25	-153.647	1
-0.25	60.9804	1
-0.25	-12.4982	1
-0.25	96.4284	1
-0.25	-28.7685	1
-0.25	78.2453	1
-0.25	163.072	1
-0.25	-166.095	1
-0.25	75.3732	1
-0.25	105.853	-0.047619
-0.25	-67.482	-0.047619
-0.25	14.3867	-0.047619
-0.25	-9.59709	-0.047619
-0.25	-128.614	-0.047619
-0.25	-6.22059	-0.047619
-0.25	-9.01294	-0.047619
-0.25	93.3398	-0.047619
-0.25	98.0449	-0.047619
-0.25	127.187	-0.047619
-0.25	136.391	-0.047619
-0.25	140.501	-0.047619
-0.25	74.4432	-0.047619
-0.25	154.963	-0.047619
-0.25	-152.747	-0.047619
-0.25	65.629	-0.047619
-0.25	53.3149	-0.047619
-0.25	135.127	-0.047619
-0.25	35.9296	-0.047619
-0.25	-114.331	-0.047619
-0.25	99.9334	-0.047619
-0.25	73.72	-0.047619
-0.25	165.205	-0.047619
-0.25	63.4113	-0.047619
-0.25	-12.3322	-0.047619
-0.25	11.5979	-0.047619
-0.25	-178.375	-0.047619
-0.25	-121.355	-0.047619
-0.25	-133.642	-0.047619
-0.25	16.1082	-0.047619
-0.25	-80.7436	-0.047619
-0.25	71.4959	-0.047619
-0.25	100.072	-0.047619
-0.25	-117.418	-0.047619
-0.25	173.949	-0.047619
-0.25	-92.9779	-0.047619
-0.25	-74.603	-0.047619
-0.25	161.108	-0.047619
-0.25	-139.35	-0.047619
-0.25	-10.8506	-0.047619
-0.25	130.289	-0.047619
-0.25	91.5355	-0.047619
-0.25	-24.2	-0.047619
-0.25	107	-0.047619
-0.25	-19.2362	-0.047619
-0.25	-158.335	-0.047619
-0.25	-55.8151	-0.047619
-0.25	-48.1049	-0.047619
-0.25	-104.008	-0.047619
-0.25	43.3253	-0.047619
-0.25	87.6115	-0.047619
-0.25	62.8862	-0.047619
-0.25	153.652	-0.047619
-0.25	-68.0146	-0.047619
-0.25	27.7626	-0.047619
-0.25	6.04467	-0.047619
-0.25	-93.5437	-0.047619
-0.25	151.896	-0.047619
-0.25	3.85674	-0.047619
-0.25	-98.8454	-0.047619
-0.25	120.545	-0.047619
-0.25	17.9714	-0.047619
-0.25	24.2982	-0.047619
-0.25	-82.5997	-0.047619
-0.25	-110.021	-0.047619
-0.25	0.180851	-0.047619
-0.25	-46.3662	-0.047619
-0.25	136.652	-0.047619
-0.25	-65.6885	-0.047619
-0.25	88.8252	-0.047619
-0.25	-134.512	-0.047619
-0.25	-111.534	-0.047619
-0.25	-11.3392	-0.047619
-0.25	-175.461	-0.047619
-0.25	-102.055	-0.047619
-0.25	17.5924	-0.047619
-0.25	-60.4462	-0.047619
-0.25	-103.199	-0.047619
-0.25	165.473	-0.047619
-0.25	156.602	-0.047619
-0.25	148.779	-0.047619
-0.25	-161.485	-0.047619
-0.25	-163.305	-0.047619
-0.25	-111.691	-0.047619
-0.25	-66.2657	-0.047619
-0.25	2.63652	-0.047619
-0.25	-154.92	-0.047619
-0.25	-22.1432	-0.047619
-0.25	8.4779	-0.047619
-0.25	-7.79489	-0.047619
-0.25	115.553	-0.047619
-0.25	-134.02	-0.047619
-0.25	143.678	-0.047619
-0.25	151.633	-0.047619
-0.25	122.919	-0.047619
-0.25	86.4875	-0.047619
-0.25	175.949	-0.047619
-0.25	-8.9784	-0.047619
-0.25	55.9756	-0.047619
-0.25	138.771	-0.047619
-0.25	162.59	-0.047619
-0.25	12.9601	-0.047619
-0.25	161.609	-0.047619
-0.25	-64.8931	-0.047619
-0.25	-112.835	-0.047619
-0.25	-31.5498	-0.047619
-0.25	-131.014	-0.047619
-0.25	35.0306	-0.047619
-0.25	-118.07	-0.047619
-0.25	-8.22095	-0.047619
-0.25	-178.216	-0.047619
-0.25	29.9504	-0.047619
-0.25	-11.1162	-0.047619
-0.25	-164.859	-0.047619
-0.25	-33.0568	-0.047619
-0.25	-39.8766	-0.047619
-0.25	-157.022	-0.047619
-0.25	128.596	-0.047619
-0.25	56.6476	-0.047619
0.3	-105.707	1
0.3	117.568	1
0.3	8.6614	1
0.3	22.1075	1
0.3	134.844	1
0.3	-6.89484	1
0.3	-11.3368	1
0.3	13.384	1
0.3	127.193	1
0.3	108.242	1
0.3	-133.528	1
0.3	-10.9213	1
0.3	-61.7116	1
0.3	30.7321	1
0.3	-104.727	1
0.3	-52.4417	1
0.3	71.2211	1
0.3	45.837	1
0.3	-88.294	1
0.3	135.444	1
0.3	5.38425	1
0.3	74.0101	1
0.3	179.424	1
0.3	-171.247	1
0.3	-136.701	1
0.3	19.7567	1
0.3	15.798	1
0.3	143.206	1
0.3	-81.0848	1
0.3	-63.8425	1
0.3	115.543	1
0.3	68.3735	1
0.3	-38.0009	1
0.3	110.144	1
0.3	-69.8637	1
0.3	-45.9525	1
0.3	114.582	1
0.3	162.839	1
0.3	145.996	1
0.3	71.1543	1
0.3	-16.9449	1
0.3	-88.2464	1
0.3	-0.741496	1
0.3	4.06989	1
0.3	85.1943	1
0.3	-50.4098	1
0.3	155.643	1
0.3	87.4339	1
0.3	-65.0474	1
0.3	160.383	1
0.3	78.7831	1
0.3	98.006	1
0.3	30.6492	1
0.3	-127.317	1
0.3	-3.29623	1
0.3	-18.4524	1
0.3	175.327	1
0.3	117.792	1
0.3	-45.4432	1
0.3	129.377	1
0.3	-146.491	1
0.3	-100.319	1
0.3	12.4124	1
0.3	-167.477	1
0.3	66.916	1
0.3	-19.6183	1
0.3	76.4279	1
0.3	98.182	1
0.3	126.906	1
0.3	33.9594	1
0.3	-173.712	1
0.3	65.0267	1
0.3	127.991	1
0.3	-12.909	1
0.3	97.7129	1
0.3	112.467	1
0.3	-95.2716	1
0.3	-165.861	1
0.3	-41.6629	1
0.3	-24.1389	1
0.3	-80.3546	1
0.3	4.44708	1
0.3	50.234	1
0.3	-33.218	1
0.3	175.813	1
0.3	115.985	1
0.3	15.2781	1
0.3	58.6513	1
0.3	89.8548	1
0.3	80.2505	1
0.3	-80.8324	1
0.3	-47.2001	1
0.3	33.1549	1
0.3	111.787	1
0.3	-102.136	1
0.3	25.3295	1
0.3	92.5909	1
0.3	150.187	1
0.3	167.742	1
0.3	-15.5637	1
0.3	-57.9381	1
0.3	163.086	1
0.3	-13.8907	1
0.3	88.1416	1
0.3	174.708	1
0.3	140.023	1
0.3	-105.962	1
0.3	128.583	1
0.3	57.9412	1
0.3	-122.837	1
0.3	-67.5283	1
0.3	105.445	1
0.3	-37.835	1
0.3	-47.3639	1
0.3	-37.0962	1
0.3	-154.977	1
0.3	-115.494	1
0.3	-84.3258	1
0.3	98.6157	1
0.3	-167.434	1
0.3	-4.97348	1
0.3	143.52	1
0.3	1.8391	1
0.3	-83.6356	1
0.3	-26.1235	1
0.3	-145.33	1
0.3	40.1543	1
0.3	-73.7255	1
0.3	4.66223	1
0.3	27.1986	1
0.3	-26.1663	1
0.3	143.523	1
0.3	-130.05	1
0.3	37.1972	1
0.3	101.557	1
0.3	-116.315	1
0.3	39.0046	1
0.3	108.051	1
0.3	-128.115	-0.0666667
0.3	18.827	-0.0666667
0.3	-139.636	-0.0666667
0.3	115.13	-0.0666667
0.3	-24.7889	-0.0666667
0.3	-68.977	-0.0666667
0.3	47.8886	-0.0666667
0.3	-57.7971	-0.0666667
0.3	72.555	-0.0666667
0.3	-164.253	-0.0666667
0.3	-7.58962	-0.0666667
0.3	-29.1557	-0.0666667
0.3	152.234	-0.0666667
0.3	144.329	-0.0666667
0.3	-50.759	-0.0666667
0.3	-60.5938	-0.0666667
0.3	123.853	-0.0666667
0.3	-109.104	-0.0666667
0.3	-51.3251	-0.0666667
0.3	129.815	-0.0666667
0.3	-139.434	-0.0666667
0.3	166.091	-0.0666667
0.3	139.115	-0.0666667
0.3	-92.0414	-0.0666667
0.3	-65.63	-0.0666667
0.3	-63.3188	-0.0666667
0.3	32.3835	-0.0666667
0.3	-169.472	-0.0666667
0.3	-124.774	-0.0666667
0.3	25.4768	-0.0666667
0.3	17.6508	-0.0666667
0.3	-141.052	-0.0666667
0.3	99.5337	-0.0666667
0.3	-48.3422	-0.0666667
0.3	144.658	-0.0666667
0.3	23.6949	-0.0666667
0.3	155.607	-0.0666667
0.3	84.9249	-0.0666667
0.3	-113.484	-0.0666667
0.3	59.3862	-0.0666667
0.3	111.625	-0.0666667
0.3	-160.81	-0.0666667
0.3	1.47953	-0.0666667
0.3	21.1487	-0.0666667
0.3	-22.7889	-0.0666667
0.3	38.6842	-0.0666667
0.3	58.1143	-0.0666667
0.3	88.3059	-0.0666667
0.3	168.434	-0.0666667
0.3	141.238	-0.0666667
0.3	-34.4952	-0.0666667
0.3	-125.619	-0.0666667
0.3	79.3051	-0.0666667
0.3	-157.75	-0.0666667
0.3	49.3584	-0.0666667
0.3	95.4441	-0.0666667
0.3	-173.783	-0.0666667
0.3	88.4836	-0.0666667
0.3	113.6	-0.0666667
0.3	25.18	-0.0666667
0.3	-134.627	-0.0666667
0.3	-83.2069	-0.0666667
0.3	27.7605	-0.0666667
0.3	2.04679	-0.0666667
0.3	94.8034	-0.0666667
0.3	55.6769	-0.0666667
0.3	-93.0693	-0.0666667
0.3	-122.696	-0.0666667
0.3	19.1861	-0.0666667
0.3	46.0339	-0.0666667
0.3	30.1952	-0.0666667
0.3	-171.824	-0.0666667
0.3	43.5764	-0.0666667
0.3	28.4749	-0.0666667
0.3	164.7	-0.0666667
0.3	2.48199	-0.0666667
0.3	165.308	-0.0666667
0.3	-41.6496	-0.0666667
0.3	-149.462	-0.0666667
0.3	13.4706	-0.0666667
0.3	161.7	-0.0666667
0.3	74.8253	-0.0666667
0.3	-49.3714	-0.0666667
0.3	-65.2037	-0.0666667
0.3	57.3595	-0.0666667
0.3	-85.2324	-0.0666667
0.3	-123.984	-0.0666667
0.3	-109.065	-0.0666667
0.3	13.7169	-0.0666667
0.3	-12.1061	-0.0666667
0.3	177.719	-0.0666667
0.3	129.236	-0.0666667
0.3	102.048	-0.0666667
0.3	-69.6348	-0.0666667
0.3	86.9066	-0.0666667
0.3	-132.483	-0.0666667
0.3	60.1082	-0.0666667
0.3	-69.5006	-0.0666667
0.3	-46.5247	-0.0666667
0.3	21.6749	-0.0666667
0.3	175.781	-0.0666667
0.3	-90.3172	-0.0666667
0.3	86.6928	-0.0666667
0.3	-82.0241	-0.0666667
-0.25	132.137	1
-0.25	97.0215	1
-0.25	95.6246	1
-0.25	4.21322	1
-0.25	55.5748	1
-0.25	85.6416	1
-0.25	-15.1416	1
-0.25	-120.448	1
-0.25	80.584	1
-0.25	127.373	1
-0.25	-30.4447	1
-0.25	145.77	1
-0.25	-128.959	1
-0.25	-32.7764	1
-0.25	22.2674	1
-0.25	160.485	1
-0.25	108.282	1
-0.25	-167.779	1
-0.25	94.7449	1
-0.25	-134.085	1
-0.25	156.777	1
-0.25	-46.0466	1
-0.25	-123.599	1
-0.25	125.095	1
-0.25	38.2268	1
-0.25	56.6153	1
-0.25	-39.4167	1
-0.25	-150.931	1
-0.25	147.141	1
-0.25	-145.989	1
-0.25	104.668	1
-0.25	19.7491	1
-0.25	45.6398	1
-0.25	19.1693	1
-0.25	-157.516	1
-0.25	-139.988	1
-0.25	3.17543	1
-0.25	-15.5608	1
-0.25	-58.2074	1
-0.25	-65.2477	1
-0.25	12.1827	1
-0.25	-160.81	1
-0.25	81.6488	1
-0.25	-140.726	1
-0.25	-127.588	1
-0.25	150.594	1
-0.25	-116.965	1
-0.25	89.7769	1
-0.25	32.7656	1
-0.25	15.7048	1
-0.25	-146.013	1
-0.25	139.312	1
-0.25	-109.115	1
-0.25	2.98939	1
-0.25	-136.418	1
-0.25	43.5644	1
-0.25	-100.868	1
-0.25	-141.215	1
-0.25	108.595	1
-0.25	-146.427	1
-0.25	-112.262	1
-0.25	178.397	1
-0.25	52.802	1
-0.25	-171.221	1
-0.25	110.411	1
-0.25	-134.871	1
-0.25	132.396	1
-0.25	172.302	1
-0.25	7.87616	1
-0.25	20.6782	1
-0.25	-49.0062	1
-0.25	69.9229	1
-0.25	155.612	1
-0.25	-149.483	1
-0.25	-135.467	1
-0.25	-78.9894	1
-0.25	110.567	1
-0.25	39.6641	1
-0.25	-100.123	1
-0.25	-3.34726	1
-0.25	-66.5015	1
-0.25	158.08	1
-0.25	162.934	1
-0.25	-65.9374	1
-0.25	86.5371	1
-0.25	-131.402	1
-0.25	129.486	1
-0.25	-86.3931	1
-0.25	-107.903	1
-0.25	-38.0743	1
-0.25	-62.7714	1
-0.25	-169.425	1
-0.25	48.0804	1
-0.25	137.166	1
-0.25	-130.145	1
-0.25	153.424	1
-0.25	47.0935	1
-0.25	-15.2266	1
-0.25	85.6743	1
-0.25	-139.735	1
-0.25	-71.4935	1
-0.25	136.305	1
-0.25	124.697	1
-0.25	11.5383	1
-0.25	65.6579	1
-0.25	-165.791	1
-0.25	-79.2615	1
-0.25	-59.1413	1
-0.25	115.361	1
-0.25	178.906	1
-0.25	-135.214	1
-0.25	0.86965	1
-0.25	-165.02	1
-0.25	154.337	-0.0666667
-0.25	44.0842	-0.0666667
-0.25	32.6429	-0.0666667
-0.25	0.20112	-0.0666667
-0.25	-130.844	-0.0666667
-0.25	164.806	-0.0666667
-0.25	107.986	-0.0666667
-0.25	121.233	-0.0666667
-0.25	66.5879	-0.0666667
-0.25	-45.8558	-0.0666667
-0.25	98.0423	-0.0666667
-0.25	-50.4987	-0.0666667
-0.25	-93.3228	-0.0666667
-0.25	153.749	-0.0666667
-0.25	83.7262	-0.0666667
-0.25	-87.8427	-0.0666667
-0.25	29.965	-0.0666667
-0.25	-81.31	-0.0666667
-0.25	-76.2985	-0.0666667
-0.25	50.455	-0.0666667
-0.25	119.967	-0.0666667
-0.25	168.491	-0.0666667
-0.25	-70.2626	-0.0666667
-0.25	122.792	-0.0666667
-0.25	126.032	-0.0666667
-0.25	172.548	-0.0666667
-0.25	55.0208	-0.0666667
-0.25	168.98	-0.0666667
-0.25	-162.284	-0.0666667
-0.25	-162.443	-0.0666667
-0.25	63.7427	-0.0666667
-0.25	-26.9703	-0.0666667
-0.25	-30.9783	-0.0666667
-0.25	152.886	-0.0666667
-0.25	-69.4693	-0.0666667
-0.25	17.0583	-0.0666667
-0.25	2.66675	-0.0666667
-0.25	-1.6862	-0.0666667
-0.25	13.8905	-0.0666667
-0.25	115.94	-0.0666667
-0.25	-10.9989	-0.0666667
-0.25	62.5713	-0.0666667
-0.25	65.6421	-0.0666667
-0.25	99.4793	-0.0666667
-0.25	100.716	-0.0666667
-0.25	-93.2223	-0.0666667
-0.25	-141.477	-0.0666667
-0.25	178.062	-0.0666667
-0.25	3.99482	-0.0666667
-0.25	-94.5308	-0.0666667
-0.25	-82.3242	-0.0666667
-0.25	-83.8751	-0.0666667
-0.25	63.2681	-0.0666667
-0.25	-5.15077	-0.0666667
-0.25	-48.3366	-0.0666667
-0.25	-96.6995	-0.0666667
-0.25	2.75651	-0.0666667
-0.25	140.352	-0.0666667
-0.25	-128.968	-0.0666667
-0.25	164.922	-0.0666667
-0.25	132.566	-0.0666667
-0.25	172.215	-0.0666667
-0.25	-10.67	-0.0666667
-0.25	7.4398	-0.0666667
-0.25	126.552	-0.0666667
-0.25	113.147	-0.0666667
-0.25	-22.0052	-0.0666667
-0.25	80.9829	-0.0666667
-0.25	129.368	-0.0666667
-0.25	118.448	-0.0666667
-0.25	-116.766	-0.0666667
-0.25	155.095	-0.0666667
-0.25	-88.8395	-0.0666667
-0.25	108.367	-0.0666667
-0.25	-150.234	-0.0666667
-0.25	58.8176	-0.0666667
-0.25	-122.603	-0.0666667
-0.25	111.888	-0.0666667
-0.25	129.288	-0.0666667
-0.25	-130.818	-0.0666667
-0.25	26.0122	-0.0666667
-0.25	35.0471	-0.0666667
-0.25	5.56985	-0.0666667
-0.25	101.008	-0.0666667
-0.25	139.35	-0.0666667
0.3	-27.6341	1
0.3	-111.177	1
0.3	118.12	1
0.3	151.626	1
0.3	-70.1808	1
0.3	-8.72278	1
0.3	69.6422	1
0.3	53.9601	1
0.3	-17.171	1
0.3	-152.56	1
0.3	102.411	1
0.3	39.9475	1
0.3	88.3469	1
0.3	29.6696	1
0.3	-138.278	1
0.3	156.071	1
0.3	33.0854	1
0.3	40.6111	1
0.3	-68.653	1
0.3	62.2108	1
0.3	-55.7279	1
0.3	158.401	1
0.3	-152.266	1
0.3	-21.2612	1
0.3	36.3031	1
0.3	-43.9265	1
0.3	-53.9016	1
0.3	-100.497	1
0.3	-5.22259	1
0.3	-79.3938	1
0.3	109.582	1
0.3	86.8532	1
0.3	-115.917	1
0.3	67.7118	1
0.3	-69.7394	1
0.3	95.3113	1
0.3	112.547	1
0.3	165.934	1
0.3	-107.51	1
0.3	136.921	1
0.3	-12.5514	1
0.3	9.56693	1
0.3	-178.943	1
0.3	129.35	1
0.3	-171.66	1
0.3	99.9593	1
0.3	-17.9006	1
0.3	131.64	1
0.3	-82.2451	1
0.3	174.563	1
0.3	-157.915	1
0.3	40.0781	1
0.3	74.8293	1
0.3	-91.0702	1
0.3	163.172	1
0.3	-53.7001	1
0.3	-5.04588	1
0.3	-61.4272	1
0.3	-59.842	1
0.3	139.998	1
0.3	-65.6075	1
0.3	161.814	1
0.3	-155.131	1
0.3	6.8825	1
0.3	178.072	1
0.3	-71.6698	1
0.3	45.8251	1
0.3	98.5914	1
0.3	-6.78739	1
0.3	124.732	1
0.3	144.893	1
0.3	131.288	1
0.3	-59.1529	1
0.3	-36.2394	1
0.3	-30.6641	1
0.3	-117.792	1
0.3	27.7402	1
0.3	95.6509	1
0.3	119.642	1
0.3	-80.2301	1
0.3	37.1956	1
0.3	174.36	1
0.3	-13.4046	1
0.3	-21.1954	1
0.3	-5.00057	1
0.3	-21.1881	1
0.3	165.652	1
0.3	-25.9736	1
0.3	29.0078	1
0.3	145.673	1
0.3	-99.1402	1
0.3	64.9742	1
0.3	45.5697	1
0.3	137.32	1
0.3	-34.9838	1
0.3	-32.1002	1
0.3	-48.2776	1
0.3	72.5667	1
0.3	-118.021	1
0.3	-118.986	1
0.3	143.133	1
0.3	162.356	1
0.3	162.879	1
0.3	-47.8997	1
0.3	-33.7885	1
0.3	-102.92	1
0.3	90.4764	1
0.3	-69.9123	1
0.3	-45.7095	1
0.3	150.879	1
0.3	-47.9737	1
0.3	-47.6701	1
0.3	-166.718	1
0.3	-177.494	1
0.3	-62.5791	1
0.3	-146.092	1
0.3	-92.2035	1
0.3	-90.6117	1
0.3	-93.3985	1
0.3	-159.149	1
0.3	-94.2508	1
0.3	2.28467	1
0.3	137.378	1
0.3	-63.6864	1
0.3	-51.5266	1
0.3	32.6908	1
0.3	-127.974	1
0.3	10.6853	1
0.3	-9.16152	1
0.3	-177.474	1
0.3	-4.33461	1
0.3	134.782	1
0.3	-62.0991	1
0.3	141.667	1
0.3	143.053	1
0.3	-89.8638	1
0.3	167.006	1
0.3	24.6044	1
0.3	100.1	-0.0285714
0.3	123.243	-0.0285714
0.3	43.037	-0.0285714
0.3	143.315	-0.0285714
0.3	-39.2972	-0.0285714
0.3	-145.205	-0.0285714
0.3	-165.874	-0.0285714
0.3	73.1327	-0.0285714
0.3	-17.7773	-0.0285714
0.3	21.8049	-0.0285714
0.3	-41.4117	-0.0285714
0.3	139.385	-0.0285714
0.3	41.5739	-0.0285714
0.3	45.2702	-0.0285714
0.3	-29.8411	-0.0285714
0.3	4.11528	-0.0285714
0.3	52.3514	-0.0285714
0.3	155.984	-0.0285714
0.3	-142.482	-0.0285714
0.3	-139.154	-0.0285714
0.3	101.297	-0.0285714
0.3	151.811	-0.0285714
0.3	49.1757	-0.0285714
0.3	-21.3228	-0.0285714
0.3	9.88042	-0.0285714
0.3	110.739	-0.0285714
0.3	150.464	-0.0285714
0.3	174.111	-0.0285714
0.3	-165.641	-0.0285714
0.3	-99.0304	-0.0285714
0.3	-169.737	-0.0285714
0.3	-98.263	-0.0285714
0.3	-136.329	-0.0285714
0.3	-62.1403	-0.0285714
0.3	-1.60928	-0.0285714
0.3	116.783	-0.0285714
0.3	-157.659	-0.0285714
0.3	19.6156	-0.0285714
0.3	-155.049	-0.0285714
0.3	75.7263	-0.0285714
0.3	-102.616	-0.0285714
0.3	-74.5407	-0.0285714
0.3	58.9202	-0.0285714
0.3	145.722	-0.0285714
0.3	60.9866	-0.0285714
0.3	46.275	-0.0285714
0.3	15.44	-0.0285714
0.3	-80.6383	-0.0285714
0.3	33.9346	-0.0285714
0.3	75.4898	-0.0285714
0.3	-170.998	-0.0285714
0.3	160.564	-0.0285714
0.3	24.832	-0.0285714
0.3	-75.2871	-0.0285714
0.3	-119.356	-0.0285714
0.3	-16.1167	-0.0285714
0.3	-137.306	-0.0285714
0.3	108.262	-0.0285714
0.3	-111.694	-0.0285714
0.3	-41.8709	-0.0285714
0.3	-144.366	-0.0285714
0.3	11.6048	-0.0285714
0.3	-7.30837	-0.0285714
0.3	90.0189	-0.0285714
0.3	-0.211471	-0.0285714
0.3	98.6908	-0.0285714
0.3	135.246	-0.0285714
0.3	-11.2327	-0.0285714
0.3	121.133	-0.0285714
0.3	-165.719	-0.0285714
0.3	46.1275	-0.0285714
0.3	107.293	-0.0285714
0.3	-54.6897	-0.0285714
0.3	-152.289	-0.0285714
0.3	-87.9819	-0.0285714
0.3	-104.886	-0.0285714
0.3	-147.424	-0.0285714
0.3	67.9312	-0.0285714
0.3	63.2408	-0.0285714
0.3	-5.18908	-0.0285714
0.3	-46.9307	-0.0285714
0.3	77.3666	-0.0285714
0.3	175.095	-0.0285714
0.3	-95.1525	-0.0285714
0.3	83.8346	-0.0285714
0.3	169.671	-0.0285714
0.3	-178.169	-0.0285714
0.3	-53.3243	-0.0285714
0.3	111.204	-0.0285714
0.3	87.5999	-0.0285714
0.3	101.882	-0.0285714
0.3	29.7035	-0.0285714
0.3	165.84	-0.0285714
0.3	174.38	-0.0285714
0.3	-38.9561	-0.0285714
0.3	150.53	-0.0285714
0.3	-128.933	-0.0285714
0.3	-96.2709	-0.0285714
0.3	-70.5402	-0.0285714
0.3	-20.4203	-0.0285714
0.3	-10.1135	-0.0285714
0.3	106.562	-0.0285714
0.3	-113.871	-0.0285714
0.3	-162.877	-0.0285714
0.3	79.4089	-0.0285714
0.3	23.5766	-0.0285714
0.3	-115.542	-0.0285714
0.3	-90.1712	-0.0285714
0.3	-87.5245	-0.0285714
0.3	78.8874	-0.0285714
0.3	-23.2779	-0.0285714
0.3	-81.6432	-0.0285714
0.3	160.514	-0.0285714
0.3	-26.3997	-0.0285714
0.3	175.777	-0.0285714
0.3	-151.003	-0.0285714
0.3	52.1549	-0.0285714
0.3	121.594	-0.0285714
0.3	-1.91898	-0.0285714
0.3	31.3492	-0.0285714
0.3	-97.8447	-0.0285714
0.3	47.1207	-0.0285714
0.3	71.688	-0.0285714
0.3	177.757	-0.0285714
0.3	71.0969	-0.0285714
0.3	-39.7428	-0.0285714
0.3	145.873	-0.0285714
0.3	158.919	-0.0285714
0.3	171.676	-0.0285714
0.3	-74.308	-0.0285714
0.3	177.598	-0.0285714
0.3	-3.2274	-0.0285714
0.3	21.431	-0.0285714
0.3	152.784	-0.0285714
0.3	-19.9626	-0.0285714
0.3	-103.439	-0.0285714
0.3	-71.4509	-0.0285714
0.3	-103.28	-0.0285714
0.3	155.228	-0.0285714
0.3	-130.224	-0.0285714
0.3	153.099	-0.0285714
0.3	-37.3393	-0.0285714
0.3	-99.8795	-0.0285714
0.3	82.1592	-0.0285714
0.3	135.909	-0.0285714
0.3	-125.989	-0.0285714
0.3	-106.143	-0.0285714
0.3	17.899	-0.0285714
0.3	143.989	-0.0285714
0.3	161.064	-0.0285714
0.3	98.6268	-0.0285714
0.3	-9.40961	-0.0285714
0.3	118.334	-0.0285714
0.3	-149.623	-0.0285714
0.3	38.8244	-0.0285714
0.3	-136.857	-0.0285714
0.3	164.898	-0.0285714
0.3	-158.273	-0.0285714
0.3	-159.538	-0.0285714
0.3	-1.26253	-0.0285714
0.3	-106.127	-0.0285714
0.3	-143.242	-0.0285714
0.3	-151.123	-0.0285714
0.3	33.8214	-0.0285714
0.3	-116.306	-0.0285714
0.3	112.481	-0.0285714
0.3	-98.0113	-0.0285714
0.3	-21.5493	-0.0285714
0.3	137.965	-0.0285714
0.3	6.81773	-0.0285714
0.3	-66.0262	-0.0285714
0.3	-150.243	-0.0285714
0.3	-101.198	-0.0285714
0.3	135.488	-0.0285714
0.3	132.994	-0.0285714
0.3	-155.352	-0.0285714
0.3	54.7259	-0.0285714
0.3	30.0775	-0.0285714
0.3	-147.015	-0.0285714
0.3	-131.332	-0.0285714
0.3	-88.025	-0.0285714
0.3	146.866	-0.0285714
0.3	49.9533	-0.0285714
0.3	11.9114	-0.0285714
0.3	115.276	-0.0285714
0.3	18.7158	-0.0285714
0.3	38.3317	-0.0285714
0.3	-67.7529	-0.0285714
0.3	32.444	-0.0285714
0.3	124.426	-0.0285714
0.3	32.7237	-0.0285714
0.3	8.03044	-0.0285714
0.3	-132.574	-0.0285714
0.3	-127.304	-0.0285714
0.3	128.031	-0.0285714
0.3	86.8024	-0.0285714
0.3	41.3169	-0.0285714
0.3	154.113	-0.0285714
0.3	-170.801	-0.0285714
0.3	-168.366	-0.0285714
0.3	-126.423	-0.0285714
0.3	-175.442	-0.0285714
0.3	59.3058	-0.0285714
0.3	-4.85194	-0.0285714
0.3	38.8162	-0.0285714
0.3	-161.925	-0.0285714
0.3	86.3458	-0.0285714
0.3	177.915	-0.0285714
0.3	-100.628	-0.0285714
0.3	132.383	-0.0285714
0.3	-81.1903	-0.0285714
0.3	55.7841	-0.0285714
0.3	-104.696	-0.0285714
0.3	117.197	-0.0285714
0.3	106.562	-0.0285714
0.3	57.2932	-0.0285714
0.3	-104.129	-0.0285714
0.3	-171.774	-0.0285714
0.3	9.43203	-0.0285714
0.3	108.069	-0.0285714
0.3	64.0758	-0.0285714
0.3	-79.6242	-0.0285714
0.3	-10.4434	-0.0285714
0.3	-163.978	-0.0285714
0.3	16.216	-0.0285714
0.3	82.5781	-0.0285714
0.3	-75.129	-0.0285714
0.3	90.6626	-0.0285714
0.3	-159.976	-0.0285714
0.3	101.315	-0.0285714
0.3	74.9107	-0.0285714
0.3	166.921	-0.0285714
0.3	82.0921	-0.0285714
0.3	118.554	-0.0285714
0.3	-158.187	-0.0285714
0.3	60.6691	-0.0285714
0.3	-47.2567	-0.0285714
0.3	77.311	-0.0285714
0.3	40.6295	-0.0285714
0.3	14.0112	-0.0285714
0.3	9.44532	-0.0285714
0.3	138.364	-0.0285714
0.3	50.6411	-0.0285714
-0.25	122.294	1
-0.25	151.655	1
-0.25	-42.9161	1
-0.25	-64.1945	1
-0.25	51.7352	1
-0.25	-169.876	1
-0.25	94.3671	1
-0.25	33.8111	1
-0.25	17.9035	1
-0.25	170.429	1
-0.25	-82.7273	1
-0.25	137.149	1
-0.25	-58.6374	1
-0.25	8.73732	1
-0.25	-143.348	1
-0.25	154.099	1
-0.25	-79.1645	1
-0.25	158.387	1
-0.25	88.1151	1
-0.25	-112.184	1
-0.25	-175.064	1
-0.25	-90.7428	1
-0.25	29.4235	1
-0.25	123.084	1
-0.25	63.4358	1
-0.25	-118.823	1
-0.25	-178.424	1
-0.25	-0.744895	1
-0.25	107.703	1
-0.25	-6.02267	1
-0.25	88.8094	1
-0.25	-52.0065	1
-0.25	47.6779	1
-0.25	85.6466	1
-0.25	-152.812	1
-0.25	-155.977	1
-0.25	103.976	1
-0.25	-5.6108	1
-0.25	-122.673	1
-0.25	106.455	1
-0.25	6.35206	1
-0.25	-165.236	1
-0.25	-165.57	1
-0.25	-17.4745	1
-0.25	142.638	1
-0.25	115.477	1
-0.25	-31.5399	1
-0.25	171.867	1
-0.25	-143.01	1
-0.25	130.674	1
-0.25	-150.327	1
-0.25	83.3622	1
-0.25	-41.9462	1
-0.25	-45.6304	1
-0.25	-47.18	1
-0.25	158.115	1
-0.25	-129.702	1
-0.25	102.745	1
-0.25	91.6558	1
-0.25	6.30264	1
-0.25	-99.5396	1
-0.25	-125.62	1
-0.25	114.816	1
-0.25	71.1541	1
-0.25	146.116	1
-0.25	-41.6999	1
-0.25	-64.7915	1
-0.25	42.2404	1
-0.25	-23.2124	1
-0.25	124.022	1
-0.25	-175.636	1
-0.25	25.5696	1
-0.25	27.1765	1
-0.25	-52.4572	1
-0.25	-129.256	1
-0.25	-111.795	1
-0.25	105.727	1
-0.25	12.9381	1
-0.25	119.635	1
-0.25	121.509	1
-0.25	-163.525	1
-0.25	48.8352	1
-0.25	-163.489	1
-0.25	13.5688	1
-0.25	-67.6327	1
-0.25	4.65139	1
-0.25	-161.391	1
-0.25	56.395	1
-0.25	157.138	1
-0.25	47.36	1
-0.25	-99.7711	1
-0.25	88.3715	1
-0.25	-112.763	1
-0.25	146.888	1
-0.25	-135.694	1
-0.25	103.331	1
-0.25	107.061	1
-0.25	-131.596	1
-0.25	46.6134	1
-0.25	-123	1
-0.25	53.7508	1
-0.25	129.014	1
-0.25	-61.9589	1
-0.25	-61.6468	1
-0.25	169.629	1
-0.25	154.162	1
-0.25	-135.303	1
-0.25	41.7655	1
-0.25	-66.0627	1
-0.25	17.2315	1
-0.25	-132.831	1
-0.25	-83.8321	1
-0.25	-87.9612	1
-0.25	159.564	-0.0285714
-0.25	30.106	-0.0285714
-0.25	109.084	-0.0285714
-0.25	-41.5908	-0.0285714
-0.25	-69.619	-0.0285714
-0.25	-75.5209	-0.0285714
-0.25	125.847	-0.0285714
-0.25	118.5	-0.0285714
-0.25	16.5627	-0.0285714
-0.25	-78.1633	-0.0285714
-0.25	-20.0736	-0.0285714
-0.25	-36.6253	-0.0285714
-0.25	-33.4186	-0.0285714
-0.25	137.068	-0.0285714
-0.25	79.2439	-0.0285714
-0.25	-33.1363	-0.0285714
-0.25	100.24	-0.0285714
-0.25	34.3663	-0.0285714
-0.25	-67.8528	-0.0285714
-0.25	-35.7693	-0.0285714
-0.25	-42.6364	-0.0285714
-0.25	-111.142	-0.0285714
-0.25	-5.31619	-0.0285714
-0.25	86.1761	-0.0285714
-0.25	-76.0087	-0.0285714
-0.25	63.9365	-0.0285714
-0.25	-116.168	-0.0285714
-0.25	62.6944	-0.0285714
-0.25	-114.954	-0.0285714
-0.25	50.1329	-0.0285714
-0.25	69.5036	-0.0285714
-0.25	-15.0929	-0.0285714
-0.25	-90.3549	-0.0285714
-0.25	144.477	-0.0285714
-0.25	89.0422	-0.0285714
-0.25	87.4532	-0.0285714
-0.25	114.619	-0.0285714
-0.25	-156.328	-0.0285714
-0.25	3.47229	-0.0285714
-0.25	-109.432	-0.0285714
-0.25	136.493	-0.0285714
-0.25	-44.4468	-0.0285714
-0.25	-166.606	-0.0285714
-0.25	91.5525	-0.0285714
-0.25	150.319	-0.0285714
-0.25	166.877	-0.0285714
-0.25	-11.6199	-0.0285714
-0.25	134.324	-0.0285714
-0.25	-166.398	-0.0285714
-0.25	130.51	-0.0285714
-0.25	134.524	-0.0285714
-0.25	74.7537	-0.0285714
-0.25	146.096	-0.0285714
-0.25	143.325	-0.0285714
-0.25	-36.8843	-0.0285714
-0.25	148.07	-0.0285714
-0.25	-111.146	-0.0285714
-0.25	154.543	-0.0285714
-0.25	0.376285	-0.0285714
-0.25	-68.056	-0.0285714
-0.25	164.64	-0.0285714
-0.25	-168.328	-0.0285714
-0.25	81.1071	-0.0285714
-0.25	151.507	-0.0285714
-0.25	38.4026	-0.0285714
-0.25	-135.918	-0.0285714
-0.25	168.607	-0.0285714
-0.25	109.36	-0.0285714
-0.25	-51.2302	-0.0285714
-0.25	-60.7608	-0.0285714
-0.25	-34.5009	-0.0285714
-0.25	-73.9528	-0.0285714
-0.25	108.604	-0.0285714
-0.25	-5.57402	-0.0285714
-0.25	-135.278	-0.0285714
-0.25	-141.383	-0.0285714
-0.25	69.2749	-0.0285714
-0.25	-24.8404	-0.0285714
-0.25	99.3534	-0.0285714
-0.25	161.011	-0.0285714
-0.25	141.724	-0.0285714
-0.25	-158.325	-0.0285714
-0.25	-5.71665	-0.0285714
-0.25	-73.6165	-0.0285714
-0.25	-139.032	-0.0285714
-0.25	-116.872	-0.0285714
-0.25	-101.269	-0.0285714
-0.25	-66.7459	-0.0285714
-0.25	-58.9385	-0.0285714
-0.25	-41.7998	-0.0285714
-0.25	148.999	-0.0285714
-0.25	-56.3601	-0.0285714
-0.25	-22.0795	-0.0285714
-0.25	149.954	-0.0285714
-0.25	9.46504	-0.0285714
-0.25	-68.1575	-0.0285714
-0.25	-91.3604	-0.0285714
-0.25	154.446	-0.0285714
-0.25	-32.0364	-0.0285714
-0.25	-147.348	-0.0285714
-0.25	169.102	-0.0285714
-0.25	31.4501	-0.0285714
-0.25	-22.6108	-0.0285714
-0.25	-81.1294	-0.0285714
-0.25	-105.855	-0.0285714
-0.25	115.146	-0.0285714
-0.25	102.718	-0.0285714
-0.25	-28.609	-0.0285714
-0.25	132.74	-0.0285714
-0.25	11.8313	-0.0285714
-0.25	-115.417	-0.0285714
-0.25	-56.8428	-0.0285714
-0.25	-97.4597	-0.0285714
-0.25	-96.718	-0.0285714
-0.25	-159.758	-0.0285714
-0.25	-22.875	-0.0285714
-0.25	-38.2044	-0.0285714
-0.25	25.8709	-0.0285714
-0.25	-67.6236	-0.0285714
-0.25	152.521	-0.0285714
-0.25	-23.6884	-0.0285714
-0.25	57.499	-0.0285714
-0.25	121.399	-0.0285714
-0.25	130.694	-0.0285714
-0.25	-91.4513	-0.0285714
-0.25	37.4318	-0.0285714
-0.25	-43.1693	-0.0285714
-0.25	-18.751	-0.0285714
-0.25	2.81023	-0.0285714
-0.25	-166.052	-0.0285714
-0.25	-104.16	-0.0285714
-0.25	55.6101	-0.0285714
-0.25	9.07285	-0.0285714
-0.25	141.825	-0.0285714
-0.25	-105.533	-0.0285714
-0.25	139.151	-0.0285714
-0.25	-155.553	-0.0285714
-0.25	-4.75486	-0.0285714
-0.25	6.25671	-0.0285714
-0.25	-0.256986	-0.0285714
-0.25	-78.3765	-0.0285714
-0.25	91.5592	-0.0285714
-0.25	50.8901	-0.0285714
-0.25	0.765633	-0.0285714
-0.25	56.8311	-0.0285714
-0.25	68.6957	-0.0285714
-0.25	-131.192	-0.0285714
-0.25	-12.6459	-0.0285714
-0.25	-131.908	-0.0285714
-0.25	22.1197	-0.0285714
-0.25	122.608	-0.0285714
-0.25	-86.3609	-0.0285714
-0.25	178.385	-0.0285714
-0.25	149.086	-0.0285714
-0.25	45.4561	-0.0285714
-0.25	-59.0853	-0.0285714
-0.25	-60.461	-0.0285714
-0.25	-132.241	-0.0285714
-0.25	-17.9897	-0.0285714
-0.25	-51.0372	-0.0285714
-0.25	51.2072	-0.0285714
-0.25	-106.442	-0.0285714
-0.25	-170.121	-0.0285714
-0.25	-22.1938	-0.0285714
-0.25	0.803849	-0.0285714
-0.25	-33.4521	-0.0285714
-0.25	153.909	-0.0285714
-0.25	-148.559	-0.0285714
-0.25	39.7972	-0.0285714
-0.25	119.959	-0.0285714
-0.25	73.2452	-0.0285714
-0.25	0.448366	-0.0285714
-0.25	127.197	-0.0285714
-0.25	16.9298	-0.0285714
-0.25	-51.3201	-0.0285714
-0.25	-37.116	-0.0285714
-0.25	179.929	-0.0285714
-0.25	23.4994	-0.0285714
-0.25	118.954	-0.0285714
-0.25	-25.406	-0.0285714
-0.25	-21.5146	-0.0285714
-0.25	105.007	-0.0285714
-0.25	157.16	-0.0285714
-0.25	169.047	-0.0285714
-0.25	-59.3166	-0.0285714
-0.25	64.3295	-0.0285714
-0.25	-131.111	-0.0285714
-0.25	-122.111	-0.0285714
-0.25	-26.8623	-0.0285714
-0.25	20.7412	-0.0285714
-0.25	-28.9196	-0.0285714
-0.25	-86.0263	-0.0285714
-0.25	-127.376	-0.0285714
-0.25	158.009	-0.0285714
-0.25	-31.442	-0.0285714
-0.25	-58.7285	-0.0285714
-0.25	153.428	-0.0285714
-0.25	71.3622	-0.0285714
-0.25	0.344804	-0.0285714
0.3	29.3809	1
0.3	-103.553	1
0.3	121.15	1
0.3	163.568	1
0.3	-91.7411	1
0.3	-74.7873	1
0.3	-20.1039	1
0.3	110.677	1
0.3	-104.132	1
0.3	-177.14	1
0.3	110.58	1
0.3	22.4154	1
0.3	-12.7173	1
0.3	113.481	1
0.3	111.761	1
0.3	-130.716	1
0.3	-85.1839	1
0.3	34.8833	1
0.3	-162.459	1
0.3	63.4983	1
0.3	34.5221	1
0.3	-67.0255	1
0.3	178.496	1
0.3	172.206	1
0.3	110.979	1
0.3	-13.6878	1
0.3	-5.97782	1
0.3	-115.831	1
0.3	164.099	1
0.3	140.534	1
0.3	8.1287	1
0.3	-154.005	1
0.3	76.4799	1
0.3	44.0555	1
0.3	-95.4668	1
0.3	-97.5345	1
0.3	68.7548	1
0.3	27.5528	1
0.3	153.025	1
0.3	66.7405	1
0.3	2.60879	1
0.3	156.493	1
0.3	56.5035	1
0.3	-30.0121	1
0.3	126.77	1
0.3	17.7296	1
0.3	123.798	1
0.3	-38.5352	1
0.3	164.018	1
0.3	62.5482	1
0.3	-94.0313	1
0.3	-156.383	1
0.3	163.617	1
0.3	67.2361	1
0.3	-129.487	1
0.3	-73.8332	1
0.3	-131.792	1
0.3	-33.728	1
0.3	16.6637	1
0.3	-131.105	1
0.3	-111.501	1
0.3	-148.866	1
0.3	19.4459	1
0.3	-67.7678	1
0.3	101.529	1
0.3	5.12641	1
0.3	-168.258	1
0.3	119.509	1
0.3	44.9359	1
0.3	138.874	1
0.3	-133.729	1
0.3	-132.788	1
0.3	124.871	1
0.3	-48.8188	1
0.3	168.102	1
0.3	-37.6466	1
0.3	72.2086	1
0.3	20.2797	1
0.3	-128.066	1
0.3	167.81	1
0.3	-8.76285	1
0.3	76.086	1
0.3	121.579	1
0.3	-100.893	1
0.3	86.0255	1
0.3	-32.4303	1
0.3	154.353	1
0.3	110.274	1
0.3	-113.633	1
0.3	-81.8019	1
0.3	50.1926	1
0.3	15.9707	1
0.3	-97.5894	1
0.3	-80.4565	1
0.3	25.663	1
0.3	151.408	1
0.3	-68.722	1
0.3	90.2764	1
0.3	106.174	1
0.3	-90.6398	1
0.3	123.757	1
0.3	-168.304	1
0.3	-45.9133	1
0.3	-152.028	1
0.3	131.809	1
0.3	0.887164	1
0.3	-18.5501	1
0.3	-158.997	1
0.3	-53.7086	1
0.3	-4.47415	1
0.3	-117.588	1
0.3	51.2381	1
0.3	-159.501	1
0.3	-25.1537	1
0.3	105.657	1
0.3	-7.19995	1
0.3	-160.352	1
0.3	-92.1679	1
0.3	94.3316	1
0.3	101.621	1
0.3	-51.7757	1
0.3	122.889	1
0.3	60.7948	1
0.3	68.8121	1
0.3	-112.532	1
0.3	-43.6561	1
0.3	130.532	1
0.3	136.274	1
0.3	115.549	1
0.3	102.614	1
0.3	165.42	1
0.3	38.1371	1
0.3	-19.1234	1
0.3	-60.9574	1
0.3	-62.9974	1
0.3	158.139	1
0.3	86.2713	1
0.3	136.35	1
0.3	52.0585	-0.052381
0.3	78.2242	-0.052381
0.3	-147.063	-0.052381
0.3	-11.0806	-0.052381
0.3	-116.847	-0.052381
0.3	-107.75	-0.052381
0.3	-129.877	-0.052381
0.3	51.9827	-0.052381
0.3	-162.552	-0.052381
0.3	-62.8129	-0.052381
0.3	-74.3745	-0.052381
0.3	-145.974	-0.052381
0.3	-132.769	-0.052381
0.3	-141.955	-0.052381
0.3	-154.078	-0.052381
0.3	-54.7858	-0.052381
0.3	-174.761	-0.052381
0.3	18.0393	-0.052381
0.3	-38.0613	-0.052381
0.3	64.0144	-0.052381
0.3	-71.3757	-0.052381
0.3	175.347	-0.052381
0.3	-52.4213	-0.052381
0.3	-146.986	-0.052381
0.3	78.429	-0.052381
0.3	-94.4781	-0.052381
0.3	-46.226	-0.052381
0.3	-86.715	-0.052381
0.3	-76.3293	-0.052381
0.3	89.547	-0.052381
0.3	-24.0883	-0.052381
0.3	140.969	-0.052381
0.3	-135.459	-0.052381
0.3	-105.179	-0.052381
0.3	60.225	-0.052381
0.3	32.086	-0.052381
0.3	-33.0748	-0.052381
0.3	68.7076	-0.052381
0.3	12.4128	-0.052381
0.3	-95.7912	-0.052381
0.3	110.884	-0.052381
0.3	-63.5147	-0.052381
0.3	-19.1007	-0.052381
0.3	-141.515	-0.052381
0.3	73.9448	-0.052381
0.3	-136.402	-0.052381
0.3	-45.3035	-0.052381
0.3	-107.313	-0.052381
0.3	133.822	-0.052381
0.3	-112.767	-0.052381
0.3	65.5749	-0.052381
0.3	56.4934	-0.052381
0.3	-0.615547	-0.052381
0.3	-73.0206	-0.052381
0.3	-31.2997	-0.052381
0.3	72.283	-0.052381
0.3	-86.3098	-0.052381
0.3	78.2269	-0.052381
0.3	-20.1662	-0.052381
0.3	-89.5338	-0.052381
0.3	167.01	-0.052381
0.3	-7.84614	-0.052381
0.3	30.7641	-0.052381
0.3	14.2119	-0.052381
0.3	20.6095	-0.052381
0.3	-127.706	-0.052381
0.3	147.714	-0.052381
0.3	-14.1757	-0.052381
0.3	-53.6531	-0.052381
0.3	162.664	-0.052381
0.3	28.151	-0.052381
0.3	164.215	-0.052381
0.3	-104.108	-0.052381
0.3	80.1851	-0.052381
0.3	-38.4276	-0.052381
0.3	128.112	-0.052381
0.3	122.929	-0.052381
0.3	154.541	-0.052381
0.3	-120.334	-0.052381
0.3	120.449	-0.052381
0.3	-129.563	-0.052381
0.3	-74.9138	-0.052381
0.3	158.031	-0.052381
0.3	-1.51922	-0.052381
0.3	91.2291	-0.052381
0.3	-34.2882	-0.052381
0.3	-24.7033	-0.052381
0.3	-77.9548	-0.052381
0.3	163.992	-0.052381
0.3	-1.94672	-0.052381
0.3	-60.5457	-0.052381
0.3	-89.1639	-0.052381
0.3	30.6426	-0.052381
0.3	27.8184	-0.052381
0.3	78.8858	-0.052381
0.3	-169.422	-0.052381
0.3	61.8055	-0.052381
0.3	55.0847	-0.052381
0.3	53.4923	-0.052381
0.3	103.54	-0.052381
0.3	60.9807	-0.052381
0.3	-167.253	-0.052381
0.3	88.0779	-0.052381
0.3	125.344	-0.052381
0.3	37.3972	-0.052381
0.3	-164.496	-0.052381
0.3	69.7548	-0.052381
0.3	155.676	-0.052381
0.3	49.9663	-0.052381
0.3	-163.373	-0.052381
0.3	-125.131	-0.052381
0.3	-130.771	-0.052381
0.3	66.9259	-0.052381
0.3	-146.891	-0.052381
0.3	101.535	-0.052381
0.3	133.231	-0.052381
0.3	-70.4772	-0.052381
0.3	-166.783	-0.052381
0.3	148.788	-0.052381
0.3	15.8728	-0.052381
0.3	106.063	-0.052381
0.3	168.119	-0.052381
0.3	-142.786	-0.052381
0.3	53.4506	-0.052381
0.3	169.225	-0.052381
0.3	76.972	-0.052381
0.3	-160.141	-0.052381
0.3	34.2958	-0.052381
0.3	-29.5829	-0.052381
0.3	-45.5577	-0.052381
0.3	36.3207	-0.052381
0.3	103.618	-0.052381
-0.25	43.1829	1
-0.25	148.607	1
-0.25	60.295	1
-0.25	-44.2078	1
-0.25	-25.782	1
-0.25	165.446	1
-0.25	-78.7027	1
-0.25	119.196	1
-0.25	-42.9794	1
-0.25	-99.5522	1
-0.25	-135.27	1
-0.25	-33.1104	1
-0.25	28.5663	1
-0.25	53.9737	1
-0.25	-152.479	1
-0.25	-20.3613	1
-0.25	17.1855	1
-0.25	66.6291	1
-0.25	-76.6207	1
-0.25	-114.746	1
-0.25	63.5945	1
-0.25	45.2751	1
-0.25	-140.863	1
-0.25	161.651	1
-0.25	-129.941	1
-0.25	-57.0156	1
-0.25	3.96718	1
-0.25	89.2287	1
-0.25	155.584	1
-0.25	-131.462	1
-0.25	38.8097	1
-0.25	25.2477	1
-0.25	102.821	1
-0.25	151.004	1
-0.25	-120.039	1
-0.25	57.356	1
-0.25	-31.6823	1
-0.25	-7.61747	1
-0.25	-70.4161	1
-0.25	54.8318	1
-0.25	158.017	1
-0.25	152.357	1
-0.25	-49.8197	1
-0.25	161.719	1
-0.25	43.8339	1
-0.25	136.281	1
-0.25	110.037	1
-0.25	1.25864	1
-0.25	117.005	1
-0.25	29.5724	1
-0.25	65.9164	1
-0.25	-149.049	1
-0.25	-164.517	1
-0.25	-94.4584	1
-0.25	-106.088	1
-0.25	61.445	1
-0.25	35.3099	1
-0.25	-74.3531	1
-0.25	-169.993	1
-0.25	64.8951	1
-0.25	-14.7855	1
-0.25	24.0578	1
-0.25	137.401	1
-0.25	22.1709	1
-0.25	-157.27	1
-0.25	-63.8272	1
-0.25	41.1789	1
-0.25	-131.52	1
-0.25	-51.8678	1
-0.25	-146.655	1
-0.25	-11.339	1
-0.25	12.3934	1
-0.25	4.54153	1
-0.25	141.682	1
-0.25	-115.595	1
-0.25	154.288	1
-0.25	53.3735	1
-0.25	155.654	1
-0.25	-41.4132	1
-0.25	-48.4161	1
-0.25	-173.946	1
-0.25	-160.711	1
-0.25	169.219	1
-0.25	170.991	1
-0.25	-73.2558	1
-0.25	-88.63	1
-0.25	109.206	1
-0.25	3.04665	1
-0.25	54.8062	1
-0.25	-110.66	1
-0.25	-106.385	1
-0.25	-95.7911	1
-0.25	14.8667	1
-0.25	59.6486	1
-0.25	129.7	1
-0.25	-121.128	1
-0.25	-109.615	1
-0.25	-175.743	1
-0.25	-71.128	1
-0.25	-108.751	1
-0.25	36.3994	1
-0.25	-49.4003	1
-0.25	-101.17	1
-0.25	-124.671	1
-0.25	-68.7963	1
-0.25	-142.425	1
-0.25	-62.8648	1
-0.25	174.326	1
-0.25	-81.6924	1
-0.25	70.3407	1
-0.25	-42.6463	1
-0.25	-178.877	1
-0.25	43.9085	1
-0.25	144.381	-0.052381
-0.25	159.321	-0.052381
-0.25	-50.4526	-0.052381
-0.25	-94.0759	-0.052381
-0.25	81.9662	-0.052381
-0.25	175.875	-0.052381
-0.25	3.16158	-0.052381
-0.25	-80.3995	-0.052381
-0.25	105.713	-0.052381
-0.25	-106.397	-0.052381
-0.25	-23.8037	-0.052381
-0.25	125.168	-0.052381
-0.25	142.054	-0.052381
-0.25	103.194	-0.052381
-0.25	0.419733	-0.052381
-0.25	-139.693	-0.052381
-0.25	120.113	-0.052381
-0.25	-42.998	-0.052381
-0.25	-141.533	-0.052381
-0.25	44.3753	-0.052381
-0.25	-146.839	-0.052381
-0.25	23.6699	-0.052381
-0.25	157.312	-0.052381
-0.25	-83.7361	-0.052381
-0.25	153.581	-0.052381
-0.25	100.51	-0.052381
-0.25	-77.0804	-0.052381
-0.25	174.575	-0.052381
-0.25	108.68	-0.052381
-0.25	-100.369	-0.052381
-0.25	176.288	-0.052381
-0.25	150.116	-0.052381
-0.25	-5.36169	-0.052381
-0.25	-58.7684	-0.052381
-0.25	8.15867	-0.052381
-0.25	141.513	-0.052381
-0.25	145.514	-0.052381
-0.25	64.4125	-0.052381
-0.25	70.7761	-0.052381
-0.25	-26.622	-0.052381
-0.25	82.4696	-0.052381
-0.25	-154.287	-0.052381
-0.25	-126.582	-0.052381
-0.25	114.335	-0.052381
-0.25	-97.5204	-0.052381
-0.25	-40.3518	-0.052381
-0.25	-158.954	-0.052381
-0.25	9.62157	-0.052381
-0.25	115.692	-0.052381
-0.25	-56.1234	-0.052381
-0.25	117.378	-0.052381
-0.25	147.501	-0.052381
-0.25	158.232	-0.052381
-0.25	-58.8025	-0.052381
-0.25	93.0538	-0.052381
-0.25	107.763	-0.052381
-0.25	-99.6177	-0.052381
-0.25	82.9315	-0.052381
-0.25	-82.4725	-0.052381
-0.25	30.0616	-0.052381
-0.25	-45.7708	-0.052381
-0.25	-29.168	-0.052381
-0.25	-16.2752	-0.052381
-0.25	130.181	-0.052381
-0.25	-135.659	-0.052381
-0.25	83.3561	-0.052381
-0.25	128.553	-0.052381
-0.25	-8.35907	-0.052381
-0.25	179.328	-0.052381
-0.25	-100.776	-0.052381
-0.25	144.528	-0.052381
-0.25	-54.5672	-0.052381
-0.25	-54.2739	-0.052381
-0.25	5.31741	-0.052381
-0.25	-51.0917	-0.052381
-0.25	90.6501	-0.052381
-0.25	-144.432	-0.052381
-0.25	-127.067	-0.052381
-0.25	-108.484	-0.052381
-0.25	-124.198	-0.052381
-0.25	169.654	-0.052381
-0.25	20.7201	-0.052381
-0.25	-96.365	-0.052381
-0.25	46.4043	-0.052381
-0.25	-145.722	-0.052381
-0.25	-76.5093	-0.052381
-0.25	110.808	-0.052381
-0.25	-93.1594	-0.052381
-0.25	115.672	-0.052381
-0.25	-104.176	-0.052381
-0.25	-179.74	-0.052381
-0.25	82.2138	-0.052381
-0.25	-46.673	-0.052381
-0.25	-28.2336	-0.052381
-0.25	-80.9113	-0.052381
-0.25	163.756	-0.052381
-0.25	169.571	-0.052381
-0.25	6.83136	-0.052381
-0.25	122.139	-0.052381
-0.25	-6.61623	-0.052381
-0.25	23.7509	-0.052381
-0.25	32.5074	-0.052381
-0.25	139.179	-0.052381
-0.25	115.765	-0.052381
-0.25	178.754	-0.052381
-0.25	46.6783	-0.052381
-0.25	-15.686	-0.052381
-0.25	-43.5557	-0.052381
