pol.	phi	weight
0.3	124.511	1
0.3	140.889	1
0.3	114.329	1
0.3	177.612	1
0.3	-50.1352	1
0.3	-85.5158	1
0.3	57.5799	1
0.3	-105.493	1
0.3	-102.622	1
0.3	-100.527	1
0.3	177.662	1
0.3	14.5277	1
0.3	165.236	1
0.3	121.878	1
0.3	12.9251	1
0.3	-124.397	1
0.3	-17.3518	1
0.3	118.932	1
0.3	-151.71	1
0.3	24.9287	1
0.3	158.678	1
0.3	-126.192	1
0.3	-172.268	1
0.3	-108.243	1
0.3	-64.7192	1
0.3	-166.218	1
0.3	159.026	1
0.3	147.171	1
0.3	-40.3489	1
0.3	-2.06518	1
0.3	-45.7534	1
0.3	-64.097	1
0.3	130.861	1
0.3	34.081	1
0.3	-4.66756	1
0.3	-161.559	1
0.3	-127.771	1
0.3	10.205	1
0.3	-34.5851	1
0.3	136.733	1
0.3	53.5044	1
0.3	69.1818	1
0.3	-177.652	1
0.3	-126.851	1
0.3	-115.366	1
0.3	-3.88878	1
0.3	49.4908	1
0.3	-28.0497	1
0.3	111.043	1
0.3	127.153	1
0.3	-139.735	1
0.3	-14.7512	1
0.3	131.002	1
0.3	140.384	1
0.3	-40.3546	1
0.3	-0.638087	1
0.3	-155.344	1
0.3	121.553	1
0.3	-84.7692	1
0.3	-104.047	1
0.3	140.647	1
0.3	173.578	1
0.3	-169.478	1
0.3	45.6507	1
0.3	-107.544	1
0.3	139.913	1
0.3	-174.059	1
0.3	105.515	1
0.3	-57.1977	1
0.3	176.995	1
0.3	-171.287	1
0.3	14.8737	1
0.3	-7.99278	1
0.3	-144.886	1
0.3	-35.1087	1
0.3	127.821	1
0.3	-27.7057	1
0.3	-28.4491	1
0.3	-135.518	1
0.3	22.3884	1
0.3	130.667	1
0.3	135.215	1
0.3	-97.347	1
0.3	143.565	1
0.3	19.8487	1
0.3	126.581	1
0.3	-96.0447	1
0.3	168.689	1
0.3	53.3808	1
0.3	-144.503	1
0.3	-147.769	1
0.3	-45.8901	1
0.3	-33.6228	1
0.3	-48.1259	1
0.3	127.646	1
0.3	178.807	1
0.3	27.4769	1
0.3	-27.4461	1
0.3	12.1909	1
0.3	31.0169	1
0.3	-31.6032	1
0.3	140.334	1
0.3	-103.08	1
0.3	-133.76	1
0.3	24.1261	1
0.3	6.13421	1
0.3	-127.356	1
0.3	-125.895	1
0.3	-94.3452	1
0.3	-49.1482	1
0.3	153.517	1
0.3	106.597	1
0.3	13.8667	1
0.3	-43.2682	1
0.3	133.573	1
0.3	43.5083	1
0.3	-122.853	1
0.3	179.314	1
0.3	17.6042	1
0.3	-91.6779	1
0.3	91.7515	1
0.3	51.5165	1
0.3	-31.3219	1
0.3	-157.021	1
0.3	88.0257	1
0.3	-178.291	1
0.3	149.082	1
0.3	-3.65289	1
0.3	177.035	1
0.3	132.379	1
0.3	-71.7555	1
0.3	-120.179	1
0.3	57.4725	1
0.3	-124.342	1
0.3	-78.359	1
0.3	125.817	1
0.3	63.8451	1
0.3	45.1883	1
0.3	-38.8973	1
0.3	-110.469	1
0.3	101.078	1
0.3	-60.0915	1
0.3	17.6421	1
0.3	-168.305	1
0.3	21.8457	-0.0714286
0.3	18.8966	-0.0714286
0.3	-153.799	-0.0714286
0.3	-141.83	-0.0714286
0.3	-48.02	-0.0714286
0.3	-81.732	-0.0714286
0.3	-21.641	-0.0714286
0.3	-21.6825	-0.0714286
0.3	69.1399	-0.0714286
0.3	-15.0872	-0.0714286
0.3	58.459	-0.0714286
0.3	-17.7495	-0.0714286
0.3	53.9634	-0.0714286
0.3	88.9755	-0.0714286
0.3	0.447037	-0.0714286
0.3	-59.0729	-0.0714286
0.3	26.1623	-0.0714286
0.3	80.6947	-0.0714286
0.3	-170.013	-0.0714286
0.3	1.10563	-0.0714286
0.3	140.905	-0.0714286
0.3	-0.758004	-0.0714286
0.3	-50.9732	-0.0714286
0.3	130.225	-0.0714286
0.3	-120.564	-0.0714286
0.3	3.03432	-0.0714286
0.3	106.521	-0.0714286
0.3	163.062	-0.0714286
0.3	-114.908	-0.0714286
0.3	-170.795	-0.0714286
0.3	91.8675	-0.0714286
0.3	-63.5651	-0.0714286
0.3	-172.161	-0.0714286
0.3	-3.51218	-0.0714286
0.3	143.439	-0.0714286
0.3	-124.891	-0.0714286
0.3	111.567	-0.0714286
0.3	-138.498	-0.0714286
0.3	96.727	-0.0714286
0.3	-22.4931	-0.0714286
0.3	67.3419	-0.0714286
0.3	-142.712	-0.0714286
0.3	-12.2113	-0.0714286
0.3	34.4855	-0.0714286
0.3	-139.45	-0.0714286
0.3	-57.5457	-0.0714286
0.3	-162.641	-0.0714286
0.3	159.611	-0.0714286
0.3	4.8125	-0.0714286
0.3	88.5174	-0.0714286
0.3	-25.3677	-0.0714286
0.3	-139.113	-0.0714286
0.3	-175.212	-0.0714286
0.3	172.331	-0.0714286
0.3	-93.03	-0.0714286
0.3	127.726	-0.0714286
0.3	-7.10798	-0.0714286
0.3	-112.521	-0.0714286
0.3	62.5717	-0.0714286
0.3	-60.3244	-0.0714286
0.3	-53.4348	-0.0714286
0.3	172.869	-0.0714286
0.3	129.57	-0.0714286
0.3	148.915	-0.0714286
0.3	29.1572	-0.0714286
0.3	66.9597	-0.0714286
0.3	136.819	-0.0714286
0.3	158.826	-0.0714286
0.3	159.477	-0.0714286
0.3	55.2539	-0.0714286
0.3	75.4035	-0.0714286
0.3	-102.005	-0.0714286
0.3	45.9242	-0.0714286
0.3	-99.7837	-0.0714286
0.3	50.5691	-0.0714286
0.3	-119.402	-0.0714286
0.3	-149.712	-0.0714286
0.3	136.707	-0.0714286
0.3	-103.012	-0.0714286
0.3	25.9115	-0.0714286
0.3	-12.233	-0.0714286
0.3	41.6234	-0.0714286
0.3	-156.342	-0.0714286
0.3	56.6504	-0.0714286
0.3	-17.3627	-0.0714286
0.3	-80.3179	-0.0714286
0.3	-16.122	-0.0714286
0.3	112.338	-0.0714286
0.3	-42.3192	-0.0714286
0.3	139.586	-0.0714286
0.3	12.4861	-0.0714286
0.3	146.973	-0.0714286
0.3	116.986	-0.0714286
0.3	-138.125	-0.0714286
0.3	31.8353	-0.0714286
0.3	94.6107	-0.0714286
0.3	162.658	-0.0714286
0.3	40.444	-0.0714286
0.3	-177.554	-0.0714286
0.3	125.755	-0.0714286
0.3	-98.913	-0.0714286
-0.25	-61.2103	1
-0.25	153.862	1
-0.25	-164.645	1
-0.25	-138.948	1
-0.25	67.9608	1
-0.25	39.548	1
-0.25	23.0327	1
-0.25	167.174	1
-0.25	43.9142	1
-0.25	26.3513	1
-0.25	-93.0283	1
-0.25	20.8507	1
-0.25	68.1667	1
-0.25	-67.6146	1
-0.25	-29.4142	1
-0.25	67.5116	1
-0.25	177.817	1
-0.25	-163.312	1
-0.25	92.4851	1
-0.25	52.6163	1
-0.25	-73.3892	1
-0.25	-53.2271	1
-0.25	8.84504	1
-0.25	169.785	1
-0.25	-79.8956	1
-0.25	39.3108	1
-0.25	122.614	1
-0.25	-55.7761	1
-0.25	6.86805	1
-0.25	-131.249	1
-0.25	-15.4501	1
-0.25	165.505	1
-0.25	122.59	1
-0.25	-78.3901	1
-0.25	97.0698	1
-0.25	-129.556	1
-0.25	170.824	1
-0.25	109.784	1
-0.25	-95.8611	1
-0.25	-160.606	1
-0.25	57.5575	1
-0.25	127.253	1
-0.25	132.831	1
-0.25	-103.603	1
-0.25	143.002	1
-0.25	4.18644	1
-0.25	-129.747	1
-0.25	24.004	1
-0.25	175.902	1
-0.25	-105.624	1
-0.25	-107.759	1
-0.25	-170.172	1
-0.25	-78.006	1
-0.25	-178.496	1
-0.25	-164.05	1
-0.25	-60.1046	1
-0.25	-134.998	1
-0.25	147.305	1
-0.25	32.0538	1
-0.25	28.9545	1
-0.25	-140.035	1
-0.25	159.223	1
-0.25	-72.2588	1
-0.25	49.3217	1
-0.25	174.714	1
-0.25	79.5315	1
-0.25	-134.528	1
-0.25	127.043	1
-0.25	41.2418	1
-0.25	82.6519	1
-0.25	-1.55624	1
-0.25	-21.3983	1
-0.25	44.3917	1
-0.25	98.7399	1
-0.25	157.995	1
-0.25	-90.0526	1
-0.25	-29.8485	1
-0.25	-79.3596	1
-0.25	-111.637	1
-0.25	119.801	1
-0.25	118.109	1
-0.25	162.59	1
-0.25	-132.528	1
-0.25	178.788	1
-0.25	101.327	1
-0.25	-136.612	1
-0.25	-116.277	1
-0.25	-24.951	1
-0.25	-40.8316	1
-0.25	-66.2894	1
-0.25	54.9068	1
-0.25	-105.349	1
-0.25	95.5092	1
-0.25	-50.0956	1
-0.25	179.808	1
-0.25	21.9016	1
-0.25	-33.6351	1
-0.25	167.538	1
-0.25	-83.8591	1
-0.25	-57.6764	1
-0.25	-88.8694	1
-0.25	-1.85234	1
-0.25	-30.0808	1
-0.25	-62.3261	1
-0.25	-9.00047	1
-0.25	159.298	-0.0714286
-0.25	-91.6738	-0.0714286
-0.25	-39.2716	-0.0714286
-0.25	-62.6526	-0.0714286
-0.25	154.886	-0.0714286
-0.25	174.765	-0.0714286
-0.25	-145.401	-0.0714286
-0.25	-33.5368	-0.0714286
-0.25	-34.1046	-0.0714286
-0.25	131.391	-0.0714286
-0.25	-4.93144	-0.0714286
-0.25	-130.166	-0.0714286
-0.25	39.3959	-0.0714286
-0.25	-32.4826	-0.0714286
-0.25	-81.2797	-0.0714286
-0.25	163.1	-0.0714286
-0.25	-16.9702	-0.0714286
-0.25	102.083	-0.0714286
-0.25	-40.7636	-0.0714286
-0.25	49.7505	-0.0714286
-0.25	-85.0139	-0.0714286
-0.25	-123.731	-0.0714286
-0.25	63.378	-0.0714286
-0.25	82.4446	-0.0714286
-0.25	75.0016	-0.0714286
-0.25	136.638	-0.0714286
-0.25	143.648	-0.0714286
-0.25	157.106	-0.0714286
-0.25	7.28227	-0.0714286
-0.25	166.408	-0.0714286
-0.25	-62.2277	-0.0714286
-0.25	173.782	-0.0714286
-0.25	126.318	-0.0714286
-0.25	146.982	-0.0714286
-0.25	161.958	-0.0714286
-0.25	-32.2081	-0.0714286
-0.25	62.9625	-0.0714286
-0.25	90.7565	-0.0714286
-0.25	21.4161	-0.0714286
-0.25	85.7325	-0.0714286
-0.25	-29.2016	-0.0714286
-0.25	-82.412	-0.0714286
-0.25	135.449	-0.0714286
-0.25	-50.6647	-0.0714286
-0.25	-61.8839	-0.0714286
-0.25	9.13216	-0.0714286
-0.25	30.0591	-0.0714286
-0.25	-21.2935	-0.0714286
-0.25	104.205	-0.0714286
-0.25	-93.5889	-0.0714286
-0.25	-174.621	-0.0714286
-0.25	127.862	-0.0714286
-0.25	-121.433	-0.0714286
-0.25	41.2027	-0.0714286
-0.25	131.743	-0.0714286
-0.25	-54.4185	-0.0714286
-0.25	-171.28	-0.0714286
-0.25	-169.242	-0.0714286
-0.25	3.51444	-0.0714286
-0.25	161.303	-0.0714286
-0.25	65.0307	-0.0714286
-0.25	-6.80723	-0.0714286
-0.25	98.0572	-0.0714286
-0.25	69.2159	-0.0714286
-0.25	0.230421	-0.0714286
-0.25	45.8027	-0.0714286
-0.25	-151.294	-0.0714286
-0.25	99.9497	-0.0714286
-0.25	-139.077	-0.0714286
-0.25	-141.036	-0.0714286
-0.25	170.014	-0.0714286
-0.25	-47.6701	-0.0714286
-0.25	58.3422	-0.0714286
0.3	-160.846	1
0.3	141.739	1
0.3	-11.169	1
0.3	161.483	1
0.3	44.6198	1
0.3	-102.238	1
0.3	31.1198	1
0.3	-68.826	1
0.3	-138.233	1
0.3	-110.43	1
0.3	-67.7398	1
0.3	136.399	1
0.3	153.002	1
0.3	-111.482	1
0.3	32.0824	1
0.3	164.912	1
0.3	-34.4599	1
0.3	-85.5052	1
0.3	-7.27646	1
0.3	-176.201	1
0.3	-97.4623	1
0.3	-105.124	1
0.3	163.819	1
0.3	129.956	1
0.3	149.531	1
0.3	-112.477	1
0.3	-107.246	1
0.3	91.9522	1
0.3	-87.9707	1
0.3	-127.598	1
0.3	-81.0214	1
0.3	-26.5793	1
0.3	-123.241	1
0.3	-139.299	1
0.3	16.9456	1
0.3	59.6649	1
0.3	-20.1729	1
0.3	-49.2564	1
0.3	-141.051	1
0.3	154.537	1
0.3	-25.1241	1
0.3	-136.084	1
0.3	105.035	1
0.3	-21.4539	1
0.3	110.674	1
0.3	-85.7846	1
0.3	-137.2	1
0.3	77.44	1
0.3	170.895	1
0.3	145.152	1
0.3	-66.2081	1
0.3	-125.232	1
0.3	22.2454	1
0.3	-43.0413	1
0.3	146.966	1
0.3	-14.2452	1
0.3	119.954	1
0.3	0.931243	1
0.3	-168.001	1
0.3	-75.8541	1
0.3	61.7082	1
0.3	73.437	1
0.3	115.93	1
0.3	150.947	1
0.3	72.483	1
0.3	152.854	1
0.3	-93.7309	1
0.3	104.269	1
0.3	24.1429	1
0.3	9.17782	1
0.3	-114.246	1
0.3	48.5069	1
0.3	17.8104	1
0.3	-6.86449	1
0.3	-43.3674	1
0.3	-119.743	1
0.3	115.556	1
0.3	-69.2318	1
0.3	78.4052	1
0.3	8.43198	1
0.3	41.3648	1
0.3	9.88159	1
0.3	169.543	1
0.3	-165.898	1
0.3	-33.6593	1
0.3	-94.9639	1
0.3	138.138	1
0.3	-3.85848	1
0.3	-27.2872	1
0.3	-22.9092	1
0.3	127.313	1
0.3	-37.716	1
0.3	-36.7392	1
0.3	164.235	1
0.3	83.1854	1
0.3	-133.173	1
0.3	-20.3391	1
0.3	-41.0967	1
0.3	-172.44	1
0.3	-35.5003	1
0.3	174.457	1
0.3	101.59	1
0.3	-137.523	1
0.3	-53.2998	1
0.3	145.737	1
0.3	123.867	1
0.3	-155.189	1
0.3	-88.4767	1
0.3	147.242	1
0.3	-57.0718	1
0.3	-86.465	1
0.3	156.9	1
0.3	37.9614	1
0.3	-82.7476	1
0.3	41.4512	1
0.3	109.403	1
0.3	51.7477	1
0.3	-46.1919	1
0.3	12.3968	1
0.3	-90.5579	1
0.3	113.951	1
0.3	119.394	1
0.3	6.34857	1
0.3	99.9336	1
0.3	29.4273	1
0.3	-101.2	1
0.3	34.1753	1
0.3	-103.494	1
0.3	92.0167	1
0.3	-95.0951	1
0.3	87.2458	1
0.3	152.697	1
0.3	-57.2837	1
0.3	-121.151	1
0.3	78.9803	1
0.3	152.779	1
0.3	79.0643	1
0.3	88.6721	1
0.3	-157.95	1
0.3	-62.8613	1
0.3	-96.0227	1
0.3	4.70352	1
0.3	-111.358	1
0.3	43.8019	1
0.3	-16.2472	-0.0380952
0.3	-139.939	-0.0380952
0.3	96.4568	-0.0380952
0.3	44.2118	-0.0380952
0.3	-19.183	-0.0380952
0.3	148.305	-0.0380952
0.3	173.677	-0.0380952
0.3	-174.619	-0.0380952
0.3	79.6395	-0.0380952
0.3	173.876	-0.0380952
0.3	-39.6943	-0.0380952
0.3	-28.4808	-0.0380952
0.3	69.5802	-0.0380952
0.3	51.8755	-0.0380952
0.3	34.7747	-0.0380952
0.3	-58.2887	-0.0380952
0.3	124.801	-0.0380952
0.3	46.5284	-0.0380952
0.3	-16.2948	-0.0380952
0.3	88.761	-0.0380952
0.3	-124.058	-0.0380952
0.3	-102.902	-0.0380952
0.3	9.02997	-0.0380952
0.3	74.686	-0.0380952
0.3	142.871	-0.0380952
0.3	25.7296	-0.0380952
0.3	-174.581	-0.0380952
0.3	-73.0623	-0.0380952
0.3	-115.53	-0.0380952
0.3	81.254	-0.0380952
0.3	-14.6989	-0.0380952
0.3	-60.6623	-0.0380952
0.3	18.1828	-0.0380952
0.3	-15.2481	-0.0380952
0.3	48.2664	-0.0380952
0.3	-169.021	-0.0380952
0.3	-167.293	-0.0380952
0.3	-95.2709	-0.0380952
0.3	84.2654	-0.0380952
0.3	75.7576	-0.0380952
0.3	-167.15	-0.0380952
0.3	-148.586	-0.0380952
0.3	124.516	-0.0380952
0.3	101.509	-0.0380952
0.3	-95.5166	-0.0380952
0.3	140.835	-0.0380952
0.3	-38.8171	-0.0380952
0.3	78.25	-0.0380952
0.3	-92.0956	-0.0380952
0.3	68.0919	-0.0380952
0.3	-54.2469	-0.0380952
0.3	-33.1847	-0.0380952
0.3	-37.5573	-0.0380952
0.3	53.3041	-0.0380952
0.3	128.899	-0.0380952
0.3	-98.3829	-0.0380952
0.3	-159.824	-0.0380952
0.3	39.7094	-0.0380952
0.3	144.767	-0.0380952
0.3	1.58387	-0.0380952
0.3	17.9366	-0.0380952
0.3	3.86842	-0.0380952
0.3	32.7949	-0.0380952
0.3	-153.411	-0.0380952
0.3	117.494	-0.0380952
0.3	-142.887	-0.0380952
0.3	92.4475	-0.0380952
0.3	-114.604	-0.0380952
0.3	94.7187	-0.0380952
0.3	-136.972	-0.0380952
0.3	-0.199397	-0.0380952
0.3	39.8884	-0.0380952
0.3	-8.21338	-0.0380952
0.3	-159.893	-0.0380952
0.3	-34.7257	-0.0380952
0.3	21.6179	-0.0380952
0.3	-94.3762	-0.0380952
0.3	126.686	-0.0380952
0.3	66.4586	-0.0380952
0.3	57.7432	-0.0380952
0.3	-28.8	-0.0380952
0.3	-131.46	-0.0380952
0.3	47.863	-0.0380952
0.3	54.8813	-0.0380952
0.3	-140.901	-0.0380952
0.3	178.631	-0.0380952
0.3	165.401	-0.0380952
0.3	-115.099	-0.0380952
0.3	116.243	-0.0380952
0.3	167.688	-0.0380952
0.3	-165.784	-0.0380952
0.3	5.18432	-0.0380952
0.3	128.407	-0.0380952
0.3	-88.3666	-0.0380952
0.3	59.2696	-0.0380952
0.3	-22.2577	-0.0380952
0.3	87.6856	-0.0380952
0.3	-27.2644	-0.0380952
0.3	-40.8901	-0.0380952
0.3	-64.2029	-0.0380952
0.3	-29.5554	-0.0380952
0.3	110.847	-0.0380952
0.3	-179.094	-0.0380952
0.3	-178.536	-0.0380952
0.3	44.6161	-0.0380952
0.3	125.545	-0.0380952
0.3	159.684	-0.0380952
0.3	105.446	-0.0380952
0.3	107.46	-0.0380952
0.3	-62.353	-0.0380952
0.3	153.032	-0.0380952
0.3	-131.941	-0.0380952
0.3	83.0619	-0.0380952
0.3	128.603	-0.0380952
0.3	136.094	-0.0380952
0.3	7.94349	-0.0380952
0.3	-136.508	-0.0380952
0.3	157.757	-0.0380952
0.3	-179.451	-0.0380952
0.3	-102.256	-0.0380952
0.3	6.58878	-0.0380952
0.3	123.135	-0.0380952
0.3	82.7817	-0.0380952
0.3	163.213	-0.0380952
0.3	169.5	-0.0380952
0.3	-169.519	-0.0380952
0.3	-160.739	-0.0380952
0.3	-105.924	-0.0380952
0.3	-171.644	-0.0380952
0.3	12.0557	-0.0380952
0.3	126.103	-0.0380952
0.3	155.373	-0.0380952
0.3	85.9567	-0.0380952
0.3	25.48	-0.0380952
0.3	-38.1476	-0.0380952
0.3	52.2201	-0.0380952
0.3	122.197	-0.0380952
0.3	-23.987	-0.0380952
0.3	18.3968	-0.0380952
0.3	-140.23	-0.0380952
0.3	-80.0658	-0.0380952
0.3	-115.106	-0.0380952
0.3	-86.8424	-0.0380952
0.3	-59.893	-0.0380952
0.3	70.9859	-0.0380952
0.3	-29.3153	-0.0380952
0.3	108.638	-0.0380952
0.3	-11.565	-0.0380952
0.3	92.3565	-0.0380952
0.3	-165.593	-0.0380952
0.3	140.413	-0.0380952
0.3	48.7024	-0.0380952
0.3	-72.0649	-0.0380952
0.3	-2.24145	-0.0380952
0.3	-179.188	-0.0380952
0.3	-120.67	-0.0380952
0.3	-41.5471	-0.0380952
0.3	42.4104	-0.0380952
0.3	-18.534	-0.0380952
0.3	-154.902	-0.0380952
0.3	-1.78939	-0.0380952
0.3	-8.72827	-0.0380952
0.3	-34.8461	-0.0380952
0.3	163.575	-0.0380952
0.3	79.7729	-0.0380952
0.3	179.764	-0.0380952
0.3	46.9011	-0.0380952
0.3	-70.9034	-0.0380952
0.3	128.092	-0.0380952
0.3	14.713	-0.0380952
0.3	-80.3204	-0.0380952
0.3	61.0301	-0.0380952
0.3	-107.31	-0.0380952
0.3	56.2443	-0.0380952
0.3	24.2918	-0.0380952
0.3	-74.6824	-0.0380952
0.3	-60.7491	-0.0380952
0.3	-79.4117	-0.0380952
0.3	-36.356	-0.0380952
0.3	61.6098	-0.0380952
0.3	122.586	-0.0380952
0.3	-170.534	-0.0380952
0.3	-151.466	-0.0380952
0.3	-58.2611	-0.0380952
0.3	-96.9378	-0.0380952
0.3	-0.799965	-0.0380952
0.3	44.3048	-0.0380952
0.3	140.395	-0.0380952
0.3	120.943	-0.0380952
-0.25	-17.1422	1
-0.25	26.9092	1
-0.25	146.359	1
-0.25	-31.471	1
-0.25	33.6477	1
-0.25	7.09009	1
-0.25	50.7186	1
-0.25	122.645	1
-0.25	9.86594	1
-0.25	107.754	1
-0.25	16.6354	1
-0.25	163.025	1
-0.25	84.3871	1
-0.25	-52.9325	1
-0.25	-135.102	1
-0.25	153.39	1
-0.25	2.12778	1
-0.25	95.7174	1
-0.25	-68.0257	1
-0.25	77.4967	1
-0.25	43.3089	1
-0.25	-5.47636	1
-0.25	-166.416	1
-0.25	121.932	1
-0.25	154.645	1
-0.25	38.9404	1
-0.25	76.6222	1
-0.25	-176.817	1
-0.25	-118.882	1
-0.25	7.35259	1
-0.25	-38.0322	1
-0.25	-35.8238	1
-0.25	36.7723	1
-0.25	-47.4278	1
-0.25	-100.844	1
-0.25	54.5431	1
-0.25	12.2696	1
-0.25	-61.5994	1
-0.25	-156.948	1
-0.25	62.366	1
-0.25	16.7649	1
-0.25	-72.7208	1
-0.25	-113.673	1
-0.25	161.869	1
-0.25	-3.08604	1
-0.25	-18.9255	1
-0.25	69.1521	1
-0.25	163.711	1
-0.25	161.888	1
-0.25	24.3182	1
-0.25	-152.276	1
-0.25	-63.891	1
-0.25	140.802	1
-0.25	20.3662	1
-0.25	157.169	1
-0.25	176.59	1
-0.25	171.696	1
-0.25	-80.8971	1
-0.25	8.53623	1
-0.25	-78.099	1
-0.25	67.3344	1
-0.25	-110.12	1
-0.25	88.1416	1
-0.25	-161.499	1
-0.25	170.459	1
-0.25	-136.182	1
-0.25	59.0076	1
-0.25	148.562	1
-0.25	89.9576	1
-0.25	22.1882	1
-0.25	76.2922	1
-0.25	108.453	1
-0.25	-146.189	1
-0.25	102.522	1
-0.25	-103.667	1
-0.25	-69.5738	1
-0.25	-113.07	1
-0.25	168.427	1
-0.25	33.4847	1
-0.25	-123.664	1
-0.25	25.3623	1
-0.25	-113.087	1
-0.25	140.015	1
-0.25	44.9547	1
-0.25	-83.2254	1
-0.25	-174.275	1
-0.25	-109.905	1
-0.25	135.368	1
-0.25	-120.507	1
-0.25	5.29665	1
-0.25	1.97624	1
-0.25	90.5424	1
-0.25	65.3387	1
-0.25	-109.442	1
-0.25	155.442	1
-0.25	-100.96	1
-0.25	64.7112	1
-0.25	158.762	1
-0.25	34.9607	1
-0.25	38.3378	1
-0.25	58.9585	1
-0.25	-88.9082	1
-0.25	-0.537267	1
-0.25	-51.2131	1
-0.25	126.905	1
-0.25	-92.269	-0.0380952
-0.25	137.234	-0.0380952
-0.25	47.9094	-0.0380952
-0.25	61.8355	-0.0380952
-0.25	93.6687	-0.0380952
-0.25	-51.5094	-0.0380952
-0.25	172.007	-0.0380952
-0.25	153.075	-0.0380952
-0.25	132.086	-0.0380952
-0.25	85.5764	-0.0380952
-0.25	99.8465	-0.0380952
-0.25	-28.7774	-0.0380952
-0.25	63.5871	-0.0380952
-0.25	-21.8413	-0.0380952
-0.25	-47.1398	-0.0380952
-0.25	-71.9182	-0.0380952
-0.25	131.122	-0.0380952
-0.25	-13.9633	-0.0380952
-0.25	96.984	-0.0380952
-0.25	-40.6863	-0.0380952
-0.25	-133.204	-0.0380952
-0.25	-56.0537	-0.0380952
-0.25	-7.91692	-0.0380952
-0.25	161.354	-0.0380952
-0.25	130.649	-0.0380952
-0.25	33.3244	-0.0380952
-0.25	-69.5457	-0.0380952
-0.25	151.235	-0.0380952
-0.25	-140.663	-0.0380952
-0.25	44.3566	-0.0380952
-0.25	178.767	-0.0380952
-0.25	158.738	-0.0380952
-0.25	-88.1	-0.0380952
-0.25	104.791	-0.0380952
-0.25	-43.171	-0.0380952
-0.25	172.238	-0.0380952
-0.25	93.6849	-0.0380952
-0.25	52.7377	-0.0380952
-0.25	134.987	-0.0380952
-0.25	-36.0795	-0.0380952
-0.25	91.4209	-0.0380952
-0.25	50.361	-0.0380952
-0.25	-116.319	-0.0380952
-0.25	11.7363	-0.0380952
-0.25	-42.4001	-0.0380952
-0.25	-57.1037	-0.0380952
-0.25	-157.712	-0.0380952
-0.25	65.9494	-0.0380952
-0.25	99.2454	-0.0380952
-0.25	-21.9816	-0.0380952
-0.25	41.0491	-0.0380952
-0.25	133.893	-0.0380952
-0.25	76.1307	-0.0380952
-0.25	71.8042	-0.0380952
-0.25	23.5817	-0.0380952
-0.25	100.806	-0.0380952
-0.25	-48.2494	-0.0380952
-0.25	-39.5412	-0.0380952
-0.25	68.0098	-0.0380952
-0.25	170.483	-0.0380952
-0.25	46.4811	-0.0380952
-0.25	-9.20222	-0.0380952
-0.25	1.29642	-0.0380952
-0.25	-56.0247	-0.0380952
-0.25	120.459	-0.0380952
-0.25	-164.375	-0.0380952
-0.25	-38.707	-0.0380952
-0.25	134.251	-0.0380952
-0.25	-3.42829	-0.0380952
-0.25	41.1898	-0.0380952
-0.25	-25.6694	-0.0380952
-0.25	33.7306	-0.0380952
-0.25	-158.468	-0.0380952
-0.25	-137.406	-0.0380952
-0.25	-88.4011	-0.0380952
-0.25	109.459	-0.0380952
-0.25	-42.7516	-0.0380952
-0.25	-23.1662	-0.0380952
-0.25	-26.2588	-0.0380952
-0.25	-44.9743	-0.0380952
-0.25	14.551	-0.0380952
-0.25	-139.711	-0.0380952
-0.25	113.958	-0.0380952
-0.25	179.475	-0.0380952
-0.25	72.2198	-0.0380952
-0.25	68.7028	-0.0380952
-0.25	-58.6507	-0.0380952
-0.25	23.4399	-0.0380952
-0.25	69.4792	-0.0380952
-0.25	28.4175	-0.0380952
-0.25	-145.728	-0.0380952
-0.25	64.9107	-0.0380952
-0.25	-8.14322	-0.0380952
-0.25	131.806	-0.0380952
-0.25	82.7356	-0.0380952
-0.25	13.7101	-0.0380952
-0.25	-3.63231	-0.0380952
-0.25	-37.6942	-0.0380952
-0.25	15.0186	-0.0380952
-0.25	-78.0108	-0.0380952
-0.25	165.842	-0.0380952
-0.25	-104.262	-0.0380952
-0.25	-24.609	-0.0380952
-0.25	108.989	-0.0380952
-0.25	-29.9593	-0.0380952
-0.25	-125.763	-0.0380952
-0.25	-52.7295	-0.0380952
-0.25	93.296	-0.0380952
-0.25	105.143	-0.0380952
-0.25	42.8195	-0.0380952
-0.25	-59.8867	-0.0380952
-0.25	-108.798	-0.0380952
-0.25	-30.9687	-0.0380952
-0.25	162.99	-0.0380952
-0.25	-94.2763	-0.0380952
-0.25	-73.6293	-0.0380952
-0.25	138.841	-0.0380952
-0.25	74.9127	-0.0380952
-0.25	-60.626	-0.0380952
-0.25	-40.5913	-0.0380952
-0.25	-58.4233	-0.0380952
-0.25	38.2097	-0.0380952
-0.25	-109.24	-0.0380952
-0.25	9.10586	-0.0380952
-0.25	83.5141	-0.0380952
-0.25	-49.8096	-0.0380952
-0.25	-64.0086	-0.0380952
-0.25	90.4624	-0.0380952
-0.25	97.728	-0.0380952
-0.25	-93.5825	-0.0380952
-0.25	-79.9108	-0.0380952
-0.25	-127.386	-0.0380952
-0.25	71.324	-0.0380952
-0.25	13.8974	-0.0380952
-0.25	-78.6819	-0.0380952
-0.25	-9.73635	-0.0380952
-0.25	-56.1715	-0.0380952
-0.25	89.9506	-0.0380952
0.3	139.178	1
0.3	-172.678	1
0.3	-150.535	1
0.3	-47.6498	1
0.3	126.38	1
0.3	-71.4816	1
0.3	-139.52	1
0.3	148.62	1
0.3	124.859	1
0.3	-0.55386	1
0.3	86.5325	1
0.3	116.099	1
0.3	-24.217	1
0.3	-119.076	1
0.3	155.873	1
0.3	66.5225	1
0.3	-100.735	1
0.3	-38.1534	1
0.3	148.273	1
0.3	108.55	1
0.3	177.141	1
0.3	163.052	1
0.3	-147.552	1
0.3	-175.564	1
0.3	-39.6286	1
0.3	-37.7627	1
0.3	-127.443	1
0.3	-17.947	1
0.3	-62.9748	1
0.3	179.248	1
0.3	-151.49	1
0.3	36.5371	1
0.3	-56.1892	1
0.3	-143.6	1
0.3	74.2921	1
0.3	-76.3606	1
0.3	-70.1239	1
0.3	-75.6888	1
0.3	164.992	1
0.3	127.657	1
0.3	-161.281	1
0.3	-15.0362	1
0.3	-15.7742	1
0.3	8.049	1
0.3	-85.7145	1
0.3	158.761	1
0.3	-149.393	1
0.3	-65.4704	1
0.3	-110.531	1
0.3	-97.6451	1
0.3	-1.044	1
0.3	-3.74174	1
0.3	-64.2267	1
0.3	-138.973	1
0.3	176.51	1
0.3	-30.5016	1
0.3	42.191	1
0.3	56.8304	1
0.3	76.182	1
0.3	138.431	1
0.3	114.65	1
0.3	-51.187	1
0.3	44.8038	1
0.3	128.308	1
0.3	-11.6211	1
0.3	57.894	1
0.3	-143.742	1
0.3	-65.539	1
0.3	124.195	1
0.3	-118.928	1
0.3	-65.8791	1
0.3	46.8506	1
0.3	79.9395	1
0.3	-166.766	1
0.3	77.9562	1
0.3	-104.222	1
0.3	157.6	1
0.3	-90.479	1
0.3	-147.782	1
0.3	-0.972684	1
0.3	-51.3128	1
0.3	-59.1772	1
0.3	-112.766	1
0.3	-40.0912	1
0.3	-87.3715	1
0.3	-111.043	1
0.3	145.78	1
0.3	-70.1101	1
0.3	84.1937	1
0.3	71.8952	1
0.3	-96.0514	1
0.3	153.67	1
0.3	177.337	1
0.3	39.1128	1
0.3	117.62	1
0.3	-82.7821	1
0.3	113.495	1
0.3	-11.3582	1
0.3	-7.14845	1
0.3	-1.47034	1
0.3	31.8552	1
0.3	119.439	1
0.3	59.381	1
0.3	9.59905	1
0.3	169.922	1
0.3	-47.1636	1
0.3	128.581	1
0.3	-123.779	1
0.3	69.5613	1
0.3	-103.495	1
0.3	139.673	1
0.3	112.877	1
0.3	67.1376	1
0.3	108.267	1
0.3	178.33	1
0.3	-151.816	1
0.3	-61.9244	1
0.3	156.367	1
0.3	10.2687	1
0.3	44.0893	1
0.3	130.822	1
0.3	169.974	1
0.3	-175.184	1
0.3	-160.941	1
0.3	149.777	1
0.3	51.218	1
0.3	-26.3507	1
0.3	-119.442	1
0.3	136.097	1
0.3	-6.4311	1
0.3	-76.0468	1
0.3	-113.008	1
0.3	51.5419	1
0.3	67.2439	1
0.3	-10.6636	1
0.3	-109.745	1
0.3	-18.6499	1
0.3	-94.6124	1
0.3	-37.4259	1
0.3	30.1785	1
0.3	-149.929	1
0.3	-2.80871	1
0.3	34.9297	1
0.3	141.35	1
0.3	5.71589	-0.0190476
0.3	-107.077	-0.0190476
0.3	143.521	-0.0190476
0.3	-176.768	-0.0190476
0.3	-124.041	-0.0190476
0.3	22.164	-0.0190476
0.3	62.2676	-0.0190476
0.3	-29.6519	-0.0190476
0.3	114.54	-0.0190476
0.3	72.6026	-0.0190476
0.3	-52.2059	-0.0190476
0.3	22.5888	-0.0190476
0.3	-161.794	-0.0190476
0.3	-153.881	-0.0190476
0.3	-148.129	-0.0190476
0.3	47.8793	-0.0190476
0.3	2.46551	-0.0190476
0.3	108.802	-0.0190476
0.3	-101.222	-0.0190476
0.3	97.5432	-0.0190476
0.3	96.1157	-0.0190476
0.3	-61.1552	-0.0190476
0.3	45.2424	-0.0190476
0.3	-93.3443	-0.0190476
0.3	178.865	-0.0190476
0.3	164.958	-0.0190476
0.3	128.06	-0.0190476
0.3	74.2136	-0.0190476
0.3	-74.6798	-0.0190476
0.3	-86.5979	-0.0190476
0.3	132.812	-0.0190476
0.3	-63.4565	-0.0190476
0.3	-49.4218	-0.0190476
0.3	148.215	-0.0190476
0.3	-67.1028	-0.0190476
0.3	31.8273	-0.0190476
0.3	24.2622	-0.0190476
0.3	92.9883	-0.0190476
0.3	89.7556	-0.0190476
0.3	64.0081	-0.0190476
0.3	93.1191	-0.0190476
0.3	54.1718	-0.0190476
0.3	65.3013	-0.0190476
0.3	-157.697	-0.0190476
0.3	19.5672	-0.0190476
0.3	147.218	-0.0190476
0.3	57.4081	-0.0190476
0.3	130.062	-0.0190476
0.3	-18.528	-0.0190476
0.3	78.2828	-0.0190476
0.3	80.0732	-0.0190476
0.3	177.13	-0.0190476
0.3	-48.3019	-0.0190476
0.3	34.1279	-0.0190476
0.3	-70.3767	-0.0190476
0.3	84.8844	-0.0190476
0.3	48.1881	-0.0190476
0.3	-10.6032	-0.0190476
0.3	20.4855	-0.0190476
0.3	-67.2742	-0.0190476
0.3	-117.476	-0.0190476
0.3	-155.125	-0.0190476
0.3	-92.6293	-0.0190476
0.3	-146.299	-0.0190476
0.3	58.2583	-0.0190476
0.3	-107.377	-0.0190476
0.3	134.159	-0.0190476
0.3	-16.3905	-0.0190476
0.3	109.991	-0.0190476
0.3	-87.6847	-0.0190476
0.3	153.373	-0.0190476
0.3	159.261	-0.0190476
0.3	-155.55	-0.0190476
0.3	-178.925	-0.0190476
0.3	175.236	-0.0190476
0.3	-149.552	-0.0190476
0.3	4.75449	-0.0190476
0.3	-176.557	-0.0190476
0.3	148.207	-0.0190476
0.3	50.2709	-0.0190476
0.3	-21.5037	-0.0190476
0.3	79.4949	-0.0190476
0.3	94.0789	-0.0190476
0.3	-23.8268	-0.0190476
0.3	-160.035	-0.0190476
0.3	-108.337	-0.0190476
0.3	112.04	-0.0190476
0.3	0.414857	-0.0190476
0.3	60.043	-0.0190476
0.3	151.513	-0.0190476
0.3	34.3646	-0.0190476
0.3	-165.757	-0.0190476
0.3	135.326	-0.0190476
0.3	98.4254	-0.0190476
0.3	111.071	-0.0190476
0.3	155.882	-0.0190476
0.3	73.6524	-0.0190476
0.3	-132.406	-0.0190476
0.3	-94.5848	-0.0190476
0.3	-44.5761	-0.0190476
0.3	-76.0708	-0.0190476
0.3	-73.6087	-0.0190476
0.3	142.111	-0.0190476
0.3	28.9609	-0.0190476
0.3	1.72933	-0.0190476
0.3	78.2417	-0.0190476
0.3	-18.7656	-0.0190476
0.3	-156.338	-0.0190476
0.3	-149.692	-0.0190476
0.3	-129.932	-0.0190476
0.3	146.405	-0.0190476
0.3	-9.95215	-0.0190476
0.3	-85.4082	-0.0190476
0.3	-120.477	-0.0190476
0.3	-100.362	-0.0190476
0.3	-67.4212	-0.0190476
0.3	73.2193	-0.0190476
0.3	-62.5071	-0.0190476
0.3	-84.1822	-0.0190476
0.3	11.3755	-0.0190476
0.3	118.921	-0.0190476
0.3	-68.3295	-0.0190476
0.3	-146.172	-0.0190476
0.3	-30.9691	-0.0190476
0.3	130.62	-0.0190476
0.3	179.344	-0.0190476
0.3	63.1617	-0.0190476
0.3	-174.733	-0.0190476
0.3	2.11667	-0.0190476
0.3	9.66561	-0.0190476
0.3	-127.863	-0.0190476
0.3	-103.517	-0.0190476
0.3	26.7186	-0.0190476
0.3	89.9768	-0.0190476
0.3	1.78141	-0.0190476
0.3	179.936	-0.0190476
0.3	13.4407	-0.0190476
0.3	35.7977	-0.0190476
0.3	-38.2277	-0.0190476
0.3	-73.0676	-0.0190476
0.3	-103.168	-0.0190476
0.3	-19.8223	-0.0190476
0.3	157.33	-0.0190476
0.3	-42.5346	-0.0190476
0.3	-162.817	-0.0190476
0.3	59.7314	-0.0190476
0.3	-53.1356	-0.0190476
0.3	3.39639	-0.0190476
0.3	40.3452	-0.0190476
0.3	-96.6996	-0.0190476
0.3	30.8274	-0.0190476
0.3	35.0545	-0.0190476
0.3	120.65	-0.0190476
0.3	-0.588792	-0.0190476
0.3	-75.514	-0.0190476
0.3	-56.5989	-0.0190476
0.3	-165.33	-0.0190476
0.3	-113.149	-0.0190476
0.3	-1.08513	-0.0190476
0.3	91.7849	-0.0190476
0.3	-83.2578	-0.0190476
0.3	36.4697	-0.0190476
0.3	-175.018	-0.0190476
0.3	-132.685	-0.0190476
0.3	155.168	-0.0190476
0.3	-170.487	-0.0190476
0.3	21.1257	-0.0190476
0.3	-123.373	-0.0190476
0.3	41.2204	-0.0190476
0.3	69.9903	-0.0190476
0.3	107.199	-0.0190476
0.3	-117.074	-0.0190476
0.3	172.401	-0.0190476
0.3	-174.499	-0.0190476
0.3	-36.0632	-0.0190476
0.3	103.811	-0.0190476
0.3	118.381	-0.0190476
0.3	-27.2689	-0.0190476
0.3	-72.498	-0.0190476
0.3	156.403	-0.0190476
0.3	33.1384	-0.0190476
0.3	86.6245	-0.0190476
0.3	13.9345	-0.0190476
0.3	174.83	-0.0190476
0.3	-170.073	-0.0190476
0.3	-64.7039	-0.0190476
0.3	96.9866	-0.0190476
0.3	-117.968	-0.0190476
0.3	89.7238	-0.0190476
0.3	-106.269	-0.0190476
0.3	127.974	-0.0190476
0.3	86.4435	-0.0190476
0.3	67.2835	-0.0190476
0.3	-128.108	-0.0190476
0.3	-17.2587	-0.0190476
0.3	-61.5747	-0.0190476
0.3	162.683	-0.0190476
0.3	129.038	-0.0190476
0.3	174.272	-0.0190476
0.3	-117.67	-0.0190476
0.3	35.6704	-0.0190476
0.3	14.6151	-0.0190476
0.3	30.625	-0.0190476
0.3	-81.9838	-0.0190476
0.3	116.191	-0.0190476
0.3	-76.6721	-0.0190476
0.3	134.43	-0.0190476
0.3	22.8433	-0.0190476
0.3	142.692	-0.0190476
0.3	147.542	-0.0190476
0.3	-164.276	-0.0190476
0.3	43.8567	-0.0190476
0.3	153.644	-0.0190476
0.3	-60.732	-0.0190476
0.3	148.244	-0.0190476
0.3	57.6159	-0.0190476
0.3	-69.7838	-0.0190476
0.3	91.7534	-0.0190476
0.3	-8.36923	-0.0190476
0.3	114.996	-0.0190476
0.3	1.87001	-0.0190476
0.3	-39.6669	-0.0190476
0.3	128.487	-0.0190476
0.3	-11.8545	-0.0190476
0.3	33.723	-0.0190476
0.3	-87.6332	-0.0190476
0.3	32.7062	-0.0190476
0.3	-125.794	-0.0190476
0.3	-88.5625	-0.0190476
0.3	62.4362	-0.0190476
0.3	85.3176	-0.0190476
0.3	-129.513	-0.0190476
0.3	-109.019	-0.0190476
0.3	33.314	-0.0190476
0.3	-157.785	-0.0190476
0.3	-146.347	-0.0190476
0.3	-26.0922	-0.0190476
0.3	95.5682	-0.0190476
0.3	-132.616	-0.0190476
0.3	79.0695	-0.0190476
0.3	-107.824	-0.0190476
0.3	-16.1444	-0.0190476
0.3	62.156	-0.0190476
0.3	-3.83328	-0.0190476
0.3	108.992	-0.0190476
0.3	-95.3926	-0.0190476
0.3	143.992	-0.0190476
0.3	-70.1239	-0.0190476
0.3	-143.978	-0.0190476
0.3	-179.207	-0.0190476
0.3	-59.7092	-0.0190476
0.3	-135.62	-0.0190476
0.3	-19.5779	-0.0190476
0.3	65.0116	-0.0190476
0.3	-1.79421	-0.0190476
0.3	54.1951	-0.0190476
0.3	5.13766	-0.0190476
0.3	-21.7013	-0.0190476
0.3	147.001	-0.0190476
0.3	-48.5932	-0.0190476
0.3	-120.223	-0.0190476
0.3	71.0247	-0.0190476
0.3	-63.5783	-0.0190476
0.3	136.37	-0.0190476
0.3	-169.479	-0.0190476
0.3	-28.6784	-0.0190476
0.3	13.3041	-0.0190476
0.3	-38.8051	-0.0190476
0.3	-153.93	-0.0190476
0.3	-99.5483	-0.0190476
0.3	-160.566	-0.0190476
0.3	-52.8036	-0.0190476
0.3	-126.724	-0.0190476
0.3	-2.35882	-0.0190476
0.3	-105.653	-0.0190476
0.3	-59.6426	-0.0190476
0.3	-109.472	-0.0190476
0.3	23.8613	-0.0190476
0.3	-66.8871	-0.0190476
0.3	29.3912	-0.0190476
0.3	-98.6784	-0.0190476
0.3	-21.2386	-0.0190476
0.3	74.2424	-0.0190476
0.3	-178.822	-0.0190476
0.3	44.7044	-0.0190476
0.3	44.2957	-0.0190476
0.3	165.839	-0.0190476
0.3	118.958	-0.0190476
0.3	30.2635	-0.0190476
0.3	165.379	-0.0190476
0.3	-130.319	-0.0190476
0.3	-136.546	-0.0190476
0.3	42.8957	-0.0190476
0.3	-48.4278	-0.0190476
0.3	108.498	-0.0190476
0.3	73.2783	-0.0190476
0.3	102.348	-0.0190476
0.3	-39.8386	-0.0190476
0.3	82.6474	-0.0190476
0.3	61.3501	-0.0190476
0.3	-124.754	-0.0190476
0.3	-145.44	-0.0190476
0.3	-107.638	-0.0190476
0.3	-147.965	-0.0190476
0.3	79.9233	-0.0190476
0.3	-104.421	-0.0190476
0.3	113.004	-0.0190476
0.3	85.9358	-0.0190476
0.3	-162.155	-0.0190476
0.3	-133.115	-0.0190476
0.3	117.136	-0.0190476
0.3	111.563	-0.0190476
0.3	-71.4499	-0.0190476
0.3	138.889	-0.0190476
0.3	-96.9168	-0.0190476
0.3	124.753	-0.0190476
0.3	-125.161	-0.0190476
0.3	-3.53985	-0.0190476
0.3	141.087	-0.0190476
0.3	-104.153	-0.0190476
0.3	-8.06058	-0.0190476
0.3	99.3747	-0.0190476
0.3	-121.645	-0.0190476
0.3	-156.945	-0.0190476
0.3	-143.087	-0.0190476
0.3	-148.156	-0.0190476
0.3	139.912	-0.0190476
0.3	178.07	-0.0190476
0.3	8.9598	-0.0190476
0.3	34.7968	-0.0190476
0.3	-111.643	-0.0190476
0.3	155.394	-0.0190476
0.3	57.7088	-0.0190476
0.3	8.51935	-0.0190476
0.3	66.8137	-0.0190476
0.3	-125.087	-0.0190476
0.3	-35.0905	-0.0190476
0.3	43.966	-0.0190476
0.3	87.0602	-0.0190476
0.3	-132.343	-0.0190476
0.3	-40.7785	-0.0190476
0.3	-18.7147	-0.0190476
0.3	-69.3472	-0.0190476
0.3	12.5962	-0.0190476
0.3	21.5126	-0.0190476
0.3	-143.3	-0.0190476
0.3	-52.4751	-0.0190476
0.3	-88.5414	-0.0190476
0.3	45.9783	-0.0190476
0.3	-78.2923	-0.0190476
0.3	141.513	-0.0190476
0.3	25.8409	-0.0190476
0.3	8.05968	-0.0190476
0.3	62.7208	-0.0190476
0.3	-169.872	-0.0190476
0.3	172.055	-0.0190476
0.3	-101.11	-0.0190476
0.3	-18.7306	-0.0190476
0.3	-67.8573	-0.0190476
0.3	-160.438	-0.0190476
0.3	18.1405	-0.0190476
0.3	131.978	-0.0190476
0.3	-163.28	-0.0190476
0.3	24.6684	-0.0190476
0.3	78.4673	-0.0190476
0.3	123.562	-0.0190476
0.3	128.975	-0.0190476
0.3	-39.9799	-0.0190476
0.3	-59.849	-0.0190476
0.3	-58.6958	-0.0190476
0.3	12.5255	-0.0190476
0.3	103.041	-0.0190476
0.3	-169.746	-0.0190476
0.3	38.2257	-0.0190476
0.3	50.203	-0.0190476
0.3	35.4355	-0.0190476
0.3	-125.31	-0.0190476
0.3	118.958	-0.0190476
0.3	108.14	-0.0190476
-0.25	-118.288	1
-0.25	115.613	1
-0.25	-79.7013	1
-0.25	-146.862	1
-0.25	67.9043	1
-0.25	-60.3835	1
-0.25	-131.077	1
-0.25	72.6783	1
-0.25	-143.239	1
-0.25	168.356	1
-0.25	-133.286	1
-0.25	-153.659	1
-0.25	44.0197	1
-0.25	-177.972	1
-0.25	-158.363	1
-0.25	67.6166	1
-0.25	51.5204	1
-0.25	47.9749	1
-0.25	-137.295	1
-0.25	60.2321	1
-0.25	36.3869	1
-0.25	20.5015	1
-0.25	126.036	1
-0.25	46.6315	1
-0.25	-110.847	1
-0.25	-54.1737	1
-0.25	112.409	1
-0.25	-127.029	1
-0.25	-28.3741	1
-0.25	131.346	1
-0.25	161.658	1
-0.25	68.5463	1
-0.25	-113.41	1
-0.25	51.7921	1
-0.25	162.908	1
-0.25	-126.097	1
-0.25	-132.257	1
-0.25	-174.889	1
-0.25	116.944	1
-0.25	135.567	1
-0.25	48.2014	1
-0.25	144.397	1
-0.25	11.5033	1
-0.25	-68.3096	1
-0.25	179.492	1
-0.25	164.959	1
-0.25	-71.9057	1
-0.25	16.8646	1
-0.25	67.1931	1
-0.25	173.704	1
-0.25	38.1927	1
-0.25	41.2569	1
-0.25	66.8043	1
-0.25	-174.946	1
-0.25	56.0954	1
-0.25	-146.386	1
-0.25	131.304	1
-0.25	-138.515	1
-0.25	-123.554	1
-0.25	-61.3044	1
-0.25	54.3986	1
-0.25	113.733	1
-0.25	139.581	1
-0.25	56.9443	1
-0.25	-37.0588	1
-0.25	119.978	1
-0.25	-2.59743	1
-0.25	-160.48	1
-0.25	43.0705	1
-0.25	-77.892	1
-0.25	-175.419	1
-0.25	108.691	1
-0.25	28.5993	1
-0.25	-95.9455	1
-0.25	-176.996	1
-0.25	63.3146	1
-0.25	176.48	1
-0.25	-148.905	1
-0.25	42.3403	1
-0.25	-19.8583	1
-0.25	-39.9986	1
-0.25	175.351	1
-0.25	-61.0754	1
-0.25	85.8996	1
-0.25	-94.4579	1
-0.25	-117.857	1
-0.25	94.7153	1
-0.25	-85.3484	1
-0.25	179.9	1
-0.25	-109.976	1
-0.25	-168.57	1
-0.25	82.1191	1
-0.25	-85.0789	1
-0.25	146.372	1
-0.25	176.355	1
-0.25	-85.7118	1
-0.25	29.4202	1
-0.25	66.1308	1
-0.25	88.8008	1
-0.25	-112.987	1
-0.25	45.5565	1
-0.25	3.14487	1
-0.25	113.592	1
-0.25	-10.0766	1
-0.25	107.963	1
-0.25	-128.819	-0.0190476
-0.25	44.6238	-0.0190476
-0.25	53.1315	-0.0190476
-0.25	-66.8619	-0.0190476
-0.25	-141.335	-0.0190476
-0.25	104.638	-0.0190476
-0.25	46.5453	-0.0190476
-0.25	58.3748	-0.0190476
-0.25	-64.5197	-0.0190476
-0.25	125.328	-0.0190476
-0.25	-6.75173	-0.0190476
-0.25	127.177	-0.0190476
-0.25	-90.8439	-0.0190476
-0.25	100.899	-0.0190476
-0.25	-91.9622	-0.0190476
-0.25	-168.292	-0.0190476
-0.25	-114.845	-0.0190476
-0.25	118.169	-0.0190476
-0.25	-46.9305	-0.0190476
-0.25	66.8659	-0.0190476
-0.25	-40.8613	-0.0190476
-0.25	-134.349	-0.0190476
-0.25	-79.3927	-0.0190476
-0.25	-66.3149	-0.0190476
-0.25	149.851	-0.0190476
-0.25	110.851	-0.0190476
-0.25	5.85995	-0.0190476
-0.25	-13.8166	-0.0190476
-0.25	-5.33492	-0.0190476
-0.25	164.269	-0.0190476
-0.25	-20.5079	-0.0190476
-0.25	111.158	-0.0190476
-0.25	115.28	-0.0190476
-0.25	65.0407	-0.0190476
-0.25	-162.593	-0.0190476
-0.25	-62.5113	-0.0190476
-0.25	149.132	-0.0190476
-0.25	161.788	-0.0190476
-0.25	59.03	-0.0190476
-0.25	112.054	-0.0190476
-0.25	81.611	-0.0190476
-0.25	88.1439	-0.0190476
-0.25	-42.2742	-0.0190476
-0.25	-130.696	-0.0190476
-0.25	-117.4	-0.0190476
-0.25	55.166	-0.0190476
-0.25	152.065	-0.0190476
-0.25	6.01746	-0.0190476
-0.25	-23.3146	-0.0190476
-0.25	121.673	-0.0190476
-0.25	14.7357	-0.0190476
-0.25	-91.5422	-0.0190476
-0.25	-40.6731	-0.0190476
-0.25	21.3437	-0.0190476
-0.25	-146.672	-0.0190476
-0.25	126.876	-0.0190476
-0.25	-16.0564	-0.0190476
-0.25	153.177	-0.0190476
-0.25	172.228	-0.0190476
-0.25	5.92176	-0.0190476
-0.25	93.0593	-0.0190476
-0.25	-62.2093	-0.0190476
-0.25	-62.5029	-0.0190476
-0.25	178.499	-0.0190476
-0.25	-31.2379	-0.0190476
-0.25	-44.4131	-0.0190476
-0.25	-17.4391	-0.0190476
-0.25	178.69	-0.0190476
-0.25	74.3937	-0.0190476
-0.25	87.26	-0.0190476
-0.25	-44.6221	-0.0190476
-0.25	-6.43249	-0.0190476
-0.25	-60.6326	-0.0190476
-0.25	-100.67	-0.0190476
-0.25	132.754	-0.0190476
-0.25	87.4853	-0.0190476
-0.25	-54.1035	-0.0190476
-0.25	-98.8273	-0.0190476
-0.25	-26.4566	-0.0190476
-0.25	18.9174	-0.0190476
-0.25	-89.3523	-0.0190476
-0.25	-163.55	-0.0190476
-0.25	-38.5725	-0.0190476
-0.25	-153.992	-0.0190476
-0.25	-118.784	-0.0190476
-0.25	39.1628	-0.0190476
-0.25	64.866	-0.0190476
-0.25	-92.9825	-0.0190476
-0.25	80.505	-0.0190476
-0.25	-179.066	-0.0190476
-0.25	158.04	-0.0190476
-0.25	-69.7114	-0.0190476
-0.25	179.679	-0.0190476
-0.25	87.8514	-0.0190476
-0.25	22.9417	-0.0190476
-0.25	-165.43	-0.0190476
-0.25	153.737	-0.0190476
-0.25	82.8982	-0.0190476
-0.25	136.281	-0.0190476
-0.25	152.03	-0.0190476
-0.25	118.63	-0.0190476
-0.25	-134.38	-0.0190476
-0.25	109.477	-0.0190476
-0.25	-125.484	-0.0190476
-0.25	-165.574	-0.0190476
-0.25	116.48	-0.0190476
-0.25	96.566	-0.0190476
-0.25	-92.5168	-0.0190476
-0.25	-37.0423	-0.0190476
-0.25	12.8612	-0.0190476
-0.25	94.9778	-0.0190476
-0.25	176.341	-0.0190476
-0.25	11.6369	-0.0190476
-0.25	-165.335	-0.0190476
-0.25	-125.445	-0.0190476
-0.25	131.756	-0.0190476
-0.25	-39.8255	-0.0190476
-0.25	102.806	-0.0190476
-0.25	-20.3165	-0.0190476
-0.25	-75.7681	-0.0190476
-0.25	79.7104	-0.0190476
-0.25	-65.6748	-0.0190476
-0.25	-91.8518	-0.0190476
-0.25	-152.235	-0.0190476
-0.25	27.6497	-0.0190476
-0.25	-134.514	-0.0190476
-0.25	-111.415	-0.0190476
-0.25	-50.4188	-0.0190476
-0.25	-28.8604	-0.0190476
-0.25	146.062	-0.0190476
-0.25	155.803	-0.0190476
-0.25	34.3433	-0.0190476
-0.25	163.026	-0.0190476
-0.25	147.06	-0.0190476
-0.25	11.9855	-0.0190476
-0.25	13.8044	-0.0190476
-0.25	-62.112	-0.0190476
-0.25	-85.8487	-0.0190476
-0.25	-97.1894	-0.0190476
-0.25	-65.8184	-0.0190476
-0.25	40.8449	-0.0190476
-0.25	58.511	-0.0190476
-0.25	-165.057	-0.0190476
-0.25	34.9433	-0.0190476
-0.25	-13.8625	-0.0190476
-0.25	146.705	-0.0190476
-0.25	46.0785	-0.0190476
-0.25	-160.166	-0.0190476
-0.25	165.39	-0.0190476
-0.25	112.802	-0.0190476
-0.25	-102.213	-0.0190476
-0.25	-58.0042	-0.0190476
-0.25	41.7011	-0.0190476
-0.25	164.515	-0.0190476
-0.25	87.8991	-0.0190476
-0.25	125.012	-0.0190476
-0.25	36.8807	-0.0190476
-0.25	-56.4372	-0.0190476
-0.25	-128.469	-0.0190476
-0.25	-148.381	-0.0190476
-0.25	-34.2392	-0.0190476
-0.25	92.5281	-0.0190476
-0.25	106.109	-0.0190476
-0.25	13.689	-0.0190476
-0.25	25.5644	-0.0190476
-0.25	19.5003	-0.0190476
-0.25	162.17	-0.0190476
-0.25	-27.4246	-0.0190476
-0.25	-65.0951	-0.0190476
-0.25	160.109	-0.0190476
-0.25	26.7737	-0.0190476
-0.25	178.29	-0.0190476
-0.25	-152.941	-0.0190476
-0.25	143.589	-0.0190476
-0.25	93.9275	-0.0190476
-0.25	154.495	-0.0190476
-0.25	-5.98611	-0.0190476
-0.25	-144.331	-0.0190476
-0.25	-99.6248	-0.0190476
-0.25	21.7491	-0.0190476
-0.25	-150.272	-0.0190476
-0.25	100.983	-0.0190476
-0.25	13.7848	-0.0190476
-0.25	-38.4025	-0.0190476
-0.25	-24.6741	-0.0190476
-0.25	-8.01378	-0.0190476
-0.25	-129.826	-0.0190476
-0.25	-12.0866	-0.0190476
-0.25	15.3043	-0.0190476
-0.25	-132.997	-0.0190476
-0.25	-115.687	-0.0190476
-0.25	-84.7364	-0.0190476
-0.25	-76.9831	-0.0190476
-0.25	-169.588	-0.0190476
-0.25	-45.1535	-0.0190476
-0.25	-43.0617	-0.0190476
-0.25	-120.817	-0.0190476
-0.25	108.008	-0.0190476
-0.25	-86.1834	-0.0190476
-0.25	123.025	-0.0190476
-0.25	18.9779	-0.0190476
-0.25	105.476	-0.0190476
-0.25	1.14991	-0.0190476
-0.25	-6.97024	-0.0190476
-0.25	-103.126	-0.0190476
-0.25	91.2396	-0.0190476
-0.25	28.2416	-0.0190476
-0.25	66.3277	-0.0190476
-0.25	95.6184	-0.0190476
-0.25	31.5025	-0.0190476
-0.25	-92.1494	-0.0190476
-0.25	-2.17222	-0.0190476
-0.25	-3.46678	-0.0190476
-0.25	167.845	-0.0190476
-0.25	0.496792	-0.0190476
-0.25	-40.997	-0.0190476
-0.25	-67.2495	-0.0190476
-0.25	85.2982	-0.0190476
-0.25	46.9548	-0.0190476
-0.25	66.9073	-0.0190476
-0.25	-102.929	-0.0190476
-0.25	74.0665	-0.0190476
-0.25	65.5428	-0.0190476
-0.25	74.6897	-0.0190476
-0.25	152.622	-0.0190476
-0.25	178.421	-0.0190476
-0.25	150.55	-0.0190476
-0.25	136.147	-0.0190476
-0.25	-144.606	-0.0190476
-0.25	126.012	-0.0190476
-0.25	140.558	-0.0190476
-0.25	75.8774	-0.0190476
-0.25	6.61358	-0.0190476
-0.25	-135.152	-0.0190476
-0.25	-80.5211	-0.0190476
-0.25	-165.068	-0.0190476
-0.25	110.46	-0.0190476
-0.25	-160.573	-0.0190476
-0.25	106.718	-0.0190476
-0.25	-3.15478	-0.0190476
-0.25	-87.7136	-0.0190476
-0.25	-82.7011	-0.0190476
-0.25	115.609	-0.0190476
-0.25	-107.935	-0.0190476
-0.25	-167.639	-0.0190476
-0.25	-157.349	-0.0190476
-0.25	-10.1207	-0.0190476
-0.25	19.0938	-0.0190476
-0.25	-89.4251	-0.0190476
-0.25	151.287	-0.0190476
-0.25	-111.685	-0.0190476
-0.25	162.284	-0.0190476
-0.25	-83.7809	-0.0190476
-0.25	21.5249	-0.0190476
-0.25	-165.403	-0.0190476
-0.25	-29.9703	-0.0190476
-0.25	57.811	-0.0190476
-0.25	78.6995	-0.0190476
-0.25	86.3062	-0.0190476
-0.25	-108.973	-0.0190476
-0.25	-123.884	-0.0190476
-0.25	-140.118	-0.0190476
-0.25	-153.549	-0.0190476
-0.25	-153.447	-0.0190476
-0.25	-157.636	-0.0190476
-0.25	-157.288	-0.0190476
-0.25	70.7017	-0.0190476
-0.25	173.231	-0.0190476
-0.25	-7.83693	-0.0190476
-0.25	81.6648	-0.0190476
-0.25	-129.114	-0.0190476
-0.25	-51.6762	-0.0190476
-0.25	-101.121	-0.0190476
-0.25	-87.3931	-0.0190476
-0.25	-109.48	-0.0190476
-0.25	-11.541	-0.0190476
0.3	-15.9681	1
0.3	134.302	1
0.3	-76.8535	1
0.3	-43.9047	1
0.3	150.035	1
0.3	44.5729	1
0.3	-157.259	1
0.3	116.528	1
0.3	-53.6716	1
0.3	151.878	1
0.3	7.34941	1
0.3	-170.433	1
0.3	-77.4293	1
0.3	-30.0622	1
0.3	-1.77456	1
0.3	-109.962	1
0.3	62.151	1
0.3	-66.625	1
0.3	-119.497	1
0.3	-116.561	1
0.3	-101.714	1
0.3	-89.6644	1
0.3	-111.218	1
0.3	-8.87535	1
0.3	-5.60133	1
0.3	120.558	1
0.3	8.28417	1
0.3	176.051	1
0.3	-117.172	1
0.3	33.145	1
0.3	176.833	1
0.3	-27.8312	1
0.3	-41.891	1
0.3	26.3452	1
0.3	32.4682	1
0.3	-100.186	1
0.3	-98.0508	1
0.3	-79.1125	1
0.3	-103.01	1
0.3	159.461	1
0.3	-169.713	1
0.3	163.421	1
0.3	88.9622	1
0.3	-96.2969	1
0.3	3.05436	1
0.3	-48.4664	1
0.3	-43.2322	1
0.3	8.12799	1
0.3	10.1505	1
0.3	120.537	1
0.3	-113.878	1
0.3	44.1935	1
0.3	-9.6055	1
0.3	167.047	1
0.3	100.596	1
0.3	12.5222	1
0.3	46.5776	1
0.3	-165.26	1
0.3	3.12555	1
0.3	-5.96068	1
0.3	147.519	1
0.3	-40.5094	1
0.3	64.7865	1
0.3	150.949	1
0.3	-68.0794	1
0.3	75.7765	1
0.3	138.474	1
0.3	-112.545	1
0.3	96.9523	1
0.3	-55.4497	1
0.3	-88.0607	1
0.3	118.473	1
0.3	146.216	1
0.3	151.334	1
0.3	-18.3274	1
0.3	8.19534	1
0.3	128.929	1
0.3	160.503	1
0.3	164.872	1
0.3	-12.2983	1
0.3	52.2778	1
0.3	88.0358	1
0.3	20.992	1
0.3	-78.4475	1
0.3	133.721	1
0.3	-178.654	1
0.3	-164.663	1
0.3	117.78	1
0.3	133.052	1
0.3	-110.415	1
0.3	-115.966	1
0.3	5.82621	1
0.3	4.67132	1
0.3	-64.006	1
0.3	-37.4714	1
0.3	31.0753	1
0.3	-77.3788	1
0.3	-85.2606	1
0.3	125.385	1
0.3	-139.134	1
0.3	-99.035	1
0.3	-27.8593	1
0.3	105.696	1
0.3	36.0527	1
0.3	-29.8663	1
0.3	42.6021	1
0.3	89.6523	1
0.3	118.333	1
0.3	-137.068	1
0.3	179.906	1
0.3	-96.2943	1
0.3	-37.0237	1
0.3	179.223	1
0.3	70.5937	1
0.3	168.726	1
0.3	174.448	1
0.3	88.3144	1
0.3	-102.926	1
0.3	178.688	1
0.3	130.413	1
0.3	-32.3109	1
0.3	-61.4501	1
0.3	13.8941	1
0.3	155.561	1
0.3	25.7337	1
0.3	80.3612	1
0.3	155.373	1
0.3	31.6789	1
0.3	28.3895	1
0.3	-69.3156	1
0.3	100.149	1
0.3	-8.05812	1
0.3	122.651	1
0.3	-108.213	1
0.3	-29.512	1
0.3	-53.7517	1
0.3	113.173	1
0.3	-8.41923	1
0.3	113.627	1
0.3	5.95725	1
0.3	-139.783	1
0.3	-103.782	1
0.3	-174.316	1
0.3	116.09	1
0.3	170.708	-0.047619
0.3	-98.5826	-0.047619
0.3	-125.258	-0.047619
0.3	-101.541	-0.047619
0.3	151.687	-0.047619
0.3	-106.975	-0.047619
0.3	101.607	-0.047619
0.3	177.452	-0.047619
0.3	53.0847	-0.047619
0.3	53.8098	-0.047619
0.3	-70.3511	-0.047619
0.3	-57.9007	-0.047619
0.3	65.9132	-0.047619
0.3	140.425	-0.047619
0.3	-123.267	-0.047619
0.3	-141.081	-0.047619
0.3	30.5507	-0.047619
0.3	-8.80517	-0.047619
0.3	38.4878	-0.047619
0.3	-150.019	-0.047619
0.3	39.3042	-0.047619
0.3	-101.294	-0.047619
0.3	111.886	-0.047619
0.3	97.3982	-0.047619
0.3	-136.545	-0.047619
0.3	-80.8881	-0.047619
0.3	-136.588	-0.047619
0.3	91.5507	-0.047619
0.3	49.9452	-0.047619
0.3	-110.531	-0.047619
0.3	-111.117	-0.047619
0.3	-19.5651	-0.047619
0.3	55.118	-0.047619
0.3	31.1611	-0.047619
0.3	-12.3581	-0.047619
0.3	45.3016	-0.047619
0.3	-115.474	-0.047619
0.3	54.3315	-0.047619
0.3	63.5429	-0.047619
0.3	58.2475	-0.047619
0.3	-14.2312	-0.047619
0.3	150.984	-0.047619
0.3	-161.299	-0.047619
0.3	151.912	-0.047619
0.3	40.0607	-0.047619
0.3	131.002	-0.047619
0.3	52.4244	-0.047619
0.3	-145.651	-0.047619
0.3	4.65531	-0.047619
0.3	28.2603	-0.047619
0.3	-102.401	-0.047619
0.3	65.172	-0.047619
0.3	119.786	-0.047619
0.3	179.1	-0.047619
0.3	52.3735	-0.047619
0.3	31.56	-0.047619
0.3	154.762	-0.047619
0.3	15.8883	-0.047619
0.3	10.6322	-0.047619
0.3	113.428	-0.047619
0.3	-105.555	-0.047619
0.3	-46.7882	-0.047619
0.3	34.5248	-0.047619
0.3	-21.9167	-0.047619
0.3	-70.9137	-0.047619
0.3	115.683	-0.047619
0.3	-137.508	-0.047619
0.3	-59.5527	-0.047619
0.3	-163.524	-0.047619
0.3	-55.8329	-0.047619
0.3	46.9678	-0.047619
0.3	-21.7235	-0.047619
0.3	-12.8228	-0.047619
0.3	-117.422	-0.047619
0.3	-22.409	-0.047619
0.3	168.355	-0.047619
0.3	-92.1219	-0.047619
0.3	60.8656	-0.047619
0.3	134.171	-0.047619
0.3	-143.292	-0.047619
0.3	66.3125	-0.047619
0.3	-11.4232	-0.047619
0.3	135.929	-0.047619
0.3	90.5367	-0.047619
0.3	97.14	-0.047619
0.3	75.8705	-0.047619
0.3	2.18136	-0.047619
0.3	132.555	-0.047619
0.3	96.8759	-0.047619
0.3	137.44	-0.047619
0.3	-130.289	-0.047619
0.3	115.524	-0.047619
0.3	-169.472	-0.047619
0.3	-179.071	-0.047619
0.3	-9.40522	-0.047619
0.3	-70.5576	-0.047619
0.3	176.843	-0.047619
0.3	23.9399	-0.047619
0.3	66.2569	-0.047619
0.3	116.725	-0.047619
0.3	-49.8086	-0.047619
0.3	104.694	-0.047619
0.3	-12.5637	-0.047619
0.3	152.238	-0.047619
0.3	-86.3244	-0.047619
0.3	-128.581	-0.047619
0.3	-132.793	-0.047619
0.3	-81.3618	-0.047619
0.3	154.249	-0.047619
0.3	15.7369	-0.047619
0.3	-86.379	-0.047619
0.3	148.903	-0.047619
0.3	-145.888	-0.047619
0.3	136.528	-0.047619
0.3	-176.344	-0.047619
0.3	90.1762	-0.047619
0.3	-113.262	-0.047619
0.3	32.2426	-0.047619
0.3	-113.458	-0.047619
0.3	22.9597	-0.047619
0.3	26.6477	-0.047619
0.3	91.713	-0.047619
0.3	62.5723	-0.047619
0.3	21.4841	-0.047619
0.3	8.38252	-0.047619
0.3	85.4364	-0.047619
0.3	95.0379	-0.047619
0.3	58.8479	-0.047619
0.3	-156.575	-0.047619
0.3	145.688	-0.047619
0.3	139.968	-0.047619
0.3	169.339	-0.047619
0.3	-3.17084	-0.047619
0.3	-27.6884	-0.047619
0.3	-73.3533	-0.047619
0.3	54.9676	-0.047619
0.3	14.1286	-0.047619
0.3	-61.5986	-0.047619
0.3	-85.22	-0.047619
0.3	-149.193	-0.047619
0.3	16.1702	-0.047619
0.3	-166.973	-0.047619
0.3	-5.30018	-0.047619
0.3	66.7707	-0.047619
0.3	121.494	-0.047619
0.3	-83.0787	-0.047619
0.3	132.384	-0.047619
0.3	129.555	-0.047619
0.3	170.29	-0.047619
0.3	-57.3387	-0.047619
0.3	-118.937	-0.047619
-0.25	-64.337	1
-0.25	7.45702	1
-0.25	145.781	1
-0.25	75.2831	1
-0.25	-114.218	1
-0.25	-179.774	1
-0.25	-133.496	1
-0.25	91.2259	1
-0.25	38.4521	1
-0.25	151.756	1
-0.25	-105.174	1
-0.25	-76.4198	1
-0.25	-94.5387	1
-0.25	-84.6782	1
-0.25	28.3886	1
-0.25	-21.3183	1
-0.25	45.6652	1
-0.25	-173.664	1
-0.25	31.5746	1
-0.25	96.9015	1
-0.25	82.0378	1
-0.25	94.3085	1
-0.25	-122.118	1
-0.25	-141.116	1
-0.25	-5.11945	1
-0.25	-85.9938	1
-0.25	82.3911	1
-0.25	18.7936	1
-0.25	-38.4363	1
-0.25	63.1768	1
-0.25	-34.2259	1
-0.25	-151.532	1
-0.25	-22.3248	1
-0.25	-61.5348	1
-0.25	-160.25	1
-0.25	-79.3933	1
-0.25	130.698	1
-0.25	-84.3399	1
-0.25	1.00291	1
-0.25	-121.369	1
-0.25	45.3739	1
-0.25	110.411	1
-0.25	-81.4959	1
-0.25	-105.023	1
-0.25	96.8052	1
-0.25	-127.202	1
-0.25	140.096	1
-0.25	-173.166	1
-0.25	121.987	1
-0.25	75.9193	1
-0.25	-142.415	1
-0.25	139.019	1
-0.25	-134.762	1
-0.25	176.889	1
-0.25	62.7672	1
-0.25	26.5538	1
-0.25	-136.578	1
-0.25	15.0097	1
-0.25	-124.168	1
-0.25	-119.426	1
-0.25	-137.686	1
-0.25	3.40517	1
-0.25	-110.348	1
-0.25	121.404	1
-0.25	74.5858	1
-0.25	-123.306	1
-0.25	-173.765	1
-0.25	58.5558	1
-0.25	-112.223	1
-0.25	157.352	1
-0.25	-12.3808	1
-0.25	-101.36	1
-0.25	-139.59	1
-0.25	-105.081	1
-0.25	65.675	1
-0.25	166.333	1
-0.25	-25.9733	1
-0.25	-105.541	1
-0.25	99.4486	1
-0.25	-160.774	1
-0.25	143.355	1
-0.25	153.736	1
-0.25	-24.0702	1
-0.25	42.6374	1
-0.25	-123.208	1
-0.25	156.037	1
-0.25	108.049	1
-0.25	-57.3162	1
-0.25	117.704	1
-0.25	-108.297	1
-0.25	-60.4788	1
-0.25	-160.819	1
-0.25	104.416	1
-0.25	-3.2511	1
-0.25	-99.1722	1
-0.25	110.017	1
-0.25	-1.72086	1
-0.25	2.52857	1
-0.25	40.9351	1
-0.25	-30.7202	1
-0.25	-79.2237	1
-0.25	-42.7233	1
-0.25	-124.55	1
-0.25	-21.6191	1
-0.25	-167.041	1
-0.25	100.504	-0.047619
-0.25	-129.057	-0.047619
-0.25	-9.12659	-0.047619
-0.25	-39.7885	-0.047619
-0.25	85.2421	-0.047619
-0.25	-13.7679	-0.047619
-0.25	-15.4196	-0.047619
-0.25	-95.8831	-0.047619
-0.25	51.9625	-0.047619
-0.25	-19.6968	-0.047619
-0.25	29.9519	-0.047619
-0.25	-20.7248	-0.047619
-0.25	-42.3037	-0.047619
-0.25	21.0089	-0.047619
-0.25	12.363	-0.047619
-0.25	-153.779	-0.047619
-0.25	-153.821	-0.047619
-0.25	133.282	-0.047619
-0.25	-154.533	-0.047619
-0.25	8.71573	-0.047619
-0.25	-172.031	-0.047619
-0.25	-14.9495	-0.047619
-0.25	132.648	-0.047619
-0.25	16.038	-0.047619
-0.25	147.788	-0.047619
-0.25	62.8472	-0.047619
-0.25	62.7755	-0.047619
-0.25	80.0062	-0.047619
-0.25	8.00326	-0.047619
-0.25	-38.4728	-0.047619
-0.25	-165.628	-0.047619
-0.25	175.604	-0.047619
-0.25	60.211	-0.047619
-0.25	-66.5113	-0.047619
-0.25	79.2001	-0.047619
-0.25	162.556	-0.047619
-0.25	-75.7269	-0.047619
-0.25	160.121	-0.047619
-0.25	79.5509	-0.047619
-0.25	-10.5794	-0.047619
-0.25	111.857	-0.047619
-0.25	88.7698	-0.047619
-0.25	94.7632	-0.047619
-0.25	49.2101	-0.047619
-0.25	-45.2319	-0.047619
-0.25	-144.535	-0.047619
-0.25	-75.2689	-0.047619
-0.25	-151.242	-0.047619
-0.25	-14.2803	-0.047619
-0.25	-109.103	-0.047619
-0.25	-160.718	-0.047619
-0.25	173.879	-0.047619
-0.25	136.15	-0.047619
-0.25	-163.559	-0.047619
-0.25	53.3499	-0.047619
-0.25	46.3174	-0.047619
-0.25	-58.7893	-0.047619
-0.25	-71.4969	-0.047619
-0.25	-140.91	-0.047619
-0.25	7.10842	-0.047619
-0.25	-61.6444	-0.047619
-0.25	-18.1409	-0.047619
-0.25	-87.6938	-0.047619
-0.25	173.59	-0.047619
-0.25	-55.8441	-0.047619
-0.25	84.518	-0.047619
-0.25	-56.0926	-0.047619
-0.25	75.9597	-0.047619
-0.25	90.2717	-0.047619
-0.25	40.0983	-0.047619
-0.25	-108.874	-0.047619
-0.25	101.896	-0.047619
-0.25	134.154	-0.047619
-0.25	131.393	-0.047619
-0.25	-119.959	-0.047619
-0.25	-18.0014	-0.047619
-0.25	69.2156	-0.047619
-0.25	109.965	-0.047619
-0.25	-144.736	-0.047619
-0.25	-70.2428	-0.047619
-0.25	-136.773	-0.047619
-0.25	101.607	-0.047619
-0.25	-34.1562	-0.047619
-0.25	64.0133	-0.047619
-0.25	-135.741	-0.047619
-0.25	-101.561	-0.047619
-0.25	145.19	-0.047619
-0.25	90.5638	-0.047619
-0.25	-71.9986	-0.047619
-0.25	0.685622	-0.047619
-0.25	-7.24411	-0.047619
-0.25	161.913	-0.047619
-0.25	-11.6032	-0.047619
-0.25	166.996	-0.047619
-0.25	117.092	-0.047619
-0.25	53.6655	-0.047619
-0.25	-101.054	-0.047619
-0.25	27.3452	-0.047619
-0.25	146.641	-0.047619
-0.25	124.83	-0.047619
-0.25	69.5478	-0.047619
-0.25	6.69744	-0.047619
-0.25	29.2769	-0.047619
-0.25	156.944	-0.047619
-0.25	9.76022	-0.047619
-0.25	-18.5035	-0.047619
-0.25	-36.7996	-0.047619
-0.25	60.2228	-0.047619
-0.25	76.6066	-0.047619
-0.25	-158.945	-0.047619
0.3	-27.8874	1
0.3	86.4842	1
0.3	-95.5982	1
0.3	89.8538	1
0.3	134.073	1
0.3	-61.0667	1
0.3	-111.516	1
0.3	11.0987	1
0.3	145.348	1
0.3	-155.928	1
0.3	-170.573	1
0.3	144.01	1
0.3	-169.277	1
0.3	85.5983	1
0.3	29.5466	1
0.3	-12.365	1
0.3	162.96	1
0.3	-42.0226	1
0.3	-52.8651	1
0.3	-171.13	1
0.3	-94.7356	1
0.3	119.538	1
0.3	-160.845	1
0.3	26.6271	1
0.3	90.3626	1
0.3	-47.7906	1
0.3	113.068	1
0.3	53.7276	1
0.3	72.9289	1
0.3	70.6579	1
0.3	-76.2248	1
0.3	1.45761	1
0.3	-13.3413	1
0.3	160.312	1
0.3	-32.2488	1
0.3	-36.6231	1
0.3	47.7085	1
0.3	155.352	1
0.3	-7.22238	1
0.3	-163.515	1
0.3	127.564	1
0.3	132.057	1
0.3	25.9896	1
0.3	-48.7343	1
0.3	-15.7113	1
0.3	114.8	1
0.3	-135.015	1
0.3	-12.5255	1
0.3	-153.714	1
0.3	-161.492	1
0.3	-81.7182	1
0.3	29.6529	1
0.3	128.402	1
0.3	97.2387	1
0.3	163.701	1
0.3	-170.387	1
0.3	-109.032	1
0.3	-152.942	1
0.3	160.107	1
0.3	-137.123	1
0.3	14.4164	1
0.3	-67.809	1
0.3	46.8358	1
0.3	-86.9326	1
0.3	-104.309	1
0.3	12.9871	1
0.3	-88.4882	1
0.3	118.547	1
0.3	-9.94807	1
0.3	-2.83063	1
0.3	152.108	1
0.3	-72.7113	1
0.3	176.71	1
0.3	87.2939	1
0.3	34.5294	1
0.3	-98.5583	1
0.3	72.3156	1
0.3	-134.55	1
0.3	-169.829	1
0.3	-2.85291	1
0.3	82.8554	1
0.3	87.8494	1
0.3	158.269	1
0.3	175.342	1
0.3	109.452	1
0.3	13.4717	1
0.3	-177.422	1
0.3	107.221	1
0.3	-120.777	1
0.3	44.6004	1
0.3	-81.3443	1
0.3	-14.9332	1
0.3	-29.8183	1
0.3	-61.902	1
0.3	-102.123	1
0.3	-77.74	1
0.3	-129.85	1
0.3	117.045	1
0.3	-63.8716	1
0.3	85.477	1
0.3	52.0151	1
0.3	11.3496	1
0.3	147.45	1
0.3	-54.6881	1
0.3	-63.9081	1
0.3	170.405	1
0.3	179.405	1
0.3	-156.757	1
0.3	177.48	1
0.3	-158.588	1
0.3	-3.16136	1
0.3	-30.9903	1
0.3	-61.5587	1
0.3	101.861	1
0.3	121.438	1
0.3	113.633	1
0.3	-20.7064	1
0.3	171.789	1
0.3	-8.40447	1
0.3	-32.1603	1
0.3	80.9057	1
0.3	174.148	1
0.3	12.7475	1
0.3	-140.962	1
0.3	115.23	1
0.3	-10.1115	1
0.3	-22.7935	1
0.3	7.58925	1
0.3	-74.0485	1
0.3	67.3438	1
0.3	-16.5316	1
0.3	-56.3774	1
0.3	82.0877	1
0.3	-155.335	1
0.3	3.28978	1
0.3	92.4273	1
0.3	42.879	1
0.3	-157.977	1
0.3	-135.777	1
0.3	136.468	1
0.3	80.6062	1
0.3	120.088	1
0.3	45.5262	1
0.3	-141.822	1
0.3	173.921	-0.0666667
0.3	81.6548	-0.0666667
0.3	10.153	-0.0666667
0.3	147.028	-0.0666667
0.3	-177.048	-0.0666667
0.3	-148.62	-0.0666667
0.3	70.4289	-0.0666667
0.3	-125.249	-0.0666667
0.3	-160.698	-0.0666667
0.3	3.87007	-0.0666667
0.3	5.6832	-0.0666667
0.3	-145.069	-0.0666667
0.3	140.138	-0.0666667
0.3	-107.173	-0.0666667
0.3	13.6225	-0.0666667
0.3	49.7697	-0.0666667
0.3	105.37	-0.0666667
0.3	129.008	-0.0666667
0.3	158.224	-0.0666667
0.3	-72.3845	-0.0666667
0.3	-146.704	-0.0666667
0.3	78.8864	-0.0666667
0.3	150.989	-0.0666667
0.3	-7.7896	-0.0666667
0.3	63.4611	-0.0666667
0.3	-164.388	-0.0666667
0.3	-152.197	-0.0666667
0.3	75.8408	-0.0666667
0.3	-100.753	-0.0666667
0.3	88.3797	-0.0666667
0.3	-10.5394	-0.0666667
0.3	114.965	-0.0666667
0.3	37.8177	-0.0666667
0.3	155.763	-0.0666667
0.3	126.346	-0.0666667
0.3	-166.074	-0.0666667
0.3	28.9297	-0.0666667
0.3	-154.342	-0.0666667
0.3	176.255	-0.0666667
0.3	-49.4374	-0.0666667
0.3	-0.379113	-0.0666667
0.3	15.4858	-0.0666667
0.3	-25.0344	-0.0666667
0.3	16.7824	-0.0666667
0.3	-43.6558	-0.0666667
0.3	-37.1452	-0.0666667
0.3	-62.1026	-0.0666667
0.3	101.342	-0.0666667
0.3	-94.5233	-0.0666667
0.3	-179.2	-0.0666667
0.3	-107.851	-0.0666667
0.3	-81.6872	-0.0666667
0.3	44.049	-0.0666667
0.3	19.3962	-0.0666667
0.3	122.27	-0.0666667
0.3	-147.627	-0.0666667
0.3	-26.0732	-0.0666667
0.3	-84.98	-0.0666667
0.3	17.0236	-0.0666667
0.3	-161.187	-0.0666667
0.3	-172.553	-0.0666667
0.3	-114.85	-0.0666667
0.3	-172.75	-0.0666667
0.3	-149.61	-0.0666667
0.3	78.811	-0.0666667
0.3	-20.9809	-0.0666667
0.3	1.78065	-0.0666667
0.3	39.4003	-0.0666667
0.3	46.8046	-0.0666667
0.3	177.716	-0.0666667
0.3	27.0778	-0.0666667
0.3	-63.4553	-0.0666667
0.3	-35.4071	-0.0666667
0.3	45.624	-0.0666667
0.3	-13.933	-0.0666667
0.3	52.7193	-0.0666667
0.3	7.02478	-0.0666667
0.3	-32.9572	-0.0666667
0.3	-72.0283	-0.0666667
0.3	-127.908	-0.0666667
0.3	62.3142	-0.0666667
0.3	178.337	-0.0666667
0.3	119.69	-0.0666667
0.3	79.3501	-0.0666667
0.3	-131.707	-0.0666667
0.3	-29.5102	-0.0666667
0.3	112.862	-0.0666667
0.3	-21.7786	-0.0666667
0.3	-11.8496	-0.0666667
0.3	31.0055	-0.0666667
0.3	178.679	-0.0666667
0.3	10.2199	-0.0666667
0.3	39.2669	-0.0666667
0.3	-86.1164	-0.0666667
0.3	-116.132	-0.0666667
0.3	-141.553	-0.0666667
0.3	-160.638	-0.0666667
0.3	-60.2918	-0.0666667
0.3	131.221	-0.0666667
0.3	28.2075	-0.0666667
0.3	-150.187	-0.0666667
0.3	-3.76612	-0.0666667
0.3	40.984	-0.0666667
0.3	8.02816	-0.0666667
0.3	118.323	-0.0666667
0.3	75.339	-0.0666667
0.3	-62.046	-0.0666667
0.3	-177.452	-0.0666667
-0.25	51.3379	1
-0.25	-2.42272	1
-0.25	-130.084	1
-0.25	-12.6258	1
-0.25	-86.3978	1
-0.25	129.02	1
-0.25	-152.319	1
-0.25	128.161	1
-0.25	-12.7562	1
-0.25	117.45	1
-0.25	52.383	1
-0.25	40.8474	1
-0.25	-47.8146	1
-0.25	169.335	1
-0.25	-116.521	1
-0.25	-18.5641	1
-0.25	-120.994	1
-0.25	12.0132	1
-0.25	38.1689	1
-0.25	-151.495	1
-0.25	-107.559	1
-0.25	2.82756	1
-0.25	34.9111	1
-0.25	-123.896	1
-0.25	95.9347	1
-0.25	-18.2149	1
-0.25	-10.465	1
-0.25	-31.0871	1
-0.25	19.792	1
-0.25	-84.2729	1
-0.25	-32.1055	1
-0.25	30.6089	1
-0.25	6.82743	1
-0.25	-141.854	1
-0.25	-125.409	1
-0.25	142.422	1
-0.25	144.405	1
-0.25	173.895	1
-0.25	-65.8675	1
-0.25	107.04	1
-0.25	-89.6606	1
-0.25	-152.076	1
-0.25	-18.3065	1
-0.25	-0.396023	1
-0.25	-125.271	1
-0.25	-21.962	1
-0.25	-153.802	1
-0.25	51.4465	1
-0.25	75.7464	1
-0.25	-142.856	1
-0.25	130.345	1
-0.25	-24.183	1
-0.25	105.271	1
-0.25	74.3739	1
-0.25	95.4827	1
-0.25	156.633	1
-0.25	-159.713	1
-0.25	-114.938	1
-0.25	97.4226	1
-0.25	54.9304	1
-0.25	22.0623	1
-0.25	156.557	1
-0.25	69.9223	1
-0.25	-171.624	1
-0.25	-103.731	1
-0.25	-149.807	1
-0.25	-53.1037	1
-0.25	60.5341	1
-0.25	39.9061	1
-0.25	-154.428	1
-0.25	164.878	1
-0.25	2.64716	1
-0.25	-12.9399	1
-0.25	-53.2751	1
-0.25	176.3	1
-0.25	-14.0627	1
-0.25	68.5106	1
-0.25	44.9121	1
-0.25	58.5681	1
-0.25	-51.1308	1
-0.25	45.9224	1
-0.25	163.718	1
-0.25	71.0405	1
-0.25	37.628	1
-0.25	-151.838	1
-0.25	-58.8501	1
-0.25	69.6089	1
-0.25	63.3506	1
-0.25	71.4977	1
-0.25	-47.4925	1
-0.25	36.8314	1
-0.25	53.1033	1
-0.25	-126.17	1
-0.25	-84.6737	1
-0.25	-83.8245	1
-0.25	18.7511	1
-0.25	-146.181	1
-0.25	80.8311	1
-0.25	163.116	1
-0.25	146.45	1
-0.25	171.711	1
-0.25	-103.196	1
-0.25	-173.865	1
-0.25	60.6683	1
-0.25	21.8908	1
-0.25	-126.7	-0.0666667
-0.25	92.2221	-0.0666667
-0.25	132.093	-0.0666667
-0.25	160.99	-0.0666667
-0.25	72.7221	-0.0666667
-0.25	-74.1095	-0.0666667
-0.25	120.532	-0.0666667
-0.25	75.7116	-0.0666667
-0.25	78.0869	-0.0666667
-0.25	-32.6308	-0.0666667
-0.25	144.727	-0.0666667
-0.25	144.172	-0.0666667
-0.25	92.4449	-0.0666667
-0.25	-4.67931	-0.0666667
-0.25	120.117	-0.0666667
-0.25	-107.354	-0.0666667
-0.25	84.0524	-0.0666667
-0.25	56.05	-0.0666667
-0.25	-7.75196	-0.0666667
-0.25	-38.0077	-0.0666667
-0.25	-90.7361	-0.0666667
-0.25	-173.724	-0.0666667
-0.25	-166.187	-0.0666667
-0.25	148.557	-0.0666667
-0.25	-84.4123	-0.0666667
-0.25	-137.118	-0.0666667
-0.25	71.647	-0.0666667
-0.25	-31.3734	-0.0666667
-0.25	135.213	-0.0666667
-0.25	65.2137	-0.0666667
-0.25	-61.0605	-0.0666667
-0.25	-101.336	-0.0666667
-0.25	-19.4471	-0.0666667
-0.25	-33.5721	-0.0666667
-0.25	39.3683	-0.0666667
-0.25	-91.297	-0.0666667
-0.25	113.752	-0.0666667
-0.25	-63.3947	-0.0666667
-0.25	-119.814	-0.0666667
-0.25	91.0692	-0.0666667
-0.25	70.856	-0.0666667
-0.25	46.7909	-0.0666667
-0.25	90.1949	-0.0666667
-0.25	-45.8454	-0.0666667
-0.25	149.615	-0.0666667
-0.25	136.878	-0.0666667
-0.25	12.4274	-0.0666667
-0.25	39.7806	-0.0666667
-0.25	49.3345	-0.0666667
-0.25	177.571	-0.0666667
-0.25	-62.4756	-0.0666667
-0.25	-98.0375	-0.0666667
-0.25	1.35443	-0.0666667
-0.25	-95.1345	-0.0666667
-0.25	-157.491	-0.0666667
-0.25	154.452	-0.0666667
-0.25	119.268	-0.0666667
-0.25	-131.012	-0.0666667
-0.25	78.8286	-0.0666667
-0.25	58.2906	-0.0666667
-0.25	-89.5931	-0.0666667
-0.25	-63.0884	-0.0666667
-0.25	97.6094	-0.0666667
-0.25	54.9449	-0.0666667
-0.25	144.353	-0.0666667
-0.25	43.31	-0.0666667
-0.25	79.484	-0.0666667
-0.25	165.83	-0.0666667
-0.25	-62.5713	-0.0666667
-0.25	87.9628	-0.0666667
-0.25	-105.617	-0.0666667
-0.25	44.4678	-0.0666667
-0.25	94.1089	-0.0666667
-0.25	-43.2506	-0.0666667
-0.25	169.789	-0.0666667
-0.25	27.4959	-0.0666667
-0.25	-60.9403	-0.0666667
-0.25	-163.119	-0.0666667
0.3	100.106	1
0.3	-66.0545	1
0.3	-167.862	1
0.3	138.631	1
0.3	-33.0886	1
0.3	-108.244	1
0.3	-21.8272	1
0.3	21.985	1
0.3	-45.9977	1
0.3	13.0369	1
0.3	157.73	1
0.3	153.463	1
0.3	-5.17008	1
0.3	115.925	1
0.3	144.087	1
0.3	74.1892	1
0.3	88.7353	1
0.3	-51.4151	1
0.3	-59.2338	1
0.3	-75.3319	1
0.3	23.6852	1
0.3	-24.2227	1
0.3	20.8865	1
0.3	-142.412	1
0.3	101.464	1
0.3	55.0559	1
0.3	-110.806	1
0.3	102.117	1
0.3	110.202	1
0.3	165.352	1
0.3	78.9787	1
0.3	71.8367	1
0.3	89.3564	1
0.3	38.4252	1
0.3	54.5418	1
0.3	138.474	1
0.3	-139.057	1
0.3	-142.708	1
0.3	86.0855	1
0.3	-14.9336	1
0.3	154.106	1
0.3	-48.6523	1
0.3	57.9474	1
0.3	-125.314	1
0.3	-48.9109	1
0.3	-18.0408	1
0.3	84.6062	1
0.3	111.842	1
0.3	-20.3824	1
0.3	-61.8174	1
0.3	158.149	1
0.3	-58.186	1
0.3	101.459	1
0.3	43.8315	1
0.3	-101.57	1
0.3	-119.098	1
0.3	54.6565	1
0.3	43.7236	1
0.3	-35.3006	1
0.3	-34.2843	1
0.3	-60.1126	1
0.3	-167.024	1
0.3	158.686	1
0.3	123.339	1
0.3	-167.922	1
0.3	-11.9249	1
0.3	-74.2067	1
0.3	-21.6521	1
0.3	-172.813	1
0.3	-32.0436	1
0.3	48.3617	1
0.3	85.4041	1
0.3	-36.7289	1
0.3	32.8432	1
0.3	86.0057	1
0.3	152.453	1
0.3	-49.5946	1
0.3	-117.25	1
0.3	-173.758	1
0.3	49.4253	1
0.3	65.5847	1
0.3	112.658	1
0.3	25.8499	1
0.3	139.965	1
0.3	126.849	1
0.3	-12.9018	1
0.3	-98.5975	1
0.3	-6.30435	1
0.3	17.4962	1
0.3	160.232	1
0.3	-132.723	1
0.3	-133.449	1
0.3	155.472	1
0.3	-164.561	1
0.3	-135.212	1
0.3	-139.489	1
0.3	-93.9122	1
0.3	144.138	1
0.3	-84.0499	1
0.3	-95.0861	1
0.3	-121.046	1
0.3	107.569	1
0.3	166.746	1
0.3	-139.467	1
0.3	51.8003	1
0.3	-38.1046	1
0.3	9.57424	1
0.3	-26.8896	1
0.3	169.21	1
0.3	124.159	1
0.3	133.795	1
0.3	115.179	1
0.3	-23.3986	1
0.3	136.16	1
0.3	-55.2198	1
0.3	110.611	1
0.3	-55.6217	1
0.3	-37.9107	1
0.3	-17.5046	1
0.3	-59.0401	1
0.3	-41.026	1
0.3	-32.9784	1
0.3	-49.464	1
0.3	-98.2162	1
0.3	-168.863	1
0.3	-55.4147	1
0.3	-25.5929	1
0.3	8.29924	1
0.3	-118.502	1
0.3	82.9316	1
0.3	38.8638	1
0.3	-173.032	1
0.3	37.6855	1
0.3	96.4791	1
0.3	0.141539	1
0.3	44.6735	1
0.3	-168.265	1
0.3	-130.968	1
0.3	72.5592	1
0.3	84.2323	1
0.3	-23.7222	1
0.3	107.576	1
0.3	36.2765	1
0.3	70.4672	1
0.3	-87.9427	-0.0285714
0.3	119.585	-0.0285714
0.3	76.7177	-0.0285714
0.3	-106.971	-0.0285714
0.3	-25.2122	-0.0285714
0.3	82.2008	-0.0285714
0.3	-175.517	-0.0285714
0.3	154.093	-0.0285714
0.3	65.9994	-0.0285714
0.3	79.8902	-0.0285714
0.3	92.9671	-0.0285714
0.3	130.691	-0.0285714
0.3	164.069	-0.0285714
0.3	-97.7413	-0.0285714
0.3	7.47966	-0.0285714
0.3	-14.0395	-0.0285714
0.3	77.7648	-0.0285714
0.3	49.185	-0.0285714
0.3	-15.3718	-0.0285714
0.3	30.4652	-0.0285714
0.3	-153.715	-0.0285714
0.3	114.432	-0.0285714
0.3	-93.0553	-0.0285714
0.3	151.843	-0.0285714
0.3	-71.4046	-0.0285714
0.3	35.6836	-0.0285714
0.3	142.36	-0.0285714
0.3	94.5549	-0.0285714
0.3	-173.185	-0.0285714
0.3	175.687	-0.0285714
0.3	139.713	-0.0285714
0.3	-100.007	-0.0285714
0.3	175.524	-0.0285714
0.3	129.194	-0.0285714
0.3	-2.64263	-0.0285714
0.3	-48.4499	-0.0285714
0.3	-97.0529	-0.0285714
0.3	-131.486	-0.0285714
0.3	-111.481	-0.0285714
0.3	-148.328	-0.0285714
0.3	30.3587	-0.0285714
0.3	-73.7196	-0.0285714
0.3	3.79443	-0.0285714
0.3	62.9803	-0.0285714
0.3	135.784	-0.0285714
0.3	144.537	-0.0285714
0.3	28.5949	-0.0285714
0.3	-67.5241	-0.0285714
0.3	-150.49	-0.0285714
0.3	-56.9166	-0.0285714
0.3	-46.6817	-0.0285714
0.3	127.196	-0.0285714
0.3	18.6583	-0.0285714
0.3	58.4608	-0.0285714
0.3	153.589	-0.0285714
0.3	-169.203	-0.0285714
0.3	33.1836	-0.0285714
0.3	48.1434	-0.0285714
0.3	110.194	-0.0285714
0.3	68.0031	-0.0285714
0.3	-154.538	-0.0285714
0.3	0.235186	-0.0285714
0.3	-1.60825	-0.0285714
0.3	13.2952	-0.0285714
0.3	107.542	-0.0285714
0.3	16.5428	-0.0285714
0.3	178.834	-0.0285714
0.3	72.2296	-0.0285714
0.3	-104.862	-0.0285714
0.3	-12.0178	-0.0285714
0.3	126.674	-0.0285714
0.3	118.009	-0.0285714
0.3	-101.924	-0.0285714
0.3	81.6119	-0.0285714
0.3	74.3426	-0.0285714
0.3	-176.703	-0.0285714
0.3	50.9956	-0.0285714
0.3	-126.298	-0.0285714
0.3	-122.081	-0.0285714
0.3	-164.237	-0.0285714
0.3	178.555	-0.0285714
0.3	95.6273	-0.0285714
0.3	55.8955	-0.0285714
0.3	-58.8069	-0.0285714
0.3	-83.2859	-0.0285714
0.3	173.7	-0.0285714
0.3	-0.0224837	-0.0285714
0.3	88.0228	-0.0285714
0.3	-144.893	-0.0285714
0.3	-50.4001	-0.0285714
0.3	-47.8636	-0.0285714
0.3	-82.9127	-0.0285714
0.3	-21.6642	-0.0285714
0.3	21.5653	-0.0285714
0.3	-68.5057	-0.0285714
0.3	162.383	-0.0285714
0.3	-83.5162	-0.0285714
0.3	-0.710316	-0.0285714
0.3	-58.9793	-0.0285714
0.3	-116.906	-0.0285714
0.3	95.14	-0.0285714
0.3	-27.3407	-0.0285714
0.3	133.617	-0.0285714
0.3	160.341	-0.0285714
0.3	55.7045	-0.0285714
0.3	21.7358	-0.0285714
0.3	-95.0702	-0.0285714
0.3	-151.552	-0.0285714
0.3	-39.1336	-0.0285714
0.3	-134.132	-0.0285714
0.3	-174.434	-0.0285714
0.3	-175.9	-0.0285714
0.3	-56.3571	-0.0285714
0.3	6.55443	-0.0285714
0.3	47.7523	-0.0285714
0.3	69.2291	-0.0285714
0.3	-14.9314	-0.0285714
0.3	-0.459651	-0.0285714
0.3	95.2784	-0.0285714
0.3	6.78207	-0.0285714
0.3	90.4545	-0.0285714
0.3	-20.6896	-0.0285714
0.3	8.07612	-0.0285714
0.3	-80.3338	-0.0285714
0.3	133.763	-0.0285714
0.3	177.346	-0.0285714
0.3	-139.429	-0.0285714
0.3	-76.8451	-0.0285714
0.3	166.443	-0.0285714
0.3	81.0371	-0.0285714
0.3	-27.3554	-0.0285714
0.3	-47.1393	-0.0285714
0.3	-164.775	-0.0285714
0.3	-111.607	-0.0285714
0.3	-112.135	-0.0285714
0.3	-1.21615	-0.0285714
0.3	137.57	-0.0285714
0.3	96.8032	-0.0285714
0.3	-101.563	-0.0285714
0.3	-96.0007	-0.0285714
0.3	-18.8631	-0.0285714
0.3	30.2331	-0.0285714
0.3	33.8487	-0.0285714
0.3	135.892	-0.0285714
0.3	-114.515	-0.0285714
0.3	-122.856	-0.0285714
0.3	-63.573	-0.0285714
0.3	-64.45	-0.0285714
0.3	30.8799	-0.0285714
0.3	-111.741	-0.0285714
0.3	-173.652	-0.0285714
0.3	-103.171	-0.0285714
0.3	125.543	-0.0285714
0.3	-84.3857	-0.0285714
0.3	-143.887	-0.0285714
0.3	-44.0322	-0.0285714
0.3	6.69007	-0.0285714
0.3	57.1022	-0.0285714
0.3	-132.888	-0.0285714
0.3	25.8758	-0.0285714
0.3	-119.437	-0.0285714
0.3	-64.4117	-0.0285714
0.3	-133.783	-0.0285714
0.3	-26.9682	-0.0285714
0.3	169.746	-0.0285714
0.3	-96.663	-0.0285714
0.3	77.5985	-0.0285714
0.3	157.652	-0.0285714
0.3	-23.6315	-0.0285714
0.3	-121.301	-0.0285714
0.3	-21.9456	-0.0285714
0.3	-108.058	-0.0285714
0.3	53.3644	-0.0285714
0.3	-55.1072	-0.0285714
0.3	47.813	-0.0285714
0.3	-5.47863	-0.0285714
0.3	-78.7735	-0.0285714
0.3	171.284	-0.0285714
0.3	55.8223	-0.0285714
0.3	151.14	-0.0285714
0.3	59.9093	-0.0285714
0.3	1.22359	-0.0285714
0.3	-117.394	-0.0285714
0.3	-106.555	-0.0285714
0.3	41.1315	-0.0285714
0.3	122.063	-0.0285714
0.3	-56.7376	-0.0285714
0.3	1.98836	-0.0285714
0.3	-121.459	-0.0285714
0.3	-50.9297	-0.0285714
0.3	103.762	-0.0285714
0.3	-146.718	-0.0285714
0.3	14.4161	-0.0285714
0.3	-58.2757	-0.0285714
0.3	-164.806	-0.0285714
0.3	-69.4405	-0.0285714
0.3	-136.73	-0.0285714
0.3	129.94	-0.0285714
0.3	2.22092	-0.0285714
0.3	-30.0316	-0.0285714
0.3	-145.029	-0.0285714
0.3	-88.9199	-0.0285714
0.3	119.395	-0.0285714
0.3	-149.48	-0.0285714
0.3	-176.681	-0.0285714
0.3	-112.549	-0.0285714
0.3	-127.231	-0.0285714
0.3	-174.435	-0.0285714
0.3	-158.733	-0.0285714
0.3	140.279	-0.0285714
0.3	-127.973	-0.0285714
0.3	-32.5359	-0.0285714
0.3	8.3827	-0.0285714
0.3	135.945	-0.0285714
0.3	107.947	-0.0285714
0.3	-85.0546	-0.0285714
0.3	-1.42423	-0.0285714
0.3	158.154	-0.0285714
0.3	148.879	-0.0285714
0.3	78.1292	-0.0285714
0.3	-8.33498	-0.0285714
0.3	34.7406	-0.0285714
0.3	97.9953	-0.0285714
0.3	-69.8302	-0.0285714
0.3	-52.406	-0.0285714
0.3	25.3919	-0.0285714
0.3	44.0109	-0.0285714
0.3	75.5169	-0.0285714
0.3	62.3625	-0.0285714
0.3	117.79	-0.0285714
0.3	133.681	-0.0285714
0.3	32.6213	-0.0285714
0.3	-20.2973	-0.0285714
0.3	-72.2535	-0.0285714
0.3	85.6736	-0.0285714
0.3	63.5716	-0.0285714
0.3	11.1432	-0.0285714
0.3	112.534	-0.0285714
0.3	85.4254	-0.0285714
0.3	-13.7595	-0.0285714
0.3	-99.0377	-0.0285714
0.3	-120.703	-0.0285714
0.3	-70.8998	-0.0285714
0.3	-111.306	-0.0285714
0.3	127.694	-0.0285714
0.3	56.8657	-0.0285714
0.3	-151.847	-0.0285714
0.3	65.4903	-0.0285714
0.3	-154.856	-0.0285714
0.3	-8.38214	-0.0285714
0.3	-170.977	-0.0285714
0.3	24.8276	-0.0285714
0.3	27.7383	-0.0285714
-0.25	19.2954	1
-0.25	-155.772	1
-0.25	106.921	1
-0.25	-36.3907	1
-0.25	76.8693	1
-0.25	-109.242	1
-0.25	-81.6925	1
-0.25	-70.7626	1
-0.25	135.845	1
-0.25	-6.84508	1
-0.25	-154.134	1
-0.25	163.591	1
-0.25	-32.5155	1
-0.25	65.8772	1
-0.25	45.9556	1
-0.25	147.751	1
-0.25	123.398	1
-0.25	-52.664	1
-0.25	34.4003	1
-0.25	50.9624	1
-0.25	-145.223	1
-0.25	-101.709	1
-0.25	48.4395	1
-0.25	-48.2896	1
-0.25	-28.0727	1
-0.25	117.85	1
-0.25	-114.502	1
-0.25	-3.62686	1
-0.25	-55.6049	1
-0.25	-36.9587	1
-0.25	-80.6269	1
-0.25	-97.9157	1
-0.25	52.0981	1
-0.25	-80.791	1
-0.25	-20.2291	1
-0.25	-171.019	1
-0.25	-79.262	1
-0.25	-148.71	1
-0.25	152.252	1
-0.25	-69.2153	1
-0.25	-24.9144	1
-0.25	-170.045	1
-0.25	-159.705	1
-0.25	50.7013	1
-0.25	7.60985	1
-0.25	-80.8518	1
-0.25	-55.3536	1
-0.25	62.5264	1
-0.25	-62.3677	1
-0.25	-108.422	1
-0.25	-104.793	1
-0.25	112.061	1
-0.25	77.7267	1
-0.25	5.63812	1
-0.25	-61.9811	1
-0.25	32.1014	1
-0.25	136.317	1
-0.25	-70.1413	1
-0.25	-116.898	1
-0.25	-158.036	1
-0.25	-87.8981	1
-0.25	-155.496	1
-0.25	152.986	1
-0.25	133.679	1
-0.25	114.896	1
-0.25	-159.279	1
-0.25	34.6633	1
-0.25	131.192	1
-0.25	-84.1572	1
-0.25	-131.124	1
-0.25	88.1197	1
-0.25	137.406	1
-0.25	80.2532	1
-0.25	47.8007	1
-0.25	123.388	1
-0.25	33.0229	1
-0.25	-124.796	1
-0.25	-5.55289	1
-0.25	-105.268	1
-0.25	-28.5973	1
-0.25	-87.8628	1
-0.25	-108.334	1
-0.25	-141.233	1
-0.25	-30.8514	1
-0.25	-159.127	1
-0.25	144.045	1
-0.25	114.602	1
-0.25	-89.2912	1
-0.25	-30.1811	1
-0.25	45.0411	1
-0.25	44.8309	1
-0.25	156.328	1
-0.25	-104.43	1
-0.25	100.965	1
-0.25	-166.279	1
-0.25	-79.9351	1
-0.25	44.7349	1
-0.25	42.0644	1
-0.25	84.8818	1
-0.25	-146.776	1
-0.25	46.2413	1
-0.25	125.98	1
-0.25	160.661	1
-0.25	3.33286	1
-0.25	-38.1734	1
-0.25	40.0625	-0.0285714
-0.25	57.1088	-0.0285714
-0.25	-177.47	-0.0285714
-0.25	-118.609	-0.0285714
-0.25	-151.012	-0.0285714
-0.25	-67.7634	-0.0285714
-0.25	-140.306	-0.0285714
-0.25	-12.2086	-0.0285714
-0.25	119.958	-0.0285714
-0.25	177.57	-0.0285714
-0.25	3.11219	-0.0285714
-0.25	-93.5195	-0.0285714
-0.25	173.345	-0.0285714
-0.25	-18.21	-0.0285714
-0.25	27.058	-0.0285714
-0.25	-6.35945	-0.0285714
-0.25	65.4877	-0.0285714
-0.25	-84.9282	-0.0285714
-0.25	52.514	-0.0285714
-0.25	103.851	-0.0285714
-0.25	-59.7841	-0.0285714
-0.25	135.523	-0.0285714
-0.25	118.784	-0.0285714
-0.25	-102.433	-0.0285714
-0.25	146.84	-0.0285714
-0.25	-69.5126	-0.0285714
-0.25	-98.6508	-0.0285714
-0.25	123.966	-0.0285714
-0.25	53.1554	-0.0285714
-0.25	-72.1799	-0.0285714
-0.25	-1.09345	-0.0285714
-0.25	-48.2941	-0.0285714
-0.25	19.7218	-0.0285714
-0.25	58.3749	-0.0285714
-0.25	-85.9824	-0.0285714
-0.25	-71.502	-0.0285714
-0.25	132.878	-0.0285714
-0.25	17.1314	-0.0285714
-0.25	170.774	-0.0285714
-0.25	134.441	-0.0285714
-0.25	-148.857	-0.0285714
-0.25	23.787	-0.0285714
-0.25	19.0908	-0.0285714
-0.25	-34.788	-0.0285714
-0.25	-62.6558	-0.0285714
-0.25	-14.5209	-0.0285714
-0.25	51.9455	-0.0285714
-0.25	-156.629	-0.0285714
-0.25	136.002	-0.0285714
-0.25	48.3816	-0.0285714
-0.25	128.153	-0.0285714
-0.25	84.9582	-0.0285714
-0.25	-164.455	-0.0285714
-0.25	-161.133	-0.0285714
-0.25	-103.4	-0.0285714
-0.25	18.1354	-0.0285714
-0.25	21.4545	-0.0285714
-0.25	-168.642	-0.0285714
-0.25	166.913	-0.0285714
-0.25	-157.481	-0.0285714
-0.25	136.191	-0.0285714
-0.25	116.7	-0.0285714
-0.25	-161.524	-0.0285714
-0.25	-140.24	-0.0285714
-0.25	134.143	-0.0285714
-0.25	177.221	-0.0285714
-0.25	47.7315	-0.0285714
-0.25	85.4617	-0.0285714
-0.25	-157.665	-0.0285714
-0.25	157.448	-0.0285714
-0.25	-61.3675	-0.0285714
-0.25	173.794	-0.0285714
-0.25	155.863	-0.0285714
-0.25	-163.41	-0.0285714
-0.25	-90.7161	-0.0285714
-0.25	-30.7386	-0.0285714
-0.25	-169.961	-0.0285714
-0.25	-25.2471	-0.0285714
-0.25	63.1264	-0.0285714
-0.25	-177.07	-0.0285714
-0.25	-175.963	-0.0285714
-0.25	-78.7651	-0.0285714
-0.25	-135.553	-0.0285714
-0.25	-75.2438	-0.0285714
-0.25	-97.2183	-0.0285714
-0.25	170.989	-0.0285714
-0.25	-115.446	-0.0285714
-0.25	41.1696	-0.0285714
-0.25	9.4257	-0.0285714
-0.25	-148.572	-0.0285714
-0.25	-30.8352	-0.0285714
-0.25	-66.1681	-0.0285714
-0.25	34.1142	-0.0285714
-0.25	24.4695	-0.0285714
-0.25	-10.2668	-0.0285714
-0.25	79.0532	-0.0285714
-0.25	-25.8801	-0.0285714
-0.25	82.1264	-0.0285714
-0.25	136.469	-0.0285714
-0.25	-67.9157	-0.0285714
-0.25	117.982	-0.0285714
-0.25	144.339	-0.0285714
-0.25	-174.903	-0.0285714
-0.25	41.0685	-0.0285714
-0.25	162.13	-0.0285714
-0.25	148.2	-0.0285714
-0.25	-70.0915	-0.0285714
-0.25	-71.5506	-0.0285714
-0.25	-146.769	-0.0285714
-0.25	147.911	-0.0285714
-0.25	83.2772	-0.0285714
-0.25	-4.71777	-0.0285714
-0.25	-130.593	-0.0285714
-0.25	-172.727	-0.0285714
-0.25	37.839	-0.0285714
-0.25	158.869	-0.0285714
-0.25	11.8741	-0.0285714
-0.25	-60.6682	-0.0285714
-0.25	-159.985	-0.0285714
-0.25	91.2962	-0.0285714
-0.25	14.2685	-0.0285714
-0.25	-162.825	-0.0285714
-0.25	5.96275	-0.0285714
-0.25	162.944	-0.0285714
-0.25	-113.811	-0.0285714
-0.25	35.7665	-0.0285714
-0.25	133.813	-0.0285714
-0.25	-135.961	-0.0285714
-0.25	170.218	-0.0285714
-0.25	-74.1982	-0.0285714
-0.25	-8.62798	-0.0285714
-0.25	-75.2176	-0.0285714
-0.25	123.144	-0.0285714
-0.25	-40.6354	-0.0285714
-0.25	149.827	-0.0285714
-0.25	153.974	-0.0285714
-0.25	-20.4981	-0.0285714
-0.25	-7.08862	-0.0285714
-0.25	140.653	-0.0285714
-0.25	-65.1397	-0.0285714
-0.25	-17.5525	-0.0285714
-0.25	46.9748	-0.0285714
-0.25	125.435	-0.0285714
-0.25	-59.7834	-0.0285714
-0.25	-162.612	-0.0285714
-0.25	-144.147	-0.0285714
-0.25	171.436	-0.0285714
-0.25	-142.354	-0.0285714
-0.25	-127.891	-0.0285714
-0.25	-27.6719	-0.0285714
-0.25	-12.9015	-0.0285714
-0.25	103.378	-0.0285714
-0.25	-147.683	-0.0285714
-0.25	174.689	-0.0285714
-0.25	-50.8072	-0.0285714
-0.25	-43.8307	-0.0285714
-0.25	-46.9307	-0.0285714
-0.25	115.068	-0.0285714
-0.25	-141.561	-0.0285714
-0.25	145.024	-0.0285714
-0.25	77.1849	-0.0285714
-0.25	21.2633	-0.0285714
-0.25	126.285	-0.0285714
-0.25	-21.8309	-0.0285714
-0.25	-4.14588	-0.0285714
-0.25	-148.116	-0.0285714
-0.25	151.61	-0.0285714
-0.25	7.32711	-0.0285714
-0.25	-130.013	-0.0285714
-0.25	105.186	-0.0285714
-0.25	-100.048	-0.0285714
-0.25	143.634	-0.0285714
-0.25	-177.078	-0.0285714
-0.25	139.987	-0.0285714
-0.25	148.288	-0.0285714
-0.25	-3.22369	-0.0285714
-0.25	78.9271	-0.0285714
-0.25	159.948	-0.0285714
-0.25	-14.5135	-0.0285714
-0.25	-32.6794	-0.0285714
-0.25	150.136	-0.0285714
-0.25	-54.5324	-0.0285714
-0.25	80.2701	-0.0285714
-0.25	-69.39	-0.0285714
0.3	145.839	1
0.3	-81.0481	1
0.3	75.8702	1
0.3	-90.816	1
0.3	120.648	1
0.3	68.6608	1
0.3	-150.213	1
0.3	-152.149	1
0.3	177.845	1
0.3	-104.769	1
0.3	-172.834	1
0.3	-111.638	1
0.3	22.9381	1
0.3	107.275	1
0.3	-99.3732	1
0.3	24.0761	1
0.3	36.7538	1
0.3	-82.8938	1
0.3	80.3079	1
0.3	-126.093	1
0.3	5.78003	1
0.3	154.72	1
0.3	-36.4083	1
0.3	112.259	1
0.3	-94.3185	1
0.3	164.907	1
0.3	-65.8425	1
0.3	-139.967	1
0.3	158.232	1
0.3	-49.5898	1
0.3	-102.594	1
0.3	-43.4486	1
0.3	-49.1468	1
0.3	-44.4314	1
0.3	145.316	1
0.3	60.6988	1
0.3	82.7754	1
0.3	-85.4241	1
0.3	91.4815	1
0.3	164.338	1
0.3	-21.4947	1
0.3	-77.2968	1
0.3	166.968	1
0.3	43.0804	1
0.3	128.447	1
0.3	73.8044	1
0.3	137.659	1
0.3	12.2958	1
0.3	165.295	1
0.3	-123.438	1
0.3	22.8533	1
0.3	-176.332	1
0.3	9.44424	1
0.3	-121.343	1
0.3	28.8397	1
0.3	-29.5251	1
0.3	-46.7465	1
0.3	128.68	1
0.3	-178.148	1
0.3	-55.6514	1
0.3	-56.5863	1
0.3	-130.716	1
0.3	-28.0547	1
0.3	-77.1098	1
0.3	-114.843	1
0.3	-157.983	1
0.3	-80.0051	1
0.3	68.4377	1
0.3	-147.843	1
0.3	41.6514	1
0.3	-30.4886	1
0.3	148.019	1
0.3	-95.3888	1
0.3	1.13566	1
0.3	32.3568	1
0.3	64.0496	1
0.3	31.1034	1
0.3	132.874	1
0.3	136.225	1
0.3	-157.54	1
0.3	-121.737	1
0.3	103.148	1
0.3	21.7553	1
0.3	-80.7203	1
0.3	35.183	1
0.3	-42.6956	1
0.3	5.79714	1
0.3	92.5623	1
0.3	-116.801	1
0.3	-147.949	1
0.3	29.5715	1
0.3	-46.6374	1
0.3	-24.1044	1
0.3	-177.04	1
0.3	-2.82398	1
0.3	-3.71428	1
0.3	14.2889	1
0.3	-43.1364	1
0.3	45.6737	1
0.3	121.009	1
0.3	-167.23	1
0.3	-7.25291	1
0.3	-50.4068	1
0.3	-16.5305	1
0.3	-65.8071	1
0.3	-27.969	1
0.3	-175.585	1
0.3	144.297	1
0.3	170.985	1
0.3	134.362	1
0.3	-29.7424	1
0.3	15.5109	1
0.3	-121.505	1
0.3	-44.9368	1
0.3	1.13084	1
0.3	-85.9967	1
0.3	126.274	1
0.3	17.5998	1
0.3	61.6138	1
0.3	-69.4936	1
0.3	154.097	1
0.3	130.433	1
0.3	63.0346	1
0.3	94.4896	1
0.3	-23.7573	1
0.3	48.6813	1
0.3	176.477	1
0.3	-7.91071	1
0.3	-125.561	1
0.3	-39.6011	1
0.3	47.597	1
0.3	-102.015	1
0.3	-78.2917	1
0.3	-177.452	1
0.3	15.0497	1
0.3	70.2267	1
0.3	121.994	1
0.3	6.74741	1
0.3	-79.4026	1
0.3	-75.7746	1
0.3	-76.8039	1
0.3	123.904	1
0.3	104.787	1
0.3	-109.968	1
0.3	-92.6001	-0.052381
0.3	-24.0542	-0.052381
0.3	140.113	-0.052381
0.3	-57.8539	-0.052381
0.3	118.287	-0.052381
0.3	-12.415	-0.052381
0.3	15.7252	-0.052381
0.3	166.699	-0.052381
0.3	22.7393	-0.052381
0.3	-159.213	-0.052381
0.3	94.2495	-0.052381
0.3	29.0256	-0.052381
0.3	138.377	-0.052381
0.3	14.0962	-0.052381
0.3	-168.427	-0.052381
0.3	-179.894	-0.052381
0.3	79.6811	-0.052381
0.3	-53.4353	-0.052381
0.3	-141.677	-0.052381
0.3	82.3923	-0.052381
0.3	-83.1891	-0.052381
0.3	-109.578	-0.052381
0.3	-167.99	-0.052381
0.3	-131.612	-0.052381
0.3	144.929	-0.052381
0.3	99.3188	-0.052381
0.3	107.309	-0.052381
0.3	-144.623	-0.052381
0.3	156.383	-0.052381
0.3	-142.421	-0.052381
0.3	69.0098	-0.052381
0.3	38.1661	-0.052381
0.3	-91.059	-0.052381
0.3	24.7317	-0.052381
0.3	107.099	-0.052381
0.3	-121.294	-0.052381
0.3	-117.151	-0.052381
0.3	-69.4326	-0.052381
0.3	-9.26455	-0.052381
0.3	122.013	-0.052381
0.3	-101.442	-0.052381
0.3	76.7698	-0.052381
0.3	-167.23	-0.052381
0.3	171.159	-0.052381
0.3	-39.6504	-0.052381
0.3	121.561	-0.052381
0.3	-109.325	-0.052381
0.3	-97.5543	-0.052381
0.3	44.4523	-0.052381
0.3	77.4926	-0.052381
0.3	66.0264	-0.052381
0.3	151.748	-0.052381
0.3	-147.494	-0.052381
0.3	-32.1853	-0.052381
0.3	-27.5756	-0.052381
0.3	-15.9621	-0.052381
0.3	9.46072	-0.052381
0.3	-139.931	-0.052381
0.3	42.2623	-0.052381
0.3	75.0046	-0.052381
0.3	92.5975	-0.052381
0.3	-83.7569	-0.052381
0.3	138.669	-0.052381
0.3	20.8981	-0.052381
0.3	139.717	-0.052381
0.3	-91.4795	-0.052381
0.3	-157.068	-0.052381
0.3	-27.9728	-0.052381
0.3	116.661	-0.052381
0.3	-3.11188	-0.052381
0.3	-129.314	-0.052381
0.3	-58.5114	-0.052381
0.3	-127.423	-0.052381
0.3	-17.355	-0.052381
0.3	-24.0121	-0.052381
0.3	76.648	-0.052381
0.3	13.6159	-0.052381
0.3	176.049	-0.052381
0.3	-100.066	-0.052381
0.3	-27.0517	-0.052381
0.3	-70.9939	-0.052381
0.3	128.091	-0.052381
0.3	-174.661	-0.052381
0.3	-11.2988	-0.052381
0.3	29.5422	-0.052381
0.3	30.537	-0.052381
0.3	-163.43	-0.052381
0.3	-144.712	-0.052381
0.3	41.7959	-0.052381
0.3	20.1227	-0.052381
0.3	-166.674	-0.052381
0.3	12.4985	-0.052381
0.3	176.032	-0.052381
0.3	49.4827	-0.052381
0.3	-97.4477	-0.052381
0.3	-102.201	-0.052381
0.3	-65.8259	-0.052381
0.3	-23.5381	-0.052381
0.3	-130.506	-0.052381
0.3	-107.664	-0.052381
0.3	-169.686	-0.052381
0.3	63.0571	-0.052381
0.3	2.50321	-0.052381
0.3	-75.9935	-0.052381
0.3	120.95	-0.052381
0.3	-152.862	-0.052381
0.3	6.20895	-0.052381
0.3	-145.431	-0.052381
0.3	-106.121	-0.052381
0.3	53.3353	-0.052381
0.3	136.262	-0.052381
0.3	-29.6654	-0.052381
0.3	-98.7043	-0.052381
0.3	67.6221	-0.052381
0.3	-1.9633	-0.052381
0.3	65.8401	-0.052381
0.3	-67.5754	-0.052381
0.3	-83.1748	-0.052381
0.3	-150.387	-0.052381
0.3	152.216	-0.052381
0.3	-158.567	-0.052381
0.3	143.75	-0.052381
0.3	-163.077	-0.052381
0.3	158.522	-0.052381
0.3	46.4133	-0.052381
0.3	116.819	-0.052381
0.3	-111.968	-0.052381
0.3	-3.45707	-0.052381
0.3	-10.1204	-0.052381
0.3	148.97	-0.052381
0.3	94.0309	-0.052381
0.3	90.9857	-0.052381
0.3	38.6022	-0.052381
0.3	176.137	-0.052381
0.3	167.854	-0.052381
0.3	63.3659	-0.052381
0.3	23.5221	-0.052381
0.3	43.7134	-0.052381
-0.25	140.09	1
-0.25	-11.1247	1
-0.25	-27.1344	1
-0.25	10.9133	1
-0.25	-144.635	1
-0.25	-35.6379	1
-0.25	165.962	1
-0.25	149.504	1
-0.25	-169.649	1
-0.25	54.3722	1
-0.25	21.4964	1
-0.25	-162.69	1
-0.25	130.742	1
-0.25	-24.6572	1
-0.25	155.669	1
-0.25	-124.442	1
-0.25	151.815	1
-0.25	140.962	1
-0.25	-64.6256	1
-0.25	-20.6112	1
-0.25	101.736	1
-0.25	117.102	1
-0.25	125.01	1
-0.25	62.2459	1
-0.25	96.1779	1
-0.25	109.688	1
-0.25	-7.10402	1
-0.25	157.023	1
-0.25	-112.578	1
-0.25	-131.937	1
-0.25	-14.8659	1
-0.25	161.188	1
-0.25	114.328	1
-0.25	-6.57636	1
-0.25	159.643	1
-0.25	-109.277	1
-0.25	-164.702	1
-0.25	-65.5521	1
-0.25	38.0452	1
-0.25	-104.481	1
-0.25	-161.628	1
-0.25	152.824	1
-0.25	-85.4144	1
-0.25	82.7066	1
-0.25	173.95	1
-0.25	39.6522	1
-0.25	83.7555	1
-0.25	-98.2765	1
-0.25	-148.879	1
-0.25	-179.966	1
-0.25	150.634	1
-0.25	-141.808	1
-0.25	83.0575	1
-0.25	83.9069	1
-0.25	-170.186	1
-0.25	-83.3438	1
-0.25	-122.024	1
-0.25	-120.949	1
-0.25	154.256	1
-0.25	-67.815	1
-0.25	-164.601	1
-0.25	-103.23	1
-0.25	-167.456	1
-0.25	0.38972	1
-0.25	116.081	1
-0.25	-74.8596	1
-0.25	39.508	1
-0.25	39.2018	1
-0.25	-74.3521	1
-0.25	92.1752	1
-0.25	63.9418	1
-0.25	-92.2991	1
-0.25	-156.992	1
-0.25	-41.9445	1
-0.25	-23.7306	1
-0.25	107.122	1
-0.25	-150.096	1
-0.25	-100.54	1
-0.25	-128.958	1
-0.25	166.197	1
-0.25	41.5249	1
-0.25	-179.564	1
-0.25	169.763	1
-0.25	-136.481	1
-0.25	-141.506	1
-0.25	138.191	1
-0.25	-154.392	1
-0.25	91.938	1
-0.25	22.4272	1
-0.25	52.1573	1
-0.25	-12.3453	1
-0.25	135.305	1
-0.25	-146.046	1
-0.25	158.098	1
-0.25	3.93754	1
-0.25	36.3159	1
-0.25	119.364	1
-0.25	133.767	1
-0.25	20.063	1
-0.25	9.5094	1
-0.25	57.7255	1
-0.25	81.696	1
-0.25	59.4701	1
-0.25	-79.8847	1
-0.25	-87.7601	1
-0.25	130.467	-0.052381
-0.25	88.2261	-0.052381
-0.25	76.2746	-0.052381
-0.25	161.684	-0.052381
-0.25	-111.431	-0.052381
-0.25	76.8356	-0.052381
-0.25	-138.916	-0.052381
-0.25	-0.00118453	-0.052381
-0.25	58.4539	-0.052381
-0.25	-90.3029	-0.052381
-0.25	85.8278	-0.052381
-0.25	-53.7458	-0.052381
-0.25	80.5882	-0.052381
-0.25	19.4329	-0.052381
-0.25	7.39798	-0.052381
-0.25	131.667	-0.052381
-0.25	136.95	-0.052381
-0.25	84.5932	-0.052381
-0.25	-78.6614	-0.052381
-0.25	161.61	-0.052381
-0.25	-137.096	-0.052381
-0.25	-77.2235	-0.052381
-0.25	-25.9412	-0.052381
-0.25	-22.6251	-0.052381
-0.25	136.912	-0.052381
-0.25	62.8808	-0.052381
-0.25	115.805	-0.052381
-0.25	-168.72	-0.052381
-0.25	-77.2717	-0.052381
-0.25	-136.874	-0.052381
-0.25	37.6667	-0.052381
-0.25	14.5769	-0.052381
-0.25	-21.1766	-0.052381
-0.25	86.7237	-0.052381
-0.25	-10.5824	-0.052381
-0.25	109.999	-0.052381
-0.25	-106.168	-0.052381
-0.25	76.2726	-0.052381
-0.25	-24.8789	-0.052381
-0.25	169.448	-0.052381
-0.25	-99.2471	-0.052381
-0.25	20.0776	-0.052381
-0.25	-84.4877	-0.052381
-0.25	134.734	-0.052381
-0.25	31.5941	-0.052381
-0.25	-62.5933	-0.052381
-0.25	88.128	-0.052381
-0.25	167.9	-0.052381
-0.25	-95.4674	-0.052381
-0.25	-55.7725	-0.052381
-0.25	158.196	-0.052381
-0.25	46.1142	-0.052381
-0.25	70.6883	-0.052381
-0.25	-152.791	-0.052381
-0.25	-46.9339	-0.052381
-0.25	69.5617	-0.052381
-0.25	155.55	-0.052381
-0.25	-160.279	-0.052381
-0.25	-102.745	-0.052381
-0.25	30.0719	-0.052381
-0.25	-176.045	-0.052381
-0.25	-86.9214	-0.052381
-0.25	108.346	-0.052381
-0.25	-15.7183	-0.052381
-0.25	-24.8854	-0.052381
-0.25	-3.79175	-0.052381
-0.25	-46.495	-0.052381
-0.25	112.345	-0.052381
-0.25	33.5924	-0.052381
-0.25	10.5126	-0.052381
-0.25	121.2	-0.052381
-0.25	-167.562	-0.052381
-0.25	-130.437	-0.052381
-0.25	-41.034	-0.052381
-0.25	179.08	-0.052381
-0.25	-23.1119	-0.052381
-0.25	-23.1053	-0.052381
-0.25	-84.4701	-0.052381
-0.25	-29.4522	-0.052381
-0.25	-15.9745	-0.052381
-0.25	-36.5627	-0.052381
-0.25	96.1538	-0.052381
-0.25	15.3536	-0.052381
-0.25	-54.8155	-0.052381
-0.25	32.0631	-0.052381
-0.25	144.144	-0.052381
-0.25	-23.0916	-0.052381
-0.25	-63.9396	-0.052381
-0.25	-111.947	-0.052381
-0.25	165.553	-0.052381
-0.25	-20.8666	-0.052381
-0.25	-76.2174	-0.052381
-0.25	-56.7758	-0.052381
-0.25	-145.232	-0.052381
-0.25	-0.569888	-0.052381
-0.25	53.3678	-0.052381
-0.25	-3.52515	-0.052381
-0.25	-169.965	-0.052381
-0.25	141.748	-0.052381
-0.25	-140.871	-0.052381
