pol.	phi	weight
0.3	-141.624	1
0.3	142.776	1
0.3	38.6595	1
0.3	-19.1133	1
0.3	159.119	1
0.3	152.101	1
0.3	106.89	1
0.3	-115.524	1
0.3	-82.2769	1
0.3	-156.325	1
0.3	-162.837	1
0.3	-53.5933	1
0.3	-4.07862	1
0.3	179.445	1
0.3	-90.5146	1
0.3	-49.3041	1
0.3	-57.4134	1
0.3	-73.162	1
0.3	-23.6638	1
0.3	-139.836	1
0.3	-133.993	1
0.3	-50.0974	1
0.3	-159.188	1
0.3	-22.8718	1
0.3	-74.3218	1
0.3	57.0451	1
0.3	123.515	1
0.3	67.7593	1
0.3	-112.785	1
0.3	100.257	1
0.3	-26.866	1
0.3	9.91258	1
0.3	60.5342	1
0.3	13.4313	1
0.3	28.9995	1
0.3	97.8404	1
0.3	15.5485	1
0.3	-164.39	1
0.3	137.229	1
0.3	142.436	1
0.3	-98.8534	1
0.3	-27.8049	1
0.3	-19.0718	1
0.3	-75.9159	1
0.3	154.401	1
0.3	57.0479	1
0.3	157.741	1
0.3	170.19	1
0.3	16.9632	1
0.3	23.2779	1
0.3	46.148	1
0.3	-35.5474	1
0.3	24.6756	1
0.3	-13.1699	1
0.3	2.81594	1
0.3	99.8364	1
0.3	-52.6804	1
0.3	-175.969	1
0.3	138.581	1
0.3	57.6246	1
0.3	19.786	1
0.3	-61.5894	1
0.3	132.004	1
0.3	178.455	1
0.3	150.171	1
0.3	2.53171	1
0.3	-175.306	1
0.3	-176.297	1
0.3	137.61	1
0.3	140.782	1
0.3	-29.4957	1
0.3	-34.858	1
0.3	-95.2864	1
0.3	63.1309	1
0.3	-159.077	1
0.3	75.3044	1
0.3	107.403	1
0.3	-121.515	1
0.3	69.3198	1
0.3	-178.833	1
0.3	88.5508	1
0.3	-79.5794	1
0.3	-125.287	1
0.3	-28.6615	1
0.3	145.633	1
0.3	102.496	1
0.3	-157.926	1
0.3	-65.4906	1
0.3	51.1088	1
0.3	142.657	1
0.3	-161.334	1
0.3	-152.918	1
0.3	142.31	1
0.3	100.544	1
0.3	-163.989	1
0.3	-166.526	1
0.3	-94.8647	1
0.3	93.3341	1
0.3	28.2034	1
0.3	54.6317	1
0.3	83.6957	1
0.3	-174.9	1
0.3	-142.759	1
0.3	130.669	1
0.3	17.1933	1
0.3	172.124	1
0.3	-67.9039	1
0.3	-23.11	1
0.3	170.756	1
0.3	83.5984	1
0.3	144.656	1
0.3	-15.3575	1
0.3	-18.6695	1
0.3	-142.037	1
0.3	-174.889	1
0.3	-166.764	1
0.3	-81.6738	1
0.3	-82.5453	1
0.3	-10.8587	1
0.3	118.8	1
0.3	-37.5617	1
0.3	-169.824	1
0.3	-121.499	1
0.3	8.63019	1
0.3	-60.4876	1
0.3	-84.7754	1
0.3	121.644	1
0.3	-169.092	1
0.3	-5.9609	1
0.3	-80.631	1
0.3	5.04499	1
0.3	-33.2126	1
0.3	-4.11883	1
0.3	-58.3519	1
0.3	-46.6556	1
0.3	-39.8136	1
0.3	-137.869	1
0.3	-70.6176	1
0.3	-150.931	1
0.3	-65.8173	1
0.3	170.306	1
0.3	16.6933	1
0.3	75.6169	1
0.3	-0.278583	-0.0714286
0.3	-82.9928	-0.0714286
0.3	-104.057	-0.0714286
0.3	-120.489	-0.0714286
0.3	4.2766	-0.0714286
0.3	133.301	-0.0714286
0.3	-16.3841	-0.0714286
0.3	142.381	-0.0714286
0.3	-165.158	-0.0714286
0.3	-177.058	-0.0714286
0.3	92.5448	-0.0714286
0.3	-135.14	-0.0714286
0.3	-104.973	-0.0714286
0.3	50.4725	-0.0714286
0.3	-70.2738	-0.0714286
0.3	70.0688	-0.0714286
0.3	-118.412	-0.0714286
0.3	-80.6856	-0.0714286
0.3	-177.419	-0.0714286
0.3	-164.045	-0.0714286
0.3	174.488	-0.0714286
0.3	121.163	-0.0714286
0.3	-116.152	-0.0714286
0.3	-96.9688	-0.0714286
0.3	138.592	-0.0714286
0.3	-87.3953	-0.0714286
0.3	36.8209	-0.0714286
0.3	179.245	-0.0714286
0.3	-87.5112	-0.0714286
0.3	112.822	-0.0714286
0.3	70.9965	-0.0714286
0.3	122.003	-0.0714286
0.3	8.15954	-0.0714286
0.3	-40.3832	-0.0714286
0.3	93.9337	-0.0714286
0.3	-123.379	-0.0714286
0.3	104.796	-0.0714286
0.3	32.5417	-0.0714286
0.3	86.4521	-0.0714286
0.3	83.6133	-0.0714286
0.3	25.9828	-0.0714286
0.3	-77.16	-0.0714286
0.3	114.78	-0.0714286
0.3	-168.512	-0.0714286
0.3	18.9069	-0.0714286
0.3	102.632	-0.0714286
0.3	-37.0363	-0.0714286
0.3	48.6966	-0.0714286
0.3	42.3984	-0.0714286
0.3	-44.6375	-0.0714286
0.3	115.278	-0.0714286
0.3	-66.2629	-0.0714286
0.3	-61.6942	-0.0714286
0.3	126.608	-0.0714286
0.3	176.983	-0.0714286
0.3	28.5862	-0.0714286
0.3	-29.9224	-0.0714286
0.3	9.52335	-0.0714286
0.3	27.2468	-0.0714286
0.3	16.9211	-0.0714286
0.3	-131.335	-0.0714286
0.3	53.3334	-0.0714286
0.3	-60.5543	-0.0714286
0.3	-127.619	-0.0714286
0.3	-60.0036	-0.0714286
0.3	-30.0432	-0.0714286
0.3	-48.3945	-0.0714286
0.3	124.283	-0.0714286
0.3	72.104	-0.0714286
0.3	-124.933	-0.0714286
0.3	169.538	-0.0714286
0.3	-48.2347	-0.0714286
0.3	-71.6631	-0.0714286
0.3	-18.9698	-0.0714286
0.3	-45.2248	-0.0714286
0.3	-176.407	-0.0714286
0.3	-17.7209	-0.0714286
0.3	-168.282	-0.0714286
0.3	-118.529	-0.0714286
0.3	-160.494	-0.0714286
0.3	19.5469	-0.0714286
0.3	-75.4943	-0.0714286
0.3	-10.5077	-0.0714286
0.3	-70.494	-0.0714286
0.3	172.336	-0.0714286
0.3	-62.4117	-0.0714286
0.3	168.785	-0.0714286
0.3	54.0048	-0.0714286
0.3	-45.8542	-0.0714286
0.3	25.9794	-0.0714286
0.3	-96.8591	-0.0714286
0.3	-142.558	-0.0714286
0.3	-133.625	-0.0714286
0.3	-131.658	-0.0714286
0.3	-45.2965	-0.0714286
0.3	144.116	-0.0714286
0.3	-117.823	-0.0714286
0.3	-165.412	-0.0714286
0.3	-35.3957	-0.0714286
0.3	78.4146	-0.0714286
-0.25	-158.375	1
-0.25	-93.1822	1
-0.25	61.3965	1
-0.25	21.0924	1
-0.25	-99.0594	1
-0.25	121.75	1
-0.25	-170.662	1
-0.25	-97.685	1
-0.25	-64.0292	1
-0.25	-113.489	1
-0.25	25.7111	1
-0.25	-165.6	1
-0.25	-35.8827	1
-0.25	167.605	1
-0.25	-112.827	1
-0.25	-52.7874	1
-0.25	60.9784	1
-0.25	143.325	1
-0.25	-45.1644	1
-0.25	-146.733	1
-0.25	25.1182	1
-0.25	120.252	1
-0.25	-179.407	1
-0.25	31.935	1
-0.25	-16.498	1
-0.25	-74.6754	1
-0.25	-118.687	1
-0.25	87.1639	1
-0.25	1.63711	1
-0.25	57.5582	1
-0.25	-15.5619	1
-0.25	-119.016	1
-0.25	77.6162	1
-0.25	-112.556	1
-0.25	-13.5019	1
-0.25	-141.181	1
-0.25	27.728	1
-0.25	-99.7724	1
-0.25	42.9312	1
-0.25	179.202	1
-0.25	-89.944	1
-0.25	-59.3078	1
-0.25	-27.532	1
-0.25	-58.6934	1
-0.25	-22.2187	1
-0.25	-163.971	1
-0.25	-47.1184	1
-0.25	56.0296	1
-0.25	-146.484	1
-0.25	41.1192	1
-0.25	158.092	1
-0.25	71.8836	1
-0.25	-153.428	1
-0.25	-37.7599	1
-0.25	-119.397	1
-0.25	-36.7103	1
-0.25	-36.1975	1
-0.25	43.1044	1
-0.25	45.7191	1
-0.25	52.9557	1
-0.25	164.37	1
-0.25	15.2999	1
-0.25	175.487	1
-0.25	-21.5785	1
-0.25	53.6147	1
-0.25	-170.621	1
-0.25	37.805	1
-0.25	29.9711	1
-0.25	71.2838	1
-0.25	-0.580821	1
-0.25	104.695	1
-0.25	-99.7434	1
-0.25	-90.8292	1
-0.25	133.419	1
-0.25	-113.851	1
-0.25	24.604	1
-0.25	96.457	1
-0.25	124.017	1
-0.25	-10.089	1
-0.25	107.507	1
-0.25	114.637	1
-0.25	58.0651	1
-0.25	140.748	1
-0.25	-150.465	1
-0.25	-176.053	1
-0.25	76.0535	1
-0.25	-86.611	1
-0.25	174.683	1
-0.25	65.5827	1
-0.25	-33.7745	1
-0.25	-133.526	1
-0.25	-20.4867	1
-0.25	-79.3328	1
-0.25	-145.472	1
-0.25	108.418	1
-0.25	87.3366	1
-0.25	-132.213	1
-0.25	-160.513	1
-0.25	99.3787	1
-0.25	116.019	1
-0.25	-51.1455	1
-0.25	-78.4436	1
-0.25	-4.81707	1
-0.25	75.0571	1
-0.25	-109.207	1
-0.25	-114.905	1
-0.25	76.2937	1
-0.25	-87.2984	1
-0.25	-4.17605	1
-0.25	-168.407	1
-0.25	112.518	1
-0.25	-9.5958	1
-0.25	-63.3351	1
-0.25	-144.017	1
-0.25	-43.4895	-0.0714286
-0.25	-5.83614	-0.0714286
-0.25	143.979	-0.0714286
-0.25	-89.8754	-0.0714286
-0.25	29.0137	-0.0714286
-0.25	50.9693	-0.0714286
-0.25	-43.985	-0.0714286
-0.25	101.113	-0.0714286
-0.25	-103.414	-0.0714286
-0.25	-88.6565	-0.0714286
-0.25	-150.412	-0.0714286
-0.25	166.03	-0.0714286
-0.25	-3.61808	-0.0714286
-0.25	-34.5214	-0.0714286
-0.25	96.5666	-0.0714286
-0.25	25.993	-0.0714286
-0.25	-4.55581	-0.0714286
-0.25	-171.414	-0.0714286
-0.25	-149.324	-0.0714286
-0.25	-129.712	-0.0714286
-0.25	-95.7445	-0.0714286
-0.25	150.082	-0.0714286
-0.25	-140.619	-0.0714286
-0.25	27.8725	-0.0714286
-0.25	-34.815	-0.0714286
-0.25	113.646	-0.0714286
-0.25	-6.71939	-0.0714286
-0.25	-22.6308	-0.0714286
-0.25	-178.102	-0.0714286
-0.25	143.145	-0.0714286
-0.25	-101.369	-0.0714286
-0.25	-157.62	-0.0714286
-0.25	-174.802	-0.0714286
-0.25	43.6562	-0.0714286
-0.25	-82.6345	-0.0714286
-0.25	-11.9125	-0.0714286
-0.25	93.7433	-0.0714286
-0.25	-147.107	-0.0714286
-0.25	9.8384	-0.0714286
-0.25	-57.5359	-0.0714286
-0.25	71.0443	-0.0714286
-0.25	-109.761	-0.0714286
-0.25	-51.9147	-0.0714286
-0.25	-131.734	-0.0714286
-0.25	57.0103	-0.0714286
-0.25	-30.1926	-0.0714286
-0.25	-171.074	-0.0714286
-0.25	-136.878	-0.0714286
-0.25	152.921	-0.0714286
-0.25	-156.697	-0.0714286
-0.25	-90.3919	-0.0714286
-0.25	-118.135	-0.0714286
-0.25	100.624	-0.0714286
-0.25	99.9367	-0.0714286
-0.25	45.9062	-0.0714286
-0.25	-151.476	-0.0714286
-0.25	167.034	-0.0714286
-0.25	112.486	-0.0714286
-0.25	-22.1244	-0.0714286
-0.25	-97.991	-0.0714286
-0.25	79.5551	-0.0714286
-0.25	-60.5771	-0.0714286
-0.25	6.17272	-0.0714286
-0.25	-141.364	-0.0714286
-0.25	161.217	-0.0714286
-0.25	-105.511	-0.0714286
-0.25	13.2338	-0.0714286
-0.25	29.9202	-0.0714286
-0.25	121.251	-0.0714286
-0.25	-171.497	-0.0714286
-0.25	-99.8889	-0.0714286
-0.25	-103.98	-0.0714286
-0.25	-24.8564	-0.0714286
-0.25	103.818	-0.0714286
-0.25	-38.7261	-0.0714286
-0.25	158.796	-0.0714286
-0.25	161.628	-0.0714286
-0.25	150.508	-0.0714286
-0.25	-127.463	-0.0714286
-0.25	-120.385	-0.0714286
0.3	130.689	1
0.3	-170.087	1
0.3	-4.04016	1
0.3	83.8049	1
0.3	55.609	1
0.3	-152.547	1
0.3	-18.7466	1
0.3	124.077	1
0.3	-145.501	1
0.3	-43.3262	1
0.3	-117.307	1
0.3	-57.731	1
0.3	-25.4856	1
0.3	93.5519	1
0.3	-168.167	1
0.3	134.098	1
0.3	-33.933	1
0.3	-69.3438	1
0.3	142.223	1
0.3	131.155	1
0.3	47.6228	1
0.3	-54.149	1
0.3	120.341	1
0.3	169.782	1
0.3	-0.47398	1
0.3	-37.28	1
0.3	-29.5006	1
0.3	23.8625	1
0.3	62.6723	1
0.3	-176.72	1
0.3	84.8403	1
0.3	42.6742	1
0.3	-107.199	1
0.3	-174.068	1
0.3	-163.918	1
0.3	89.2826	1
0.3	102.162	1
0.3	148.739	1
0.3	-59.615	1
0.3	-16.9066	1
0.3	-43.5663	1
0.3	-111.485	1
0.3	-89.076	1
0.3	-124.562	1
0.3	153.22	1
0.3	-22.2414	1
0.3	-62.2114	1
0.3	40.4095	1
0.3	160.004	1
0.3	144.211	1
0.3	-28.0458	1
0.3	-65.2516	1
0.3	-28.905	1
0.3	-55.8282	1
0.3	-23.3489	1
0.3	10.9043	1
0.3	-56.9418	1
0.3	-170.839	1
0.3	-168.518	1
0.3	149.808	1
0.3	-138.039	1
0.3	163.577	1
0.3	-86.8665	1
0.3	-53.5728	1
0.3	-93.4868	1
0.3	-71.2325	1
0.3	-77.9396	1
0.3	119.397	1
0.3	-6.80643	1
0.3	114.734	1
0.3	-137.132	1
0.3	-68.1364	1
0.3	140.08	1
0.3	-149.33	1
0.3	103.578	1
0.3	175.933	1
0.3	12.9659	1
0.3	64.0306	1
0.3	167.539	1
0.3	-125.164	1
0.3	-36.401	1
0.3	24.106	1
0.3	-12.5456	1
0.3	-12.0052	1
0.3	141.107	1
0.3	-17.6943	1
0.3	-173.173	1
0.3	-36.7808	1
0.3	40.7172	1
0.3	-78.4997	1
0.3	-87.2427	1
0.3	-85.6311	1
0.3	-44.1321	1
0.3	-19.4608	1
0.3	-121.89	1
0.3	-121.724	1
0.3	-52.5953	1
0.3	-128.592	1
0.3	76.8181	1
0.3	132.592	1
0.3	-133.146	1
0.3	173.52	1
0.3	13.308	1
0.3	-27.6629	1
0.3	-34.8324	1
0.3	35.9036	1
0.3	43.9199	1
0.3	129.058	1
0.3	125.05	1
0.3	-5.62562	1
0.3	120.244	1
0.3	151.24	1
0.3	-167.881	1
0.3	-36.3103	1
0.3	2.31642	1
0.3	63.675	1
0.3	-102.105	1
0.3	22.6188	1
0.3	90.6509	1
0.3	126.029	1
0.3	138.607	1
0.3	-123.695	1
0.3	-33.4882	1
0.3	16.2724	1
0.3	-39.9543	1
0.3	-127.442	1
0.3	-18.3845	1
0.3	-176.512	1
0.3	106.617	1
0.3	-8.52209	1
0.3	19.791	1
0.3	-52.4634	1
0.3	129.678	1
0.3	-44.8564	1
0.3	162.957	1
0.3	165.935	1
0.3	-131.804	1
0.3	33.1377	1
0.3	72.0346	1
0.3	-141.254	1
0.3	-7.3579	1
0.3	42.189	1
0.3	-131.226	1
0.3	21.7017	-0.0380952
0.3	17.7203	-0.0380952
0.3	174.665	-0.0380952
0.3	-121.373	-0.0380952
0.3	-99.128	-0.0380952
0.3	43.0032	-0.0380952
0.3	90.5963	-0.0380952
0.3	126.334	-0.0380952
0.3	109.952	-0.0380952
0.3	-132.081	-0.0380952
0.3	-134.67	-0.0380952
0.3	-96.6261	-0.0380952
0.3	-50.9671	-0.0380952
0.3	22.3875	-0.0380952
0.3	62.4635	-0.0380952
0.3	173.559	-0.0380952
0.3	171.419	-0.0380952
0.3	-103.655	-0.0380952
0.3	-68.5298	-0.0380952
0.3	67.3942	-0.0380952
0.3	102.029	-0.0380952
0.3	87.3556	-0.0380952
0.3	76.9624	-0.0380952
0.3	-50.8484	-0.0380952
0.3	-49.643	-0.0380952
0.3	-173.538	-0.0380952
0.3	-162.192	-0.0380952
0.3	129.553	-0.0380952
0.3	-156.429	-0.0380952
0.3	118.542	-0.0380952
0.3	6.81978	-0.0380952
0.3	-147.292	-0.0380952
0.3	-144.594	-0.0380952
0.3	-2.95447	-0.0380952
0.3	-6.99444	-0.0380952
0.3	17.0394	-0.0380952
0.3	70.2715	-0.0380952
0.3	90.553	-0.0380952
0.3	-113.066	-0.0380952
0.3	18.2879	-0.0380952
0.3	117.768	-0.0380952
0.3	-62.6679	-0.0380952
0.3	169.782	-0.0380952
0.3	-4.34399	-0.0380952
0.3	67.3269	-0.0380952
0.3	-3.16401	-0.0380952
0.3	-147.763	-0.0380952
0.3	-113.777	-0.0380952
0.3	32.5157	-0.0380952
0.3	123.451	-0.0380952
0.3	120.643	-0.0380952
0.3	139.716	-0.0380952
0.3	-167.701	-0.0380952
0.3	74.5292	-0.0380952
0.3	-3.25695	-0.0380952
0.3	47.158	-0.0380952
0.3	-117.04	-0.0380952
0.3	-74.3871	-0.0380952
0.3	171.857	-0.0380952
0.3	-153.769	-0.0380952
0.3	10.2396	-0.0380952
0.3	164.835	-0.0380952
0.3	-26.296	-0.0380952
0.3	49.8836	-0.0380952
0.3	-128.843	-0.0380952
0.3	116.003	-0.0380952
0.3	77.5513	-0.0380952
0.3	106.813	-0.0380952
0.3	45.4859	-0.0380952
0.3	-152.263	-0.0380952
0.3	94.0255	-0.0380952
0.3	-151.264	-0.0380952
0.3	41.0616	-0.0380952
0.3	-5.68004	-0.0380952
0.3	-149.348	-0.0380952
0.3	35.6287	-0.0380952
0.3	34.5354	-0.0380952
0.3	36.9012	-0.0380952
0.3	168.691	-0.0380952
0.3	-23.5259	-0.0380952
0.3	-88.596	-0.0380952
0.3	-0.748482	-0.0380952
0.3	42.4681	-0.0380952
0.3	-123.21	-0.0380952
0.3	-124.244	-0.0380952
0.3	55.2106	-0.0380952
0.3	38.1709	-0.0380952
0.3	-15.3291	-0.0380952
0.3	-132.154	-0.0380952
0.3	-151.267	-0.0380952
0.3	-165.21	-0.0380952
0.3	44.3326	-0.0380952
0.3	157.312	-0.0380952
0.3	-48.704	-0.0380952
0.3	-47.9814	-0.0380952
0.3	122.22	-0.0380952
0.3	-1.20737	-0.0380952
0.3	102.259	-0.0380952
0.3	133.231	-0.0380952
0.3	-10.0428	-0.0380952
0.3	151.655	-0.0380952
0.3	65.2551	-0.0380952
0.3	-152.781	-0.0380952
0.3	173.454	-0.0380952
0.3	-3.54124	-0.0380952
0.3	68.5698	-0.0380952
0.3	144.433	-0.0380952
0.3	65.4708	-0.0380952
0.3	114.752	-0.0380952
0.3	18.8296	-0.0380952
0.3	-114.438	-0.0380952
0.3	108.635	-0.0380952
0.3	146.164	-0.0380952
0.3	167.12	-0.0380952
0.3	166.786	-0.0380952
0.3	-72.649	-0.0380952
0.3	-133.58	-0.0380952
0.3	-124.492	-0.0380952
0.3	-149.888	-0.0380952
0.3	89.2423	-0.0380952
0.3	30.3175	-0.0380952
0.3	102.528	-0.0380952
0.3	-80.0548	-0.0380952
0.3	40.5442	-0.0380952
0.3	-170.594	-0.0380952
0.3	161.673	-0.0380952
0.3	111.094	-0.0380952
0.3	108.139	-0.0380952
0.3	37.3251	-0.0380952
0.3	-141.163	-0.0380952
0.3	24.5875	-0.0380952
0.3	-162.324	-0.0380952
0.3	-98.3023	-0.0380952
0.3	-135.592	-0.0380952
0.3	-83.3441	-0.0380952
0.3	59.1288	-0.0380952
0.3	139.302	-0.0380952
0.3	174.342	-0.0380952
0.3	-166.833	-0.0380952
0.3	32.2969	-0.0380952
0.3	-95.3262	-0.0380952
0.3	75.6293	-0.0380952
0.3	-81.6842	-0.0380952
0.3	-49.8429	-0.0380952
0.3	-34.2826	-0.0380952
0.3	-137.519	-0.0380952
0.3	145.154	-0.0380952
0.3	-63.4421	-0.0380952
0.3	102.147	-0.0380952
0.3	-177.215	-0.0380952
0.3	86.4844	-0.0380952
0.3	151.639	-0.0380952
0.3	58.6883	-0.0380952
0.3	68.8951	-0.0380952
0.3	-122.341	-0.0380952
0.3	169.993	-0.0380952
0.3	45.2491	-0.0380952
0.3	-13.6706	-0.0380952
0.3	77.5771	-0.0380952
0.3	-138.148	-0.0380952
0.3	-53.6878	-0.0380952
0.3	-124.024	-0.0380952
0.3	-123.618	-0.0380952
0.3	-162.057	-0.0380952
0.3	-141.207	-0.0380952
0.3	-83.7175	-0.0380952
0.3	146.202	-0.0380952
0.3	85.5431	-0.0380952
0.3	-45.2906	-0.0380952
0.3	5.74109	-0.0380952
0.3	32.6332	-0.0380952
0.3	-149.42	-0.0380952
0.3	-154.074	-0.0380952
0.3	-91.0284	-0.0380952
0.3	156.172	-0.0380952
0.3	153.002	-0.0380952
0.3	10.4	-0.0380952
0.3	-95.493	-0.0380952
0.3	-173.228	-0.0380952
0.3	38.9331	-0.0380952
0.3	137.029	-0.0380952
0.3	-92.4668	-0.0380952
0.3	30.1144	-0.0380952
0.3	-59.3598	-0.0380952
0.3	-75.3923	-0.0380952
0.3	46.0757	-0.0380952
0.3	42.1939	-0.0380952
0.3	70.6664	-0.0380952
-0.25	171.39	1
-0.25	-120.337	1
-0.25	-93.3948	1
-0.25	-2.81334	1
-0.25	-7.7544	1
-0.25	-153.472	1
-0.25	169.104	1
-0.25	101.778	1
-0.25	98.103	1
-0.25	-113.381	1
-0.25	80.9126	1
-0.25	150.199	1
-0.25	120.548	1
-0.25	126.572	1
-0.25	-60.2827	1
-0.25	84.6762	1
-0.25	51.3897	1
-0.25	-110.821	1
-0.25	165.555	1
-0.25	105.572	1
-0.25	52.3942	1
-0.25	54.8601	1
-0.25	-171.228	1
-0.25	17.6607	1
-0.25	-92.1535	1
-0.25	136.608	1
-0.25	-128.333	1
-0.25	-169.365	1
-0.25	156.893	1
-0.25	86.3802	1
-0.25	-155.419	1
-0.25	14.0929	1
-0.25	137.616	1
-0.25	25.8038	1
-0.25	140.256	1
-0.25	-157.133	1
-0.25	-68.8162	1
-0.25	-94.102	1
-0.25	169.764	1
-0.25	41.0889	1
-0.25	73.8709	1
-0.25	-12.532	1
-0.25	20.0174	1
-0.25	114.657	1
-0.25	176.736	1
-0.25	-99.643	1
-0.25	-112.189	1
-0.25	-48.0918	1
-0.25	175.963	1
-0.25	-130.502	1
-0.25	-171.204	1
-0.25	-37.7163	1
-0.25	68.8673	1
-0.25	-151.557	1
-0.25	-137.849	1
-0.25	98.0271	1
-0.25	-48.5089	1
-0.25	-19.5798	1
-0.25	58.4271	1
-0.25	-19.6431	1
-0.25	-153.656	1
-0.25	164.179	1
-0.25	-140.266	1
-0.25	-107.819	1
-0.25	-103.367	1
-0.25	-121.873	1
-0.25	19.8884	1
-0.25	5.5061	1
-0.25	-98.3885	1
-0.25	-107.304	1
-0.25	-6.89507	1
-0.25	74.8599	1
-0.25	-139.007	1
-0.25	99.1484	1
-0.25	-158.573	1
-0.25	-36.7744	1
-0.25	124.977	1
-0.25	-52.5899	1
-0.25	125.18	1
-0.25	105.598	1
-0.25	-153.841	1
-0.25	-157.02	1
-0.25	131.502	1
-0.25	-46.5796	1
-0.25	33.1144	1
-0.25	-112.009	1
-0.25	21.1053	1
-0.25	43.0898	1
-0.25	-127.178	1
-0.25	66.5522	1
-0.25	179.744	1
-0.25	-83.5934	1
-0.25	-41.3321	1
-0.25	20.9445	1
-0.25	89.9289	1
-0.25	44.4232	1
-0.25	17.4759	1
-0.25	-26.8964	1
-0.25	176.586	1
-0.25	164.927	1
-0.25	0.523942	1
-0.25	26.1128	1
-0.25	-115.573	1
-0.25	30.2222	1
-0.25	58.0963	1
-0.25	-144.098	1
-0.25	133.756	1
-0.25	-23.6754	1
-0.25	54.1283	1
-0.25	-154.707	1
-0.25	86.3505	1
-0.25	-32.1522	1
-0.25	-80.2373	1
-0.25	-25.0924	1
-0.25	-50.8517	-0.0380952
-0.25	-129.128	-0.0380952
-0.25	28.6487	-0.0380952
-0.25	125.779	-0.0380952
-0.25	29.5078	-0.0380952
-0.25	103.071	-0.0380952
-0.25	-137.339	-0.0380952
-0.25	-39.9189	-0.0380952
-0.25	143.331	-0.0380952
-0.25	-58.3052	-0.0380952
-0.25	147.321	-0.0380952
-0.25	150.299	-0.0380952
-0.25	134.246	-0.0380952
-0.25	71.4983	-0.0380952
-0.25	174.434	-0.0380952
-0.25	-155.04	-0.0380952
-0.25	144.328	-0.0380952
-0.25	-83.5589	-0.0380952
-0.25	-165.504	-0.0380952
-0.25	106.063	-0.0380952
-0.25	-10.375	-0.0380952
-0.25	23.8004	-0.0380952
-0.25	-105.901	-0.0380952
-0.25	162.077	-0.0380952
-0.25	73.9784	-0.0380952
-0.25	-139.899	-0.0380952
-0.25	-167.837	-0.0380952
-0.25	-80.0419	-0.0380952
-0.25	-44.3897	-0.0380952
-0.25	-175.622	-0.0380952
-0.25	60.9241	-0.0380952
-0.25	98.2313	-0.0380952
-0.25	64.6176	-0.0380952
-0.25	-76.0932	-0.0380952
-0.25	137.083	-0.0380952
-0.25	39.2413	-0.0380952
-0.25	29.7898	-0.0380952
-0.25	-104.473	-0.0380952
-0.25	66.2952	-0.0380952
-0.25	29.5733	-0.0380952
-0.25	166.389	-0.0380952
-0.25	12.6053	-0.0380952
-0.25	167.685	-0.0380952
-0.25	106.63	-0.0380952
-0.25	-30.8331	-0.0380952
-0.25	0.121347	-0.0380952
-0.25	75.688	-0.0380952
-0.25	-26.0458	-0.0380952
-0.25	-43.6607	-0.0380952
-0.25	140.388	-0.0380952
-0.25	118.707	-0.0380952
-0.25	-130.903	-0.0380952
-0.25	-59.6528	-0.0380952
-0.25	-65.586	-0.0380952
-0.25	163.01	-0.0380952
-0.25	53.8787	-0.0380952
-0.25	-173.698	-0.0380952
-0.25	114.436	-0.0380952
-0.25	-12.9317	-0.0380952
-0.25	121.511	-0.0380952
-0.25	128.519	-0.0380952
-0.25	128.55	-0.0380952
-0.25	115.573	-0.0380952
-0.25	-176.842	-0.0380952
-0.25	-17.44	-0.0380952
-0.25	-11.943	-0.0380952
-0.25	-24.1656	-0.0380952
-0.25	-88.0835	-0.0380952
-0.25	-156.184	-0.0380952
-0.25	-46.2727	-0.0380952
-0.25	-134.04	-0.0380952
-0.25	175.329	-0.0380952
-0.25	124.334	-0.0380952
-0.25	-28.9944	-0.0380952
-0.25	-49.8303	-0.0380952
-0.25	-55.0181	-0.0380952
-0.25	-84.5007	-0.0380952
-0.25	-133.242	-0.0380952
-0.25	-31.2193	-0.0380952
-0.25	-23.9607	-0.0380952
-0.25	134.365	-0.0380952
-0.25	139.59	-0.0380952
-0.25	156	-0.0380952
-0.25	-143.371	-0.0380952
-0.25	3.07423	-0.0380952
-0.25	95.7079	-0.0380952
-0.25	173.645	-0.0380952
-0.25	-75.0169	-0.0380952
-0.25	165.449	-0.0380952
-0.25	-147.394	-0.0380952
-0.25	175.896	-0.0380952
-0.25	-167.052	-0.0380952
-0.25	0.773252	-0.0380952
-0.25	-128.405	-0.0380952
-0.25	171.073	-0.0380952
-0.25	28.7342	-0.0380952
-0.25	98.7901	-0.0380952
-0.25	77.63	-0.0380952
-0.25	-102.707	-0.0380952
-0.25	123.096	-0.0380952
-0.25	-120.071	-0.0380952
-0.25	122.013	-0.0380952
-0.25	-178.352	-0.0380952
-0.25	133.613	-0.0380952
-0.25	140.173	-0.0380952
-0.25	19.395	-0.0380952
-0.25	176.589	-0.0380952
-0.25	-52.9477	-0.0380952
-0.25	6.42539	-0.0380952
-0.25	4.84585	-0.0380952
-0.25	-125.023	-0.0380952
-0.25	-156.865	-0.0380952
-0.25	-73.6582	-0.0380952
-0.25	-3.19119	-0.0380952
-0.25	-79.0609	-0.0380952
-0.25	86.1659	-0.0380952
-0.25	86.2801	-0.0380952
-0.25	-79.6704	-0.0380952
-0.25	83.329	-0.0380952
-0.25	-104.218	-0.0380952
-0.25	-151.72	-0.0380952
-0.25	-75.7575	-0.0380952
-0.25	24.7675	-0.0380952
-0.25	64.1762	-0.0380952
-0.25	96.7004	-0.0380952
-0.25	178.989	-0.0380952
-0.25	116.601	-0.0380952
-0.25	-18.8097	-0.0380952
-0.25	172.97	-0.0380952
-0.25	20.7252	-0.0380952
-0.25	168.032	-0.0380952
-0.25	-7.7832	-0.0380952
-0.25	31.7093	-0.0380952
-0.25	-170.336	-0.0380952
-0.25	152.7	-0.0380952
-0.25	47.6973	-0.0380952
-0.25	-79.3719	-0.0380952
-0.25	-81.6075	-0.0380952
-0.25	50.9221	-0.0380952
-0.25	111.154	-0.0380952
-0.25	60.5092	-0.0380952
-0.25	-6.64729	-0.0380952
-0.25	72.5692	-0.0380952
-0.25	24.7865	-0.0380952
-0.25	26.6922	-0.0380952
-0.25	-55.4115	-0.0380952
-0.25	-177.561	-0.0380952
-0.25	50.2792	-0.0380952
-0.25	73.2779	-0.0380952
-0.25	-170.694	-0.0380952
-0.25	60.0106	-0.0380952
0.3	-166.967	1
0.3	-155.994	1
0.3	-20.0499	1
0.3	4.79596	1
0.3	171.391	1
0.3	177.312	1
0.3	101.189	1
0.3	56.6228	1
0.3	129.666	1
0.3	-44.1598	1
0.3	-178.984	1
0.3	-134.275	1
0.3	-76.6706	1
0.3	-128.321	1
0.3	22.7691	1
0.3	-67.2343	1
0.3	31.8499	1
0.3	109.62	1
0.3	-87.7221	1
0.3	-157.57	1
0.3	-21.2322	1
0.3	-150.068	1
0.3	27.118	1
0.3	-34.0519	1
0.3	90.459	1
0.3	-25.8172	1
0.3	71.509	1
0.3	-81.6103	1
0.3	-25.8887	1
0.3	-135.943	1
0.3	151.584	1
0.3	125.141	1
0.3	-157.365	1
0.3	-143.842	1
0.3	172.143	1
0.3	-121.107	1
0.3	110.13	1
0.3	-83.0946	1
0.3	93.5245	1
0.3	85.0604	1
0.3	-108.776	1
0.3	78.7193	1
0.3	38.1401	1
0.3	-6.25819	1
0.3	3.01806	1
0.3	178.13	1
0.3	-174.538	1
0.3	-179.242	1
0.3	-98.1324	1
0.3	-57.0641	1
0.3	-41.8876	1
0.3	57.8327	1
0.3	43.0124	1
0.3	122.769	1
0.3	63.3303	1
0.3	93.3879	1
0.3	43.3035	1
0.3	-16.4012	1
0.3	140.218	1
0.3	-60.5182	1
0.3	-49.1801	1
0.3	134.883	1
0.3	-24.1631	1
0.3	38.9684	1
0.3	32.085	1
0.3	-77.4892	1
0.3	-179.753	1
0.3	29.0356	1
0.3	-29.6768	1
0.3	-17.1792	1
0.3	115.234	1
0.3	93.5238	1
0.3	-48.9739	1
0.3	143.391	1
0.3	-113.619	1
0.3	-85.2302	1
0.3	55.1842	1
0.3	28.0088	1
0.3	-8.07741	1
0.3	83.3122	1
0.3	-116.016	1
0.3	0.0226082	1
0.3	-42.0476	1
0.3	-146.137	1
0.3	125.568	1
0.3	-7.62144	1
0.3	-48.5308	1
0.3	130.925	1
0.3	174.75	1
0.3	-52.4458	1
0.3	-82.7621	1
0.3	-27.3352	1
0.3	-110.622	1
0.3	10.7654	1
0.3	-54.9502	1
0.3	-21.8234	1
0.3	82.5637	1
0.3	28.1869	1
0.3	76.182	1
0.3	-145.83	1
0.3	74.2316	1
0.3	51.876	1
0.3	-115.902	1
0.3	70.1804	1
0.3	-134.323	1
0.3	-163.933	1
0.3	-121.137	1
0.3	-146.719	1
0.3	58.1166	1
0.3	2.69217	1
0.3	-137.478	1
0.3	-6.59553	1
0.3	-8.36076	1
0.3	15.7513	1
0.3	-152.944	1
0.3	-31.2035	1
0.3	-174.799	1
0.3	-22.5086	1
0.3	3.45349	1
0.3	103.985	1
0.3	-90.3142	1
0.3	-7.18725	1
0.3	165.445	1
0.3	10.3409	1
0.3	-70.837	1
0.3	79.2357	1
0.3	168.562	1
0.3	-42.0281	1
0.3	-58.2313	1
0.3	-178.544	1
0.3	138.57	1
0.3	-15.3217	1
0.3	-176.945	1
0.3	11.6982	1
0.3	-100.819	1
0.3	121.316	1
0.3	-26.7251	1
0.3	83.1705	1
0.3	27.7377	1
0.3	120.594	1
0.3	122.167	1
0.3	59.9281	1
0.3	122.11	1
0.3	-113.218	-0.0190476
0.3	104.32	-0.0190476
0.3	-15.7311	-0.0190476
0.3	171.28	-0.0190476
0.3	-15.7697	-0.0190476
0.3	126.45	-0.0190476
0.3	-42.9119	-0.0190476
0.3	-84.2445	-0.0190476
0.3	-9.21407	-0.0190476
0.3	85.4193	-0.0190476
0.3	27.5744	-0.0190476
0.3	-111.222	-0.0190476
0.3	94.7463	-0.0190476
0.3	-40.4376	-0.0190476
0.3	-111.003	-0.0190476
0.3	120.989	-0.0190476
0.3	-165.294	-0.0190476
0.3	-65.6194	-0.0190476
0.3	174.44	-0.0190476
0.3	65.2573	-0.0190476
0.3	104.859	-0.0190476
0.3	-136.341	-0.0190476
0.3	1.75314	-0.0190476
0.3	94.4545	-0.0190476
0.3	-107.11	-0.0190476
0.3	-64.0536	-0.0190476
0.3	86.6081	-0.0190476
0.3	-140.495	-0.0190476
0.3	-60.0831	-0.0190476
0.3	34.779	-0.0190476
0.3	177.531	-0.0190476
0.3	20.6549	-0.0190476
0.3	73.2103	-0.0190476
0.3	138.157	-0.0190476
0.3	46.6475	-0.0190476
0.3	-110.47	-0.0190476
0.3	172.416	-0.0190476
0.3	-119.535	-0.0190476
0.3	-132.41	-0.0190476
0.3	9.64333	-0.0190476
0.3	54.0081	-0.0190476
0.3	-118.544	-0.0190476
0.3	67.8413	-0.0190476
0.3	33.3303	-0.0190476
0.3	-175.564	-0.0190476
0.3	37.1282	-0.0190476
0.3	-110.795	-0.0190476
0.3	-116.869	-0.0190476
0.3	58.7225	-0.0190476
0.3	-114.012	-0.0190476
0.3	117.466	-0.0190476
0.3	43.8163	-0.0190476
0.3	47.7711	-0.0190476
0.3	173.886	-0.0190476
0.3	-140.765	-0.0190476
0.3	108.914	-0.0190476
0.3	-69.8308	-0.0190476
0.3	-95.1519	-0.0190476
0.3	39.8975	-0.0190476
0.3	-166.967	-0.0190476
0.3	-15.1632	-0.0190476
0.3	-168.071	-0.0190476
0.3	50.0324	-0.0190476
0.3	13.4382	-0.0190476
0.3	53.5556	-0.0190476
0.3	133.535	-0.0190476
0.3	71.4035	-0.0190476
0.3	83.6808	-0.0190476
0.3	-65.849	-0.0190476
0.3	-177.936	-0.0190476
0.3	-101.229	-0.0190476
0.3	75.6013	-0.0190476
0.3	10.9296	-0.0190476
0.3	-116.761	-0.0190476
0.3	63.4012	-0.0190476
0.3	-152.481	-0.0190476
0.3	-70.0998	-0.0190476
0.3	-64.4413	-0.0190476
0.3	19.3168	-0.0190476
0.3	-99.2429	-0.0190476
0.3	68.5554	-0.0190476
0.3	76.8955	-0.0190476
0.3	96.2129	-0.0190476
0.3	-100.414	-0.0190476
0.3	16.4656	-0.0190476
0.3	-79.1264	-0.0190476
0.3	70.0737	-0.0190476
0.3	-11.493	-0.0190476
0.3	-15.3118	-0.0190476
0.3	-137.356	-0.0190476
0.3	-88.4558	-0.0190476
0.3	-4.27612	-0.0190476
0.3	-130.047	-0.0190476
0.3	100.912	-0.0190476
0.3	170.183	-0.0190476
0.3	-106.883	-0.0190476
0.3	-118.382	-0.0190476
0.3	-145.509	-0.0190476
0.3	92.5673	-0.0190476
0.3	124.652	-0.0190476
0.3	-39.7449	-0.0190476
0.3	-142.276	-0.0190476
0.3	31.5586	-0.0190476
0.3	-155.177	-0.0190476
0.3	105.988	-0.0190476
0.3	-52.7265	-0.0190476
0.3	-121.721	-0.0190476
0.3	-36.598	-0.0190476
0.3	-117.989	-0.0190476
0.3	-109.866	-0.0190476
0.3	-4.61643	-0.0190476
0.3	34.3819	-0.0190476
0.3	-153.433	-0.0190476
0.3	64.9225	-0.0190476
0.3	30.3673	-0.0190476
0.3	-134.485	-0.0190476
0.3	35.8728	-0.0190476
0.3	-74.4775	-0.0190476
0.3	-74.4314	-0.0190476
0.3	107.129	-0.0190476
0.3	-62.327	-0.0190476
0.3	5.90302	-0.0190476
0.3	-107.006	-0.0190476
0.3	48.1783	-0.0190476
0.3	-92.2842	-0.0190476
0.3	-106.352	-0.0190476
0.3	-137.133	-0.0190476
0.3	-63.7621	-0.0190476
0.3	-17.3066	-0.0190476
0.3	-152.408	-0.0190476
0.3	-26.4584	-0.0190476
0.3	146.34	-0.0190476
0.3	-13.2961	-0.0190476
0.3	7.52703	-0.0190476
0.3	27.285	-0.0190476
0.3	20.4441	-0.0190476
0.3	-30.0271	-0.0190476
0.3	133.972	-0.0190476
0.3	177.609	-0.0190476
0.3	-2.90186	-0.0190476
0.3	173.744	-0.0190476
0.3	151.433	-0.0190476
0.3	52.5781	-0.0190476
0.3	-166.793	-0.0190476
0.3	157.781	-0.0190476
0.3	110.157	-0.0190476
0.3	141.781	-0.0190476
0.3	14.1358	-0.0190476
0.3	171.917	-0.0190476
0.3	70.6573	-0.0190476
0.3	97.0068	-0.0190476
0.3	-128.026	-0.0190476
0.3	93.2139	-0.0190476
0.3	-153.757	-0.0190476
0.3	-152.383	-0.0190476
0.3	-36.0715	-0.0190476
0.3	-171.947	-0.0190476
0.3	-123.586	-0.0190476
0.3	51.1431	-0.0190476
0.3	-144.219	-0.0190476
0.3	-83.9908	-0.0190476
0.3	-2.05582	-0.0190476
0.3	88.273	-0.0190476
0.3	114.175	-0.0190476
0.3	-112.101	-0.0190476
0.3	-127.414	-0.0190476
0.3	-28.5559	-0.0190476
0.3	115.323	-0.0190476
0.3	-133.306	-0.0190476
0.3	60.9663	-0.0190476
0.3	103.699	-0.0190476
0.3	3.91853	-0.0190476
0.3	115.886	-0.0190476
0.3	-5.58178	-0.0190476
0.3	-85.2304	-0.0190476
0.3	16.5947	-0.0190476
0.3	-167.858	-0.0190476
0.3	-41.636	-0.0190476
0.3	103.469	-0.0190476
0.3	-167.812	-0.0190476
0.3	-146.763	-0.0190476
0.3	96.2255	-0.0190476
0.3	-71.8811	-0.0190476
0.3	68.9789	-0.0190476
0.3	162.399	-0.0190476
0.3	-8.52682	-0.0190476
0.3	13.2085	-0.0190476
0.3	-118.612	-0.0190476
0.3	-5.53962	-0.0190476
0.3	-78.4855	-0.0190476
0.3	9.60161	-0.0190476
0.3	-48.0398	-0.0190476
0.3	23.9783	-0.0190476
0.3	80.7468	-0.0190476
0.3	86.6579	-0.0190476
0.3	43.193	-0.0190476
0.3	-79.2005	-0.0190476
0.3	167.772	-0.0190476
0.3	175.747	-0.0190476
0.3	126.472	-0.0190476
0.3	-150.971	-0.0190476
0.3	154.816	-0.0190476
0.3	-32.918	-0.0190476
0.3	104.892	-0.0190476
0.3	-26.1329	-0.0190476
0.3	52.9205	-0.0190476
0.3	100.443	-0.0190476
0.3	-95.1437	-0.0190476
0.3	-40.7078	-0.0190476
0.3	55.5451	-0.0190476
0.3	-113.268	-0.0190476
0.3	50.7383	-0.0190476
0.3	-18.6469	-0.0190476
0.3	-35.0136	-0.0190476
0.3	-117.67	-0.0190476
0.3	61.34	-0.0190476
0.3	-115.662	-0.0190476
0.3	-137.05	-0.0190476
0.3	-92.294	-0.0190476
0.3	-12.2464	-0.0190476
0.3	-100.312	-0.0190476
0.3	8.26678	-0.0190476
0.3	12.2133	-0.0190476
0.3	130.792	-0.0190476
0.3	-163.808	-0.0190476
0.3	168.472	-0.0190476
0.3	-56.7267	-0.0190476
0.3	38.7479	-0.0190476
0.3	104.626	-0.0190476
0.3	104.057	-0.0190476
0.3	-131.155	-0.0190476
0.3	-155.379	-0.0190476
0.3	-4.59988	-0.0190476
0.3	-146.896	-0.0190476
0.3	43.676	-0.0190476
0.3	-149.476	-0.0190476
0.3	-25.6167	-0.0190476
0.3	-2.88109	-0.0190476
0.3	68.1609	-0.0190476
0.3	147.429	-0.0190476
0.3	152.99	-0.0190476
0.3	29.4781	-0.0190476
0.3	92.0153	-0.0190476
0.3	-17.5133	-0.0190476
0.3	130.106	-0.0190476
0.3	89.2182	-0.0190476
0.3	-178.661	-0.0190476
0.3	-135.34	-0.0190476
0.3	-106.61	-0.0190476
0.3	171.051	-0.0190476
0.3	18.0504	-0.0190476
0.3	139.345	-0.0190476
0.3	32.859	-0.0190476
0.3	-42.3138	-0.0190476
0.3	-99.998	-0.0190476
0.3	31.681	-0.0190476
0.3	160.457	-0.0190476
0.3	-104.056	-0.0190476
0.3	55.7	-0.0190476
0.3	154.905	-0.0190476
0.3	148.417	-0.0190476
0.3	-144.728	-0.0190476
0.3	-65.5884	-0.0190476
0.3	-147.82	-0.0190476
0.3	112.473	-0.0190476
0.3	81.7822	-0.0190476
0.3	44.3104	-0.0190476
0.3	177.336	-0.0190476
0.3	-158.448	-0.0190476
0.3	-49.8909	-0.0190476
0.3	125.956	-0.0190476
0.3	167.254	-0.0190476
0.3	110.256	-0.0190476
0.3	-61.9155	-0.0190476
0.3	0.826318	-0.0190476
0.3	104.264	-0.0190476
0.3	-85.0471	-0.0190476
0.3	-84.921	-0.0190476
0.3	4.89477	-0.0190476
0.3	14.0897	-0.0190476
0.3	138.555	-0.0190476
0.3	128.807	-0.0190476
0.3	8.45637	-0.0190476
0.3	97.0646	-0.0190476
0.3	-94.527	-0.0190476
0.3	19.4546	-0.0190476
0.3	35.6379	-0.0190476
0.3	34.8947	-0.0190476
0.3	40.2112	-0.0190476
0.3	135.475	-0.0190476
0.3	-36.7481	-0.0190476
0.3	15.1098	-0.0190476
0.3	-122.723	-0.0190476
0.3	-127.81	-0.0190476
0.3	-99.1185	-0.0190476
0.3	-168.084	-0.0190476
0.3	162.622	-0.0190476
0.3	68.4142	-0.0190476
0.3	-62.2575	-0.0190476
0.3	21.8396	-0.0190476
0.3	149.027	-0.0190476
0.3	25.2315	-0.0190476
0.3	-73.6671	-0.0190476
0.3	-87.6413	-0.0190476
0.3	-71.6972	-0.0190476
0.3	39.4033	-0.0190476
0.3	-34.9054	-0.0190476
0.3	151.61	-0.0190476
0.3	-4.42704	-0.0190476
0.3	-62.0141	-0.0190476
0.3	-156.402	-0.0190476
0.3	85.2936	-0.0190476
0.3	129.089	-0.0190476
0.3	-59.5461	-0.0190476
0.3	111.894	-0.0190476
0.3	11.3257	-0.0190476
0.3	-47.9135	-0.0190476
0.3	65.7129	-0.0190476
0.3	39.1983	-0.0190476
0.3	-4.14126	-0.0190476
0.3	8.27381	-0.0190476
0.3	-12.4072	-0.0190476
0.3	-121.35	-0.0190476
0.3	-88.2839	-0.0190476
0.3	-96.5393	-0.0190476
0.3	137.917	-0.0190476
0.3	-118.24	-0.0190476
0.3	67.043	-0.0190476
0.3	-171.204	-0.0190476
0.3	111.756	-0.0190476
0.3	-125.346	-0.0190476
0.3	33.8766	-0.0190476
0.3	0.547752	-0.0190476
0.3	109.449	-0.0190476
0.3	-60.3118	-0.0190476
0.3	-48.3802	-0.0190476
0.3	168.364	-0.0190476
0.3	49.9194	-0.0190476
0.3	158.654	-0.0190476
0.3	-80.1082	-0.0190476
0.3	28.1839	-0.0190476
0.3	22.0635	-0.0190476
0.3	1.68972	-0.0190476
0.3	-71.3692	-0.0190476
0.3	-44.6497	-0.0190476
0.3	91.3552	-0.0190476
0.3	-24.0475	-0.0190476
0.3	-72.6753	-0.0190476
0.3	32.6092	-0.0190476
0.3	-59.3925	-0.0190476
0.3	-116.41	-0.0190476
0.3	44.3324	-0.0190476
0.3	13.611	-0.0190476
0.3	-59.6941	-0.0190476
0.3	-93.8843	-0.0190476
0.3	-139.133	-0.0190476
0.3	-103.691	-0.0190476
0.3	157.155	-0.0190476
0.3	31.134	-0.0190476
0.3	0.560283	-0.0190476
0.3	30.4755	-0.0190476
0.3	-125.241	-0.0190476
0.3	111.811	-0.0190476
0.3	140.726	-0.0190476
0.3	38.9979	-0.0190476
0.3	72.4629	-0.0190476
0.3	-93.5596	-0.0190476
0.3	81.6186	-0.0190476
0.3	-49.2545	-0.0190476
0.3	-159.59	-0.0190476
0.3	-142.762	-0.0190476
0.3	156.116	-0.0190476
0.3	151.483	-0.0190476
0.3	1.56451	-0.0190476
0.3	23.9169	-0.0190476
0.3	108.963	-0.0190476
0.3	-6.49205	-0.0190476
-0.25	-108.804	1
-0.25	97.5063	1
-0.25	-159.231	1
-0.25	81.204	1
-0.25	-8.7528	1
-0.25	166.918	1
-0.25	27.079	1
-0.25	-124.803	1
-0.25	167.853	1
-0.25	-21.039	1
-0.25	-107.696	1
-0.25	-156.355	1
-0.25	119.052	1
-0.25	78.4878	1
-0.25	-9.63822	1
-0.25	51.8363	1
-0.25	-89.2035	1
-0.25	-99.012	1
-0.25	137.376	1
-0.25	104.902	1
-0.25	-90.8647	1
-0.25	36.9052	1
-0.25	104.609	1
-0.25	100.393	1
-0.25	-112.787	1
-0.25	46.4065	1
-0.25	-135.598	1
-0.25	113.181	1
-0.25	78.5128	1
-0.25	138.331	1
-0.25	0.639346	1
-0.25	-76.2673	1
-0.25	-77.6583	1
-0.25	-20.3993	1
-0.25	-118.154	1
-0.25	18.4553	1
-0.25	9.55394	1
-0.25	-18.8515	1
-0.25	137.933	1
-0.25	158.576	1
-0.25	-90.7975	1
-0.25	0.882073	1
-0.25	63.3896	1
-0.25	38.2417	1
-0.25	-77.4144	1
-0.25	-1.77702	1
-0.25	137.989	1
-0.25	-59.8901	1
-0.25	-167.95	1
-0.25	-168.025	1
-0.25	71.6212	1
-0.25	-101.271	1
-0.25	-33.756	1
-0.25	12.8515	1
-0.25	-47.341	1
-0.25	5.21237	1
-0.25	-11.2728	1
-0.25	128.494	1
-0.25	-177.667	1
-0.25	-106.87	1
-0.25	-165.448	1
-0.25	-65.5413	1
-0.25	97.2215	1
-0.25	106.468	1
-0.25	-98.9306	1
-0.25	-43.6328	1
-0.25	10.2064	1
-0.25	-5.56944	1
-0.25	66.5722	1
-0.25	-71.2565	1
-0.25	30.5345	1
-0.25	-50.2346	1
-0.25	-142.206	1
-0.25	44.7983	1
-0.25	-151.524	1
-0.25	44.672	1
-0.25	-6.79367	1
-0.25	133.237	1
-0.25	-13.8737	1
-0.25	-9.30288	1
-0.25	-51.1431	1
-0.25	-97.3494	1
-0.25	28.3649	1
-0.25	61.9914	1
-0.25	20.1716	1
-0.25	101.748	1
-0.25	-98.7988	1
-0.25	36.3115	1
-0.25	-160.096	1
-0.25	-25.8956	1
-0.25	150.587	1
-0.25	113.945	1
-0.25	7.77513	1
-0.25	-20.5768	1
-0.25	-86.8765	1
-0.25	83.8607	1
-0.25	144.434	1
-0.25	118.616	1
-0.25	-74.1694	1
-0.25	-66.5769	1
-0.25	73.172	1
-0.25	65.1838	1
-0.25	-21.1677	1
-0.25	-142.15	1
-0.25	-35.2164	1
-0.25	125.976	1
-0.25	138.186	1
-0.25	-175.047	1
-0.25	91.7667	1
-0.25	-47.6943	1
-0.25	-90.0503	1
-0.25	-36.0174	1
-0.25	-94.1049	1
-0.25	48.4298	1
-0.25	95.1945	-0.0190476
-0.25	-118.111	-0.0190476
-0.25	-119.648	-0.0190476
-0.25	-172.945	-0.0190476
-0.25	179.925	-0.0190476
-0.25	34.2452	-0.0190476
-0.25	-61.7498	-0.0190476
-0.25	-128.281	-0.0190476
-0.25	124.303	-0.0190476
-0.25	25.6507	-0.0190476
-0.25	-96.582	-0.0190476
-0.25	120.909	-0.0190476
-0.25	133.515	-0.0190476
-0.25	-161.076	-0.0190476
-0.25	30.2577	-0.0190476
-0.25	86.7052	-0.0190476
-0.25	-134.772	-0.0190476
-0.25	-35.5901	-0.0190476
-0.25	-107.137	-0.0190476
-0.25	-95.1038	-0.0190476
-0.25	-154.294	-0.0190476
-0.25	-20.8888	-0.0190476
-0.25	-60.6392	-0.0190476
-0.25	7.87313	-0.0190476
-0.25	-179.649	-0.0190476
-0.25	-170.391	-0.0190476
-0.25	161.014	-0.0190476
-0.25	-122.603	-0.0190476
-0.25	157.346	-0.0190476
-0.25	-101.653	-0.0190476
-0.25	-87.2264	-0.0190476
-0.25	-134.358	-0.0190476
-0.25	-40.2334	-0.0190476
-0.25	129.616	-0.0190476
-0.25	156.001	-0.0190476
-0.25	-141.667	-0.0190476
-0.25	74.1651	-0.0190476
-0.25	-133.822	-0.0190476
-0.25	125.191	-0.0190476
-0.25	-126.698	-0.0190476
-0.25	-157.764	-0.0190476
-0.25	144.339	-0.0190476
-0.25	-21.1707	-0.0190476
-0.25	93.6617	-0.0190476
-0.25	63.7696	-0.0190476
-0.25	4.78309	-0.0190476
-0.25	38.0302	-0.0190476
-0.25	43.1069	-0.0190476
-0.25	72.5509	-0.0190476
-0.25	-102.936	-0.0190476
-0.25	-46.7163	-0.0190476
-0.25	85.1867	-0.0190476
-0.25	155.967	-0.0190476
-0.25	-76.7926	-0.0190476
-0.25	-136.707	-0.0190476
-0.25	137.831	-0.0190476
-0.25	-101.173	-0.0190476
-0.25	-16.2061	-0.0190476
-0.25	-144.389	-0.0190476
-0.25	-164.978	-0.0190476
-0.25	106.54	-0.0190476
-0.25	-98.3973	-0.0190476
-0.25	-67.2906	-0.0190476
-0.25	-86.2941	-0.0190476
-0.25	-164.714	-0.0190476
-0.25	-66.66	-0.0190476
-0.25	143.899	-0.0190476
-0.25	-137.699	-0.0190476
-0.25	57.3982	-0.0190476
-0.25	-131.794	-0.0190476
-0.25	108.284	-0.0190476
-0.25	-54.4192	-0.0190476
-0.25	116.705	-0.0190476
-0.25	121.955	-0.0190476
-0.25	-147.775	-0.0190476
-0.25	-139.036	-0.0190476
-0.25	102.681	-0.0190476
-0.25	-91.3092	-0.0190476
-0.25	49.4382	-0.0190476
-0.25	37.5817	-0.0190476
-0.25	168.754	-0.0190476
-0.25	74.6617	-0.0190476
-0.25	-141.139	-0.0190476
-0.25	117.777	-0.0190476
-0.25	126.371	-0.0190476
-0.25	51.561	-0.0190476
-0.25	-61.9144	-0.0190476
-0.25	-109.318	-0.0190476
-0.25	-41.0419	-0.0190476
-0.25	89.0061	-0.0190476
-0.25	118.863	-0.0190476
-0.25	-90.2093	-0.0190476
-0.25	117.086	-0.0190476
-0.25	-103.575	-0.0190476
-0.25	-115.655	-0.0190476
-0.25	151.536	-0.0190476
-0.25	-40.0689	-0.0190476
-0.25	124.659	-0.0190476
-0.25	-175.432	-0.0190476
-0.25	116.413	-0.0190476
-0.25	79.6343	-0.0190476
-0.25	-105.461	-0.0190476
-0.25	164.623	-0.0190476
-0.25	-117.471	-0.0190476
-0.25	97.3903	-0.0190476
-0.25	151.314	-0.0190476
-0.25	151.068	-0.0190476
-0.25	-130.635	-0.0190476
-0.25	144.813	-0.0190476
-0.25	151.869	-0.0190476
-0.25	-57.1984	-0.0190476
-0.25	-59.8127	-0.0190476
-0.25	31.5545	-0.0190476
-0.25	-107.714	-0.0190476
-0.25	85.6064	-0.0190476
-0.25	156.511	-0.0190476
-0.25	105.231	-0.0190476
-0.25	92.0468	-0.0190476
-0.25	-169.866	-0.0190476
-0.25	-38.8627	-0.0190476
-0.25	126.981	-0.0190476
-0.25	-103.99	-0.0190476
-0.25	139.091	-0.0190476
-0.25	-55.5012	-0.0190476
-0.25	-175.855	-0.0190476
-0.25	42.5759	-0.0190476
-0.25	-103.395	-0.0190476
-0.25	110.544	-0.0190476
-0.25	95.59	-0.0190476
-0.25	167.963	-0.0190476
-0.25	63.6992	-0.0190476
-0.25	-25.4937	-0.0190476
-0.25	151.137	-0.0190476
-0.25	-154.047	-0.0190476
-0.25	7.25222	-0.0190476
-0.25	-24.8297	-0.0190476
-0.25	174.113	-0.0190476
-0.25	29.8499	-0.0190476
-0.25	63.2195	-0.0190476
-0.25	-121.136	-0.0190476
-0.25	8.58606	-0.0190476
-0.25	-94.2918	-0.0190476
-0.25	52.3949	-0.0190476
-0.25	165.195	-0.0190476
-0.25	-27.8945	-0.0190476
-0.25	117.038	-0.0190476
-0.25	145.411	-0.0190476
-0.25	-159.127	-0.0190476
-0.25	178.014	-0.0190476
-0.25	-0.48281	-0.0190476
-0.25	115.033	-0.0190476
-0.25	-163.813	-0.0190476
-0.25	50.4041	-0.0190476
-0.25	86.1823	-0.0190476
-0.25	81.1818	-0.0190476
-0.25	62.7091	-0.0190476
-0.25	-26.0749	-0.0190476
-0.25	153.588	-0.0190476
-0.25	-171.325	-0.0190476
-0.25	26.6407	-0.0190476
-0.25	-59.9554	-0.0190476
-0.25	51.3083	-0.0190476
-0.25	-117.897	-0.0190476
-0.25	4.47315	-0.0190476
-0.25	-159.798	-0.0190476
-0.25	-152.474	-0.0190476
-0.25	89.3482	-0.0190476
-0.25	76.2963	-0.0190476
-0.25	0.157393	-0.0190476
-0.25	9.26239	-0.0190476
-0.25	-5.4096	-0.0190476
-0.25	93.122	-0.0190476
-0.25	29.5677	-0.0190476
-0.25	-60.1246	-0.0190476
-0.25	100.055	-0.0190476
-0.25	32.3593	-0.0190476
-0.25	78.7449	-0.0190476
-0.25	-29.354	-0.0190476
-0.25	169.896	-0.0190476
-0.25	-171.86	-0.0190476
-0.25	14.0653	-0.0190476
-0.25	-6.40421	-0.0190476
-0.25	-148.735	-0.0190476
-0.25	153.304	-0.0190476
-0.25	163.075	-0.0190476
-0.25	-168.097	-0.0190476
-0.25	129.279	-0.0190476
-0.25	1.82228	-0.0190476
-0.25	-91.7139	-0.0190476
-0.25	48.5289	-0.0190476
-0.25	-98.0516	-0.0190476
-0.25	38.1555	-0.0190476
-0.25	4.80059	-0.0190476
-0.25	-80.8753	-0.0190476
-0.25	156.287	-0.0190476
-0.25	112.381	-0.0190476
-0.25	-75.8263	-0.0190476
-0.25	-93.2002	-0.0190476
-0.25	55.2046	-0.0190476
-0.25	-40.6496	-0.0190476
-0.25	127.677	-0.0190476
-0.25	137.965	-0.0190476
-0.25	125.677	-0.0190476
-0.25	0.446826	-0.0190476
-0.25	148.23	-0.0190476
-0.25	-45.2585	-0.0190476
-0.25	-62.0077	-0.0190476
-0.25	-130.589	-0.0190476
-0.25	166.58	-0.0190476
-0.25	-20.7319	-0.0190476
-0.25	-67.9708	-0.0190476
-0.25	-66.6837	-0.0190476
-0.25	-70.626	-0.0190476
-0.25	-23.8104	-0.0190476
-0.25	-85.061	-0.0190476
-0.25	23.303	-0.0190476
-0.25	147.72	-0.0190476
-0.25	112.76	-0.0190476
-0.25	177.351	-0.0190476
-0.25	-99.5791	-0.0190476
-0.25	-18.1072	-0.0190476
-0.25	169.469	-0.0190476
-0.25	13.3349	-0.0190476
-0.25	98.0088	-0.0190476
-0.25	-46.5174	-0.0190476
-0.25	115.37	-0.0190476
-0.25	100.414	-0.0190476
-0.25	166.274	-0.0190476
-0.25	173.834	-0.0190476
-0.25	103.27	-0.0190476
-0.25	-33.2231	-0.0190476
-0.25	9.49109	-0.0190476
-0.25	144.186	-0.0190476
-0.25	-114.851	-0.0190476
-0.25	-122.735	-0.0190476
-0.25	-63.3957	-0.0190476
-0.25	-67.6277	-0.0190476
-0.25	152.109	-0.0190476
-0.25	-86.8665	-0.0190476
-0.25	-24.2854	-0.0190476
-0.25	-1.39927	-0.0190476
-0.25	-34.2249	-0.0190476
-0.25	52.8218	-0.0190476
-0.25	45.0998	-0.0190476
-0.25	-12.477	-0.0190476
-0.25	158.684	-0.0190476
-0.25	-0.804738	-0.0190476
-0.25	168.233	-0.0190476
-0.25	122.785	-0.0190476
-0.25	38.3104	-0.0190476
-0.25	156.586	-0.0190476
-0.25	-80.7167	-0.0190476
-0.25	-108.971	-0.0190476
-0.25	138.676	-0.0190476
-0.25	165.312	-0.0190476
-0.25	144.142	-0.0190476
-0.25	-88.421	-0.0190476
-0.25	-146.459	-0.0190476
-0.25	113.729	-0.0190476
-0.25	-48.4208	-0.0190476
-0.25	139.727	-0.0190476
-0.25	109.899	-0.0190476
-0.25	155.241	-0.0190476
-0.25	-14.7327	-0.0190476
-0.25	71.2144	-0.0190476
-0.25	144.013	-0.0190476
-0.25	-141.18	-0.0190476
-0.25	-7.06149	-0.0190476
-0.25	40.044	-0.0190476
-0.25	-118.11	-0.0190476
-0.25	-64.5716	-0.0190476
-0.25	-41.114	-0.0190476
-0.25	-34.7336	-0.0190476
-0.25	-120.142	-0.0190476
-0.25	128.329	-0.0190476
-0.25	97.0505	-0.0190476
-0.25	61.0295	-0.0190476
-0.25	-96.3756	-0.0190476
-0.25	-37.7068	-0.0190476
-0.25	107.323	-0.0190476
-0.25	-111.275	-0.0190476
-0.25	106.218	-0.0190476
-0.25	108.885	-0.0190476
-0.25	131.042	-0.0190476
-0.25	-70.9878	-0.0190476
-0.25	21.1396	-0.0190476
-0.25	-17.6685	-0.0190476
-0.25	21.0065	-0.0190476
-0.25	81.7344	-0.0190476
-0.25	143.052	-0.0190476
-0.25	67.6009	-0.0190476
-0.25	121.863	-0.0190476
-0.25	5.13742	-0.0190476
-0.25	133.892	-0.0190476
-0.25	174.683	-0.0190476
-0.25	-9.7098	-0.0190476
-0.25	141.46	-0.0190476
-0.25	-74.5151	-0.0190476
-0.25	-52.2457	-0.0190476
-0.25	-10.6514	-0.0190476
-0.25	130.205	-0.0190476
-0.25	-118.068	-0.0190476
-0.25	-120.805	-0.0190476
0.3	-38.993	1
0.3	-38.7152	1
0.3	179.156	1
0.3	-110.088	1
0.3	147.566	1
0.3	-16.1529	1
0.3	11.9696	1
0.3	177.633	1
0.3	-64.8256	1
0.3	13.1956	1
0.3	5.90206	1
0.3	-30.482	1
0.3	-108.979	1
0.3	136.624	1
0.3	-50.572	1
0.3	174.954	1
0.3	153.356	1
0.3	-22.3059	1
0.3	165.093	1
0.3	89.8878	1
0.3	16.7783	1
0.3	108.568	1
0.3	138.066	1
0.3	-3.69279	1
0.3	-132.42	1
0.3	152.933	1
0.3	-129.839	1
0.3	-145.191	1
0.3	-36.2679	1
0.3	-39.0917	1
0.3	80.6829	1
0.3	-152.499	1
0.3	-126.183	1
0.3	-179.155	1
0.3	78.5905	1
0.3	58.2944	1
0.3	156.526	1
0.3	-142.172	1
0.3	-84.8981	1
0.3	-123.15	1
0.3	-73.81	1
0.3	-19.0557	1
0.3	-176.726	1
0.3	91.7655	1
0.3	125.577	1
0.3	114.427	1
0.3	-7.0387	1
0.3	-17.1828	1
0.3	-63.1523	1
0.3	-9.60345	1
0.3	75.4974	1
0.3	-123.916	1
0.3	-61.0946	1
0.3	-131.667	1
0.3	-104.018	1
0.3	-117.018	1
0.3	-158.847	1
0.3	82.8966	1
0.3	-165.633	1
0.3	22.1778	1
0.3	40.223	1
0.3	172.482	1
0.3	-73.1167	1
0.3	-62.9402	1
0.3	149.637	1
0.3	-46.4446	1
0.3	34.218	1
0.3	8.69073	1
0.3	-116.086	1
0.3	-51.3259	1
0.3	106.589	1
0.3	39.0913	1
0.3	-99.1127	1
0.3	-161.625	1
0.3	120.12	1
0.3	156.643	1
0.3	-56.6842	1
0.3	-128.845	1
0.3	-57.5117	1
0.3	-136.923	1
0.3	-73.2114	1
0.3	-78.3973	1
0.3	-52.8212	1
0.3	178.133	1
0.3	12.8958	1
0.3	-40.905	1
0.3	-13.2423	1
0.3	111.405	1
0.3	116.857	1
0.3	11.682	1
0.3	107.007	1
0.3	40.1788	1
0.3	-0.581887	1
0.3	-125.979	1
0.3	10.5509	1
0.3	151.769	1
0.3	58.9	1
0.3	-53.695	1
0.3	-146.384	1
0.3	-116.149	1
0.3	-42.828	1
0.3	150.578	1
0.3	141.626	1
0.3	-129.116	1
0.3	-77.0727	1
0.3	24.3455	1
0.3	-115.911	1
0.3	-81.5501	1
0.3	70.1481	1
0.3	7.16908	1
0.3	-24.6445	1
0.3	-4.9024	1
0.3	-13.1967	1
0.3	144.8	1
0.3	-44.5389	1
0.3	-138.513	1
0.3	-161.791	1
0.3	-36.8645	1
0.3	-119.044	1
0.3	18.6438	1
0.3	-45.1882	1
0.3	-175.231	1
0.3	16.8748	1
0.3	147.375	1
0.3	53.4916	1
0.3	-121.134	1
0.3	-5.99812	1
0.3	34.1844	1
0.3	-66.7614	1
0.3	48.8183	1
0.3	62.1115	1
0.3	111.705	1
0.3	170.623	1
0.3	134.534	1
0.3	7.44432	1
0.3	-124.171	1
0.3	86.7267	1
0.3	-34.04	1
0.3	-66.3151	1
0.3	-90.4118	1
0.3	83.9408	1
0.3	-105.403	1
0.3	-130.012	1
0.3	-56.1214	-0.047619
0.3	-108.713	-0.047619
0.3	75.2359	-0.047619
0.3	62.9804	-0.047619
0.3	66.5222	-0.047619
0.3	104.016	-0.047619
0.3	93.1961	-0.047619
0.3	27.9138	-0.047619
0.3	7.35267	-0.047619
0.3	-116.484	-0.047619
0.3	165.794	-0.047619
0.3	78.1018	-0.047619
0.3	161.347	-0.047619
0.3	-55.67	-0.047619
0.3	118.241	-0.047619
0.3	-84.8318	-0.047619
0.3	104.585	-0.047619
0.3	131.607	-0.047619
0.3	-12.8656	-0.047619
0.3	-80.7708	-0.047619
0.3	105.293	-0.047619
0.3	99.2364	-0.047619
0.3	-68.6621	-0.047619
0.3	95.6155	-0.047619
0.3	-131.575	-0.047619
0.3	14.6028	-0.047619
0.3	138.865	-0.047619
0.3	-173.884	-0.047619
0.3	112.51	-0.047619
0.3	-97.965	-0.047619
0.3	43.6552	-0.047619
0.3	18.1214	-0.047619
0.3	76.8684	-0.047619
0.3	-169.362	-0.047619
0.3	-160.191	-0.047619
0.3	59.7524	-0.047619
0.3	120.04	-0.047619
0.3	-150.746	-0.047619
0.3	-112.927	-0.047619
0.3	75.1211	-0.047619
0.3	176.947	-0.047619
0.3	-32.225	-0.047619
0.3	133.094	-0.047619
0.3	91.9827	-0.047619
0.3	-63.3251	-0.047619
0.3	16.7836	-0.047619
0.3	-157.892	-0.047619
0.3	-80.0143	-0.047619
0.3	18.3045	-0.047619
0.3	-135.328	-0.047619
0.3	101.519	-0.047619
0.3	-38.3892	-0.047619
0.3	-45.8988	-0.047619
0.3	4.47874	-0.047619
0.3	44.4397	-0.047619
0.3	-2.29248	-0.047619
0.3	72.5123	-0.047619
0.3	-153.181	-0.047619
0.3	-31.7269	-0.047619
0.3	-76.1453	-0.047619
0.3	11.0659	-0.047619
0.3	-103.876	-0.047619
0.3	142.993	-0.047619
0.3	141.961	-0.047619
0.3	23.5001	-0.047619
0.3	33.0575	-0.047619
0.3	145.992	-0.047619
0.3	-171.493	-0.047619
0.3	74.7366	-0.047619
0.3	67.2059	-0.047619
0.3	121.514	-0.047619
0.3	-11.5266	-0.047619
0.3	16.597	-0.047619
0.3	-71.7395	-0.047619
0.3	97.8752	-0.047619
0.3	23.7096	-0.047619
0.3	112.137	-0.047619
0.3	-23.5867	-0.047619
0.3	-47.4207	-0.047619
0.3	-0.436785	-0.047619
0.3	-78.4993	-0.047619
0.3	22.8754	-0.047619
0.3	20.6073	-0.047619
0.3	26.2608	-0.047619
0.3	128.144	-0.047619
0.3	-5.57477	-0.047619
0.3	-117.779	-0.047619
0.3	-153.06	-0.047619
0.3	56.3216	-0.047619
0.3	155.308	-0.047619
0.3	-163.384	-0.047619
0.3	-114.405	-0.047619
0.3	-156.212	-0.047619
0.3	-10.9322	-0.047619
0.3	-119.994	-0.047619
0.3	4.20618	-0.047619
0.3	-28.323	-0.047619
0.3	128.588	-0.047619
0.3	179.755	-0.047619
0.3	-178.374	-0.047619
0.3	94.9574	-0.047619
0.3	-54.0148	-0.047619
0.3	178.784	-0.047619
0.3	166.354	-0.047619
0.3	-83.0135	-0.047619
0.3	-175.17	-0.047619
0.3	-101.007	-0.047619
0.3	-137.088	-0.047619
0.3	-148.83	-0.047619
0.3	-134.074	-0.047619
0.3	37.6296	-0.047619
0.3	104.287	-0.047619
0.3	-16.5233	-0.047619
0.3	-42.1625	-0.047619
0.3	53.3419	-0.047619
0.3	-114.118	-0.047619
0.3	120.317	-0.047619
0.3	6.2421	-0.047619
0.3	-141.833	-0.047619
0.3	110.21	-0.047619
0.3	-2.3592	-0.047619
0.3	8.79572	-0.047619
0.3	83.2868	-0.047619
0.3	31.0297	-0.047619
0.3	2.78823	-0.047619
0.3	14.8542	-0.047619
0.3	-78.0414	-0.047619
0.3	-162.235	-0.047619
0.3	-107.619	-0.047619
0.3	-37.1664	-0.047619
0.3	55.8401	-0.047619
0.3	53.4241	-0.047619
0.3	-79.859	-0.047619
0.3	-60.5688	-0.047619
0.3	23.2973	-0.047619
0.3	-115.86	-0.047619
0.3	-79.0727	-0.047619
0.3	-32.8429	-0.047619
0.3	-116.981	-0.047619
0.3	-144.674	-0.047619
0.3	-30.8745	-0.047619
0.3	53.9535	-0.047619
0.3	-152.949	-0.047619
0.3	170.548	-0.047619
0.3	-124.84	-0.047619
0.3	-32.6431	-0.047619
0.3	-173.708	-0.047619
0.3	66.2121	-0.047619
0.3	108.075	-0.047619
0.3	146.063	-0.047619
0.3	-32.4525	-0.047619
-0.25	159.398	1
-0.25	133.8	1
-0.25	135.887	1
-0.25	76.4448	1
-0.25	-91.7509	1
-0.25	19.2161	1
-0.25	-28.9413	1
-0.25	66.2377	1
-0.25	-108.835	1
-0.25	44.743	1
-0.25	88.3496	1
-0.25	-45.5188	1
-0.25	-39.2214	1
-0.25	136.323	1
-0.25	119.036	1
-0.25	83.9962	1
-0.25	19.6615	1
-0.25	-129.631	1
-0.25	18.4539	1
-0.25	134.096	1
-0.25	146.009	1
-0.25	-114.989	1
-0.25	-124.551	1
-0.25	-33.0001	1
-0.25	-87.6335	1
-0.25	-82.336	1
-0.25	46.1564	1
-0.25	154.058	1
-0.25	17.1905	1
-0.25	-162.395	1
-0.25	-136.014	1
-0.25	104.934	1
-0.25	61.2942	1
-0.25	-23.2749	1
-0.25	55.9742	1
-0.25	-27.0825	1
-0.25	-2.45969	1
-0.25	-178.165	1
-0.25	168.747	1
-0.25	75.3447	1
-0.25	140.795	1
-0.25	-45.2141	1
-0.25	-128.163	1
-0.25	-15.7802	1
-0.25	-116.789	1
-0.25	55.6983	1
-0.25	79.782	1
-0.25	69.5363	1
-0.25	61.6073	1
-0.25	128.641	1
-0.25	168.623	1
-0.25	87.3335	1
-0.25	-9.46629	1
-0.25	-85.0439	1
-0.25	26.9935	1
-0.25	146.652	1
-0.25	46.475	1
-0.25	-85.2651	1
-0.25	26.3067	1
-0.25	-11.853	1
-0.25	52.325	1
-0.25	172.33	1
-0.25	-21.2382	1
-0.25	122.738	1
-0.25	91.8583	1
-0.25	151.634	1
-0.25	-138.142	1
-0.25	-79.2447	1
-0.25	-143.228	1
-0.25	-165.94	1
-0.25	-165.2	1
-0.25	50.9704	1
-0.25	41.9789	1
-0.25	141.828	1
-0.25	90.1457	1
-0.25	-15.6889	1
-0.25	41.591	1
-0.25	-168.544	1
-0.25	178.25	1
-0.25	70.7304	1
-0.25	-87.7818	1
-0.25	-130.862	1
-0.25	159.455	1
-0.25	-68.5684	1
-0.25	-155.042	1
-0.25	-134.682	1
-0.25	-59.0219	1
-0.25	50.412	1
-0.25	20.2459	1
-0.25	51.0823	1
-0.25	151.759	1
-0.25	-81.9587	1
-0.25	53.5747	1
-0.25	-134.329	1
-0.25	-174.441	1
-0.25	-124.274	1
-0.25	35.3324	1
-0.25	-97.9536	1
-0.25	-49.4155	1
-0.25	178.039	1
-0.25	-140.826	1
-0.25	-136.378	1
-0.25	-106.921	1
-0.25	-21.9119	1
-0.25	122.622	1
-0.25	10.3568	1
-0.25	107.085	1
-0.25	50.3494	1
-0.25	33.742	1
-0.25	-54.1383	1
-0.25	-130.558	1
-0.25	121.286	1
-0.25	-85.2767	1
-0.25	97.8871	1
-0.25	-140.689	-0.047619
-0.25	-65.6512	-0.047619
-0.25	94.9909	-0.047619
-0.25	2.31201	-0.047619
-0.25	3.51114	-0.047619
-0.25	13.2958	-0.047619
-0.25	-167.562	-0.047619
-0.25	44.3953	-0.047619
-0.25	174.077	-0.047619
-0.25	-72.6212	-0.047619
-0.25	65.552	-0.047619
-0.25	148.461	-0.047619
-0.25	-173.162	-0.047619
-0.25	-13.6111	-0.047619
-0.25	92.4507	-0.047619
-0.25	-176.259	-0.047619
-0.25	99.6166	-0.047619
-0.25	14.1533	-0.047619
-0.25	-174.552	-0.047619
-0.25	-51.5881	-0.047619
-0.25	164.594	-0.047619
-0.25	-41.8887	-0.047619
-0.25	73.4325	-0.047619
-0.25	-85.1221	-0.047619
-0.25	-60.9139	-0.047619
-0.25	178.407	-0.047619
-0.25	105.278	-0.047619
-0.25	-176.576	-0.047619
-0.25	-30.3531	-0.047619
-0.25	-70.331	-0.047619
-0.25	-78.1637	-0.047619
-0.25	158.188	-0.047619
-0.25	-38.7214	-0.047619
-0.25	-81.08	-0.047619
-0.25	-155.374	-0.047619
-0.25	-66.9587	-0.047619
-0.25	-11.5179	-0.047619
-0.25	52.3514	-0.047619
-0.25	44.949	-0.047619
-0.25	1.95244	-0.047619
-0.25	79.9848	-0.047619
-0.25	10.4007	-0.047619
-0.25	155.306	-0.047619
-0.25	-165.58	-0.047619
-0.25	27.2878	-0.047619
-0.25	-173.955	-0.047619
-0.25	141.822	-0.047619
-0.25	-10.6867	-0.047619
-0.25	137.007	-0.047619
-0.25	21.2655	-0.047619
-0.25	44.6499	-0.047619
-0.25	164.823	-0.047619
-0.25	-3.54441	-0.047619
-0.25	99.5003	-0.047619
-0.25	27.5117	-0.047619
-0.25	170.839	-0.047619
-0.25	16.1438	-0.047619
-0.25	0.69762	-0.047619
-0.25	-19.5592	-0.047619
-0.25	171.729	-0.047619
-0.25	-69.2042	-0.047619
-0.25	-10.1931	-0.047619
-0.25	73.337	-0.047619
-0.25	4.6804	-0.047619
-0.25	-15.2327	-0.047619
-0.25	-128	-0.047619
-0.25	41.2901	-0.047619
-0.25	-125.266	-0.047619
-0.25	86.9875	-0.047619
-0.25	-169.647	-0.047619
-0.25	-11.3087	-0.047619
-0.25	139.498	-0.047619
-0.25	-147.223	-0.047619
-0.25	156.888	-0.047619
-0.25	65.9856	-0.047619
-0.25	-67.2764	-0.047619
-0.25	19.803	-0.047619
-0.25	140.385	-0.047619
-0.25	102.82	-0.047619
-0.25	155.993	-0.047619
-0.25	-61.7798	-0.047619
-0.25	49.151	-0.047619
-0.25	150.454	-0.047619
-0.25	-44.5568	-0.047619
-0.25	143.983	-0.047619
-0.25	164.908	-0.047619
-0.25	-97.7005	-0.047619
-0.25	110.856	-0.047619
-0.25	154.107	-0.047619
-0.25	-53.1568	-0.047619
-0.25	111.136	-0.047619
-0.25	169.591	-0.047619
-0.25	-113.001	-0.047619
-0.25	129.07	-0.047619
-0.25	71.7826	-0.047619
-0.25	112.626	-0.047619
-0.25	28.4272	-0.047619
-0.25	-179.871	-0.047619
-0.25	-15.3918	-0.047619
-0.25	149.086	-0.047619
-0.25	26.9154	-0.047619
-0.25	11.7569	-0.047619
-0.25	-62.9678	-0.047619
-0.25	-168.071	-0.047619
-0.25	111.879	-0.047619
-0.25	-88.6518	-0.047619
-0.25	-11.6798	-0.047619
-0.25	-127.721	-0.047619
-0.25	29.8993	-0.047619
-0.25	16.5524	-0.047619
-0.25	94.9346	-0.047619
-0.25	160.841	-0.047619
-0.25	33.0179	-0.047619
-0.25	-96.536	-0.047619
-0.25	-22.9147	-0.047619
-0.25	-95.1967	-0.047619
-0.25	122.771	-0.047619
-0.25	79.0115	-0.047619
-0.25	-122.42	-0.047619
-0.25	55.822	-0.047619
-0.25	-107.688	-0.047619
0.3	87.4794	1
0.3	-175.654	1
0.3	8.38291	1
0.3	108.104	1
0.3	174.587	1
0.3	-66.402	1
0.3	-61.2851	1
0.3	151.784	1
0.3	90.4178	1
0.3	148.473	1
0.3	128.664	1
0.3	178.911	1
0.3	132.867	1
0.3	-110.783	1
0.3	-162.872	1
0.3	27.2	1
0.3	122.272	1
0.3	-40.0844	1
0.3	-166.152	1
0.3	-138.546	1
0.3	156.81	1
0.3	82.6359	1
0.3	-76.795	1
0.3	-172.958	1
0.3	39.1466	1
0.3	-82.4731	1
0.3	-156.135	1
0.3	47.8458	1
0.3	-77.273	1
0.3	69.8061	1
0.3	178.285	1
0.3	-32.6926	1
0.3	-73.2359	1
0.3	-94.8515	1
0.3	168.09	1
0.3	-33.7522	1
0.3	8.86413	1
0.3	-135.53	1
0.3	-172.165	1
0.3	-51.0158	1
0.3	62.0448	1
0.3	81.4806	1
0.3	-158.16	1
0.3	172.236	1
0.3	-46.1816	1
0.3	123.599	1
0.3	82.0355	1
0.3	165.685	1
0.3	-36.2947	1
0.3	-91.889	1
0.3	49.8757	1
0.3	152.329	1
0.3	-130.178	1
0.3	-160.62	1
0.3	-25.2351	1
0.3	144.444	1
0.3	-125.64	1
0.3	-129.073	1
0.3	-40.3803	1
0.3	-15.8238	1
0.3	143.043	1
0.3	48.1565	1
0.3	-155.363	1
0.3	-65.174	1
0.3	-18.2806	1
0.3	111.684	1
0.3	86.7458	1
0.3	-63.6479	1
0.3	-96.1566	1
0.3	-26.2464	1
0.3	31.8398	1
0.3	-69.1615	1
0.3	104.66	1
0.3	-25.8595	1
0.3	96.8789	1
0.3	132.461	1
0.3	-28.9194	1
0.3	-1.68875	1
0.3	-1.81416	1
0.3	-113.685	1
0.3	78.1118	1
0.3	-21.8665	1
0.3	-13.376	1
0.3	10.5888	1
0.3	-35.9441	1
0.3	10.8236	1
0.3	7.39675	1
0.3	-125.766	1
0.3	-48.6269	1
0.3	71.0425	1
0.3	-16.6231	1
0.3	164.031	1
0.3	-122.993	1
0.3	163.063	1
0.3	90.7289	1
0.3	-179.387	1
0.3	138.83	1
0.3	-75.4993	1
0.3	61.2799	1
0.3	-95.5275	1
0.3	130.267	1
0.3	-139.903	1
0.3	36.8447	1
0.3	-165.586	1
0.3	-164.903	1
0.3	-178.87	1
0.3	159.736	1
0.3	-31.2789	1
0.3	-154.235	1
0.3	-45.2968	1
0.3	-79.0781	1
0.3	-45.7573	1
0.3	145.789	1
0.3	-101.974	1
0.3	-126.165	1
0.3	-57.1108	1
0.3	135.897	1
0.3	-154.239	1
0.3	132.521	1
0.3	112.682	1
0.3	154.571	1
0.3	27.4629	1
0.3	-50.5025	1
0.3	15.8305	1
0.3	-111.847	1
0.3	-165.157	1
0.3	-95.2754	1
0.3	-35.6234	1
0.3	122.232	1
0.3	77.3798	1
0.3	29.1944	1
0.3	-48.2317	1
0.3	125.876	1
0.3	-44.3687	1
0.3	-145.189	1
0.3	-95.1886	1
0.3	-140.359	1
0.3	-168.82	1
0.3	-162.145	1
0.3	-106.588	1
0.3	164.376	1
0.3	-138.557	1
0.3	132.507	1
0.3	-140.98	-0.0666667
0.3	-1.96317	-0.0666667
0.3	40.2632	-0.0666667
0.3	35.8036	-0.0666667
0.3	126.561	-0.0666667
0.3	38.6633	-0.0666667
0.3	159.422	-0.0666667
0.3	107.737	-0.0666667
0.3	0.214779	-0.0666667
0.3	142.685	-0.0666667
0.3	-94.6288	-0.0666667
0.3	-138.592	-0.0666667
0.3	107.446	-0.0666667
0.3	-120.919	-0.0666667
0.3	-144.4	-0.0666667
0.3	37.6995	-0.0666667
0.3	19.7967	-0.0666667
0.3	161.363	-0.0666667
0.3	168.247	-0.0666667
0.3	-161.281	-0.0666667
0.3	-90.1815	-0.0666667
0.3	-152.454	-0.0666667
0.3	-11.0366	-0.0666667
0.3	110.622	-0.0666667
0.3	63.8242	-0.0666667
0.3	-70.4787	-0.0666667
0.3	11.3371	-0.0666667
0.3	30.2368	-0.0666667
0.3	-125.915	-0.0666667
0.3	19.9299	-0.0666667
0.3	-133.842	-0.0666667
0.3	-26.4223	-0.0666667
0.3	169.918	-0.0666667
0.3	-60.3004	-0.0666667
0.3	-177.523	-0.0666667
0.3	46.3942	-0.0666667
0.3	113.521	-0.0666667
0.3	132.424	-0.0666667
0.3	-145.272	-0.0666667
0.3	-15.0481	-0.0666667
0.3	-94.6345	-0.0666667
0.3	121.377	-0.0666667
0.3	-142.934	-0.0666667
0.3	-140.845	-0.0666667
0.3	169.096	-0.0666667
0.3	-33.056	-0.0666667
0.3	-179.353	-0.0666667
0.3	-142.714	-0.0666667
0.3	175.285	-0.0666667
0.3	165.072	-0.0666667
0.3	4.51855	-0.0666667
0.3	-122.225	-0.0666667
0.3	-3.49471	-0.0666667
0.3	-21.2319	-0.0666667
0.3	-90.2503	-0.0666667
0.3	-121.532	-0.0666667
0.3	26.8547	-0.0666667
0.3	104.56	-0.0666667
0.3	154.789	-0.0666667
0.3	25.0865	-0.0666667
0.3	-111.425	-0.0666667
0.3	50.4302	-0.0666667
0.3	110.5	-0.0666667
0.3	85.2505	-0.0666667
0.3	178.819	-0.0666667
0.3	-52.6495	-0.0666667
0.3	-147.375	-0.0666667
0.3	-129.88	-0.0666667
0.3	-95.1977	-0.0666667
0.3	165.59	-0.0666667
0.3	174.401	-0.0666667
0.3	166.109	-0.0666667
0.3	34.6477	-0.0666667
0.3	-51.187	-0.0666667
0.3	-177.832	-0.0666667
0.3	39.6837	-0.0666667
0.3	-12.1268	-0.0666667
0.3	105.909	-0.0666667
0.3	24.0432	-0.0666667
0.3	-131.268	-0.0666667
0.3	-94.3368	-0.0666667
0.3	-22.9873	-0.0666667
0.3	-155.027	-0.0666667
0.3	-32.8619	-0.0666667
0.3	167.332	-0.0666667
0.3	4.33467	-0.0666667
0.3	106.871	-0.0666667
0.3	53.7051	-0.0666667
0.3	-103.958	-0.0666667
0.3	-146.673	-0.0666667
0.3	148.148	-0.0666667
0.3	104.349	-0.0666667
0.3	-52.3201	-0.0666667
0.3	154.753	-0.0666667
0.3	-145.523	-0.0666667
0.3	-99.6277	-0.0666667
0.3	-58.2748	-0.0666667
0.3	-122.121	-0.0666667
0.3	130.513	-0.0666667
0.3	-54.2744	-0.0666667
0.3	-129.232	-0.0666667
0.3	-76.9783	-0.0666667
0.3	-108.263	-0.0666667
0.3	19.8632	-0.0666667
0.3	-7.4775	-0.0666667
0.3	66.6689	-0.0666667
0.3	131.092	-0.0666667
-0.25	-106.424	1
-0.25	-30.6867	1
-0.25	-41.5904	1
-0.25	102.096	1
-0.25	-110.131	1
-0.25	33.0041	1
-0.25	57.1573	1
-0.25	-162.231	1
-0.25	-157.856	1
-0.25	-147.954	1
-0.25	174.145	1
-0.25	-133.311	1
-0.25	89.5942	1
-0.25	-168.68	1
-0.25	-44.08	1
-0.25	-168.805	1
-0.25	12.7847	1
-0.25	-96.8633	1
-0.25	-171.349	1
-0.25	-32.0789	1
-0.25	125.579	1
-0.25	-106.152	1
-0.25	142.266	1
-0.25	-97.1051	1
-0.25	-28.8459	1
-0.25	35.8878	1
-0.25	-170.655	1
-0.25	-120.89	1
-0.25	-107.708	1
-0.25	51.2075	1
-0.25	-77.7035	1
-0.25	-39.9882	1
-0.25	103.201	1
-0.25	-33.1691	1
-0.25	163.767	1
-0.25	-162.807	1
-0.25	-148.769	1
-0.25	179.72	1
-0.25	177.054	1
-0.25	71.0428	1
-0.25	-63.1748	1
-0.25	67.0562	1
-0.25	-8.97075	1
-0.25	14.9362	1
-0.25	123.547	1
-0.25	123.439	1
-0.25	-167.662	1
-0.25	31.3408	1
-0.25	-12.8584	1
-0.25	107.23	1
-0.25	-123.136	1
-0.25	154.896	1
-0.25	16.6821	1
-0.25	-91.1026	1
-0.25	114.639	1
-0.25	88.3328	1
-0.25	170.892	1
-0.25	-166.307	1
-0.25	-121.709	1
-0.25	-127.812	1
-0.25	-7.66174	1
-0.25	-63.2326	1
-0.25	-25.6441	1
-0.25	-154.631	1
-0.25	-93.5606	1
-0.25	-31.8458	1
-0.25	-38.3856	1
-0.25	-143.742	1
-0.25	-46.9416	1
-0.25	-109.822	1
-0.25	169.022	1
-0.25	93.7536	1
-0.25	-18.8203	1
-0.25	98.7935	1
-0.25	1.08274	1
-0.25	89.5802	1
-0.25	-21.3759	1
-0.25	91.451	1
-0.25	-145.651	1
-0.25	10.6521	1
-0.25	143.781	1
-0.25	-73.1164	1
-0.25	-24.4022	1
-0.25	-30.9678	1
-0.25	-28.5242	1
-0.25	76.8164	1
-0.25	-98.3797	1
-0.25	-51.5183	1
-0.25	15.2319	1
-0.25	-154.598	1
-0.25	-113.812	1
-0.25	96.4038	1
-0.25	85.103	1
-0.25	-146.242	1
-0.25	-108.243	1
-0.25	-174.928	1
-0.25	-71.362	1
-0.25	-4.55732	1
-0.25	-125.586	1
-0.25	-175.696	1
-0.25	148.418	1
-0.25	-176.879	1
-0.25	131.278	1
-0.25	58.069	1
-0.25	77.2718	1
-0.25	51.9333	1
-0.25	157.261	1
-0.25	-28.4171	1
-0.25	115.605	1
-0.25	159.612	1
-0.25	-96.6085	1
-0.25	33.7021	1
-0.25	-156.35	1
-0.25	-172.449	1
-0.25	11.4138	-0.0666667
-0.25	29.8961	-0.0666667
-0.25	-36.8664	-0.0666667
-0.25	-140.508	-0.0666667
-0.25	83.2438	-0.0666667
-0.25	-97.2624	-0.0666667
-0.25	-50.6964	-0.0666667
-0.25	177.338	-0.0666667
-0.25	14.6553	-0.0666667
-0.25	177.689	-0.0666667
-0.25	-67.2211	-0.0666667
-0.25	-96.6744	-0.0666667
-0.25	-34.8766	-0.0666667
-0.25	-70.8416	-0.0666667
-0.25	76.3954	-0.0666667
-0.25	-165.014	-0.0666667
-0.25	80.3598	-0.0666667
-0.25	-80.2964	-0.0666667
-0.25	-93.9178	-0.0666667
-0.25	0.0652344	-0.0666667
-0.25	-90.616	-0.0666667
-0.25	162.364	-0.0666667
-0.25	40.1331	-0.0666667
-0.25	-168.126	-0.0666667
-0.25	-68.8141	-0.0666667
-0.25	103.49	-0.0666667
-0.25	119.135	-0.0666667
-0.25	92.718	-0.0666667
-0.25	-86.8783	-0.0666667
-0.25	15.9704	-0.0666667
-0.25	-143.116	-0.0666667
-0.25	-48.2934	-0.0666667
-0.25	43.0865	-0.0666667
-0.25	139.661	-0.0666667
-0.25	-64.5162	-0.0666667
-0.25	-49.3592	-0.0666667
-0.25	166.264	-0.0666667
-0.25	23.622	-0.0666667
-0.25	-167.714	-0.0666667
-0.25	41.9212	-0.0666667
-0.25	90.4176	-0.0666667
-0.25	-45.2188	-0.0666667
-0.25	55.0204	-0.0666667
-0.25	-140.485	-0.0666667
-0.25	-22.8232	-0.0666667
-0.25	-51.9649	-0.0666667
-0.25	-135.756	-0.0666667
-0.25	-20.5906	-0.0666667
-0.25	-49.2313	-0.0666667
-0.25	-177.293	-0.0666667
-0.25	140.055	-0.0666667
-0.25	85.6369	-0.0666667
-0.25	-161.334	-0.0666667
-0.25	-42.1198	-0.0666667
-0.25	113.642	-0.0666667
-0.25	8.97205	-0.0666667
-0.25	33.596	-0.0666667
-0.25	51.535	-0.0666667
-0.25	-31.5986	-0.0666667
-0.25	35.8903	-0.0666667
-0.25	-125.277	-0.0666667
-0.25	-58.3399	-0.0666667
-0.25	-10.113	-0.0666667
-0.25	-10.2169	-0.0666667
-0.25	73.4228	-0.0666667
-0.25	-65.746	-0.0666667
-0.25	33.0501	-0.0666667
-0.25	-108.572	-0.0666667
-0.25	-55.2471	-0.0666667
-0.25	-160.598	-0.0666667
-0.25	-46.4261	-0.0666667
-0.25	-92.5282	-0.0666667
-0.25	87.0013	-0.0666667
-0.25	149.215	-0.0666667
-0.25	111.404	-0.0666667
-0.25	-107.202	-0.0666667
-0.25	-141.305	-0.0666667
-0.25	164.677	-0.0666667
-0.25	-17.5478	-0.0666667
-0.25	24.5259	-0.0666667
-0.25	-105.941	-0.0666667
-0.25	23.878	-0.0666667
-0.25	64.37	-0.0666667
-0.25	18.5277	-0.0666667
-0.25	-132.948	-0.0666667
-0.25	-166.92	-0.0666667
0.3	122.976	1
0.3	178.764	1
0.3	121.736	1
0.3	-70.196	1
0.3	-73.5305	1
0.3	117.093	1
0.3	-95.1359	1
0.3	-115.416	1
0.3	123.387	1
0.3	-40.2994	1
0.3	9.74789	1
0.3	107.568	1
0.3	-34.5798	1
0.3	161.248	1
0.3	119.567	1
0.3	27.8594	1
0.3	-111.934	1
0.3	34.0234	1
0.3	79.8913	1
0.3	172.679	1
0.3	155.378	1
0.3	10.0673	1
0.3	-21.5553	1
0.3	-8.68275	1
0.3	137.322	1
0.3	11.2328	1
0.3	82.15	1
0.3	109.286	1
0.3	-45.7584	1
0.3	1.52315	1
0.3	172.559	1
0.3	-33.7566	1
0.3	-147.496	1
0.3	-71.723	1
0.3	5.7303	1
0.3	49.6845	1
0.3	176.914	1
0.3	-57.9732	1
0.3	-159.006	1
0.3	-36.1744	1
0.3	98.0758	1
0.3	-141.498	1
0.3	87.7172	1
0.3	-172.909	1
0.3	-106.912	1
0.3	-2.53423	1
0.3	-141.963	1
0.3	-148.367	1
0.3	-175.006	1
0.3	83.9509	1
0.3	131.268	1
0.3	110.855	1
0.3	-62.6192	1
0.3	107.803	1
0.3	6.63139	1
0.3	-31.8478	1
0.3	133.828	1
0.3	-170.706	1
0.3	-49.0568	1
0.3	63.28	1
0.3	-139.198	1
0.3	154.914	1
0.3	-69.4779	1
0.3	8.22456	1
0.3	-153.753	1
0.3	-87.6881	1
0.3	-56.9011	1
0.3	-91.9714	1
0.3	-8.73394	1
0.3	-75.6003	1
0.3	136.274	1
0.3	-11.7369	1
0.3	-148.29	1
0.3	16.2832	1
0.3	52.5344	1
0.3	88.1315	1
0.3	139.402	1
0.3	-79.4053	1
0.3	116.751	1
0.3	-21.0949	1
0.3	-98.6738	1
0.3	-10.8756	1
0.3	7.76061	1
0.3	-57.0878	1
0.3	1.54707	1
0.3	94.8461	1
0.3	-65.0084	1
0.3	54.2939	1
0.3	122.341	1
0.3	-98.7617	1
0.3	163.576	1
0.3	64.043	1
0.3	78.3351	1
0.3	171.244	1
0.3	136.183	1
0.3	-147.765	1
0.3	-103.064	1
0.3	3.3781	1
0.3	-32.1825	1
0.3	140.191	1
0.3	67.1959	1
0.3	-86.1865	1
0.3	-105.311	1
0.3	51.6571	1
0.3	133.194	1
0.3	-85.1283	1
0.3	-72.8925	1
0.3	-109.365	1
0.3	143.343	1
0.3	176.062	1
0.3	75.2538	1
0.3	-165.014	1
0.3	11.0207	1
0.3	-13.0739	1
0.3	36.6809	1
0.3	100.803	1
0.3	175.748	1
0.3	-177.783	1
0.3	-9.22289	1
0.3	45.5273	1
0.3	-23.9148	1
0.3	-89.6132	1
0.3	-79.7739	1
0.3	-56.2363	1
0.3	161.824	1
0.3	73.7525	1
0.3	42.8792	1
0.3	110.392	1
0.3	-119.94	1
0.3	-70.7468	1
0.3	-4.0115	1
0.3	-94.8141	1
0.3	147.568	1
0.3	-68.9442	1
0.3	-55.9886	1
0.3	173.084	1
0.3	-109.43	1
0.3	10.1995	1
0.3	-111.356	1
0.3	37.8214	1
0.3	160.248	1
0.3	-75.2493	1
0.3	-131.323	1
0.3	82.8419	-0.0285714
0.3	-4.31113	-0.0285714
0.3	128.36	-0.0285714
0.3	-93.148	-0.0285714
0.3	-109.417	-0.0285714
0.3	-133.544	-0.0285714
0.3	92.345	-0.0285714
0.3	-78.2955	-0.0285714
0.3	131.798	-0.0285714
0.3	-147.71	-0.0285714
0.3	-77.4906	-0.0285714
0.3	55.0564	-0.0285714
0.3	-110.511	-0.0285714
0.3	-120.936	-0.0285714
0.3	-132.352	-0.0285714
0.3	-88.5055	-0.0285714
0.3	80.6047	-0.0285714
0.3	88.5623	-0.0285714
0.3	-60.1635	-0.0285714
0.3	-168.582	-0.0285714
0.3	-138.22	-0.0285714
0.3	2.41941	-0.0285714
0.3	66.363	-0.0285714
0.3	24.8833	-0.0285714
0.3	29.6534	-0.0285714
0.3	4.15185	-0.0285714
0.3	-140.231	-0.0285714
0.3	-94.1168	-0.0285714
0.3	65.0703	-0.0285714
0.3	-150.127	-0.0285714
0.3	-79.0349	-0.0285714
0.3	-83.0363	-0.0285714
0.3	-148.063	-0.0285714
0.3	-92.7714	-0.0285714
0.3	64.3839	-0.0285714
0.3	-58.4128	-0.0285714
0.3	68.5713	-0.0285714
0.3	-22.1627	-0.0285714
0.3	135.275	-0.0285714
0.3	8.35166	-0.0285714
0.3	138.183	-0.0285714
0.3	-116.871	-0.0285714
0.3	-85.823	-0.0285714
0.3	-24.4547	-0.0285714
0.3	-118.808	-0.0285714
0.3	-32.4813	-0.0285714
0.3	157.819	-0.0285714
0.3	53.724	-0.0285714
0.3	4.99725	-0.0285714
0.3	42.7612	-0.0285714
0.3	-69.4592	-0.0285714
0.3	-30.2378	-0.0285714
0.3	38.1639	-0.0285714
0.3	-144.928	-0.0285714
0.3	-59.8158	-0.0285714
0.3	56.7843	-0.0285714
0.3	-32.1571	-0.0285714
0.3	-172.591	-0.0285714
0.3	-48.5698	-0.0285714
0.3	88.9647	-0.0285714
0.3	-17.6471	-0.0285714
0.3	46.5683	-0.0285714
0.3	59.0406	-0.0285714
0.3	96.709	-0.0285714
0.3	-153.146	-0.0285714
0.3	-88.4501	-0.0285714
0.3	23.8744	-0.0285714
0.3	-157.972	-0.0285714
0.3	175.428	-0.0285714
0.3	54.1733	-0.0285714
0.3	-141.956	-0.0285714
0.3	-123.264	-0.0285714
0.3	44.7937	-0.0285714
0.3	-150.046	-0.0285714
0.3	-165.752	-0.0285714
0.3	-129.387	-0.0285714
0.3	-85.3791	-0.0285714
0.3	72.1759	-0.0285714
0.3	97.0909	-0.0285714
0.3	-154.042	-0.0285714
0.3	-145.246	-0.0285714
0.3	-0.933939	-0.0285714
0.3	-35.2906	-0.0285714
0.3	9.6503	-0.0285714
0.3	-171.33	-0.0285714
0.3	60.6162	-0.0285714
0.3	-26.4865	-0.0285714
0.3	-161.486	-0.0285714
0.3	-99.056	-0.0285714
0.3	16.9023	-0.0285714
0.3	-174.6	-0.0285714
0.3	19.2816	-0.0285714
0.3	76.7057	-0.0285714
0.3	140.648	-0.0285714
0.3	-127.092	-0.0285714
0.3	10.5817	-0.0285714
0.3	-113.741	-0.0285714
0.3	53.0327	-0.0285714
0.3	29.6741	-0.0285714
0.3	100.481	-0.0285714
0.3	133.53	-0.0285714
0.3	-19.7271	-0.0285714
0.3	108.997	-0.0285714
0.3	-95.8118	-0.0285714
0.3	-108.979	-0.0285714
0.3	-84.7117	-0.0285714
0.3	126.989	-0.0285714
0.3	-101.183	-0.0285714
0.3	11.3126	-0.0285714
0.3	-163.559	-0.0285714
0.3	103.494	-0.0285714
0.3	44.4323	-0.0285714
0.3	54.5291	-0.0285714
0.3	-17.764	-0.0285714
0.3	161.08	-0.0285714
0.3	-156.813	-0.0285714
0.3	126.009	-0.0285714
0.3	104.169	-0.0285714
0.3	-81.1078	-0.0285714
0.3	-113.161	-0.0285714
0.3	-167.848	-0.0285714
0.3	46.9703	-0.0285714
0.3	-127.531	-0.0285714
0.3	164.442	-0.0285714
0.3	26.6603	-0.0285714
0.3	35.4828	-0.0285714
0.3	59.4669	-0.0285714
0.3	-122.006	-0.0285714
0.3	-57.9159	-0.0285714
0.3	4.96542	-0.0285714
0.3	-175.124	-0.0285714
0.3	-10.552	-0.0285714
0.3	-146.666	-0.0285714
0.3	46.7388	-0.0285714
0.3	-107.783	-0.0285714
0.3	-59.6218	-0.0285714
0.3	-13.7933	-0.0285714
0.3	-86.7958	-0.0285714
0.3	153.044	-0.0285714
0.3	40.8073	-0.0285714
0.3	-129.87	-0.0285714
0.3	109.622	-0.0285714
0.3	-93.5679	-0.0285714
0.3	-22.1184	-0.0285714
0.3	-170.955	-0.0285714
0.3	-102.428	-0.0285714
0.3	-89.0095	-0.0285714
0.3	-58.6072	-0.0285714
0.3	-115.515	-0.0285714
0.3	177.137	-0.0285714
0.3	-148.961	-0.0285714
0.3	-64.9996	-0.0285714
0.3	-149.698	-0.0285714
0.3	39.7735	-0.0285714
0.3	-11.8025	-0.0285714
0.3	-61.7192	-0.0285714
0.3	16.5857	-0.0285714
0.3	-109.318	-0.0285714
0.3	-32.0345	-0.0285714
0.3	43.5379	-0.0285714
0.3	-48.5834	-0.0285714
0.3	-59.7896	-0.0285714
0.3	62.1178	-0.0285714
0.3	45.031	-0.0285714
0.3	19.6921	-0.0285714
0.3	12.4256	-0.0285714
0.3	-150.249	-0.0285714
0.3	150.632	-0.0285714
0.3	-73.6361	-0.0285714
0.3	-166.431	-0.0285714
0.3	-120.169	-0.0285714
0.3	34.3873	-0.0285714
0.3	38.6308	-0.0285714
0.3	-2.87914	-0.0285714
0.3	134.032	-0.0285714
0.3	27.2786	-0.0285714
0.3	40.321	-0.0285714
0.3	-107.44	-0.0285714
0.3	56.7489	-0.0285714
0.3	7.55068	-0.0285714
0.3	-76.8005	-0.0285714
0.3	-142.008	-0.0285714
0.3	-30.9029	-0.0285714
0.3	-16.9835	-0.0285714
0.3	99.599	-0.0285714
0.3	-61.7159	-0.0285714
0.3	5.98187	-0.0285714
0.3	20.528	-0.0285714
0.3	16.5257	-0.0285714
0.3	-164.752	-0.0285714
0.3	158.532	-0.0285714
0.3	119.858	-0.0285714
0.3	-128.63	-0.0285714
0.3	117.262	-0.0285714
0.3	4.6134	-0.0285714
0.3	106.407	-0.0285714
0.3	-62.4672	-0.0285714
0.3	153.509	-0.0285714
0.3	-3.29703	-0.0285714
0.3	-139.539	-0.0285714
0.3	50.4351	-0.0285714
0.3	94.9342	-0.0285714
0.3	116.329	-0.0285714
0.3	-140.33	-0.0285714
0.3	-24.3491	-0.0285714
0.3	29.3437	-0.0285714
0.3	89.9803	-0.0285714
0.3	-143.853	-0.0285714
0.3	128.937	-0.0285714
0.3	14.2482	-0.0285714
0.3	-123.085	-0.0285714
0.3	-121.219	-0.0285714
0.3	-57.06	-0.0285714
0.3	-104.734	-0.0285714
0.3	-179.773	-0.0285714
0.3	7.39039	-0.0285714
0.3	-3.875	-0.0285714
0.3	53.7119	-0.0285714
0.3	169.698	-0.0285714
0.3	73.1931	-0.0285714
0.3	-143.72	-0.0285714
0.3	8.23052	-0.0285714
0.3	-84.0763	-0.0285714
0.3	141.936	-0.0285714
0.3	66.0113	-0.0285714
0.3	-121.864	-0.0285714
0.3	113.849	-0.0285714
0.3	144.697	-0.0285714
0.3	-1.30657	-0.0285714
0.3	-93.8728	-0.0285714
0.3	102.327	-0.0285714
0.3	140.437	-0.0285714
0.3	-22.0977	-0.0285714
0.3	-111.637	-0.0285714
0.3	-177.93	-0.0285714
0.3	23.0759	-0.0285714
0.3	-67.8248	-0.0285714
0.3	-117.823	-0.0285714
0.3	-125.261	-0.0285714
0.3	-148.779	-0.0285714
0.3	23.185	-0.0285714
0.3	114.006	-0.0285714
0.3	-2.67397	-0.0285714
0.3	25.6161	-0.0285714
0.3	-101.972	-0.0285714
0.3	-71.6841	-0.0285714
0.3	-149.841	-0.0285714
0.3	10.7164	-0.0285714
0.3	138.971	-0.0285714
0.3	46.101	-0.0285714
0.3	111.205	-0.0285714
-0.25	-21.729	1
-0.25	-84.588	1
-0.25	88.7666	1
-0.25	165.379	1
-0.25	-173.132	1
-0.25	87.8216	1
-0.25	-37.0957	1
-0.25	-137.155	1
-0.25	155.69	1
-0.25	150.726	1
-0.25	50.4109	1
-0.25	-85.9324	1
-0.25	-18.1621	1
-0.25	-112.51	1
-0.25	155.402	1
-0.25	163.551	1
-0.25	-22.1387	1
-0.25	11.964	1
-0.25	71.0553	1
-0.25	81.6185	1
-0.25	-179.441	1
-0.25	119.375	1
-0.25	95.8636	1
-0.25	140.652	1
-0.25	92.8653	1
-0.25	-134.986	1
-0.25	77.0859	1
-0.25	-51.907	1
-0.25	108.231	1
-0.25	92.036	1
-0.25	-167.7	1
-0.25	71.816	1
-0.25	12.7625	1
-0.25	-164.682	1
-0.25	122.199	1
-0.25	-171.607	1
-0.25	-72.8412	1
-0.25	133.943	1
-0.25	-147.935	1
-0.25	75.4029	1
-0.25	172.485	1
-0.25	-93.2048	1
-0.25	117.769	1
-0.25	46.9359	1
-0.25	-64.4829	1
-0.25	-43.8259	1
-0.25	48.6727	1
-0.25	-73.8281	1
-0.25	-105.573	1
-0.25	71.0089	1
-0.25	-16.1586	1
-0.25	54.6808	1
-0.25	-30.2044	1
-0.25	94.773	1
-0.25	79.0954	1
-0.25	166.587	1
-0.25	-102.447	1
-0.25	29.451	1
-0.25	90.6556	1
-0.25	108.024	1
-0.25	87.6369	1
-0.25	-37.8229	1
-0.25	-91.956	1
-0.25	9.36318	1
-0.25	-82.5689	1
-0.25	-113.804	1
-0.25	133.311	1
-0.25	-13.0327	1
-0.25	-175.617	1
-0.25	97.8317	1
-0.25	100.516	1
-0.25	136.865	1
-0.25	23.8561	1
-0.25	6.65352	1
-0.25	-171.073	1
-0.25	87.5846	1
-0.25	-106.515	1
-0.25	175.929	1
-0.25	173.161	1
-0.25	-5.07929	1
-0.25	155.513	1
-0.25	-33.8807	1
-0.25	59.1582	1
-0.25	-67.5136	1
-0.25	11.4166	1
-0.25	-176.368	1
-0.25	78.7524	1
-0.25	89.5185	1
-0.25	89.1044	1
-0.25	76.4758	1
-0.25	-142.003	1
-0.25	140.148	1
-0.25	-82.8659	1
-0.25	71.9434	1
-0.25	-167.596	1
-0.25	13.7798	1
-0.25	-34.5402	1
-0.25	-39.7515	1
-0.25	-163.461	1
-0.25	-53.0137	1
-0.25	9.89805	1
-0.25	-47.6364	1
-0.25	-75.5685	1
-0.25	-1.3835	1
-0.25	124.787	1
-0.25	175.058	1
-0.25	2.70267	1
-0.25	13.8012	1
-0.25	4.63181	1
-0.25	105.966	1
-0.25	30.9236	1
-0.25	-21.1538	1
-0.25	166.808	1
-0.25	158.424	1
-0.25	179.275	-0.0285714
-0.25	-108.909	-0.0285714
-0.25	-31.1511	-0.0285714
-0.25	-3.00916	-0.0285714
-0.25	-9.31528	-0.0285714
-0.25	-56.5309	-0.0285714
-0.25	7.95408	-0.0285714
-0.25	-106.281	-0.0285714
-0.25	109.212	-0.0285714
-0.25	-64.0613	-0.0285714
-0.25	-152.393	-0.0285714
-0.25	-99.4809	-0.0285714
-0.25	154.816	-0.0285714
-0.25	73.3503	-0.0285714
-0.25	72.8354	-0.0285714
-0.25	-60.3498	-0.0285714
-0.25	-36.7123	-0.0285714
-0.25	165.679	-0.0285714
-0.25	128.182	-0.0285714
-0.25	27.662	-0.0285714
-0.25	-174.41	-0.0285714
-0.25	-61.3598	-0.0285714
-0.25	76.6268	-0.0285714
-0.25	-133.855	-0.0285714
-0.25	19.32	-0.0285714
-0.25	-16.2874	-0.0285714
-0.25	-83.3891	-0.0285714
-0.25	-71.9282	-0.0285714
-0.25	-52.5051	-0.0285714
-0.25	148.321	-0.0285714
-0.25	-137.609	-0.0285714
-0.25	14.8477	-0.0285714
-0.25	12.9213	-0.0285714
-0.25	-94.3513	-0.0285714
-0.25	12.9421	-0.0285714
-0.25	162.96	-0.0285714
-0.25	163.496	-0.0285714
-0.25	-161.867	-0.0285714
-0.25	-123.083	-0.0285714
-0.25	42.9224	-0.0285714
-0.25	12.1751	-0.0285714
-0.25	87.0496	-0.0285714
-0.25	-50.2954	-0.0285714
-0.25	152.413	-0.0285714
-0.25	-56.4068	-0.0285714
-0.25	-128.266	-0.0285714
-0.25	-133.471	-0.0285714
-0.25	153.742	-0.0285714
-0.25	-11.3963	-0.0285714
-0.25	155.535	-0.0285714
-0.25	147.082	-0.0285714
-0.25	-145.5	-0.0285714
-0.25	-88.2391	-0.0285714
-0.25	-65.5365	-0.0285714
-0.25	-51.9278	-0.0285714
-0.25	-92.805	-0.0285714
-0.25	-78.049	-0.0285714
-0.25	-1.42981	-0.0285714
-0.25	-136.608	-0.0285714
-0.25	4.34257	-0.0285714
-0.25	134.856	-0.0285714
-0.25	82.907	-0.0285714
-0.25	-86.0865	-0.0285714
-0.25	114.052	-0.0285714
-0.25	25.9834	-0.0285714
-0.25	-95.6867	-0.0285714
-0.25	-22.503	-0.0285714
-0.25	75.5805	-0.0285714
-0.25	5.40546	-0.0285714
-0.25	-18.8126	-0.0285714
-0.25	-101.752	-0.0285714
-0.25	-70.1007	-0.0285714
-0.25	158.43	-0.0285714
-0.25	109.45	-0.0285714
-0.25	141.095	-0.0285714
-0.25	-135.226	-0.0285714
-0.25	106.9	-0.0285714
-0.25	-31.2197	-0.0285714
-0.25	111.699	-0.0285714
-0.25	-70.3249	-0.0285714
-0.25	-100.393	-0.0285714
-0.25	-25.392	-0.0285714
-0.25	39.2439	-0.0285714
-0.25	-75.1156	-0.0285714
-0.25	-174.927	-0.0285714
-0.25	54.549	-0.0285714
-0.25	5.83324	-0.0285714
-0.25	179.826	-0.0285714
-0.25	-56.9875	-0.0285714
-0.25	-26.8225	-0.0285714
-0.25	137.67	-0.0285714
-0.25	152.032	-0.0285714
-0.25	-118.255	-0.0285714
-0.25	14.6759	-0.0285714
-0.25	-179.245	-0.0285714
-0.25	161.144	-0.0285714
-0.25	151.374	-0.0285714
-0.25	-13.7277	-0.0285714
-0.25	61.7646	-0.0285714
-0.25	108.703	-0.0285714
-0.25	0.455063	-0.0285714
-0.25	-177.332	-0.0285714
-0.25	-111.869	-0.0285714
-0.25	9.47489	-0.0285714
-0.25	-134.406	-0.0285714
-0.25	72.5969	-0.0285714
-0.25	25.4381	-0.0285714
-0.25	160.518	-0.0285714
-0.25	26.1666	-0.0285714
-0.25	-152.652	-0.0285714
-0.25	174.708	-0.0285714
-0.25	-63.2977	-0.0285714
-0.25	71.0813	-0.0285714
-0.25	31.5138	-0.0285714
-0.25	-32.427	-0.0285714
-0.25	100.309	-0.0285714
-0.25	49.744	-0.0285714
-0.25	35.7492	-0.0285714
-0.25	99.5095	-0.0285714
-0.25	144.422	-0.0285714
-0.25	-66.3353	-0.0285714
-0.25	-33.7541	-0.0285714
-0.25	104.384	-0.0285714
-0.25	42.3871	-0.0285714
-0.25	120.985	-0.0285714
-0.25	-176.246	-0.0285714
-0.25	126.757	-0.0285714
-0.25	3.58614	-0.0285714
-0.25	132.793	-0.0285714
-0.25	19.4539	-0.0285714
-0.25	9.26083	-0.0285714
-0.25	34.6014	-0.0285714
-0.25	-101.523	-0.0285714
-0.25	-92.4819	-0.0285714
-0.25	159.425	-0.0285714
-0.25	87.5071	-0.0285714
-0.25	-16.3134	-0.0285714
-0.25	-5.98246	-0.0285714
-0.25	89.8554	-0.0285714
-0.25	-10.3113	-0.0285714
-0.25	29.2965	-0.0285714
-0.25	-14.0977	-0.0285714
-0.25	-6.39764	-0.0285714
-0.25	155.487	-0.0285714
-0.25	8.18155	-0.0285714
-0.25	-92.5292	-0.0285714
-0.25	101.343	-0.0285714
-0.25	136.46	-0.0285714
-0.25	140.218	-0.0285714
-0.25	-66.5258	-0.0285714
-0.25	-73.2904	-0.0285714
-0.25	-151.893	-0.0285714
-0.25	88.4469	-0.0285714
-0.25	53.6532	-0.0285714
-0.25	110.204	-0.0285714
-0.25	-179.068	-0.0285714
-0.25	78.047	-0.0285714
-0.25	-25.282	-0.0285714
-0.25	-57.0028	-0.0285714
-0.25	8.99091	-0.0285714
-0.25	-51.1623	-0.0285714
-0.25	-79.5256	-0.0285714
-0.25	-167.112	-0.0285714
-0.25	-101.579	-0.0285714
-0.25	-159.033	-0.0285714
-0.25	169.015	-0.0285714
-0.25	20.8463	-0.0285714
-0.25	-165.515	-0.0285714
-0.25	-43.8524	-0.0285714
-0.25	-105.839	-0.0285714
-0.25	-53.25	-0.0285714
-0.25	-173.746	-0.0285714
-0.25	-60.6843	-0.0285714
-0.25	-89.8054	-0.0285714
-0.25	-25.8618	-0.0285714
-0.25	108.818	-0.0285714
-0.25	-7.46318	-0.0285714
-0.25	25.7617	-0.0285714
-0.25	-94.6798	-0.0285714
-0.25	-88.3344	-0.0285714
-0.25	2.10504	-0.0285714
-0.25	-87.0436	-0.0285714
-0.25	14.3316	-0.0285714
-0.25	141.296	-0.0285714
-0.25	-86.5681	-0.0285714
-0.25	-110.929	-0.0285714
-0.25	66.9566	-0.0285714
-0.25	153.134	-0.0285714
-0.25	-63.0338	-0.0285714
-0.25	-148.65	-0.0285714
-0.25	-173.673	-0.0285714
-0.25	161.371	-0.0285714
-0.25	74.4709	-0.0285714
-0.25	-64.6846	-0.0285714
-0.25	164.539	-0.0285714
-0.25	-101.277	-0.0285714
-0.25	-47.5822	-0.0285714
-0.25	89.1465	-0.0285714
-0.25	-67.0202	-0.0285714
-0.25	96.9789	-0.0285714
-0.25	58.2745	-0.0285714
-0.25	-18.5873	-0.0285714
0.3	-65.7884	1
0.3	-116.791	1
0.3	51.4447	1
0.3	-39.6445	1
0.3	34.9582	1
0.3	4.33447	1
0.3	-167.325	1
0.3	162.505	1
0.3	67.7775	1
0.3	112.007	1
0.3	-61.2124	1
0.3	62.8806	1
0.3	55.2773	1
0.3	69.5488	1
0.3	-5.31728	1
0.3	-52.9658	1
0.3	-176.684	1
0.3	108.425	1
0.3	108.718	1
0.3	35.309	1
0.3	120.513	1
0.3	-132.488	1
0.3	169.777	1
0.3	113.669	1
0.3	115.531	1
0.3	-35.1183	1
0.3	-134.929	1
0.3	162.228	1
0.3	151.528	1
0.3	-54.4866	1
0.3	-18.1188	1
0.3	121.347	1
0.3	-23.3653	1
0.3	160.774	1
0.3	33.4054	1
0.3	111.136	1
0.3	-114.491	1
0.3	172.748	1
0.3	164.379	1
0.3	34.4056	1
0.3	176.795	1
0.3	65.717	1
0.3	102.791	1
0.3	-28.0736	1
0.3	119.706	1
0.3	52.5662	1
0.3	110.827	1
0.3	-127.486	1
0.3	-10.0395	1
0.3	-135.721	1
0.3	7.0411	1
0.3	67.0837	1
0.3	148.085	1
0.3	-15.1947	1
0.3	105.88	1
0.3	-42.48	1
0.3	18.0319	1
0.3	121.259	1
0.3	125.768	1
0.3	-162.409	1
0.3	-61.5745	1
0.3	79.7333	1
0.3	-142.71	1
0.3	79.9038	1
0.3	13.8126	1
0.3	144.701	1
0.3	-100.078	1
0.3	96.3766	1
0.3	-18.4932	1
0.3	-14.9675	1
0.3	-11.9881	1
0.3	133.787	1
0.3	-79.53	1
0.3	141.492	1
0.3	-139.246	1
0.3	-60.2236	1
0.3	132.318	1
0.3	49.7262	1
0.3	-5.33274	1
0.3	87.1569	1
0.3	33.4216	1
0.3	-144.373	1
0.3	65.4936	1
0.3	-176.458	1
0.3	-41.7982	1
0.3	177.303	1
0.3	171.831	1
0.3	-175.123	1
0.3	-113.875	1
0.3	-103.331	1
0.3	141.495	1
0.3	-41.3635	1
0.3	39.4986	1
0.3	-81.086	1
0.3	24.5822	1
0.3	157.327	1
0.3	88.7278	1
0.3	-150.37	1
0.3	-114.658	1
0.3	1.2518	1
0.3	97.2003	1
0.3	-154.231	1
0.3	-41.9825	1
0.3	-169.21	1
0.3	-106.009	1
0.3	-87.9093	1
0.3	110.559	1
0.3	-139.167	1
0.3	-48.8976	1
0.3	-165.59	1
0.3	139.058	1
0.3	27.0212	1
0.3	109.822	1
0.3	127.908	1
0.3	-33.2772	1
0.3	167.069	1
0.3	-140.618	1
0.3	-82.9623	1
0.3	-96.5424	1
0.3	-154.114	1
0.3	-140.325	1
0.3	-167.897	1
0.3	28.1703	1
0.3	-15.2817	1
0.3	170.91	1
0.3	149.498	1
0.3	-44.7429	1
0.3	-52.4065	1
0.3	-71.2452	1
0.3	-10.6347	1
0.3	-85.9983	1
0.3	109.578	1
0.3	150.517	1
0.3	54.2931	1
0.3	-113.534	1
0.3	-64.2261	1
0.3	167.148	1
0.3	-148.893	1
0.3	-18.3826	1
0.3	-78.1914	1
0.3	96.0438	1
0.3	-160.875	1
0.3	-126.051	1
0.3	170.537	-0.052381
0.3	116.781	-0.052381
0.3	-17.8859	-0.052381
0.3	-80.0806	-0.052381
0.3	-60.5397	-0.052381
0.3	-113.141	-0.052381
0.3	-145.396	-0.052381
0.3	160.866	-0.052381
0.3	71.3363	-0.052381
0.3	100.239	-0.052381
0.3	106.517	-0.052381
0.3	-8.12695	-0.052381
0.3	70.2987	-0.052381
0.3	44.0905	-0.052381
0.3	178.662	-0.052381
0.3	-151.496	-0.052381
0.3	30.6048	-0.052381
0.3	-62.3679	-0.052381
0.3	12.293	-0.052381
0.3	-131.189	-0.052381
0.3	112.953	-0.052381
0.3	-71.5642	-0.052381
0.3	-32.8805	-0.052381
0.3	-10.0032	-0.052381
0.3	-59.0785	-0.052381
0.3	-8.70721	-0.052381
0.3	-46.1934	-0.052381
0.3	85.8277	-0.052381
0.3	0.624832	-0.052381
0.3	153.219	-0.052381
0.3	-56.8259	-0.052381
0.3	16.7888	-0.052381
0.3	149.938	-0.052381
0.3	-92.2061	-0.052381
0.3	179.407	-0.052381
0.3	-113.886	-0.052381
0.3	164.097	-0.052381
0.3	-100.448	-0.052381
0.3	136.313	-0.052381
0.3	115.358	-0.052381
0.3	8.55919	-0.052381
0.3	-125.095	-0.052381
0.3	61.4121	-0.052381
0.3	32.4198	-0.052381
0.3	-42.6371	-0.052381
0.3	-15.4665	-0.052381
0.3	144.366	-0.052381
0.3	-170.061	-0.052381
0.3	-45.0729	-0.052381
0.3	-109.064	-0.052381
0.3	96.1993	-0.052381
0.3	-55.8889	-0.052381
0.3	54.0217	-0.052381
0.3	-53.7042	-0.052381
0.3	-13.9953	-0.052381
0.3	-56.1708	-0.052381
0.3	83.0465	-0.052381
0.3	-162.89	-0.052381
0.3	-48.3479	-0.052381
0.3	43.4863	-0.052381
0.3	-81.1356	-0.052381
0.3	-157.023	-0.052381
0.3	86.0147	-0.052381
0.3	149.337	-0.052381
0.3	-59.5105	-0.052381
0.3	82.6481	-0.052381
0.3	-71.6585	-0.052381
0.3	165.948	-0.052381
0.3	-19.8502	-0.052381
0.3	-151.844	-0.052381
0.3	37.6863	-0.052381
0.3	161.508	-0.052381
0.3	79.474	-0.052381
0.3	-33.8883	-0.052381
0.3	-7.70429	-0.052381
0.3	-99.6097	-0.052381
0.3	-30.4456	-0.052381
0.3	-140.742	-0.052381
0.3	131.335	-0.052381
0.3	176.207	-0.052381
0.3	-83.2556	-0.052381
0.3	148.494	-0.052381
0.3	-136.15	-0.052381
0.3	22.7305	-0.052381
0.3	-135.363	-0.052381
0.3	11.7575	-0.052381
0.3	-13.0013	-0.052381
0.3	94.5329	-0.052381
0.3	-145.59	-0.052381
0.3	32.5453	-0.052381
0.3	124.859	-0.052381
0.3	179.812	-0.052381
0.3	93.6487	-0.052381
0.3	174.171	-0.052381
0.3	-107.401	-0.052381
0.3	91.996	-0.052381
0.3	-75.7559	-0.052381
0.3	-97.5894	-0.052381
0.3	-18.7255	-0.052381
0.3	-88.4577	-0.052381
0.3	80.827	-0.052381
0.3	49.1625	-0.052381
0.3	45.9828	-0.052381
0.3	122.537	-0.052381
0.3	55.6519	-0.052381
0.3	26.4652	-0.052381
0.3	-118.569	-0.052381
0.3	-17.1955	-0.052381
0.3	53.0135	-0.052381
0.3	-103.477	-0.052381
0.3	-109.331	-0.052381
0.3	154.925	-0.052381
0.3	12.7542	-0.052381
0.3	84.2481	-0.052381
0.3	-56.3315	-0.052381
0.3	116.175	-0.052381
0.3	-98.1619	-0.052381
0.3	170.77	-0.052381
0.3	-20.622	-0.052381
0.3	-164.49	-0.052381
0.3	-154.779	-0.052381
0.3	92.7506	-0.052381
0.3	32.8697	-0.052381
0.3	-176.442	-0.052381
0.3	84.7354	-0.052381
0.3	32.5684	-0.052381
0.3	97.1268	-0.052381
0.3	54.8093	-0.052381
0.3	-170.668	-0.052381
0.3	-77.9715	-0.052381
0.3	92.0983	-0.052381
0.3	-18.1717	-0.052381
0.3	-161.384	-0.052381
0.3	47.9902	-0.052381
0.3	-41.1246	-0.052381
0.3	-44.8728	-0.052381
0.3	-23.6528	-0.052381
-0.25	133.624	1
-0.25	149.741	1
-0.25	-35.3095	1
-0.25	-165.917	1
-0.25	138.745	1
-0.25	-58.0813	1
-0.25	-96.0016	1
-0.25	93.0073	1
-0.25	-47.0182	1
-0.25	56.1123	1
-0.25	-137.898	1
-0.25	127.353	1
-0.25	-64.5121	1
-0.25	51.3296	1
-0.25	-106.872	1
-0.25	38.4478	1
-0.25	-155.571	1
-0.25	54.6914	1
-0.25	30.2253	1
-0.25	177.303	1
-0.25	149.894	1
-0.25	31.4561	1
-0.25	-32.9815	1
-0.25	138.507	1
-0.25	-20.0019	1
-0.25	99.5711	1
-0.25	68.3854	1
-0.25	-87.4737	1
-0.25	-130.038	1
-0.25	84.3068	1
-0.25	-132.956	1
-0.25	-40.3852	1
-0.25	-175.536	1
-0.25	114.886	1
-0.25	-12.139	1
-0.25	-25.7785	1
-0.25	59.7417	1
-0.25	147.985	1
-0.25	-141.229	1
-0.25	-176.387	1
-0.25	78.5371	1
-0.25	-124.872	1
-0.25	-65.4934	1
-0.25	-177.827	1
-0.25	-102.442	1
-0.25	-8.23613	1
-0.25	-121.064	1
-0.25	-22.6425	1
-0.25	175.695	1
-0.25	8.00824	1
-0.25	80.6696	1
-0.25	26.6443	1
-0.25	59.4121	1
-0.25	2.8683	1
-0.25	-17.1068	1
-0.25	-130.334	1
-0.25	90.1839	1
-0.25	-51.0886	1
-0.25	109.177	1
-0.25	8.9503	1
-0.25	85.6031	1
-0.25	-26.5633	1
-0.25	61.8509	1
-0.25	-137.819	1
-0.25	-87.2829	1
-0.25	58.9212	1
-0.25	13.7088	1
-0.25	-99.368	1
-0.25	145.847	1
-0.25	-85.2189	1
-0.25	-122.751	1
-0.25	64.6854	1
-0.25	-165.806	1
-0.25	51.3347	1
-0.25	-173.785	1
-0.25	-174.587	1
-0.25	-171.148	1
-0.25	130.595	1
-0.25	79.461	1
-0.25	18.7081	1
-0.25	52.4681	1
-0.25	158.362	1
-0.25	31.3828	1
-0.25	14.2693	1
-0.25	51.6261	1
-0.25	-114.395	1
-0.25	156.325	1
-0.25	-159.762	1
-0.25	37.3827	1
-0.25	-120.255	1
-0.25	-77.231	1
-0.25	-45.8932	1
-0.25	-28.7399	1
-0.25	-105.727	1
-0.25	-26.9252	1
-0.25	-20.3791	1
-0.25	132.939	1
-0.25	-23.3884	1
-0.25	44.5291	1
-0.25	88.6425	1
-0.25	-169.211	1
-0.25	57.5947	1
-0.25	61.0413	1
-0.25	13.6164	1
-0.25	-30.0766	1
-0.25	-177.214	1
-0.25	175.595	1
-0.25	41.9966	1
-0.25	133.171	1
-0.25	-63.9924	1
-0.25	-59.3758	1
-0.25	-107.849	1
-0.25	154.348	1
-0.25	-112.681	1
-0.25	-21.0514	-0.052381
-0.25	-141.884	-0.052381
-0.25	44.7471	-0.052381
-0.25	-80.1949	-0.052381
-0.25	161.775	-0.052381
-0.25	9.44232	-0.052381
-0.25	176.05	-0.052381
-0.25	-79.3791	-0.052381
-0.25	100.353	-0.052381
-0.25	71.3876	-0.052381
-0.25	148.958	-0.052381
-0.25	39.3917	-0.052381
-0.25	118.368	-0.052381
-0.25	-52.196	-0.052381
-0.25	-42.9168	-0.052381
-0.25	-22.7337	-0.052381
-0.25	-29.6721	-0.052381
-0.25	-114.985	-0.052381
-0.25	-128.944	-0.052381
-0.25	-12.8621	-0.052381
-0.25	-158.728	-0.052381
-0.25	-53.4443	-0.052381
-0.25	116.877	-0.052381
-0.25	-52.2517	-0.052381
-0.25	65.6594	-0.052381
-0.25	-97.1392	-0.052381
-0.25	-28.0872	-0.052381
-0.25	66.4165	-0.052381
-0.25	76.8898	-0.052381
-0.25	-1.30214	-0.052381
-0.25	45.3786	-0.052381
-0.25	-49.4217	-0.052381
-0.25	125.869	-0.052381
-0.25	-57.9378	-0.052381
-0.25	-40.8403	-0.052381
-0.25	173.266	-0.052381
-0.25	92.6937	-0.052381
-0.25	76.0363	-0.052381
-0.25	166.085	-0.052381
-0.25	-172.889	-0.052381
-0.25	101.767	-0.052381
-0.25	-140.885	-0.052381
-0.25	0.480468	-0.052381
-0.25	24.3902	-0.052381
-0.25	14.6707	-0.052381
-0.25	-170.101	-0.052381
-0.25	17.5969	-0.052381
-0.25	-62.8582	-0.052381
-0.25	-168.796	-0.052381
-0.25	36.8562	-0.052381
-0.25	96.0986	-0.052381
-0.25	-6.26156	-0.052381
-0.25	37.2338	-0.052381
-0.25	100.069	-0.052381
-0.25	-39.6821	-0.052381
-0.25	156.454	-0.052381
-0.25	33.2453	-0.052381
-0.25	7.76223	-0.052381
-0.25	-26.4038	-0.052381
-0.25	-1.71184	-0.052381
-0.25	98.0236	-0.052381
-0.25	-38.1396	-0.052381
-0.25	52.0267	-0.052381
-0.25	51.3853	-0.052381
-0.25	129.097	-0.052381
-0.25	8.37552	-0.052381
-0.25	-18.363	-0.052381
-0.25	-49.3436	-0.052381
-0.25	-43.2739	-0.052381
-0.25	45.3676	-0.052381
-0.25	-95.4889	-0.052381
-0.25	-78.3056	-0.052381
-0.25	-97.2344	-0.052381
-0.25	-164.114	-0.052381
-0.25	136.777	-0.052381
-0.25	93.6542	-0.052381
-0.25	-104.531	-0.052381
-0.25	-45.7465	-0.052381
-0.25	7.52771	-0.052381
-0.25	85.8406	-0.052381
-0.25	162.584	-0.052381
-0.25	-120.173	-0.052381
-0.25	137.889	-0.052381
-0.25	-78.4478	-0.052381
-0.25	-135.423	-0.052381
-0.25	-179.249	-0.052381
-0.25	-22.4249	-0.052381
-0.25	-93.351	-0.052381
-0.25	3.01108	-0.052381
-0.25	-115.702	-0.052381
-0.25	141.244	-0.052381
-0.25	-62.7962	-0.052381
-0.25	-27.2248	-0.052381
-0.25	-144.989	-0.052381
-0.25	43.1844	-0.052381
-0.25	68.8894	-0.052381
-0.25	179.527	-0.052381
-0.25	80.0798	-0.052381
-0.25	8.57491	-0.052381
-0.25	111.344	-0.052381
-0.25	-91.878	-0.052381
-0.25	14.0261	-0.052381
-0.25	148.116	-0.052381
-0.25	-126.077	-0.052381
-0.25	24.5388	-0.052381
-0.25	65.6773	-0.052381
-0.25	-44.2783	-0.052381
-0.25	45.3657	-0.052381
-0.25	-76.2472	-0.052381
-0.25	-40.8563	-0.052381
