pol.	phi	weight
0.3	36.991	1
0.3	-82.6937	1
0.3	-126.644	1
0.3	-138.749	1
0.3	-77.5536	1
0.3	-11.4302	1
0.3	40.6108	1
0.3	-23.9196	1
0.3	140.861	1
0.3	145.81	1
0.3	148.469	1
0.3	-112.823	1
0.3	-93.9008	1
0.3	81.014	1
0.3	-24.7625	1
0.3	-65.7526	1
0.3	-21.8222	1
0.3	65.5457	1
0.3	24.9392	1
0.3	117.225	1
0.3	-16.0889	1
0.3	123.089	1
0.3	-124.74	1
0.3	-11.8045	1
0.3	-171.892	1
0.3	41.0241	1
0.3	-108.83	1
0.3	131.275	1
0.3	97.0036	1
0.3	176.201	1
0.3	57.4084	1
0.3	109.412	1
0.3	157.269	1
0.3	7.26137	1
0.3	155.694	1
0.3	-26.8407	1
0.3	-112.331	1
0.3	-67.4772	1
0.3	112.05	1
0.3	-91.6603	1
0.3	124.043	1
0.3	74.8213	1
0.3	77.874	1
0.3	-60.8632	1
0.3	10.3906	1
0.3	111.704	1
0.3	-26.8441	1
0.3	107.579	1
0.3	36.7999	1
0.3	154.403	1
0.3	-175.325	1
0.3	-77.3038	1
0.3	-30.8728	1
0.3	64.1595	1
0.3	98.7771	1
0.3	-94.9223	1
0.3	-101.109	1
0.3	-57.0456	1
0.3	-141.222	1
0.3	41.7861	1
0.3	-31.6064	1
0.3	58.3766	1
0.3	-100.889	1
0.3	129.991	1
0.3	8.17684	1
0.3	-159.094	1
0.3	12.9814	1
0.3	161.28	1
0.3	132.528	1
0.3	-65.6659	1
0.3	139.317	1
0.3	-116.379	1
0.3	-120.758	1
0.3	-52.2268	1
0.3	-144.45	1
0.3	-30.436	1
0.3	-86.8248	1
0.3	27.0997	1
0.3	-177.973	1
0.3	39.8643	1
0.3	146.355	1
0.3	109.537	1
0.3	5.12748	1
0.3	24.7479	1
0.3	-42.9978	1
0.3	77.4342	1
0.3	29.832	1
0.3	-155.568	1
0.3	-18.0675	1
0.3	99.9003	1
0.3	58.6381	1
0.3	-31.9225	1
0.3	33.811	1
0.3	-31.8902	1
0.3	-6.38438	1
0.3	-173.066	1
0.3	-78.6605	1
0.3	-12.568	1
0.3	-97.58	1
0.3	-159.483	1
0.3	60.3074	1
0.3	69.043	1
0.3	103.966	1
0.3	-43.9527	1
0.3	56.1355	1
0.3	152.728	1
0.3	-52.6942	1
0.3	107.853	1
0.3	-136.562	1
0.3	-48.3765	1
0.3	66.1816	1
0.3	-97.9702	1
0.3	146.12	1
0.3	-29.8687	1
0.3	144.481	1
0.3	-102.673	1
0.3	-1.8961	1
0.3	-91.1056	1
0.3	-79.7398	1
0.3	27.2586	1
0.3	99.4564	1
0.3	20.9465	1
0.3	-167.372	1
0.3	72.2421	1
0.3	-10.5602	1
0.3	93.5597	1
0.3	12.2122	1
0.3	109.772	1
0.3	-177.802	1
0.3	91.6528	1
0.3	141.142	1
0.3	48.7064	1
0.3	77.3586	1
0.3	-31.5441	1
0.3	-110.119	1
0.3	-97.2501	1
0.3	-138.974	1
0.3	6.52596	1
0.3	167.02	1
0.3	-134.898	1
0.3	-130.553	1
0.3	6.16274	1
0.3	-176.374	1
0.3	-3.77818	-0.0714286
0.3	-161.456	-0.0714286
0.3	61.9974	-0.0714286
0.3	116.072	-0.0714286
0.3	-135.234	-0.0714286
0.3	-78.8464	-0.0714286
0.3	-70.4796	-0.0714286
0.3	105.433	-0.0714286
0.3	-14.9402	-0.0714286
0.3	-135.173	-0.0714286
0.3	-52.6124	-0.0714286
0.3	11.1954	-0.0714286
0.3	137.567	-0.0714286
0.3	148.93	-0.0714286
0.3	-124.466	-0.0714286
0.3	131.244	-0.0714286
0.3	-15.9473	-0.0714286
0.3	84.5254	-0.0714286
0.3	-20.9424	-0.0714286
0.3	74.8365	-0.0714286
0.3	107.135	-0.0714286
0.3	-57.2701	-0.0714286
0.3	71.0652	-0.0714286
0.3	119.737	-0.0714286
0.3	140.613	-0.0714286
0.3	105.481	-0.0714286
0.3	-130.134	-0.0714286
0.3	-142.293	-0.0714286
0.3	32.5741	-0.0714286
0.3	-165.644	-0.0714286
0.3	-175.858	-0.0714286
0.3	-7.2119	-0.0714286
0.3	-60.9392	-0.0714286
0.3	-179.098	-0.0714286
0.3	-118.823	-0.0714286
0.3	-85.8567	-0.0714286
0.3	40.5325	-0.0714286
0.3	49.0978	-0.0714286
0.3	157.826	-0.0714286
0.3	21.836	-0.0714286
0.3	28.8855	-0.0714286
0.3	-126.687	-0.0714286
0.3	-11.2402	-0.0714286
0.3	60.8396	-0.0714286
0.3	-178.883	-0.0714286
0.3	-58.1465	-0.0714286
0.3	-77.6176	-0.0714286
0.3	3.52953	-0.0714286
0.3	57.829	-0.0714286
0.3	-56.8665	-0.0714286
0.3	62.4189	-0.0714286
0.3	73.4629	-0.0714286
0.3	-91.5895	-0.0714286
0.3	41.0964	-0.0714286
0.3	-21.8395	-0.0714286
0.3	117.409	-0.0714286
0.3	-15.6039	-0.0714286
0.3	48.9546	-0.0714286
0.3	-81.4684	-0.0714286
0.3	-85.779	-0.0714286
0.3	-124.991	-0.0714286
0.3	26.8867	-0.0714286
0.3	127.43	-0.0714286
0.3	86.6158	-0.0714286
0.3	66.9016	-0.0714286
0.3	157.102	-0.0714286
0.3	87.6302	-0.0714286
0.3	31.8179	-0.0714286
0.3	-122.979	-0.0714286
0.3	-37.9983	-0.0714286
0.3	95.5454	-0.0714286
0.3	-43.0442	-0.0714286
0.3	-140.934	-0.0714286
0.3	133.282	-0.0714286
0.3	83.9349	-0.0714286
0.3	-19.0961	-0.0714286
0.3	79.9498	-0.0714286
0.3	-165.139	-0.0714286
0.3	60.5275	-0.0714286
0.3	25.7591	-0.0714286
0.3	-53.8755	-0.0714286
0.3	152.683	-0.0714286
0.3	163.071	-0.0714286
0.3	-112.584	-0.0714286
0.3	14.5347	-0.0714286
0.3	-71.2591	-0.0714286
0.3	-32.7933	-0.0714286
0.3	-161.331	-0.0714286
0.3	145.798	-0.0714286
0.3	18.86	-0.0714286
0.3	-48.378	-0.0714286
0.3	-57.3586	-0.0714286
0.3	-151.692	-0.0714286
0.3	-58.4092	-0.0714286
0.3	-9.61525	-0.0714286
0.3	-84.3648	-0.0714286
0.3	-3.84655	-0.0714286
0.3	-155.203	-0.0714286
0.3	60.6852	-0.0714286
0.3	-166.866	-0.0714286
-0.25	54.2133	1
-0.25	-4.34636	1
-0.25	-52.2348	1
-0.25	-155.159	1
-0.25	153.37	1
-0.25	103.895	1
-0.25	-150.393	1
-0.25	-152.625	1
-0.25	171.467	1
-0.25	179.594	1
-0.25	61.8922	1
-0.25	-42.8885	1
-0.25	151.118	1
-0.25	52.1779	1
-0.25	26.845	1
-0.25	57.3371	1
-0.25	-71.8996	1
-0.25	-39.6912	1
-0.25	-33.8061	1
-0.25	-84.7385	1
-0.25	-134.744	1
-0.25	65.6322	1
-0.25	-174.028	1
-0.25	-3.7122	1
-0.25	-144.724	1
-0.25	-87.4644	1
-0.25	-1.9794	1
-0.25	99.6558	1
-0.25	-177.08	1
-0.25	-28.5233	1
-0.25	49.7658	1
-0.25	4.46297	1
-0.25	-43.4177	1
-0.25	-172.303	1
-0.25	114.742	1
-0.25	-116.091	1
-0.25	88.8284	1
-0.25	-105.906	1
-0.25	157.613	1
-0.25	-97.4714	1
-0.25	-123.408	1
-0.25	110.316	1
-0.25	131.477	1
-0.25	-90.9031	1
-0.25	63.484	1
-0.25	88.1529	1
-0.25	-134.017	1
-0.25	-71.4994	1
-0.25	63.9526	1
-0.25	175.964	1
-0.25	126.585	1
-0.25	144.971	1
-0.25	90.2039	1
-0.25	-111.696	1
-0.25	-78.0819	1
-0.25	-51.9597	1
-0.25	-50.3558	1
-0.25	-151.701	1
-0.25	-116.244	1
-0.25	-144.884	1
-0.25	117.139	1
-0.25	-138.527	1
-0.25	36.2532	1
-0.25	82.04	1
-0.25	-78.0272	1
-0.25	-27.9278	1
-0.25	66.584	1
-0.25	33.4123	1
-0.25	-173.483	1
-0.25	57.2346	1
-0.25	74.3538	1
-0.25	-56.326	1
-0.25	-71.0504	1
-0.25	8.86723	1
-0.25	113.419	1
-0.25	-122.386	1
-0.25	-172.851	1
-0.25	88.3936	1
-0.25	1.26191	1
-0.25	149.097	1
-0.25	-87.2863	1
-0.25	62.6335	1
-0.25	-4.14583	1
-0.25	-120.01	1
-0.25	95.5026	1
-0.25	-148.835	1
-0.25	-58.5737	1
-0.25	41.9476	1
-0.25	-18.9937	1
-0.25	-117.784	1
-0.25	-80.4148	1
-0.25	86.9287	1
-0.25	1.91372	1
-0.25	-33.7738	1
-0.25	83.7212	1
-0.25	51.7452	1
-0.25	133.539	1
-0.25	120.331	1
-0.25	45.4353	1
-0.25	-172.098	1
-0.25	-72.6723	1
-0.25	-114.938	1
-0.25	107.275	1
-0.25	69.7206	1
-0.25	-75.4678	1
-0.25	142.991	1
-0.25	10.6728	1
-0.25	-177.999	1
-0.25	-79.4291	1
-0.25	-87.6885	1
-0.25	44.4169	1
-0.25	-23.817	1
-0.25	-145.406	-0.0714286
-0.25	-168.561	-0.0714286
-0.25	-6.21157	-0.0714286
-0.25	-2.77886	-0.0714286
-0.25	65.5634	-0.0714286
-0.25	-96.5793	-0.0714286
-0.25	-125.949	-0.0714286
-0.25	124.548	-0.0714286
-0.25	114.172	-0.0714286
-0.25	-42.8138	-0.0714286
-0.25	-70.9156	-0.0714286
-0.25	-8.20871	-0.0714286
-0.25	124.114	-0.0714286
-0.25	131.525	-0.0714286
-0.25	64.1783	-0.0714286
-0.25	-11.1234	-0.0714286
-0.25	177.602	-0.0714286
-0.25	90.1957	-0.0714286
-0.25	93.8585	-0.0714286
-0.25	-83.4642	-0.0714286
-0.25	-53.4235	-0.0714286
-0.25	-8.99545	-0.0714286
-0.25	-14.0361	-0.0714286
-0.25	-100.403	-0.0714286
-0.25	-2.15505	-0.0714286
-0.25	-1.15124	-0.0714286
-0.25	-118.143	-0.0714286
-0.25	113.492	-0.0714286
-0.25	-13.6738	-0.0714286
-0.25	75.3619	-0.0714286
-0.25	20.0999	-0.0714286
-0.25	-26.6193	-0.0714286
-0.25	61.8413	-0.0714286
-0.25	-106.928	-0.0714286
-0.25	-12.8404	-0.0714286
-0.25	110.251	-0.0714286
-0.25	-90.1673	-0.0714286
-0.25	124.396	-0.0714286
-0.25	-67.8366	-0.0714286
-0.25	-55.24	-0.0714286
-0.25	-98.0638	-0.0714286
-0.25	-50.8489	-0.0714286
-0.25	2.59318	-0.0714286
-0.25	143.724	-0.0714286
-0.25	-92.992	-0.0714286
-0.25	-116.53	-0.0714286
-0.25	-10.484	-0.0714286
-0.25	-4.42792	-0.0714286
-0.25	-51.5895	-0.0714286
-0.25	-112.203	-0.0714286
-0.25	19.342	-0.0714286
-0.25	154.462	-0.0714286
-0.25	99.0537	-0.0714286
-0.25	80.4708	-0.0714286
-0.25	-41.5408	-0.0714286
-0.25	48.5258	-0.0714286
-0.25	-91.8779	-0.0714286
-0.25	91.2062	-0.0714286
-0.25	44.3127	-0.0714286
-0.25	-50.5896	-0.0714286
-0.25	-136.147	-0.0714286
-0.25	-66.7569	-0.0714286
-0.25	102.292	-0.0714286
-0.25	-46.0187	-0.0714286
-0.25	127.91	-0.0714286
-0.25	82.7173	-0.0714286
-0.25	99.1361	-0.0714286
-0.25	-150.492	-0.0714286
-0.25	-153.464	-0.0714286
-0.25	-61.7407	-0.0714286
-0.25	-18.5805	-0.0714286
-0.25	31.761	-0.0714286
-0.25	162.27	-0.0714286
-0.25	164.406	-0.0714286
-0.25	133.577	-0.0714286
-0.25	-62.7055	-0.0714286
-0.25	-27.6809	-0.0714286
-0.25	156.256	-0.0714286
-0.25	-19.9778	-0.0714286
0.3	101.542	1
0.3	89.0874	1
0.3	169.481	1
0.3	120.86	1
0.3	-122.009	1
0.3	-146.92	1
0.3	-94.9872	1
0.3	60.6291	1
0.3	145.594	1
0.3	95.0997	1
0.3	16.9343	1
0.3	119.446	1
0.3	136.197	1
0.3	-2.73512	1
0.3	49.2798	1
0.3	-83.875	1
0.3	50.7133	1
0.3	9.84709	1
0.3	131.903	1
0.3	-81.8892	1
0.3	-48.6857	1
0.3	90.6993	1
0.3	-150.735	1
0.3	6.23377	1
0.3	-79.7418	1
0.3	33.1748	1
0.3	-177.133	1
0.3	-20.9449	1
0.3	-137.03	1
0.3	38.8754	1
0.3	-101.806	1
0.3	-21.6432	1
0.3	-163.224	1
0.3	98.1513	1
0.3	-75.8537	1
0.3	125.369	1
0.3	8.69823	1
0.3	-155.226	1
0.3	-19.4033	1
0.3	-86.0776	1
0.3	155.372	1
0.3	94.7256	1
0.3	-71.7312	1
0.3	49.9677	1
0.3	-81.8552	1
0.3	-56.5444	1
0.3	-131.216	1
0.3	92.9715	1
0.3	158.853	1
0.3	25.9144	1
0.3	93.1847	1
0.3	32.8968	1
0.3	94.7911	1
0.3	156.284	1
0.3	-143.039	1
0.3	178.372	1
0.3	7.42941	1
0.3	-67.8565	1
0.3	65.2978	1
0.3	132.151	1
0.3	92.1704	1
0.3	-65.0922	1
0.3	-81.8867	1
0.3	-11.2903	1
0.3	-107.29	1
0.3	-7.0439	1
0.3	-58.8913	1
0.3	109.384	1
0.3	154.652	1
0.3	-11.8797	1
0.3	-122.459	1
0.3	124.274	1
0.3	-159.973	1
0.3	111.641	1
0.3	116.091	1
0.3	176.932	1
0.3	-115.585	1
0.3	-18.5902	1
0.3	-17.8978	1
0.3	65.2868	1
0.3	65.1548	1
0.3	-98.1864	1
0.3	149.091	1
0.3	-103.947	1
0.3	10.3571	1
0.3	-123.457	1
0.3	-7.02233	1
0.3	-135.169	1
0.3	73.8471	1
0.3	-58.4643	1
0.3	163.748	1
0.3	160.656	1
0.3	-127.6	1
0.3	-25.9508	1
0.3	173.207	1
0.3	-85.7354	1
0.3	-3.53635	1
0.3	143.318	1
0.3	179.913	1
0.3	103.243	1
0.3	121.71	1
0.3	-121.517	1
0.3	-65.0357	1
0.3	35.7435	1
0.3	171.048	1
0.3	-68.7377	1
0.3	26.1648	1
0.3	-168.71	1
0.3	-176.138	1
0.3	-153.24	1
0.3	-47.2672	1
0.3	-115.147	1
0.3	-73.648	1
0.3	-45.7916	1
0.3	-23.0431	1
0.3	-135.168	1
0.3	-176.13	1
0.3	-48.448	1
0.3	-75.8113	1
0.3	13.5826	1
0.3	60.8059	1
0.3	17.618	1
0.3	53.4566	1
0.3	-120.679	1
0.3	6.96589	1
0.3	30.6745	1
0.3	-44.9053	1
0.3	-53.0752	1
0.3	-39.8399	1
0.3	-164.193	1
0.3	46.4674	1
0.3	64.9485	1
0.3	130.322	1
0.3	49.0909	1
0.3	-74.7745	1
0.3	72.7498	1
0.3	176.995	1
0.3	-67.2914	1
0.3	161.931	1
0.3	-70.5963	1
0.3	-69.8821	1
0.3	145.128	1
0.3	66.8236	1
0.3	-112.12	-0.0380952
0.3	164.02	-0.0380952
0.3	-68.7428	-0.0380952
0.3	-51.0392	-0.0380952
0.3	-149.235	-0.0380952
0.3	2.75613	-0.0380952
0.3	101.524	-0.0380952
0.3	-178.954	-0.0380952
0.3	-123.842	-0.0380952
0.3	-14.9653	-0.0380952
0.3	46.7615	-0.0380952
0.3	-156.072	-0.0380952
0.3	27.0116	-0.0380952
0.3	17.526	-0.0380952
0.3	74.7859	-0.0380952
0.3	-65.024	-0.0380952
0.3	93.8664	-0.0380952
0.3	36.8034	-0.0380952
0.3	170.842	-0.0380952
0.3	-161.654	-0.0380952
0.3	40.3565	-0.0380952
0.3	-118.389	-0.0380952
0.3	-179.471	-0.0380952
0.3	32.1368	-0.0380952
0.3	-177.647	-0.0380952
0.3	176.463	-0.0380952
0.3	-58.307	-0.0380952
0.3	73.4965	-0.0380952
0.3	12.2699	-0.0380952
0.3	162.267	-0.0380952
0.3	116.266	-0.0380952
0.3	49.3448	-0.0380952
0.3	-70.9675	-0.0380952
0.3	-167.315	-0.0380952
0.3	-18.3126	-0.0380952
0.3	-74.9606	-0.0380952
0.3	-16.7615	-0.0380952
0.3	-75.8761	-0.0380952
0.3	98.426	-0.0380952
0.3	114.807	-0.0380952
0.3	108.419	-0.0380952
0.3	21.6542	-0.0380952
0.3	34.8215	-0.0380952
0.3	-36.1099	-0.0380952
0.3	75.3098	-0.0380952
0.3	-142.252	-0.0380952
0.3	-82.0415	-0.0380952
0.3	-166.576	-0.0380952
0.3	141.013	-0.0380952
0.3	-102.054	-0.0380952
0.3	-157.772	-0.0380952
0.3	-135.575	-0.0380952
0.3	-45.3279	-0.0380952
0.3	95.8835	-0.0380952
0.3	-108.836	-0.0380952
0.3	-175.035	-0.0380952
0.3	-113.539	-0.0380952
0.3	-2.73473	-0.0380952
0.3	166.227	-0.0380952
0.3	140.118	-0.0380952
0.3	-119.175	-0.0380952
0.3	127.11	-0.0380952
0.3	54.0569	-0.0380952
0.3	-146.731	-0.0380952
0.3	-9.00159	-0.0380952
0.3	156.017	-0.0380952
0.3	145.11	-0.0380952
0.3	76.4437	-0.0380952
0.3	-175.282	-0.0380952
0.3	105.999	-0.0380952
0.3	-47.701	-0.0380952
0.3	144.804	-0.0380952
0.3	-72.6603	-0.0380952
0.3	-100.368	-0.0380952
0.3	-140.968	-0.0380952
0.3	-73.793	-0.0380952
0.3	-65.5858	-0.0380952
0.3	91.2534	-0.0380952
0.3	161.115	-0.0380952
0.3	-161.361	-0.0380952
0.3	69.5545	-0.0380952
0.3	-69.0277	-0.0380952
0.3	108.609	-0.0380952
0.3	-90.2126	-0.0380952
0.3	34.7585	-0.0380952
0.3	-71.9334	-0.0380952
0.3	-27.164	-0.0380952
0.3	-171.707	-0.0380952
0.3	116.815	-0.0380952
0.3	-160.193	-0.0380952
0.3	-118.129	-0.0380952
0.3	95.6853	-0.0380952
0.3	-141.715	-0.0380952
0.3	14.0921	-0.0380952
0.3	79.1073	-0.0380952
0.3	160.142	-0.0380952
0.3	-72.3526	-0.0380952
0.3	-170.473	-0.0380952
0.3	-174.544	-0.0380952
0.3	49.1616	-0.0380952
0.3	-132.176	-0.0380952
0.3	72.8324	-0.0380952
0.3	2.41781	-0.0380952
0.3	-134.202	-0.0380952
0.3	72.4366	-0.0380952
0.3	171.888	-0.0380952
0.3	-134.641	-0.0380952
0.3	-29.6091	-0.0380952
0.3	118.78	-0.0380952
0.3	8.15133	-0.0380952
0.3	151.505	-0.0380952
0.3	-122.074	-0.0380952
0.3	92.2104	-0.0380952
0.3	-113.474	-0.0380952
0.3	-118.432	-0.0380952
0.3	-101.729	-0.0380952
0.3	-36.7684	-0.0380952
0.3	-42.4024	-0.0380952
0.3	-64.8554	-0.0380952
0.3	100.229	-0.0380952
0.3	36.6618	-0.0380952
0.3	75.7865	-0.0380952
0.3	-96.7596	-0.0380952
0.3	146.324	-0.0380952
0.3	93.5601	-0.0380952
0.3	108.692	-0.0380952
0.3	-153.917	-0.0380952
0.3	132.082	-0.0380952
0.3	1.05196	-0.0380952
0.3	64.3562	-0.0380952
0.3	-60.2311	-0.0380952
0.3	176.767	-0.0380952
0.3	-61.5435	-0.0380952
0.3	135.23	-0.0380952
0.3	44.1169	-0.0380952
0.3	9.55052	-0.0380952
0.3	122.867	-0.0380952
0.3	-111.012	-0.0380952
0.3	114.144	-0.0380952
0.3	-71.6922	-0.0380952
0.3	75.4157	-0.0380952
0.3	-165.645	-0.0380952
0.3	40.0415	-0.0380952
0.3	65.8916	-0.0380952
0.3	-147.83	-0.0380952
0.3	-169.932	-0.0380952
0.3	-105.147	-0.0380952
0.3	54.3545	-0.0380952
0.3	49.2268	-0.0380952
0.3	132.65	-0.0380952
0.3	-114.29	-0.0380952
0.3	39.6352	-0.0380952
0.3	81.0811	-0.0380952
0.3	97.3646	-0.0380952
0.3	46.7798	-0.0380952
0.3	-21.3502	-0.0380952
0.3	-158.503	-0.0380952
0.3	-53.9485	-0.0380952
0.3	-149.015	-0.0380952
0.3	134.925	-0.0380952
0.3	86.1142	-0.0380952
0.3	-148.376	-0.0380952
0.3	-145.593	-0.0380952
0.3	-90.6687	-0.0380952
0.3	160.72	-0.0380952
0.3	51.643	-0.0380952
0.3	-26.5442	-0.0380952
0.3	-134.235	-0.0380952
0.3	114.329	-0.0380952
0.3	-1.90511	-0.0380952
0.3	-41.6919	-0.0380952
0.3	-160.828	-0.0380952
0.3	61.8428	-0.0380952
0.3	110.173	-0.0380952
0.3	-79.5796	-0.0380952
0.3	15.8946	-0.0380952
0.3	-127.541	-0.0380952
0.3	-121.876	-0.0380952
0.3	150.612	-0.0380952
0.3	88.2985	-0.0380952
0.3	167.024	-0.0380952
0.3	-95.7334	-0.0380952
0.3	169.014	-0.0380952
0.3	94.1331	-0.0380952
0.3	-117.466	-0.0380952
0.3	-131.123	-0.0380952
0.3	-34.7129	-0.0380952
0.3	-117.075	-0.0380952
-0.25	-151.807	1
-0.25	68.0445	1
-0.25	33.3334	1
-0.25	158.649	1
-0.25	-134.279	1
-0.25	50.6054	1
-0.25	17.9419	1
-0.25	61.2476	1
-0.25	-136.347	1
-0.25	-167.004	1
-0.25	67.3306	1
-0.25	-49.8541	1
-0.25	6.01031	1
-0.25	-161.847	1
-0.25	-44.0159	1
-0.25	-8.88484	1
-0.25	155.321	1
-0.25	125.918	1
-0.25	-3.32216	1
-0.25	77.3237	1
-0.25	-140.968	1
-0.25	-17.567	1
-0.25	82.8084	1
-0.25	-162.77	1
-0.25	102.889	1
-0.25	-95.4227	1
-0.25	27.2705	1
-0.25	65.4445	1
-0.25	87.9129	1
-0.25	-147.161	1
-0.25	-103.016	1
-0.25	-138.385	1
-0.25	-56.0642	1
-0.25	-17.7936	1
-0.25	83.4352	1
-0.25	-162.13	1
-0.25	13.7382	1
-0.25	170.851	1
-0.25	-133.474	1
-0.25	143.996	1
-0.25	-40.8019	1
-0.25	-30.1791	1
-0.25	131.381	1
-0.25	24.4885	1
-0.25	-97.47	1
-0.25	29.6437	1
-0.25	12.9245	1
-0.25	176.544	1
-0.25	15.2383	1
-0.25	-59.8978	1
-0.25	-111.475	1
-0.25	27.1936	1
-0.25	88.04	1
-0.25	170.272	1
-0.25	-43.7969	1
-0.25	136.351	1
-0.25	-121.272	1
-0.25	80.5288	1
-0.25	115.175	1
-0.25	121.277	1
-0.25	1.7662	1
-0.25	110.413	1
-0.25	14.653	1
-0.25	100.172	1
-0.25	32.3876	1
-0.25	137.014	1
-0.25	82.8319	1
-0.25	136.186	1
-0.25	167.54	1
-0.25	-108.159	1
-0.25	65.3156	1
-0.25	-3.6777	1
-0.25	-79.2807	1
-0.25	-129.337	1
-0.25	15.0123	1
-0.25	118.875	1
-0.25	177.751	1
-0.25	-37.2527	1
-0.25	170.001	1
-0.25	-152.854	1
-0.25	-95.3422	1
-0.25	156.351	1
-0.25	61.0809	1
-0.25	-16.4285	1
-0.25	20.2832	1
-0.25	118.156	1
-0.25	-69.3784	1
-0.25	107.525	1
-0.25	137.551	1
-0.25	-129.655	1
-0.25	-19.1122	1
-0.25	-97.2062	1
-0.25	112.209	1
-0.25	75.6268	1
-0.25	106.168	1
-0.25	54.4366	1
-0.25	126.166	1
-0.25	-96.87	1
-0.25	-149.229	1
-0.25	-5.34734	1
-0.25	-124.684	1
-0.25	124.166	1
-0.25	19.3466	1
-0.25	-109.66	1
-0.25	90.2685	1
-0.25	-145.254	1
-0.25	89.3086	1
-0.25	-32.8103	1
-0.25	97.1233	1
-0.25	-42.8905	1
-0.25	-63.9974	1
-0.25	-95.8477	1
-0.25	-5.59736	-0.0380952
-0.25	43.1663	-0.0380952
-0.25	53.2444	-0.0380952
-0.25	-0.191663	-0.0380952
-0.25	73.8754	-0.0380952
-0.25	-162.114	-0.0380952
-0.25	13.6031	-0.0380952
-0.25	79.0648	-0.0380952
-0.25	172.527	-0.0380952
-0.25	21.4402	-0.0380952
-0.25	-102.972	-0.0380952
-0.25	-137.514	-0.0380952
-0.25	50.236	-0.0380952
-0.25	74.1495	-0.0380952
-0.25	-43.4468	-0.0380952
-0.25	-35.5821	-0.0380952
-0.25	-52.5425	-0.0380952
-0.25	151.445	-0.0380952
-0.25	138.454	-0.0380952
-0.25	-115.889	-0.0380952
-0.25	-27.3944	-0.0380952
-0.25	-123.303	-0.0380952
-0.25	-68.5055	-0.0380952
-0.25	173.801	-0.0380952
-0.25	-45.3033	-0.0380952
-0.25	37.1528	-0.0380952
-0.25	-60.2579	-0.0380952
-0.25	72.1338	-0.0380952
-0.25	-10.6768	-0.0380952
-0.25	141.47	-0.0380952
-0.25	133.913	-0.0380952
-0.25	-75.2873	-0.0380952
-0.25	85.1141	-0.0380952
-0.25	159.021	-0.0380952
-0.25	-176.382	-0.0380952
-0.25	-112.405	-0.0380952
-0.25	-77.4986	-0.0380952
-0.25	111.007	-0.0380952
-0.25	105.341	-0.0380952
-0.25	-103.542	-0.0380952
-0.25	3.06515	-0.0380952
-0.25	-34.5825	-0.0380952
-0.25	-104.331	-0.0380952
-0.25	174.507	-0.0380952
-0.25	22.7724	-0.0380952
-0.25	-55.919	-0.0380952
-0.25	-38.3568	-0.0380952
-0.25	-30.9214	-0.0380952
-0.25	155.395	-0.0380952
-0.25	-33.0591	-0.0380952
-0.25	15.3122	-0.0380952
-0.25	112.115	-0.0380952
-0.25	-133.63	-0.0380952
-0.25	-176.782	-0.0380952
-0.25	1.86871	-0.0380952
-0.25	-104.725	-0.0380952
-0.25	71.2226	-0.0380952
-0.25	-3.22683	-0.0380952
-0.25	-27.8063	-0.0380952
-0.25	149.925	-0.0380952
-0.25	-122.863	-0.0380952
-0.25	-159.712	-0.0380952
-0.25	-60.8399	-0.0380952
-0.25	-80.8125	-0.0380952
-0.25	-121.916	-0.0380952
-0.25	14.8483	-0.0380952
-0.25	-84.3842	-0.0380952
-0.25	57.7763	-0.0380952
-0.25	1.9104	-0.0380952
-0.25	42.2024	-0.0380952
-0.25	124.197	-0.0380952
-0.25	129.156	-0.0380952
-0.25	120.145	-0.0380952
-0.25	132.883	-0.0380952
-0.25	-175.441	-0.0380952
-0.25	-69.3343	-0.0380952
-0.25	137.449	-0.0380952
-0.25	177.151	-0.0380952
-0.25	6.2216	-0.0380952
-0.25	94.0276	-0.0380952
-0.25	-38.2922	-0.0380952
-0.25	-35.213	-0.0380952
-0.25	-101.007	-0.0380952
-0.25	3.94504	-0.0380952
-0.25	132.235	-0.0380952
-0.25	-7.688	-0.0380952
-0.25	100.825	-0.0380952
-0.25	133.292	-0.0380952
-0.25	100.241	-0.0380952
-0.25	138.599	-0.0380952
-0.25	154.058	-0.0380952
-0.25	-36.4382	-0.0380952
-0.25	-11.2572	-0.0380952
-0.25	-83.6885	-0.0380952
-0.25	158.871	-0.0380952
-0.25	-3.45786	-0.0380952
-0.25	-115.67	-0.0380952
-0.25	-115.349	-0.0380952
-0.25	70.6821	-0.0380952
-0.25	-0.38425	-0.0380952
-0.25	143.28	-0.0380952
-0.25	-35.8465	-0.0380952
-0.25	135.617	-0.0380952
-0.25	-96.6314	-0.0380952
-0.25	-178.143	-0.0380952
-0.25	175.985	-0.0380952
-0.25	-117.574	-0.0380952
-0.25	26.3524	-0.0380952
-0.25	56.2357	-0.0380952
-0.25	68.7175	-0.0380952
-0.25	-110.881	-0.0380952
-0.25	-132.234	-0.0380952
-0.25	-43.0096	-0.0380952
-0.25	125.596	-0.0380952
-0.25	41.5496	-0.0380952
-0.25	-13.2601	-0.0380952
-0.25	6.15974	-0.0380952
-0.25	120.218	-0.0380952
-0.25	-31.232	-0.0380952
-0.25	-113.727	-0.0380952
-0.25	-8.27058	-0.0380952
-0.25	-56.0817	-0.0380952
-0.25	-161.241	-0.0380952
-0.25	167.753	-0.0380952
-0.25	60.6253	-0.0380952
-0.25	28.4466	-0.0380952
-0.25	121.686	-0.0380952
-0.25	43.3324	-0.0380952
-0.25	-177.487	-0.0380952
-0.25	70.4911	-0.0380952
-0.25	-61.9111	-0.0380952
-0.25	-132.932	-0.0380952
-0.25	24.7839	-0.0380952
-0.25	141.713	-0.0380952
-0.25	141.02	-0.0380952
-0.25	-29.5809	-0.0380952
-0.25	92.4958	-0.0380952
-0.25	146.956	-0.0380952
-0.25	125.9	-0.0380952
-0.25	-101.721	-0.0380952
-0.25	39.0347	-0.0380952
-0.25	109.429	-0.0380952
-0.25	-111.63	-0.0380952
-0.25	75.7786	-0.0380952
-0.25	41.0727	-0.0380952
-0.25	-64.0005	-0.0380952
-0.25	41.7435	-0.0380952
-0.25	-173.508	-0.0380952
0.3	158.949	1
0.3	-96.8894	1
0.3	38.8917	1
0.3	-79.7529	1
0.3	120.596	1
0.3	65.3938	1
0.3	-122.325	1
0.3	56.2542	1
0.3	-54.0957	1
0.3	90.4199	1
0.3	-57.0216	1
0.3	162.993	1
0.3	120.453	1
0.3	-47.1457	1
0.3	147.455	1
0.3	76.1994	1
0.3	-177.634	1
0.3	126.028	1
0.3	7.70784	1
0.3	177.242	1
0.3	88.767	1
0.3	-41.4083	1
0.3	169.196	1
0.3	-88.6342	1
0.3	73.0245	1
0.3	104.072	1
0.3	-161.097	1
0.3	104.037	1
0.3	63.3665	1
0.3	-128.154	1
0.3	-20.9686	1
0.3	-10.537	1
0.3	-119.298	1
0.3	157.439	1
0.3	-113.483	1
0.3	60.6719	1
0.3	-107.789	1
0.3	-99.8869	1
0.3	177.058	1
0.3	115.729	1
0.3	54.7918	1
0.3	97.5856	1
0.3	118.188	1
0.3	106.146	1
0.3	-38.803	1
0.3	88.203	1
0.3	-1.44789	1
0.3	73.7458	1
0.3	132.938	1
0.3	-149.886	1
0.3	157.699	1
0.3	58.6181	1
0.3	-3.57728	1
0.3	-144.398	1
0.3	138.308	1
0.3	-46.8559	1
0.3	-99.7708	1
0.3	-159.946	1
0.3	-162.463	1
0.3	145.293	1
0.3	169.489	1
0.3	-24.8827	1
0.3	-162.721	1
0.3	-67.2028	1
0.3	134.12	1
0.3	-109.243	1
0.3	16.2144	1
0.3	97.6101	1
0.3	68.3488	1
0.3	160.378	1
0.3	-54.7338	1
0.3	147.586	1
0.3	-23.6489	1
0.3	-38.2925	1
0.3	-156.847	1
0.3	24.8851	1
0.3	-62.8056	1
0.3	-85.264	1
0.3	-172.178	1
0.3	-149.671	1
0.3	138.853	1
0.3	105.492	1
0.3	33.7617	1
0.3	-44.8118	1
0.3	-153.018	1
0.3	-71.3071	1
0.3	111.344	1
0.3	-112.875	1
0.3	-16.4311	1
0.3	-31.1873	1
0.3	-50.5776	1
0.3	-109.993	1
0.3	179.625	1
0.3	-69.9397	1
0.3	129.899	1
0.3	-61.1563	1
0.3	4.50052	1
0.3	-140.93	1
0.3	-28.785	1
0.3	166.916	1
0.3	131.189	1
0.3	10.7202	1
0.3	-117.544	1
0.3	49.5494	1
0.3	-1.23134	1
0.3	73.016	1
0.3	26.319	1
0.3	-53.0344	1
0.3	161.218	1
0.3	1.49379	1
0.3	109.32	1
0.3	109.907	1
0.3	-34.1708	1
0.3	149.824	1
0.3	-115.159	1
0.3	-13.728	1
0.3	-80.5111	1
0.3	-142.26	1
0.3	29.9916	1
0.3	-20.5266	1
0.3	-121.503	1
0.3	97.5399	1
0.3	-90.6733	1
0.3	-93.5436	1
0.3	-166.558	1
0.3	-108.6	1
0.3	-89.7483	1
0.3	-35.7307	1
0.3	80.961	1
0.3	55.6776	1
0.3	-43.9545	1
0.3	135.948	1
0.3	106.17	1
0.3	47.3399	1
0.3	63.1691	1
0.3	79.543	1
0.3	-57.3841	1
0.3	-140.551	1
0.3	-20.385	1
0.3	-161.153	1
0.3	162.706	1
0.3	173.284	1
0.3	142.873	1
0.3	13.2	-0.0190476
0.3	7.4741	-0.0190476
0.3	-161.952	-0.0190476
0.3	148.389	-0.0190476
0.3	177.864	-0.0190476
0.3	39.7542	-0.0190476
0.3	105.361	-0.0190476
0.3	-64.1689	-0.0190476
0.3	78.166	-0.0190476
0.3	-168.057	-0.0190476
0.3	-49.2441	-0.0190476
0.3	50.1181	-0.0190476
0.3	56.6868	-0.0190476
0.3	-67.8255	-0.0190476
0.3	-46.8706	-0.0190476
0.3	-149.229	-0.0190476
0.3	41.282	-0.0190476
0.3	120.483	-0.0190476
0.3	23.2274	-0.0190476
0.3	-35.6582	-0.0190476
0.3	-146.327	-0.0190476
0.3	-44.5164	-0.0190476
0.3	-142.544	-0.0190476
0.3	-70.5509	-0.0190476
0.3	153.917	-0.0190476
0.3	-158.748	-0.0190476
0.3	-8.18785	-0.0190476
0.3	-166.018	-0.0190476
0.3	92.9577	-0.0190476
0.3	-135.583	-0.0190476
0.3	-159.786	-0.0190476
0.3	46.1564	-0.0190476
0.3	-15.4242	-0.0190476
0.3	86.8907	-0.0190476
0.3	126.14	-0.0190476
0.3	-107.342	-0.0190476
0.3	-152.472	-0.0190476
0.3	86.7201	-0.0190476
0.3	142.34	-0.0190476
0.3	-90.5214	-0.0190476
0.3	104.897	-0.0190476
0.3	-42.824	-0.0190476
0.3	-146.951	-0.0190476
0.3	-80.4683	-0.0190476
0.3	66.414	-0.0190476
0.3	138.868	-0.0190476
0.3	-151.381	-0.0190476
0.3	70.6612	-0.0190476
0.3	90.8215	-0.0190476
0.3	15.2475	-0.0190476
0.3	103.95	-0.0190476
0.3	133.181	-0.0190476
0.3	64.3743	-0.0190476
0.3	9.01883	-0.0190476
0.3	-107.9	-0.0190476
0.3	39.6928	-0.0190476
0.3	-126.956	-0.0190476
0.3	-107.277	-0.0190476
0.3	103.712	-0.0190476
0.3	40.4291	-0.0190476
0.3	39.918	-0.0190476
0.3	126.676	-0.0190476
0.3	48.304	-0.0190476
0.3	-126.323	-0.0190476
0.3	134.702	-0.0190476
0.3	21.7785	-0.0190476
0.3	68.397	-0.0190476
0.3	-13.0783	-0.0190476
0.3	-113.925	-0.0190476
0.3	141.34	-0.0190476
0.3	12.8013	-0.0190476
0.3	-114.601	-0.0190476
0.3	-133.725	-0.0190476
0.3	-51.8883	-0.0190476
0.3	5.46989	-0.0190476
0.3	45.2146	-0.0190476
0.3	-50.8656	-0.0190476
0.3	-16.9214	-0.0190476
0.3	-116.08	-0.0190476
0.3	117.903	-0.0190476
0.3	36.8719	-0.0190476
0.3	-37.2116	-0.0190476
0.3	128.678	-0.0190476
0.3	-28.5423	-0.0190476
0.3	-53.2952	-0.0190476
0.3	17.6604	-0.0190476
0.3	-50.2971	-0.0190476
0.3	170.939	-0.0190476
0.3	7.67385	-0.0190476
0.3	-156.474	-0.0190476
0.3	92.5771	-0.0190476
0.3	66.8598	-0.0190476
0.3	-91.2111	-0.0190476
0.3	86.5975	-0.0190476
0.3	-160.347	-0.0190476
0.3	-33.2931	-0.0190476
0.3	-33.2914	-0.0190476
0.3	-138.584	-0.0190476
0.3	110.607	-0.0190476
0.3	71.1554	-0.0190476
0.3	81.3128	-0.0190476
0.3	-11.3301	-0.0190476
0.3	-119.865	-0.0190476
0.3	-145.937	-0.0190476
0.3	163.397	-0.0190476
0.3	89.3218	-0.0190476
0.3	91.2441	-0.0190476
0.3	-164.386	-0.0190476
0.3	-32.863	-0.0190476
0.3	56.5909	-0.0190476
0.3	74.175	-0.0190476
0.3	11.0764	-0.0190476
0.3	39.505	-0.0190476
0.3	-93.4875	-0.0190476
0.3	-7.606	-0.0190476
0.3	-125.613	-0.0190476
0.3	93.0159	-0.0190476
0.3	-79.3884	-0.0190476
0.3	-117.794	-0.0190476
0.3	-9.89762	-0.0190476
0.3	49.0466	-0.0190476
0.3	17.6626	-0.0190476
0.3	96.8544	-0.0190476
0.3	94.4906	-0.0190476
0.3	70.0004	-0.0190476
0.3	-52.2406	-0.0190476
0.3	14.0753	-0.0190476
0.3	120.277	-0.0190476
0.3	-122.206	-0.0190476
0.3	99.9759	-0.0190476
0.3	87.1357	-0.0190476
0.3	-111.778	-0.0190476
0.3	128.01	-0.0190476
0.3	19.9912	-0.0190476
0.3	39.8238	-0.0190476
0.3	55.6698	-0.0190476
0.3	-76.0524	-0.0190476
0.3	152.005	-0.0190476
0.3	-33.6005	-0.0190476
0.3	122.63	-0.0190476
0.3	-70.6951	-0.0190476
0.3	-80.0127	-0.0190476
0.3	-141.576	-0.0190476
0.3	25.0364	-0.0190476
0.3	-79.4873	-0.0190476
0.3	46.6151	-0.0190476
0.3	110.624	-0.0190476
0.3	-116.64	-0.0190476
0.3	65.4138	-0.0190476
0.3	-4.69814	-0.0190476
0.3	-32.5393	-0.0190476
0.3	2.72634	-0.0190476
0.3	-154.743	-0.0190476
0.3	14.9076	-0.0190476
0.3	-138.889	-0.0190476
0.3	50.798	-0.0190476
0.3	-154.811	-0.0190476
0.3	-24.3062	-0.0190476
0.3	-26.2409	-0.0190476
0.3	-94.4973	-0.0190476
0.3	-31.7065	-0.0190476
0.3	-80.3365	-0.0190476
0.3	117.032	-0.0190476
0.3	129.192	-0.0190476
0.3	52.7616	-0.0190476
0.3	141.507	-0.0190476
0.3	160.965	-0.0190476
0.3	-95.6665	-0.0190476
0.3	90.1379	-0.0190476
0.3	116.565	-0.0190476
0.3	82.7701	-0.0190476
0.3	-62.2587	-0.0190476
0.3	10.0246	-0.0190476
0.3	-30.8988	-0.0190476
0.3	1.68476	-0.0190476
0.3	8.8055	-0.0190476
0.3	101.84	-0.0190476
0.3	59.1786	-0.0190476
0.3	9.60501	-0.0190476
0.3	2.96426	-0.0190476
0.3	19.6041	-0.0190476
0.3	83.6045	-0.0190476
0.3	-95.7685	-0.0190476
0.3	2.95791	-0.0190476
0.3	-24.3964	-0.0190476
0.3	-102.18	-0.0190476
0.3	165.567	-0.0190476
0.3	53.956	-0.0190476
0.3	-114.493	-0.0190476
0.3	-126.156	-0.0190476
0.3	-48.3108	-0.0190476
0.3	175.06	-0.0190476
0.3	125.991	-0.0190476
0.3	-10.0872	-0.0190476
0.3	-105.086	-0.0190476
0.3	-90.1492	-0.0190476
0.3	0.759675	-0.0190476
0.3	-158.829	-0.0190476
0.3	-37.572	-0.0190476
0.3	-53.4422	-0.0190476
0.3	167.569	-0.0190476
0.3	-82.5751	-0.0190476
0.3	-44.9863	-0.0190476
0.3	-10.4093	-0.0190476
0.3	-112.611	-0.0190476
0.3	-145.218	-0.0190476
0.3	-115.316	-0.0190476
0.3	-90.5961	-0.0190476
0.3	20.0704	-0.0190476
0.3	-11.7191	-0.0190476
0.3	-37.5754	-0.0190476
0.3	-33.5154	-0.0190476
0.3	134.533	-0.0190476
0.3	3.20121	-0.0190476
0.3	-73.011	-0.0190476
0.3	-119.179	-0.0190476
0.3	11.4866	-0.0190476
0.3	27.2692	-0.0190476
0.3	-100.043	-0.0190476
0.3	83.6467	-0.0190476
0.3	59.0128	-0.0190476
0.3	-118.353	-0.0190476
0.3	-49.4276	-0.0190476
0.3	-151.104	-0.0190476
0.3	-117.183	-0.0190476
0.3	14.5554	-0.0190476
0.3	166.685	-0.0190476
0.3	-65.1847	-0.0190476
0.3	-110.687	-0.0190476
0.3	74.8602	-0.0190476
0.3	-171.379	-0.0190476
0.3	-62.239	-0.0190476
0.3	-108.465	-0.0190476
0.3	72.6473	-0.0190476
0.3	64.8679	-0.0190476
0.3	171.378	-0.0190476
0.3	-160.471	-0.0190476
0.3	-68.9621	-0.0190476
0.3	27.2095	-0.0190476
0.3	13.7319	-0.0190476
0.3	9.2614	-0.0190476
0.3	-132.936	-0.0190476
0.3	111.156	-0.0190476
0.3	93.8772	-0.0190476
0.3	88.4964	-0.0190476
0.3	11.6303	-0.0190476
0.3	-90.9618	-0.0190476
0.3	139.42	-0.0190476
0.3	-101.655	-0.0190476
0.3	45.2584	-0.0190476
0.3	86.2066	-0.0190476
0.3	108.811	-0.0190476
0.3	137.898	-0.0190476
0.3	74.5988	-0.0190476
0.3	83.2847	-0.0190476
0.3	40.8682	-0.0190476
0.3	-11.1292	-0.0190476
0.3	-150.809	-0.0190476
0.3	-165.797	-0.0190476
0.3	-43.1238	-0.0190476
0.3	-120.636	-0.0190476
0.3	-124.516	-0.0190476
0.3	36.979	-0.0190476
0.3	-56.8272	-0.0190476
0.3	-45.7429	-0.0190476
0.3	-105.391	-0.0190476
0.3	-46.2528	-0.0190476
0.3	-170.95	-0.0190476
0.3	-8.10513	-0.0190476
0.3	-127.441	-0.0190476
0.3	165.126	-0.0190476
0.3	-178.343	-0.0190476
0.3	-168.487	-0.0190476
0.3	84.0023	-0.0190476
0.3	80.2586	-0.0190476
0.3	-75.1063	-0.0190476
0.3	78.1134	-0.0190476
0.3	144.336	-0.0190476
0.3	-172.437	-0.0190476
0.3	-31.4651	-0.0190476
0.3	-103.748	-0.0190476
0.3	-179.472	-0.0190476
0.3	-87.1565	-0.0190476
0.3	28.2586	-0.0190476
0.3	56.3284	-0.0190476
0.3	-45.3625	-0.0190476
0.3	-81.8249	-0.0190476
0.3	-9.15634	-0.0190476
0.3	17.0655	-0.0190476
0.3	-13.2018	-0.0190476
0.3	36.3262	-0.0190476
0.3	19.8991	-0.0190476
0.3	-117.506	-0.0190476
0.3	-173.577	-0.0190476
0.3	88.1822	-0.0190476
0.3	-155.664	-0.0190476
0.3	-179.074	-0.0190476
0.3	57.7335	-0.0190476
0.3	97.6477	-0.0190476
0.3	-50.437	-0.0190476
0.3	-155.199	-0.0190476
0.3	14.5575	-0.0190476
0.3	-81.8496	-0.0190476
0.3	-147.897	-0.0190476
0.3	-167.95	-0.0190476
0.3	41.332	-0.0190476
0.3	-89.3126	-0.0190476
0.3	75.2472	-0.0190476
0.3	-14.3279	-0.0190476
0.3	67.5884	-0.0190476
0.3	29.8951	-0.0190476
0.3	59.0641	-0.0190476
0.3	-7.71235	-0.0190476
0.3	52.2564	-0.0190476
0.3	122.188	-0.0190476
0.3	-50.4984	-0.0190476
0.3	21.7563	-0.0190476
0.3	132.817	-0.0190476
0.3	179.582	-0.0190476
0.3	-65.5604	-0.0190476
0.3	19.4678	-0.0190476
0.3	-6.06679	-0.0190476
0.3	45.5008	-0.0190476
0.3	133.418	-0.0190476
0.3	-140.339	-0.0190476
0.3	-169.643	-0.0190476
0.3	-92.9034	-0.0190476
0.3	-164.628	-0.0190476
0.3	97.4272	-0.0190476
0.3	-83.7873	-0.0190476
0.3	-96.5186	-0.0190476
0.3	55.6337	-0.0190476
0.3	32.327	-0.0190476
0.3	122.26	-0.0190476
0.3	-176.596	-0.0190476
0.3	-5.77341	-0.0190476
0.3	15.2607	-0.0190476
0.3	28.2513	-0.0190476
0.3	-20.9251	-0.0190476
0.3	100.822	-0.0190476
0.3	-11.688	-0.0190476
0.3	82.2397	-0.0190476
0.3	52.533	-0.0190476
0.3	-101.811	-0.0190476
0.3	172.385	-0.0190476
0.3	31.4622	-0.0190476
0.3	-102.524	-0.0190476
0.3	120.72	-0.0190476
0.3	24.8971	-0.0190476
0.3	150.729	-0.0190476
0.3	17.6917	-0.0190476
0.3	-72.9756	-0.0190476
0.3	-87.8961	-0.0190476
0.3	-13.2454	-0.0190476
0.3	-93.1387	-0.0190476
0.3	56.0922	-0.0190476
0.3	3.94322	-0.0190476
0.3	-76.3736	-0.0190476
0.3	32.2871	-0.0190476
0.3	173.879	-0.0190476
0.3	-72.5759	-0.0190476
0.3	20.5405	-0.0190476
0.3	152.925	-0.0190476
0.3	-19.3406	-0.0190476
0.3	-163.628	-0.0190476
0.3	23.1108	-0.0190476
0.3	-129.449	-0.0190476
0.3	-66.2549	-0.0190476
0.3	-110.446	-0.0190476
0.3	42.6799	-0.0190476
0.3	-100.136	-0.0190476
0.3	54.2752	-0.0190476
0.3	-51.238	-0.0190476
0.3	-50.0419	-0.0190476
0.3	40.5924	-0.0190476
0.3	59.9466	-0.0190476
-0.25	-72.7146	1
-0.25	68.9679	1
-0.25	80.2813	1
-0.25	-37.2842	1
-0.25	61.1893	1
-0.25	168.753	1
-0.25	-142.199	1
-0.25	147.721	1
-0.25	102.166	1
-0.25	164.914	1
-0.25	-141.363	1
-0.25	32.6668	1
-0.25	68.9675	1
-0.25	-102.744	1
-0.25	-141.741	1
-0.25	-37.412	1
-0.25	-11.4586	1
-0.25	-143.332	1
-0.25	147.645	1
-0.25	15.4314	1
-0.25	-135.713	1
-0.25	58.5124	1
-0.25	-94.3165	1
-0.25	-177.231	1
-0.25	111.973	1
-0.25	-88.5715	1
-0.25	86.6405	1
-0.25	-147.584	1
-0.25	-13.987	1
-0.25	-113.773	1
-0.25	176.916	1
-0.25	50.7623	1
-0.25	-132.873	1
-0.25	-143.609	1
-0.25	151.909	1
-0.25	134.966	1
-0.25	-177.136	1
-0.25	177.007	1
-0.25	8.20925	1
-0.25	-147.976	1
-0.25	7.70949	1
-0.25	-84.7545	1
-0.25	90.7942	1
-0.25	-71.2908	1
-0.25	131.318	1
-0.25	61.4478	1
-0.25	42.6349	1
-0.25	-123.159	1
-0.25	30.5981	1
-0.25	171.924	1
-0.25	15.0232	1
-0.25	-161.473	1
-0.25	-123.089	1
-0.25	-80.2836	1
-0.25	-110.197	1
-0.25	-49.0771	1
-0.25	-18.7455	1
-0.25	147.764	1
-0.25	-31.1803	1
-0.25	-70.9446	1
-0.25	85.1991	1
-0.25	110.613	1
-0.25	82.2721	1
-0.25	-132.188	1
-0.25	31.0361	1
-0.25	-142.375	1
-0.25	-69.8756	1
-0.25	-68.876	1
-0.25	-3.705	1
-0.25	16.8165	1
-0.25	39.0873	1
-0.25	-56.4856	1
-0.25	-145.103	1
-0.25	11.9377	1
-0.25	140.779	1
-0.25	-126.516	1
-0.25	-7.52472	1
-0.25	-111.349	1
-0.25	-115.91	1
-0.25	-10.9283	1
-0.25	110.327	1
-0.25	79.2231	1
-0.25	126.344	1
-0.25	72.1415	1
-0.25	98.3307	1
-0.25	92.8889	1
-0.25	27.569	1
-0.25	36.0639	1
-0.25	-17.4748	1
-0.25	172.458	1
-0.25	10.9184	1
-0.25	-54.8695	1
-0.25	-122.057	1
-0.25	-117.521	1
-0.25	130.092	1
-0.25	-149.951	1
-0.25	-36.7333	1
-0.25	-90.707	1
-0.25	-171.478	1
-0.25	2.79523	1
-0.25	-28.7437	1
-0.25	36.9714	1
-0.25	-136.758	1
-0.25	24.512	1
-0.25	112.829	1
-0.25	-75.0456	1
-0.25	43.5297	1
-0.25	93.9999	1
-0.25	-80.9631	1
-0.25	-26.4346	1
-0.25	150.56	1
-0.25	124.517	1
-0.25	150.515	-0.0190476
-0.25	15.8589	-0.0190476
-0.25	-145.212	-0.0190476
-0.25	113.401	-0.0190476
-0.25	29.1385	-0.0190476
-0.25	67.4958	-0.0190476
-0.25	-53.5399	-0.0190476
-0.25	22.132	-0.0190476
-0.25	72.1623	-0.0190476
-0.25	171.688	-0.0190476
-0.25	46.4333	-0.0190476
-0.25	-57.1333	-0.0190476
-0.25	156.976	-0.0190476
-0.25	-17.673	-0.0190476
-0.25	69.1978	-0.0190476
-0.25	-173.561	-0.0190476
-0.25	-60.6627	-0.0190476
-0.25	-146.099	-0.0190476
-0.25	-68.7257	-0.0190476
-0.25	14.0023	-0.0190476
-0.25	139.698	-0.0190476
-0.25	-178.784	-0.0190476
-0.25	-156.209	-0.0190476
-0.25	85.5702	-0.0190476
-0.25	-9.6112	-0.0190476
-0.25	-32.7832	-0.0190476
-0.25	-176.779	-0.0190476
-0.25	-154.432	-0.0190476
-0.25	-130.337	-0.0190476
-0.25	42.9024	-0.0190476
-0.25	-153.917	-0.0190476
-0.25	-19.6827	-0.0190476
-0.25	-142.925	-0.0190476
-0.25	-174.93	-0.0190476
-0.25	117.964	-0.0190476
-0.25	40.6039	-0.0190476
-0.25	87.9141	-0.0190476
-0.25	-2.23299	-0.0190476
-0.25	164.162	-0.0190476
-0.25	173.521	-0.0190476
-0.25	-160.455	-0.0190476
-0.25	22.3239	-0.0190476
-0.25	-2.37251	-0.0190476
-0.25	13.5214	-0.0190476
-0.25	-82.5312	-0.0190476
-0.25	104.607	-0.0190476
-0.25	160.861	-0.0190476
-0.25	151.01	-0.0190476
-0.25	-93.676	-0.0190476
-0.25	55.1888	-0.0190476
-0.25	139.36	-0.0190476
-0.25	-69.4655	-0.0190476
-0.25	169.138	-0.0190476
-0.25	172.853	-0.0190476
-0.25	-56.6771	-0.0190476
-0.25	-163.08	-0.0190476
-0.25	-143.225	-0.0190476
-0.25	-133.397	-0.0190476
-0.25	-133.103	-0.0190476
-0.25	-32.9564	-0.0190476
-0.25	140.932	-0.0190476
-0.25	-48.0064	-0.0190476
-0.25	-26.1056	-0.0190476
-0.25	-92.1615	-0.0190476
-0.25	-60.5224	-0.0190476
-0.25	99.4136	-0.0190476
-0.25	-101.244	-0.0190476
-0.25	-36.8433	-0.0190476
-0.25	103.234	-0.0190476
-0.25	9.99765	-0.0190476
-0.25	58.5907	-0.0190476
-0.25	89.4739	-0.0190476
-0.25	-54.1002	-0.0190476
-0.25	20.4178	-0.0190476
-0.25	40.4527	-0.0190476
-0.25	49.8837	-0.0190476
-0.25	137.839	-0.0190476
-0.25	-45.1888	-0.0190476
-0.25	-43.4057	-0.0190476
-0.25	156.032	-0.0190476
-0.25	29.9482	-0.0190476
-0.25	157.416	-0.0190476
-0.25	-99.7636	-0.0190476
-0.25	163.426	-0.0190476
-0.25	-100.93	-0.0190476
-0.25	113.986	-0.0190476
-0.25	-38.8366	-0.0190476
-0.25	85.8921	-0.0190476
-0.25	-120.845	-0.0190476
-0.25	89.7447	-0.0190476
-0.25	-121.479	-0.0190476
-0.25	39.0901	-0.0190476
-0.25	67.1474	-0.0190476
-0.25	-38.5432	-0.0190476
-0.25	-72.087	-0.0190476
-0.25	-156.655	-0.0190476
-0.25	19.5725	-0.0190476
-0.25	-146.308	-0.0190476
-0.25	76.8193	-0.0190476
-0.25	65.6705	-0.0190476
-0.25	-14.8592	-0.0190476
-0.25	-61.7501	-0.0190476
-0.25	-3.50823	-0.0190476
-0.25	112.354	-0.0190476
-0.25	33.3879	-0.0190476
-0.25	118.244	-0.0190476
-0.25	-138.119	-0.0190476
-0.25	55.9453	-0.0190476
-0.25	-76.5945	-0.0190476
-0.25	130.746	-0.0190476
-0.25	-53.3335	-0.0190476
-0.25	-46.3873	-0.0190476
-0.25	92.6152	-0.0190476
-0.25	-51.8248	-0.0190476
-0.25	-74.1909	-0.0190476
-0.25	110.72	-0.0190476
-0.25	-5.41235	-0.0190476
-0.25	49.1693	-0.0190476
-0.25	-150.825	-0.0190476
-0.25	162.943	-0.0190476
-0.25	173.584	-0.0190476
-0.25	-128.985	-0.0190476
-0.25	-106.194	-0.0190476
-0.25	121.401	-0.0190476
-0.25	46.5257	-0.0190476
-0.25	173.44	-0.0190476
-0.25	53.4083	-0.0190476
-0.25	-8.37496	-0.0190476
-0.25	-179.132	-0.0190476
-0.25	159.229	-0.0190476
-0.25	86.451	-0.0190476
-0.25	174.861	-0.0190476
-0.25	40.4744	-0.0190476
-0.25	62.3312	-0.0190476
-0.25	28.1293	-0.0190476
-0.25	137.124	-0.0190476
-0.25	52.2444	-0.0190476
-0.25	-2.77548	-0.0190476
-0.25	-86.0923	-0.0190476
-0.25	17.1877	-0.0190476
-0.25	-179.01	-0.0190476
-0.25	137.369	-0.0190476
-0.25	105.367	-0.0190476
-0.25	116.778	-0.0190476
-0.25	-88.0705	-0.0190476
-0.25	-76.95	-0.0190476
-0.25	-145.515	-0.0190476
-0.25	-79.8577	-0.0190476
-0.25	178.281	-0.0190476
-0.25	25.1569	-0.0190476
-0.25	-161.161	-0.0190476
-0.25	103.283	-0.0190476
-0.25	78.8043	-0.0190476
-0.25	2.3346	-0.0190476
-0.25	70.6393	-0.0190476
-0.25	100.285	-0.0190476
-0.25	-23.5365	-0.0190476
-0.25	-65.5715	-0.0190476
-0.25	142.579	-0.0190476
-0.25	-44.9685	-0.0190476
-0.25	59.0491	-0.0190476
-0.25	48.0281	-0.0190476
-0.25	94.6782	-0.0190476
-0.25	-107.218	-0.0190476
-0.25	-40.0685	-0.0190476
-0.25	145.238	-0.0190476
-0.25	21.7135	-0.0190476
-0.25	-24.3069	-0.0190476
-0.25	-3.84816	-0.0190476
-0.25	125.167	-0.0190476
-0.25	-6.76962	-0.0190476
-0.25	3.43996	-0.0190476
-0.25	144.882	-0.0190476
-0.25	-79.3606	-0.0190476
-0.25	143.834	-0.0190476
-0.25	81.8211	-0.0190476
-0.25	-87.5691	-0.0190476
-0.25	-26.5528	-0.0190476
-0.25	-44.327	-0.0190476
-0.25	63.8799	-0.0190476
-0.25	101.668	-0.0190476
-0.25	-128.09	-0.0190476
-0.25	-9.26751	-0.0190476
-0.25	52.3174	-0.0190476
-0.25	-79.6117	-0.0190476
-0.25	121.982	-0.0190476
-0.25	-8.4793	-0.0190476
-0.25	-136.673	-0.0190476
-0.25	133.253	-0.0190476
-0.25	-59.0681	-0.0190476
-0.25	-134.963	-0.0190476
-0.25	-114.364	-0.0190476
-0.25	-101.571	-0.0190476
-0.25	34.917	-0.0190476
-0.25	67.6829	-0.0190476
-0.25	-117.769	-0.0190476
-0.25	-114.611	-0.0190476
-0.25	-37.9114	-0.0190476
-0.25	140.974	-0.0190476
-0.25	-42.9242	-0.0190476
-0.25	6.85733	-0.0190476
-0.25	171.999	-0.0190476
-0.25	134.716	-0.0190476
-0.25	-23.9447	-0.0190476
-0.25	63.6978	-0.0190476
-0.25	-157.982	-0.0190476
-0.25	96.1101	-0.0190476
-0.25	165.144	-0.0190476
-0.25	-101.622	-0.0190476
-0.25	17.3023	-0.0190476
-0.25	149.883	-0.0190476
-0.25	54.9553	-0.0190476
-0.25	7.57987	-0.0190476
-0.25	83.8151	-0.0190476
-0.25	-133.519	-0.0190476
-0.25	-71.3697	-0.0190476
-0.25	69.1974	-0.0190476
-0.25	125.978	-0.0190476
-0.25	4.93081	-0.0190476
-0.25	-112.525	-0.0190476
-0.25	91.1162	-0.0190476
-0.25	-98.9794	-0.0190476
-0.25	-48.0837	-0.0190476
-0.25	1.42459	-0.0190476
-0.25	-41.6851	-0.0190476
-0.25	-13.4386	-0.0190476
-0.25	-47.594	-0.0190476
-0.25	-83.2113	-0.0190476
-0.25	26.9091	-0.0190476
-0.25	-110.785	-0.0190476
-0.25	-140.709	-0.0190476
-0.25	-73.9392	-0.0190476
-0.25	-47.2803	-0.0190476
-0.25	117.22	-0.0190476
-0.25	156.282	-0.0190476
-0.25	50.174	-0.0190476
-0.25	-134.853	-0.0190476
-0.25	-70.3862	-0.0190476
-0.25	-19.074	-0.0190476
-0.25	121.903	-0.0190476
-0.25	118.043	-0.0190476
-0.25	-54.4428	-0.0190476
-0.25	129.794	-0.0190476
-0.25	-87.4857	-0.0190476
-0.25	178.795	-0.0190476
-0.25	127.27	-0.0190476
-0.25	33.13	-0.0190476
-0.25	39.5142	-0.0190476
-0.25	99.4579	-0.0190476
-0.25	10.7602	-0.0190476
-0.25	-162.587	-0.0190476
-0.25	46.762	-0.0190476
-0.25	-132.313	-0.0190476
-0.25	-135.223	-0.0190476
-0.25	101.719	-0.0190476
-0.25	123.188	-0.0190476
-0.25	-10.532	-0.0190476
-0.25	-175.938	-0.0190476
-0.25	-64.4135	-0.0190476
-0.25	-2.35275	-0.0190476
-0.25	77.7918	-0.0190476
-0.25	133.156	-0.0190476
-0.25	18.7399	-0.0190476
-0.25	-87.9171	-0.0190476
-0.25	175.615	-0.0190476
-0.25	133.367	-0.0190476
-0.25	105.451	-0.0190476
-0.25	178.295	-0.0190476
-0.25	-178.532	-0.0190476
-0.25	70.344	-0.0190476
-0.25	-140.131	-0.0190476
-0.25	-43.7725	-0.0190476
-0.25	-99.1429	-0.0190476
-0.25	160.35	-0.0190476
-0.25	13.2608	-0.0190476
-0.25	103.992	-0.0190476
-0.25	85.5469	-0.0190476
-0.25	-53.2483	-0.0190476
-0.25	57.3645	-0.0190476
-0.25	-53.6682	-0.0190476
-0.25	-41.0024	-0.0190476
-0.25	-86.5356	-0.0190476
-0.25	74.9721	-0.0190476
-0.25	18.4293	-0.0190476
-0.25	-156.452	-0.0190476
-0.25	101.093	-0.0190476
-0.25	173.315	-0.0190476
-0.25	87.7106	-0.0190476
-0.25	66.8051	-0.0190476
-0.25	-52.2148	-0.0190476
-0.25	51.4705	-0.0190476
-0.25	-9.02736	-0.0190476
-0.25	-122.102	-0.0190476
-0.25	-147.722	-0.0190476
-0.25	-94.9493	-0.0190476
-0.25	-51.974	-0.0190476
-0.25	30.8338	-0.0190476
0.3	165.304	1
0.3	137.392	1
0.3	6.37392	1
0.3	-152.427	1
0.3	137.685	1
0.3	137.865	1
0.3	108.986	1
0.3	-18.213	1
0.3	-105.228	1
0.3	-49.3191	1
0.3	29.1057	1
0.3	-97.1195	1
0.3	14.1837	1
0.3	35.5139	1
0.3	85.1492	1
0.3	107.485	1
0.3	157.27	1
0.3	-82.728	1
0.3	-92.9617	1
0.3	58.1249	1
0.3	65.616	1
0.3	69.8369	1
0.3	-29.8587	1
0.3	-154.174	1
0.3	-168.122	1
0.3	-5.56123	1
0.3	-91.8368	1
0.3	-77.5036	1
0.3	-58.743	1
0.3	65.0647	1
0.3	-81.9773	1
0.3	63.5512	1
0.3	-24.8825	1
0.3	125.537	1
0.3	-126.549	1
0.3	89.9482	1
0.3	118.975	1
0.3	-42.988	1
0.3	-50.9032	1
0.3	101.387	1
0.3	176.253	1
0.3	95.4072	1
0.3	-60.6809	1
0.3	-72.664	1
0.3	-46.3404	1
0.3	-128.494	1
0.3	99.4768	1
0.3	156.821	1
0.3	94.8408	1
0.3	23.5503	1
0.3	-73.8173	1
0.3	129.293	1
0.3	72.5572	1
0.3	163.571	1
0.3	60.9093	1
0.3	34.4924	1
0.3	85.334	1
0.3	113.236	1
0.3	71.3551	1
0.3	-107.565	1
0.3	-102.682	1
0.3	-101.92	1
0.3	152.784	1
0.3	-53.8163	1
0.3	89.0363	1
0.3	124.711	1
0.3	148.854	1
0.3	10.4046	1
0.3	-168.905	1
0.3	-96.7375	1
0.3	-42.3241	1
0.3	150.106	1
0.3	-81.8413	1
0.3	35.8457	1
0.3	-118.711	1
0.3	-105.029	1
0.3	-82.7289	1
0.3	-12.2482	1
0.3	168.852	1
0.3	96.3068	1
0.3	-107.272	1
0.3	-178.202	1
0.3	-11.01	1
0.3	163.596	1
0.3	157.206	1
0.3	-177.837	1
0.3	126.295	1
0.3	-36.034	1
0.3	-153.481	1
0.3	-61.4322	1
0.3	50.8642	1
0.3	52.8348	1
0.3	43.3405	1
0.3	-37.9531	1
0.3	102.101	1
0.3	98.3651	1
0.3	129.133	1
0.3	93.9459	1
0.3	-179.192	1
0.3	16.2305	1
0.3	-23.4245	1
0.3	-27.4951	1
0.3	-153.486	1
0.3	77.9045	1
0.3	6.03135	1
0.3	167.882	1
0.3	-176.67	1
0.3	-79.2936	1
0.3	29.2276	1
0.3	175.575	1
0.3	15.576	1
0.3	131.896	1
0.3	-123.179	1
0.3	149.129	1
0.3	-127.639	1
0.3	173.678	1
0.3	77.8734	1
0.3	-64.4341	1
0.3	-51.6129	1
0.3	3.09335	1
0.3	-63.4876	1
0.3	129.824	1
0.3	57.7436	1
0.3	-106.961	1
0.3	22.5016	1
0.3	-36.4264	1
0.3	53.591	1
0.3	162.078	1
0.3	-32.3899	1
0.3	-46.3554	1
0.3	-134.387	1
0.3	27.9769	1
0.3	87.1041	1
0.3	138.769	1
0.3	130.962	1
0.3	-103.028	1
0.3	91.137	1
0.3	-15.3243	1
0.3	-152.731	1
0.3	-75.3726	1
0.3	-161.848	1
0.3	137.82	1
0.3	-100.395	1
0.3	92.3568	-0.047619
0.3	95.5607	-0.047619
0.3	-130.444	-0.047619
0.3	50.1815	-0.047619
0.3	178.247	-0.047619
0.3	-124.477	-0.047619
0.3	151.975	-0.047619
0.3	-178.638	-0.047619
0.3	146.957	-0.047619
0.3	-119.508	-0.047619
0.3	86.2417	-0.047619
0.3	-97.538	-0.047619
0.3	106.431	-0.047619
0.3	-166.051	-0.047619
0.3	-176.851	-0.047619
0.3	155.241	-0.047619
0.3	166.496	-0.047619
0.3	63.5971	-0.047619
0.3	38.5192	-0.047619
0.3	136.063	-0.047619
0.3	-145.542	-0.047619
0.3	-159.847	-0.047619
0.3	-18.867	-0.047619
0.3	-58.0699	-0.047619
0.3	-158.604	-0.047619
0.3	-76.407	-0.047619
0.3	-14.0817	-0.047619
0.3	-46.4645	-0.047619
0.3	82.5899	-0.047619
0.3	156.189	-0.047619
0.3	150.694	-0.047619
0.3	137.301	-0.047619
0.3	-138.536	-0.047619
0.3	99.5872	-0.047619
0.3	-140.929	-0.047619
0.3	-50.7279	-0.047619
0.3	-54.5347	-0.047619
0.3	70.082	-0.047619
0.3	-134.183	-0.047619
0.3	21.0078	-0.047619
0.3	-12.2366	-0.047619
0.3	-172.451	-0.047619
0.3	-113.379	-0.047619
0.3	136.526	-0.047619
0.3	-12.7047	-0.047619
0.3	135.302	-0.047619
0.3	-19.1676	-0.047619
0.3	-151.823	-0.047619
0.3	69.6341	-0.047619
0.3	-142.752	-0.047619
0.3	-140.022	-0.047619
0.3	5.1533	-0.047619
0.3	4.99553	-0.047619
0.3	50.6432	-0.047619
0.3	127.554	-0.047619
0.3	153.217	-0.047619
0.3	91.8202	-0.047619
0.3	160.617	-0.047619
0.3	-42.32	-0.047619
0.3	28.7839	-0.047619
0.3	-138.265	-0.047619
0.3	-125.756	-0.047619
0.3	-153.301	-0.047619
0.3	44.2233	-0.047619
0.3	18.2297	-0.047619
0.3	-1.56027	-0.047619
0.3	-128.263	-0.047619
0.3	-123.784	-0.047619
0.3	-81.4629	-0.047619
0.3	-148.269	-0.047619
0.3	-116.564	-0.047619
0.3	-85.8015	-0.047619
0.3	0.868379	-0.047619
0.3	-134.988	-0.047619
0.3	174.108	-0.047619
0.3	-102.819	-0.047619
0.3	-117.847	-0.047619
0.3	-45.1267	-0.047619
0.3	102.257	-0.047619
0.3	31.4685	-0.047619
0.3	-84.2434	-0.047619
0.3	16.7481	-0.047619
0.3	-113.177	-0.047619
0.3	-48.7838	-0.047619
0.3	28.9604	-0.047619
0.3	-164.452	-0.047619
0.3	39.8868	-0.047619
0.3	104.234	-0.047619
0.3	-152.274	-0.047619
0.3	-145.128	-0.047619
0.3	-122.398	-0.047619
0.3	38.3375	-0.047619
0.3	-136.73	-0.047619
0.3	61.3904	-0.047619
0.3	60.3209	-0.047619
0.3	81.9394	-0.047619
0.3	-162.28	-0.047619
0.3	19.3997	-0.047619
0.3	67.3585	-0.047619
0.3	-143.908	-0.047619
0.3	-61.3519	-0.047619
0.3	-12.173	-0.047619
0.3	6.23604	-0.047619
0.3	41.9421	-0.047619
0.3	-107.74	-0.047619
0.3	-106.961	-0.047619
0.3	130.641	-0.047619
0.3	-58.2676	-0.047619
0.3	-71.7201	-0.047619
0.3	-42.3214	-0.047619
0.3	28.8235	-0.047619
0.3	87.1291	-0.047619
0.3	86.31	-0.047619
0.3	-5.95708	-0.047619
0.3	48.5956	-0.047619
0.3	-159.602	-0.047619
0.3	-75.8615	-0.047619
0.3	18.279	-0.047619
0.3	-82.3356	-0.047619
0.3	-111.51	-0.047619
0.3	-67.3577	-0.047619
0.3	-148.61	-0.047619
0.3	12.5872	-0.047619
0.3	157.918	-0.047619
0.3	49.0454	-0.047619
0.3	-32.9134	-0.047619
0.3	1.23021	-0.047619
0.3	8.2742	-0.047619
0.3	-146.212	-0.047619
0.3	87.3225	-0.047619
0.3	134.21	-0.047619
0.3	-57.0566	-0.047619
0.3	-3.51806	-0.047619
0.3	172.515	-0.047619
0.3	78.1655	-0.047619
0.3	-176.662	-0.047619
0.3	-104.459	-0.047619
0.3	27.0828	-0.047619
0.3	21.669	-0.047619
0.3	121.225	-0.047619
0.3	158.391	-0.047619
0.3	-103.846	-0.047619
0.3	-120.967	-0.047619
0.3	-158.769	-0.047619
0.3	-118.761	-0.047619
0.3	-92.3548	-0.047619
0.3	2.62235	-0.047619
0.3	-135.756	-0.047619
0.3	-51.6866	-0.047619
0.3	-144.051	-0.047619
-0.25	-178.403	1
-0.25	-48.0592	1
-0.25	101.148	1
-0.25	172.526	1
-0.25	69.2616	1
-0.25	-161.574	1
-0.25	-26.3991	1
-0.25	-22.5979	1
-0.25	112.104	1
-0.25	61.1455	1
-0.25	171.651	1
-0.25	-104.438	1
-0.25	-134.534	1
-0.25	-136.434	1
-0.25	17.1619	1
-0.25	-161.042	1
-0.25	-113.512	1
-0.25	-50.3695	1
-0.25	-176.255	1
-0.25	-38.6574	1
-0.25	104.193	1
-0.25	31.731	1
-0.25	-24.6488	1
-0.25	-147.625	1
-0.25	150.958	1
-0.25	28.2166	1
-0.25	85.541	1
-0.25	72.3547	1
-0.25	30.5483	1
-0.25	-179.671	1
-0.25	-113.652	1
-0.25	-86.2857	1
-0.25	12.4039	1
-0.25	-11.6054	1
-0.25	-74.6169	1
-0.25	-124.577	1
-0.25	-126.209	1
-0.25	-155.811	1
-0.25	-152.191	1
-0.25	165.144	1
-0.25	43.108	1
-0.25	87.2589	1
-0.25	-43.3676	1
-0.25	8.48425	1
-0.25	-2.74817	1
-0.25	118.228	1
-0.25	136.891	1
-0.25	-178.859	1
-0.25	-17.3142	1
-0.25	124.872	1
-0.25	87.4652	1
-0.25	129.956	1
-0.25	-43.6693	1
-0.25	24.667	1
-0.25	84.6551	1
-0.25	82.341	1
-0.25	-77.9744	1
-0.25	175.403	1
-0.25	-155.822	1
-0.25	-120.673	1
-0.25	-170.465	1
-0.25	128.68	1
-0.25	-127.431	1
-0.25	-153.21	1
-0.25	-55.5584	1
-0.25	133.101	1
-0.25	163.008	1
-0.25	41.5211	1
-0.25	87.7746	1
-0.25	132.43	1
-0.25	-159.122	1
-0.25	-91.8651	1
-0.25	113.772	1
-0.25	105.49	1
-0.25	-159.199	1
-0.25	14.5607	1
-0.25	121.018	1
-0.25	-158.445	1
-0.25	-102.701	1
-0.25	-142.062	1
-0.25	-145.389	1
-0.25	164.752	1
-0.25	34.1729	1
-0.25	107.56	1
-0.25	-109.08	1
-0.25	52.1846	1
-0.25	-102.453	1
-0.25	49.3722	1
-0.25	-133.882	1
-0.25	140.159	1
-0.25	115.323	1
-0.25	81.4595	1
-0.25	94.4685	1
-0.25	122.266	1
-0.25	113.212	1
-0.25	-56.4394	1
-0.25	-176.477	1
-0.25	-170.22	1
-0.25	-1.46459	1
-0.25	147.64	1
-0.25	-106.897	1
-0.25	-140.209	1
-0.25	-56.3955	1
-0.25	23.054	1
-0.25	93.8134	1
-0.25	-109.914	1
-0.25	-118.978	1
-0.25	-61.566	1
-0.25	-143.992	1
-0.25	-75.5154	1
-0.25	-156.272	1
-0.25	157.215	1
-0.25	116.849	-0.047619
-0.25	-95.8362	-0.047619
-0.25	162.713	-0.047619
-0.25	-10.7754	-0.047619
-0.25	112.229	-0.047619
-0.25	28.4749	-0.047619
-0.25	99.3733	-0.047619
-0.25	-108.982	-0.047619
-0.25	-12.1158	-0.047619
-0.25	-11.9974	-0.047619
-0.25	12.1641	-0.047619
-0.25	-44.4163	-0.047619
-0.25	129.424	-0.047619
-0.25	31.7614	-0.047619
-0.25	78.351	-0.047619
-0.25	-39.2431	-0.047619
-0.25	-94.6421	-0.047619
-0.25	130.626	-0.047619
-0.25	8.52298	-0.047619
-0.25	177.567	-0.047619
-0.25	162.406	-0.047619
-0.25	-92.5676	-0.047619
-0.25	132.128	-0.047619
-0.25	-132.618	-0.047619
-0.25	3.60427	-0.047619
-0.25	102.848	-0.047619
-0.25	109.353	-0.047619
-0.25	-51.3362	-0.047619
-0.25	12.2916	-0.047619
-0.25	-143.279	-0.047619
-0.25	102.955	-0.047619
-0.25	-6.78194	-0.047619
-0.25	-112.906	-0.047619
-0.25	-126.086	-0.047619
-0.25	156.653	-0.047619
-0.25	98.5561	-0.047619
-0.25	15.5879	-0.047619
-0.25	-103.338	-0.047619
-0.25	146.573	-0.047619
-0.25	120.308	-0.047619
-0.25	-68.9436	-0.047619
-0.25	122.515	-0.047619
-0.25	113.716	-0.047619
-0.25	-129.904	-0.047619
-0.25	137.382	-0.047619
-0.25	145.288	-0.047619
-0.25	-140.947	-0.047619
-0.25	152.585	-0.047619
-0.25	121.922	-0.047619
-0.25	123.349	-0.047619
-0.25	46.3198	-0.047619
-0.25	-157.009	-0.047619
-0.25	-36.4794	-0.047619
-0.25	-179.968	-0.047619
-0.25	-83.6858	-0.047619
-0.25	-169.668	-0.047619
-0.25	-67.2071	-0.047619
-0.25	-24.6598	-0.047619
-0.25	24.3969	-0.047619
-0.25	-23.2846	-0.047619
-0.25	-52.5006	-0.047619
-0.25	-48.5953	-0.047619
-0.25	-150.686	-0.047619
-0.25	173.293	-0.047619
-0.25	-17.4314	-0.047619
-0.25	-50.0456	-0.047619
-0.25	43.5692	-0.047619
-0.25	153.389	-0.047619
-0.25	104.748	-0.047619
-0.25	117.217	-0.047619
-0.25	-4.8971	-0.047619
-0.25	-83.2393	-0.047619
-0.25	-144.739	-0.047619
-0.25	-53.0788	-0.047619
-0.25	0.354218	-0.047619
-0.25	177.429	-0.047619
-0.25	-100.075	-0.047619
-0.25	-168.87	-0.047619
-0.25	-156.799	-0.047619
-0.25	-66.8992	-0.047619
-0.25	2.33535	-0.047619
-0.25	15.042	-0.047619
-0.25	-17.939	-0.047619
-0.25	-127.946	-0.047619
-0.25	-1.94581	-0.047619
-0.25	37.5734	-0.047619
-0.25	-10.7298	-0.047619
-0.25	116.189	-0.047619
-0.25	-47.9682	-0.047619
-0.25	-54.1796	-0.047619
-0.25	81.304	-0.047619
-0.25	-66.8037	-0.047619
-0.25	178.17	-0.047619
-0.25	-39.5808	-0.047619
-0.25	107.81	-0.047619
-0.25	89.1829	-0.047619
-0.25	118.573	-0.047619
-0.25	-163.761	-0.047619
-0.25	-29.6778	-0.047619
-0.25	-15.0423	-0.047619
-0.25	72.952	-0.047619
-0.25	134.23	-0.047619
-0.25	179.341	-0.047619
-0.25	-55.6462	-0.047619
-0.25	-97.7916	-0.047619
-0.25	114.475	-0.047619
-0.25	146.827	-0.047619
-0.25	51.346	-0.047619
-0.25	-35.7165	-0.047619
-0.25	5.73934	-0.047619
-0.25	-148.968	-0.047619
-0.25	-32.3303	-0.047619
-0.25	-44.9687	-0.047619
-0.25	20.2427	-0.047619
-0.25	16.3447	-0.047619
-0.25	-176.81	-0.047619
-0.25	-18.7806	-0.047619
-0.25	151.084	-0.047619
0.3	-175.978	1
0.3	152.412	1
0.3	122.112	1
0.3	-43.5874	1
0.3	-58.3609	1
0.3	-21.774	1
0.3	0.340527	1
0.3	69.3921	1
0.3	26.1397	1
0.3	-153.645	1
0.3	91.5959	1
0.3	-65.1654	1
0.3	-135.968	1
0.3	67.4127	1
0.3	-30.2979	1
0.3	-165.137	1
0.3	-97.0802	1
0.3	144.186	1
0.3	40.6587	1
0.3	5.87558	1
0.3	-4.35384	1
0.3	165.001	1
0.3	20.05	1
0.3	-91.0976	1
0.3	93.0026	1
0.3	-162.267	1
0.3	-11.2137	1
0.3	161.946	1
0.3	80.68	1
0.3	-38.6208	1
0.3	-93.7269	1
0.3	138.184	1
0.3	-101.868	1
0.3	-163.805	1
0.3	97.2655	1
0.3	95.5061	1
0.3	-6.66178	1
0.3	115.932	1
0.3	-122.311	1
0.3	-37.678	1
0.3	138.615	1
0.3	-4.98662	1
0.3	-89.5061	1
0.3	11.7055	1
0.3	70.2836	1
0.3	-40.7424	1
0.3	73.6152	1
0.3	-126.103	1
0.3	33.3068	1
0.3	-80.5238	1
0.3	28.1662	1
0.3	-45.149	1
0.3	-120.151	1
0.3	-63.8054	1
0.3	120.515	1
0.3	-75.3725	1
0.3	141.99	1
0.3	-125.284	1
0.3	-94.1656	1
0.3	-177.926	1
0.3	134.278	1
0.3	30.0013	1
0.3	-57.8562	1
0.3	-1.74124	1
0.3	72.2319	1
0.3	-174.483	1
0.3	-53.0561	1
0.3	-20.2089	1
0.3	54.4149	1
0.3	165.051	1
0.3	166.659	1
0.3	-31.4304	1
0.3	81.9621	1
0.3	-154.087	1
0.3	153.034	1
0.3	-119.703	1
0.3	-33.1623	1
0.3	-18.4423	1
0.3	-47.5187	1
0.3	-97.7983	1
0.3	3.29699	1
0.3	-36.5802	1
0.3	166.801	1
0.3	-155.847	1
0.3	157.34	1
0.3	-84.0471	1
0.3	-108.648	1
0.3	69.7842	1
0.3	169.288	1
0.3	-165.417	1
0.3	-40.6658	1
0.3	-48.9836	1
0.3	41.3948	1
0.3	-42.5341	1
0.3	159.951	1
0.3	-118.674	1
0.3	-147.22	1
0.3	-89.6681	1
0.3	103.654	1
0.3	-133.476	1
0.3	-68.6244	1
0.3	29.1988	1
0.3	-73.1487	1
0.3	-80.8771	1
0.3	-28.537	1
0.3	58.3773	1
0.3	135.302	1
0.3	-38.6872	1
0.3	-82.3479	1
0.3	-125.816	1
0.3	22.429	1
0.3	-0.563012	1
0.3	169.458	1
0.3	-21.4063	1
0.3	-30.6298	1
0.3	75.5945	1
0.3	-97.6542	1
0.3	-8.18392	1
0.3	-94.6079	1
0.3	19.6615	1
0.3	111.903	1
0.3	-179.29	1
0.3	-112.874	1
0.3	114.892	1
0.3	-143.65	1
0.3	12.257	1
0.3	114.472	1
0.3	-163.241	1
0.3	-15.0575	1
0.3	118.672	1
0.3	96.9886	1
0.3	-73.2181	1
0.3	93.9862	1
0.3	34.596	1
0.3	178.908	1
0.3	153.681	1
0.3	152.643	1
0.3	-145.053	1
0.3	-13.851	1
0.3	163.199	1
0.3	51.185	1
0.3	162.058	1
0.3	31.8707	1
0.3	73.7228	-0.0666667
0.3	-12.1163	-0.0666667
0.3	108.351	-0.0666667
0.3	63.7289	-0.0666667
0.3	-121.301	-0.0666667
0.3	63.5476	-0.0666667
0.3	108.001	-0.0666667
0.3	-136.225	-0.0666667
0.3	-153.896	-0.0666667
0.3	161.161	-0.0666667
0.3	40.7688	-0.0666667
0.3	-121.992	-0.0666667
0.3	48.2584	-0.0666667
0.3	-7.15453	-0.0666667
0.3	-32.0037	-0.0666667
0.3	3.79418	-0.0666667
0.3	26.1939	-0.0666667
0.3	-21.5328	-0.0666667
0.3	57.6083	-0.0666667
0.3	96.1417	-0.0666667
0.3	129.164	-0.0666667
0.3	-111.668	-0.0666667
0.3	-144.461	-0.0666667
0.3	-143.423	-0.0666667
0.3	-21.7086	-0.0666667
0.3	75.8087	-0.0666667
0.3	29.0866	-0.0666667
0.3	-1.79722	-0.0666667
0.3	-40.844	-0.0666667
0.3	106.771	-0.0666667
0.3	-179.295	-0.0666667
0.3	-42.728	-0.0666667
0.3	85.125	-0.0666667
0.3	-31.4249	-0.0666667
0.3	-45.504	-0.0666667
0.3	4.31453	-0.0666667
0.3	18.2528	-0.0666667
0.3	27.5688	-0.0666667
0.3	19.8466	-0.0666667
0.3	-75.5168	-0.0666667
0.3	-70.6768	-0.0666667
0.3	64.5461	-0.0666667
0.3	-132.495	-0.0666667
0.3	-75.5683	-0.0666667
0.3	137.767	-0.0666667
0.3	-37.8999	-0.0666667
0.3	19.4353	-0.0666667
0.3	174.063	-0.0666667
0.3	-73.8793	-0.0666667
0.3	66.1212	-0.0666667
0.3	152.323	-0.0666667
0.3	-23.3651	-0.0666667
0.3	-155.479	-0.0666667
0.3	60.434	-0.0666667
0.3	-74.2927	-0.0666667
0.3	-121.918	-0.0666667
0.3	138.317	-0.0666667
0.3	-4.64488	-0.0666667
0.3	-3.78792	-0.0666667
0.3	122.944	-0.0666667
0.3	47.9094	-0.0666667
0.3	141.541	-0.0666667
0.3	154.606	-0.0666667
0.3	55.3415	-0.0666667
0.3	74.8762	-0.0666667
0.3	-6.38403	-0.0666667
0.3	149.184	-0.0666667
0.3	140.929	-0.0666667
0.3	-78.083	-0.0666667
0.3	-80.4993	-0.0666667
0.3	-21.0036	-0.0666667
0.3	-68.181	-0.0666667
0.3	113.542	-0.0666667
0.3	60.4347	-0.0666667
0.3	81.3428	-0.0666667
0.3	-167.812	-0.0666667
0.3	-174.252	-0.0666667
0.3	-136.594	-0.0666667
0.3	-1.88339	-0.0666667
0.3	-64.392	-0.0666667
0.3	-153.843	-0.0666667
0.3	136.452	-0.0666667
0.3	158.818	-0.0666667
0.3	-127.271	-0.0666667
0.3	-160.404	-0.0666667
0.3	-56.9556	-0.0666667
0.3	-136.828	-0.0666667
0.3	113.863	-0.0666667
0.3	-117.594	-0.0666667
0.3	23.8874	-0.0666667
0.3	93.0822	-0.0666667
0.3	152.386	-0.0666667
0.3	17.7858	-0.0666667
0.3	-90.4633	-0.0666667
0.3	94.4137	-0.0666667
0.3	110.564	-0.0666667
0.3	150.32	-0.0666667
0.3	58.0294	-0.0666667
0.3	-16.8888	-0.0666667
0.3	-118.409	-0.0666667
0.3	-163.043	-0.0666667
0.3	-3.46596	-0.0666667
0.3	-122.849	-0.0666667
0.3	78.2927	-0.0666667
0.3	-28.0407	-0.0666667
0.3	-117.974	-0.0666667
0.3	-44.1692	-0.0666667
-0.25	15.7265	1
-0.25	109.844	1
-0.25	20.379	1
-0.25	-178.98	1
-0.25	-17.9932	1
-0.25	-80.6291	1
-0.25	66.7845	1
-0.25	58.4486	1
-0.25	-44.9392	1
-0.25	-121.65	1
-0.25	2.91962	1
-0.25	112.834	1
-0.25	-22.0496	1
-0.25	-23.9414	1
-0.25	159.115	1
-0.25	88.3128	1
-0.25	107.251	1
-0.25	153.532	1
-0.25	161.652	1
-0.25	-94.0675	1
-0.25	30.1681	1
-0.25	88.9872	1
-0.25	85.9265	1
-0.25	127.922	1
-0.25	-38.5903	1
-0.25	-68.8481	1
-0.25	-111.251	1
-0.25	106.279	1
-0.25	-124.762	1
-0.25	-5.97604	1
-0.25	53.1973	1
-0.25	129.295	1
-0.25	-47.5133	1
-0.25	-126.959	1
-0.25	100.562	1
-0.25	119.117	1
-0.25	72.7065	1
-0.25	-82.8811	1
-0.25	-153.146	1
-0.25	132.082	1
-0.25	-171.609	1
-0.25	131.963	1
-0.25	117.863	1
-0.25	68.7451	1
-0.25	132.14	1
-0.25	123.293	1
-0.25	-83.7437	1
-0.25	74.4366	1
-0.25	56.5509	1
-0.25	133.659	1
-0.25	62.1036	1
-0.25	-131.03	1
-0.25	86.276	1
-0.25	94.7296	1
-0.25	71.1678	1
-0.25	-113.837	1
-0.25	26.5923	1
-0.25	162.9	1
-0.25	-34.4839	1
-0.25	145.71	1
-0.25	-122.131	1
-0.25	-108.446	1
-0.25	17.3411	1
-0.25	-135.849	1
-0.25	-124.911	1
-0.25	-52.5908	1
-0.25	-159.382	1
-0.25	-46.944	1
-0.25	34.9925	1
-0.25	-148.648	1
-0.25	-124.285	1
-0.25	148.437	1
-0.25	-137.238	1
-0.25	-83.5198	1
-0.25	89.8139	1
-0.25	30.7728	1
-0.25	123.297	1
-0.25	-8.73359	1
-0.25	-86.5401	1
-0.25	-13.93	1
-0.25	-26.6354	1
-0.25	-178.723	1
-0.25	-172.668	1
-0.25	170.417	1
-0.25	153.917	1
-0.25	-122.213	1
-0.25	-86.6171	1
-0.25	-172.889	1
-0.25	-137.355	1
-0.25	81.0961	1
-0.25	29.9086	1
-0.25	44.1494	1
-0.25	144.124	1
-0.25	-41.7167	1
-0.25	-77.6254	1
-0.25	-151.841	1
-0.25	-93.6013	1
-0.25	83.2468	1
-0.25	-8.75976	1
-0.25	-74.2741	1
-0.25	-6.69053	1
-0.25	-55.4143	1
-0.25	14.929	1
-0.25	178.359	1
-0.25	-160.394	1
-0.25	46.7548	1
-0.25	-23.8857	1
-0.25	-70.9922	1
-0.25	158.85	1
-0.25	-39.1304	1
-0.25	-108.102	1
-0.25	-103.707	1
-0.25	-144.742	-0.0666667
-0.25	-75.3195	-0.0666667
-0.25	4.74497	-0.0666667
-0.25	112.5	-0.0666667
-0.25	113.511	-0.0666667
-0.25	151.036	-0.0666667
-0.25	-158.562	-0.0666667
-0.25	158.342	-0.0666667
-0.25	-15.0453	-0.0666667
-0.25	137.95	-0.0666667
-0.25	-31.103	-0.0666667
-0.25	95.0317	-0.0666667
-0.25	-73.8598	-0.0666667
-0.25	46.2655	-0.0666667
-0.25	-158.361	-0.0666667
-0.25	124.061	-0.0666667
-0.25	79.0135	-0.0666667
-0.25	152.952	-0.0666667
-0.25	-135.386	-0.0666667
-0.25	140.096	-0.0666667
-0.25	-9.5642	-0.0666667
-0.25	95.5257	-0.0666667
-0.25	-141.362	-0.0666667
-0.25	-86.0384	-0.0666667
-0.25	96.7771	-0.0666667
-0.25	-87.4858	-0.0666667
-0.25	64.439	-0.0666667
-0.25	-125.326	-0.0666667
-0.25	-80.8175	-0.0666667
-0.25	-137.264	-0.0666667
-0.25	-93.309	-0.0666667
-0.25	-115.564	-0.0666667
-0.25	-31.7633	-0.0666667
-0.25	91.8038	-0.0666667
-0.25	-31.4232	-0.0666667
-0.25	-124.809	-0.0666667
-0.25	-67.7938	-0.0666667
-0.25	37.1124	-0.0666667
-0.25	30.1056	-0.0666667
-0.25	142.804	-0.0666667
-0.25	-29.9856	-0.0666667
-0.25	-94.2538	-0.0666667
-0.25	-10.3072	-0.0666667
-0.25	118.083	-0.0666667
-0.25	-32.6259	-0.0666667
-0.25	59.8932	-0.0666667
-0.25	138.17	-0.0666667
-0.25	22.7399	-0.0666667
-0.25	122.983	-0.0666667
-0.25	-135.716	-0.0666667
-0.25	137.346	-0.0666667
-0.25	-177.534	-0.0666667
-0.25	143.026	-0.0666667
-0.25	28.5908	-0.0666667
-0.25	-165.788	-0.0666667
-0.25	-122.52	-0.0666667
-0.25	122.834	-0.0666667
-0.25	54.8188	-0.0666667
-0.25	-106.929	-0.0666667
-0.25	-67.4695	-0.0666667
-0.25	124.727	-0.0666667
-0.25	13.3643	-0.0666667
-0.25	39.4709	-0.0666667
-0.25	-48.8375	-0.0666667
-0.25	-63.5454	-0.0666667
-0.25	87.4798	-0.0666667
-0.25	-160.196	-0.0666667
-0.25	137.853	-0.0666667
-0.25	-50.6527	-0.0666667
-0.25	14.7236	-0.0666667
-0.25	1.95826	-0.0666667
-0.25	50.6077	-0.0666667
-0.25	112.946	-0.0666667
-0.25	-15.4198	-0.0666667
-0.25	-50.7878	-0.0666667
-0.25	178.762	-0.0666667
-0.25	164.561	-0.0666667
-0.25	-102.603	-0.0666667
-0.25	-133.579	-0.0666667
-0.25	-157.297	-0.0666667
-0.25	-171.204	-0.0666667
-0.25	78.6667	-0.0666667
-0.25	27.7308	-0.0666667
-0.25	-130.053	-0.0666667
0.3	-13.3445	1
0.3	-38.0281	1
0.3	75.304	1
0.3	129.211	1
0.3	-8.70772	1
0.3	41.4533	1
0.3	-71.9114	1
0.3	-158.073	1
0.3	-6.74365	1
0.3	-69.8233	1
0.3	57.6118	1
0.3	88.597	1
0.3	156.602	1
0.3	42.2848	1
0.3	-46.5871	1
0.3	9.94602	1
0.3	146.061	1
0.3	130.786	1
0.3	-65.3898	1
0.3	-63.7631	1
0.3	84.1008	1
0.3	114.155	1
0.3	-77.5025	1
0.3	-174.14	1
0.3	129.125	1
0.3	78.7243	1
0.3	-83.5779	1
0.3	-5.1077	1
0.3	-60.4801	1
0.3	42.6628	1
0.3	33.7829	1
0.3	-85.2157	1
0.3	160.1	1
0.3	-130.982	1
0.3	-119.09	1
0.3	-23.6964	1
0.3	-170.724	1
0.3	104.796	1
0.3	-50.033	1
0.3	-178.147	1
0.3	143.702	1
0.3	162.972	1
0.3	133.233	1
0.3	3.1252	1
0.3	-27.3412	1
0.3	5.71859	1
0.3	150.372	1
0.3	-80.8202	1
0.3	-123.677	1
0.3	33.6904	1
0.3	84.7584	1
0.3	10.6391	1
0.3	28.1144	1
0.3	65.6113	1
0.3	25.1956	1
0.3	19.9722	1
0.3	36.9013	1
0.3	-37.5235	1
0.3	-93.3568	1
0.3	-123.995	1
0.3	-18.0533	1
0.3	-43.9432	1
0.3	153.425	1
0.3	59.784	1
0.3	95.2207	1
0.3	84.1815	1
0.3	-68.5227	1
0.3	-54.408	1
0.3	-61.3263	1
0.3	-4.62874	1
0.3	-108.155	1
0.3	-16.1005	1
0.3	-61.0299	1
0.3	133.678	1
0.3	38.5336	1
0.3	89.273	1
0.3	-117.45	1
0.3	-126.94	1
0.3	61.7095	1
0.3	40.0763	1
0.3	-115.442	1
0.3	179.585	1
0.3	-84.5592	1
0.3	10.1642	1
0.3	65.9199	1
0.3	-142.009	1
0.3	80.0158	1
0.3	-70.7922	1
0.3	-116.088	1
0.3	8.1945	1
0.3	168.427	1
0.3	76.7591	1
0.3	-97.5818	1
0.3	16.0153	1
0.3	-76.6318	1
0.3	-139.87	1
0.3	45.6945	1
0.3	-42.3297	1
0.3	-63.4101	1
0.3	156.576	1
0.3	-56.7196	1
0.3	85.5135	1
0.3	90.3479	1
0.3	-87.0578	1
0.3	-32.0116	1
0.3	86.2356	1
0.3	171.541	1
0.3	-39.3267	1
0.3	152.54	1
0.3	-51.8528	1
0.3	-27.9636	1
0.3	71.5945	1
0.3	17.1491	1
0.3	98.6466	1
0.3	138.71	1
0.3	117.735	1
0.3	-106.852	1
0.3	169.589	1
0.3	80.1375	1
0.3	-35.7033	1
0.3	178.966	1
0.3	4.08698	1
0.3	-8.36588	1
0.3	138.247	1
0.3	-153.15	1
0.3	-33.4974	1
0.3	-15.1939	1
0.3	60.8266	1
0.3	-1.69471	1
0.3	116.804	1
0.3	136.921	1
0.3	-79.4696	1
0.3	-57.7568	1
0.3	-56.3854	1
0.3	-69.4439	1
0.3	169.054	1
0.3	71.277	1
0.3	-118.2	1
0.3	-68.5008	1
0.3	62.1198	1
0.3	60.4193	1
0.3	-50.7629	1
0.3	-106.294	1
0.3	96.904	-0.0285714
0.3	-103.346	-0.0285714
0.3	-171.275	-0.0285714
0.3	19.0369	-0.0285714
0.3	154.819	-0.0285714
0.3	-4.78321	-0.0285714
0.3	-7.09227	-0.0285714
0.3	-167.383	-0.0285714
0.3	-156.962	-0.0285714
0.3	39.4929	-0.0285714
0.3	-158.681	-0.0285714
0.3	-66.7692	-0.0285714
0.3	91.7768	-0.0285714
0.3	35.7233	-0.0285714
0.3	-152.252	-0.0285714
0.3	67.4127	-0.0285714
0.3	175.693	-0.0285714
0.3	-153.735	-0.0285714
0.3	115.491	-0.0285714
0.3	-70.7672	-0.0285714
0.3	142.962	-0.0285714
0.3	149.556	-0.0285714
0.3	-130.768	-0.0285714
0.3	97.6631	-0.0285714
0.3	-77.0509	-0.0285714
0.3	132.031	-0.0285714
0.3	64.0824	-0.0285714
0.3	139.78	-0.0285714
0.3	20.9661	-0.0285714
0.3	-166.776	-0.0285714
0.3	-172.508	-0.0285714
0.3	133.522	-0.0285714
0.3	73.2145	-0.0285714
0.3	-71.2787	-0.0285714
0.3	-85.7076	-0.0285714
0.3	-7.49516	-0.0285714
0.3	-72.3694	-0.0285714
0.3	-91.3758	-0.0285714
0.3	158.25	-0.0285714
0.3	-138.413	-0.0285714
0.3	-29.4	-0.0285714
0.3	-136.187	-0.0285714
0.3	32.4935	-0.0285714
0.3	112.565	-0.0285714
0.3	92.0624	-0.0285714
0.3	162.667	-0.0285714
0.3	1.25548	-0.0285714
0.3	38.5093	-0.0285714
0.3	155.576	-0.0285714
0.3	-109.205	-0.0285714
0.3	-111.751	-0.0285714
0.3	37.8373	-0.0285714
0.3	53.054	-0.0285714
0.3	155.992	-0.0285714
0.3	144.933	-0.0285714
0.3	-149.659	-0.0285714
0.3	-163.362	-0.0285714
0.3	-56.1767	-0.0285714
0.3	54.0573	-0.0285714
0.3	-107.617	-0.0285714
0.3	168.477	-0.0285714
0.3	-76.4857	-0.0285714
0.3	-64.4218	-0.0285714
0.3	-136.69	-0.0285714
0.3	-38.9644	-0.0285714
0.3	-105.615	-0.0285714
0.3	-29.608	-0.0285714
0.3	-173.062	-0.0285714
0.3	71.3378	-0.0285714
0.3	-38.8874	-0.0285714
0.3	90.7744	-0.0285714
0.3	63.5565	-0.0285714
0.3	80.4263	-0.0285714
0.3	89.2437	-0.0285714
0.3	163.733	-0.0285714
0.3	142.336	-0.0285714
0.3	76.7497	-0.0285714
0.3	82.4537	-0.0285714
0.3	164.959	-0.0285714
0.3	-74.1617	-0.0285714
0.3	-115.942	-0.0285714
0.3	177.931	-0.0285714
0.3	36.5019	-0.0285714
0.3	62.4068	-0.0285714
0.3	-165.297	-0.0285714
0.3	-45.2291	-0.0285714
0.3	172.137	-0.0285714
0.3	-58.291	-0.0285714
0.3	-76.5221	-0.0285714
0.3	-123.741	-0.0285714
0.3	84.6198	-0.0285714
0.3	144.773	-0.0285714
0.3	154.265	-0.0285714
0.3	28.81	-0.0285714
0.3	103.672	-0.0285714
0.3	175.035	-0.0285714
0.3	128.392	-0.0285714
0.3	-111.959	-0.0285714
0.3	71.0484	-0.0285714
0.3	117.394	-0.0285714
0.3	-125.056	-0.0285714
0.3	52.7452	-0.0285714
0.3	106.433	-0.0285714
0.3	152.174	-0.0285714
0.3	-109.823	-0.0285714
0.3	-19.8428	-0.0285714
0.3	-162.908	-0.0285714
0.3	-85.0601	-0.0285714
0.3	-140.288	-0.0285714
0.3	98.7938	-0.0285714
0.3	79.925	-0.0285714
0.3	-1.40528	-0.0285714
0.3	-14.444	-0.0285714
0.3	134.379	-0.0285714
0.3	-121.276	-0.0285714
0.3	-73.6422	-0.0285714
0.3	-156.445	-0.0285714
0.3	36.5714	-0.0285714
0.3	-24.1272	-0.0285714
0.3	93.8884	-0.0285714
0.3	58.1363	-0.0285714
0.3	-167.921	-0.0285714
0.3	-143.437	-0.0285714
0.3	68.8677	-0.0285714
0.3	-62.3156	-0.0285714
0.3	75.5821	-0.0285714
0.3	163.253	-0.0285714
0.3	-63.0334	-0.0285714
0.3	-52.9089	-0.0285714
0.3	8.89094	-0.0285714
0.3	-22.0574	-0.0285714
0.3	-36.6038	-0.0285714
0.3	81.0545	-0.0285714
0.3	156.585	-0.0285714
0.3	66.3794	-0.0285714
0.3	-175.884	-0.0285714
0.3	-92.154	-0.0285714
0.3	49.5603	-0.0285714
0.3	-166.409	-0.0285714
0.3	-72.6074	-0.0285714
0.3	101.324	-0.0285714
0.3	48.8943	-0.0285714
0.3	26.6967	-0.0285714
0.3	2.50288	-0.0285714
0.3	-82.756	-0.0285714
0.3	-157.277	-0.0285714
0.3	108.308	-0.0285714
0.3	-122.873	-0.0285714
0.3	-133.919	-0.0285714
0.3	-133.257	-0.0285714
0.3	15.9269	-0.0285714
0.3	-159.883	-0.0285714
0.3	11.1627	-0.0285714
0.3	1.71606	-0.0285714
0.3	-2.47788	-0.0285714
0.3	-20.3108	-0.0285714
0.3	103.944	-0.0285714
0.3	-139.714	-0.0285714
0.3	30.8473	-0.0285714
0.3	23.8956	-0.0285714
0.3	-19.0511	-0.0285714
0.3	131.042	-0.0285714
0.3	52.4678	-0.0285714
0.3	61.7375	-0.0285714
0.3	-41.7597	-0.0285714
0.3	-52.2644	-0.0285714
0.3	178.027	-0.0285714
0.3	118.495	-0.0285714
0.3	-102.96	-0.0285714
0.3	167.245	-0.0285714
0.3	169.646	-0.0285714
0.3	-83.3684	-0.0285714
0.3	8.14375	-0.0285714
0.3	71.9878	-0.0285714
0.3	-3.7178	-0.0285714
0.3	-143.2	-0.0285714
0.3	-155.949	-0.0285714
0.3	90.6407	-0.0285714
0.3	-33.8823	-0.0285714
0.3	-32.1078	-0.0285714
0.3	-162.497	-0.0285714
0.3	-1.78658	-0.0285714
0.3	54.5532	-0.0285714
0.3	107.631	-0.0285714
0.3	-11.4416	-0.0285714
0.3	-56.7157	-0.0285714
0.3	116.449	-0.0285714
0.3	-115.967	-0.0285714
0.3	-67.2417	-0.0285714
0.3	175.024	-0.0285714
0.3	-140.157	-0.0285714
0.3	-143.968	-0.0285714
0.3	160.06	-0.0285714
0.3	-139.162	-0.0285714
0.3	-77.0134	-0.0285714
0.3	143.141	-0.0285714
0.3	47.1613	-0.0285714
0.3	136.151	-0.0285714
0.3	-12.029	-0.0285714
0.3	-96.9111	-0.0285714
0.3	-87.53	-0.0285714
0.3	-120.123	-0.0285714
0.3	86.9595	-0.0285714
0.3	161.912	-0.0285714
0.3	-128.576	-0.0285714
0.3	177.789	-0.0285714
0.3	138.22	-0.0285714
0.3	-123.314	-0.0285714
0.3	58.7316	-0.0285714
0.3	-146.592	-0.0285714
0.3	-32.8921	-0.0285714
0.3	-151.422	-0.0285714
0.3	-68.3476	-0.0285714
0.3	-34.271	-0.0285714
0.3	44.8434	-0.0285714
0.3	-163.885	-0.0285714
0.3	-38.0476	-0.0285714
0.3	105.577	-0.0285714
0.3	87.7395	-0.0285714
0.3	2.2279	-0.0285714
0.3	-127.194	-0.0285714
0.3	83.0838	-0.0285714
0.3	22.6607	-0.0285714
0.3	32.6188	-0.0285714
0.3	50.5903	-0.0285714
0.3	85.4074	-0.0285714
0.3	97.059	-0.0285714
0.3	-165.693	-0.0285714
0.3	-91.0222	-0.0285714
0.3	-73.0309	-0.0285714
0.3	59.285	-0.0285714
0.3	73.9589	-0.0285714
0.3	-55.8389	-0.0285714
0.3	61.5959	-0.0285714
0.3	43.2953	-0.0285714
0.3	69.973	-0.0285714
0.3	-156.685	-0.0285714
0.3	-161.767	-0.0285714
0.3	46.2949	-0.0285714
0.3	171.928	-0.0285714
0.3	-111.799	-0.0285714
0.3	-61.1127	-0.0285714
0.3	-141.435	-0.0285714
0.3	39.2933	-0.0285714
0.3	110.034	-0.0285714
0.3	-57.1024	-0.0285714
0.3	-70.0706	-0.0285714
0.3	150.012	-0.0285714
0.3	31.2726	-0.0285714
0.3	37.1816	-0.0285714
0.3	-22.9668	-0.0285714
-0.25	66.026	1
-0.25	-167.364	1
-0.25	22.1434	1
-0.25	-177.427	1
-0.25	38.2457	1
-0.25	9.14823	1
-0.25	-116.995	1
-0.25	-104.587	1
-0.25	178.183	1
-0.25	-158.169	1
-0.25	-65.4942	1
-0.25	-152.608	1
-0.25	-48.7577	1
-0.25	-16.5855	1
-0.25	-104.797	1
-0.25	-105.523	1
-0.25	86.8012	1
-0.25	25.6101	1
-0.25	61.088	1
-0.25	-114.537	1
-0.25	-2.33539	1
-0.25	67.2803	1
-0.25	-62.5288	1
-0.25	-127.84	1
-0.25	148.623	1
-0.25	-81.1839	1
-0.25	-66.249	1
-0.25	112.144	1
-0.25	36.4523	1
-0.25	-138.037	1
-0.25	84.3228	1
-0.25	-80.1816	1
-0.25	54.5478	1
-0.25	-123.09	1
-0.25	172.079	1
-0.25	-96.8372	1
-0.25	84.1584	1
-0.25	105.647	1
-0.25	-165.986	1
-0.25	-20.9854	1
-0.25	0.23672	1
-0.25	127.973	1
-0.25	16.1688	1
-0.25	67.9596	1
-0.25	-176.016	1
-0.25	-86.3937	1
-0.25	138.582	1
-0.25	-111.494	1
-0.25	-54.018	1
-0.25	-10.687	1
-0.25	25.7479	1
-0.25	162.289	1
-0.25	-117.672	1
-0.25	-117.5	1
-0.25	-73.305	1
-0.25	-76.7473	1
-0.25	-163.178	1
-0.25	-106.262	1
-0.25	165.905	1
-0.25	-45.2042	1
-0.25	122.466	1
-0.25	-114.866	1
-0.25	76.1696	1
-0.25	-150.778	1
-0.25	126.455	1
-0.25	-30.0631	1
-0.25	41.0023	1
-0.25	97.6583	1
-0.25	103.718	1
-0.25	-158.031	1
-0.25	108.389	1
-0.25	39.6013	1
-0.25	45.2706	1
-0.25	-179.682	1
-0.25	-145.764	1
-0.25	-86.9416	1
-0.25	24.8792	1
-0.25	-103.281	1
-0.25	-32.1607	1
-0.25	160.489	1
-0.25	-171.829	1
-0.25	13.7361	1
-0.25	-0.0851519	1
-0.25	-78.4181	1
-0.25	25.1196	1
-0.25	50.9865	1
-0.25	-68.2094	1
-0.25	-122.488	1
-0.25	-89.8437	1
-0.25	-1.95221	1
-0.25	58.524	1
-0.25	58.9595	1
-0.25	55.0348	1
-0.25	-79.8049	1
-0.25	21.3171	1
-0.25	140.459	1
-0.25	-31.5989	1
-0.25	26.5407	1
-0.25	-153.932	1
-0.25	49.1424	1
-0.25	26.6432	1
-0.25	-130.972	1
-0.25	28.2268	1
-0.25	125.862	1
-0.25	177.362	1
-0.25	172.465	1
-0.25	81.3235	1
-0.25	105.434	1
-0.25	43.8493	1
-0.25	-161.221	1
-0.25	-105.688	1
-0.25	-156.638	1
-0.25	-159.517	-0.0285714
-0.25	-166.496	-0.0285714
-0.25	44.6365	-0.0285714
-0.25	-45.4578	-0.0285714
-0.25	106.441	-0.0285714
-0.25	118.415	-0.0285714
-0.25	124.022	-0.0285714
-0.25	86.0518	-0.0285714
-0.25	-85.3611	-0.0285714
-0.25	-75.5657	-0.0285714
-0.25	113.457	-0.0285714
-0.25	-50.8781	-0.0285714
-0.25	175.767	-0.0285714
-0.25	172.735	-0.0285714
-0.25	142.588	-0.0285714
-0.25	-20.7496	-0.0285714
-0.25	-72.7674	-0.0285714
-0.25	-35.2289	-0.0285714
-0.25	3.70199	-0.0285714
-0.25	116.11	-0.0285714
-0.25	16.1117	-0.0285714
-0.25	105.994	-0.0285714
-0.25	-34.7936	-0.0285714
-0.25	62.2199	-0.0285714
-0.25	32.154	-0.0285714
-0.25	132.006	-0.0285714
-0.25	-75.8678	-0.0285714
-0.25	61.858	-0.0285714
-0.25	-47.166	-0.0285714
-0.25	-97.8547	-0.0285714
-0.25	-93.5334	-0.0285714
-0.25	91.8688	-0.0285714
-0.25	73.4466	-0.0285714
-0.25	-141.088	-0.0285714
-0.25	-146.566	-0.0285714
-0.25	-100.599	-0.0285714
-0.25	43.4933	-0.0285714
-0.25	-154.752	-0.0285714
-0.25	-146.032	-0.0285714
-0.25	-36.4035	-0.0285714
-0.25	-105.352	-0.0285714
-0.25	99.3779	-0.0285714
-0.25	-62.3645	-0.0285714
-0.25	-18.914	-0.0285714
-0.25	125.964	-0.0285714
-0.25	-46.6025	-0.0285714
-0.25	10.1158	-0.0285714
-0.25	34.1618	-0.0285714
-0.25	-169.815	-0.0285714
-0.25	53.2208	-0.0285714
-0.25	46.9982	-0.0285714
-0.25	2.50194	-0.0285714
-0.25	174.603	-0.0285714
-0.25	-44.7437	-0.0285714
-0.25	-62.0298	-0.0285714
-0.25	-85.2418	-0.0285714
-0.25	65.1126	-0.0285714
-0.25	-21.8559	-0.0285714
-0.25	-120.875	-0.0285714
-0.25	81.1693	-0.0285714
-0.25	8.94776	-0.0285714
-0.25	158.379	-0.0285714
-0.25	153.155	-0.0285714
-0.25	-82.8369	-0.0285714
-0.25	114.138	-0.0285714
-0.25	-11.1197	-0.0285714
-0.25	-101.321	-0.0285714
-0.25	7.68575	-0.0285714
-0.25	-46.6925	-0.0285714
-0.25	-24.763	-0.0285714
-0.25	-176.595	-0.0285714
-0.25	-26.6064	-0.0285714
-0.25	19.8712	-0.0285714
-0.25	-84.8517	-0.0285714
-0.25	75.7236	-0.0285714
-0.25	109.028	-0.0285714
-0.25	-160.801	-0.0285714
-0.25	-32.9356	-0.0285714
-0.25	68.2507	-0.0285714
-0.25	-17.5296	-0.0285714
-0.25	-68.1097	-0.0285714
-0.25	-66.4275	-0.0285714
-0.25	40.4759	-0.0285714
-0.25	169.445	-0.0285714
-0.25	116.858	-0.0285714
-0.25	-6.02931	-0.0285714
-0.25	-92.724	-0.0285714
-0.25	-138.873	-0.0285714
-0.25	178.602	-0.0285714
-0.25	-38.36	-0.0285714
-0.25	44.2916	-0.0285714
-0.25	115.039	-0.0285714
-0.25	-169.406	-0.0285714
-0.25	-178.666	-0.0285714
-0.25	170.059	-0.0285714
-0.25	127.12	-0.0285714
-0.25	-139.278	-0.0285714
-0.25	-169.662	-0.0285714
-0.25	127.379	-0.0285714
-0.25	156.484	-0.0285714
-0.25	-115.692	-0.0285714
-0.25	56.7327	-0.0285714
-0.25	-17.0945	-0.0285714
-0.25	113.051	-0.0285714
-0.25	-94.8903	-0.0285714
-0.25	83.9001	-0.0285714
-0.25	-37.9391	-0.0285714
-0.25	-134.825	-0.0285714
-0.25	-30.1957	-0.0285714
-0.25	-54.8401	-0.0285714
-0.25	-50.0473	-0.0285714
-0.25	-69.3968	-0.0285714
-0.25	113.58	-0.0285714
-0.25	-114.092	-0.0285714
-0.25	176.123	-0.0285714
-0.25	137.414	-0.0285714
-0.25	75.1843	-0.0285714
-0.25	-138.764	-0.0285714
-0.25	118.686	-0.0285714
-0.25	-79.7843	-0.0285714
-0.25	99.4667	-0.0285714
-0.25	148.395	-0.0285714
-0.25	140.073	-0.0285714
-0.25	-36.6329	-0.0285714
-0.25	-74.3758	-0.0285714
-0.25	106.849	-0.0285714
-0.25	-125.632	-0.0285714
-0.25	-99.9336	-0.0285714
-0.25	165.394	-0.0285714
-0.25	-105.812	-0.0285714
-0.25	37.7278	-0.0285714
-0.25	-43.8992	-0.0285714
-0.25	-102.897	-0.0285714
-0.25	12.9093	-0.0285714
-0.25	-55.5286	-0.0285714
-0.25	31.2269	-0.0285714
-0.25	-150.931	-0.0285714
-0.25	-22.5174	-0.0285714
-0.25	-66.7064	-0.0285714
-0.25	142.067	-0.0285714
-0.25	-157.597	-0.0285714
-0.25	-121.45	-0.0285714
-0.25	37.47	-0.0285714
-0.25	-118.625	-0.0285714
-0.25	-125.221	-0.0285714
-0.25	71.0011	-0.0285714
-0.25	144.669	-0.0285714
-0.25	30.1981	-0.0285714
-0.25	-145.881	-0.0285714
-0.25	32.2035	-0.0285714
-0.25	-115.67	-0.0285714
-0.25	-165.51	-0.0285714
-0.25	-8.35405	-0.0285714
-0.25	-111.337	-0.0285714
-0.25	-90.406	-0.0285714
-0.25	-169.379	-0.0285714
-0.25	174.029	-0.0285714
-0.25	-127.761	-0.0285714
-0.25	155.539	-0.0285714
-0.25	41.1629	-0.0285714
-0.25	-172.08	-0.0285714
-0.25	-85.9162	-0.0285714
-0.25	90.4059	-0.0285714
-0.25	-140.162	-0.0285714
-0.25	-19.1907	-0.0285714
-0.25	78.6383	-0.0285714
-0.25	160.243	-0.0285714
-0.25	47.8663	-0.0285714
-0.25	-134.16	-0.0285714
-0.25	29.5517	-0.0285714
-0.25	35.2513	-0.0285714
-0.25	14.5447	-0.0285714
-0.25	-107.347	-0.0285714
-0.25	-44.7892	-0.0285714
-0.25	154.575	-0.0285714
-0.25	28.0991	-0.0285714
-0.25	143.42	-0.0285714
-0.25	64.7085	-0.0285714
-0.25	41.0949	-0.0285714
-0.25	127.643	-0.0285714
-0.25	100.301	-0.0285714
-0.25	-172.363	-0.0285714
-0.25	-135.419	-0.0285714
-0.25	-50.6998	-0.0285714
-0.25	55.8323	-0.0285714
-0.25	171.961	-0.0285714
-0.25	-92.1541	-0.0285714
-0.25	39.3108	-0.0285714
-0.25	129.879	-0.0285714
-0.25	-156.65	-0.0285714
-0.25	-35.062	-0.0285714
-0.25	-10.0151	-0.0285714
-0.25	100.973	-0.0285714
-0.25	-29.8921	-0.0285714
-0.25	116.481	-0.0285714
-0.25	139.997	-0.0285714
-0.25	-106.337	-0.0285714
-0.25	-133.594	-0.0285714
0.3	-28.3305	1
0.3	-143.358	1
0.3	129.951	1
0.3	139.019	1
0.3	-129.351	1
0.3	105.528	1
0.3	-109.246	1
0.3	16.864	1
0.3	-84.8289	1
0.3	132.856	1
0.3	25.997	1
0.3	139.949	1
0.3	89.982	1
0.3	25.7902	1
0.3	-159.328	1
0.3	-3.15935	1
0.3	-30.9311	1
0.3	164.306	1
0.3	171.67	1
0.3	-40.5699	1
0.3	-105.947	1
0.3	12.6604	1
0.3	123.08	1
0.3	15.0058	1
0.3	132.688	1
0.3	157.438	1
0.3	36.1235	1
0.3	179.736	1
0.3	-33.8991	1
0.3	164.365	1
0.3	114.848	1
0.3	127.394	1
0.3	-42.1449	1
0.3	-124.411	1
0.3	-35.7575	1
0.3	131.807	1
0.3	58.9246	1
0.3	-93.5203	1
0.3	155.227	1
0.3	-89.6979	1
0.3	-154.192	1
0.3	-96.7734	1
0.3	66.0287	1
0.3	177.04	1
0.3	-17.7275	1
0.3	59.299	1
0.3	-154.168	1
0.3	-54.4298	1
0.3	125.231	1
0.3	-52.7	1
0.3	34.397	1
0.3	-4.21941	1
0.3	-154.503	1
0.3	-171.16	1
0.3	-99.024	1
0.3	-9.41548	1
0.3	-31.5201	1
0.3	-72.1129	1
0.3	-13.7788	1
0.3	123.749	1
0.3	-77.4506	1
0.3	41.8639	1
0.3	-80.7131	1
0.3	74.3939	1
0.3	138.297	1
0.3	1.46414	1
0.3	62.9778	1
0.3	95.2462	1
0.3	-15.7575	1
0.3	139.602	1
0.3	-113.588	1
0.3	178.871	1
0.3	33.5637	1
0.3	24.6593	1
0.3	-91.2854	1
0.3	79.7	1
0.3	103.297	1
0.3	177.907	1
0.3	44.1088	1
0.3	-164.233	1
0.3	-136.041	1
0.3	125.489	1
0.3	141.366	1
0.3	139.086	1
0.3	55.9071	1
0.3	-22.7804	1
0.3	9.96457	1
0.3	100.699	1
0.3	16.5551	1
0.3	52.4132	1
0.3	-114.951	1
0.3	-163.468	1
0.3	62.1828	1
0.3	-28.5747	1
0.3	-83.3014	1
0.3	-145.864	1
0.3	-83.3957	1
0.3	-128.005	1
0.3	-75.6767	1
0.3	-140.488	1
0.3	-162.376	1
0.3	-42.0018	1
0.3	133.772	1
0.3	60.9616	1
0.3	-119.18	1
0.3	-52.0754	1
0.3	-174.511	1
0.3	-68.5376	1
0.3	108.064	1
0.3	-30.3116	1
0.3	-9.84876	1
0.3	83.9015	1
0.3	24.3863	1
0.3	73.7918	1
0.3	151.864	1
0.3	115.411	1
0.3	125.063	1
0.3	-34.3526	1
0.3	-5.58163	1
0.3	-168.09	1
0.3	-140.496	1
0.3	-141.319	1
0.3	147.024	1
0.3	-8.12797	1
0.3	10.2714	1
0.3	56.3612	1
0.3	67.077	1
0.3	-52.6744	1
0.3	-51.8524	1
0.3	-70.9568	1
0.3	43.8616	1
0.3	-172.812	1
0.3	-41.4283	1
0.3	-69.6903	1
0.3	-80.9288	1
0.3	55.6965	1
0.3	97.0707	1
0.3	-159.208	1
0.3	15.2843	1
0.3	87.3732	1
0.3	33.7509	1
0.3	63.5174	1
0.3	-21.4821	1
0.3	-7.75101	-0.052381
0.3	-86.3988	-0.052381
0.3	13.5437	-0.052381
0.3	-8.06389	-0.052381
0.3	2.91853	-0.052381
0.3	-154.044	-0.052381
0.3	-117.965	-0.052381
0.3	59.5599	-0.052381
0.3	109.97	-0.052381
0.3	-172.265	-0.052381
0.3	149.185	-0.052381
0.3	-132.083	-0.052381
0.3	12.9128	-0.052381
0.3	39.614	-0.052381
0.3	11.1653	-0.052381
0.3	50.7563	-0.052381
0.3	51.5286	-0.052381
0.3	-28.6946	-0.052381
0.3	113.232	-0.052381
0.3	-111.334	-0.052381
0.3	-163.554	-0.052381
0.3	42.905	-0.052381
0.3	-7.83917	-0.052381
0.3	95.456	-0.052381
0.3	-100.476	-0.052381
0.3	-153.808	-0.052381
0.3	-132.709	-0.052381
0.3	-122.467	-0.052381
0.3	-104.722	-0.052381
0.3	114.911	-0.052381
0.3	48.7874	-0.052381
0.3	-69.2093	-0.052381
0.3	128.903	-0.052381
0.3	-115.972	-0.052381
0.3	-79.9635	-0.052381
0.3	-58.1598	-0.052381
0.3	-98.2274	-0.052381
0.3	91.2008	-0.052381
0.3	2.59728	-0.052381
0.3	-126.843	-0.052381
0.3	57.1562	-0.052381
0.3	87.7262	-0.052381
0.3	-63.0661	-0.052381
0.3	-106.026	-0.052381
0.3	-106.438	-0.052381
0.3	165.329	-0.052381
0.3	169.668	-0.052381
0.3	-37.94	-0.052381
0.3	53.0073	-0.052381
0.3	-132.53	-0.052381
0.3	26.5718	-0.052381
0.3	107.168	-0.052381
0.3	173.345	-0.052381
0.3	-86.9672	-0.052381
0.3	166.25	-0.052381
0.3	97.3496	-0.052381
0.3	25.1935	-0.052381
0.3	-100.129	-0.052381
0.3	105.012	-0.052381
0.3	85.2031	-0.052381
0.3	-94.0243	-0.052381
0.3	-151.865	-0.052381
0.3	98.3085	-0.052381
0.3	21.8792	-0.052381
0.3	150.601	-0.052381
0.3	-31.7162	-0.052381
0.3	63.0438	-0.052381
0.3	-107.772	-0.052381
0.3	-136.205	-0.052381
0.3	90.234	-0.052381
0.3	-112.592	-0.052381
0.3	55.7336	-0.052381
0.3	-103.259	-0.052381
0.3	-53.76	-0.052381
0.3	-82.4465	-0.052381
0.3	111.293	-0.052381
0.3	-123.007	-0.052381
0.3	107.596	-0.052381
0.3	164.768	-0.052381
0.3	40.9401	-0.052381
0.3	-159.363	-0.052381
0.3	134.255	-0.052381
0.3	-36.8353	-0.052381
0.3	144.889	-0.052381
0.3	-44.1756	-0.052381
0.3	-17.3641	-0.052381
0.3	-29.0396	-0.052381
0.3	24.6213	-0.052381
0.3	1.99942	-0.052381
0.3	157.939	-0.052381
0.3	107.196	-0.052381
0.3	25.4356	-0.052381
0.3	44.9766	-0.052381
0.3	-167.735	-0.052381
0.3	-28.5126	-0.052381
0.3	-132.12	-0.052381
0.3	110.438	-0.052381
0.3	19.0807	-0.052381
0.3	-148.489	-0.052381
0.3	-80.5816	-0.052381
0.3	-69.5806	-0.052381
0.3	14.0122	-0.052381
0.3	-105.915	-0.052381
0.3	-3.61212	-0.052381
0.3	46.9547	-0.052381
0.3	-94.9608	-0.052381
0.3	-63.4291	-0.052381
0.3	74.2492	-0.052381
0.3	-31.809	-0.052381
0.3	97.066	-0.052381
0.3	-111.067	-0.052381
0.3	168.432	-0.052381
0.3	61.3533	-0.052381
0.3	-128.943	-0.052381
0.3	116.7	-0.052381
0.3	-145.528	-0.052381
0.3	86.9189	-0.052381
0.3	-118.618	-0.052381
0.3	69.8006	-0.052381
0.3	-121.52	-0.052381
0.3	-165.552	-0.052381
0.3	150.505	-0.052381
0.3	-75.6826	-0.052381
0.3	132.309	-0.052381
0.3	-26.522	-0.052381
0.3	61.2833	-0.052381
0.3	73.0653	-0.052381
0.3	42.7903	-0.052381
0.3	-173.31	-0.052381
0.3	6.41688	-0.052381
0.3	-144.389	-0.052381
0.3	-5.44081	-0.052381
0.3	77.8492	-0.052381
0.3	-105.399	-0.052381
0.3	48.1813	-0.052381
0.3	61.5405	-0.052381
-0.25	-120.086	1
-0.25	86.3164	1
-0.25	68.5587	1
-0.25	-122.71	1
-0.25	53.056	1
-0.25	38.1138	1
-0.25	-65.0793	1
-0.25	150.037	1
-0.25	-60.9085	1
-0.25	24.7989	1
-0.25	-22.4664	1
-0.25	33.3436	1
-0.25	52.0674	1
-0.25	15.6344	1
-0.25	-88.1539	1
-0.25	3.22201	1
-0.25	-1.63841	1
-0.25	126.08	1
-0.25	1.83355	1
-0.25	7.02829	1
-0.25	26.3386	1
-0.25	108.217	1
-0.25	-96.8832	1
-0.25	109.462	1
-0.25	-95.5942	1
-0.25	35.013	1
-0.25	-113.032	1
-0.25	-114.57	1
-0.25	-127.138	1
-0.25	-94.8055	1
-0.25	32.2216	1
-0.25	-21.9168	1
-0.25	-179.4	1
-0.25	-26.1542	1
-0.25	-94.4733	1
-0.25	-76.5669	1
-0.25	-46.7395	1
-0.25	-124.148	1
-0.25	-79.7366	1
-0.25	-21.5064	1
-0.25	163.14	1
-0.25	-115.346	1
-0.25	-169.352	1
-0.25	59.5766	1
-0.25	156.519	1
-0.25	93.3107	1
-0.25	-111.829	1
-0.25	162.693	1
-0.25	7.48605	1
-0.25	110.977	1
-0.25	-155.326	1
-0.25	50.3291	1
-0.25	61.8927	1
-0.25	-149.656	1
-0.25	7.42451	1
-0.25	7.38107	1
-0.25	-113.39	1
-0.25	-176.822	1
-0.25	-160.011	1
-0.25	-9.35155	1
-0.25	0.0298356	1
-0.25	-40.2302	1
-0.25	144.464	1
-0.25	31.2628	1
-0.25	-23.4524	1
-0.25	127.456	1
-0.25	47.6874	1
-0.25	170.316	1
-0.25	105.286	1
-0.25	-142.562	1
-0.25	-66.5296	1
-0.25	-127.403	1
-0.25	-32.5239	1
-0.25	83.8676	1
-0.25	54.2507	1
-0.25	-145.941	1
-0.25	81.4411	1
-0.25	103.932	1
-0.25	81.5701	1
-0.25	-73.2277	1
-0.25	169.437	1
-0.25	-33.2743	1
-0.25	139.621	1
-0.25	-1.71271	1
-0.25	123.807	1
-0.25	-7.79728	1
-0.25	58.6163	1
-0.25	-115.727	1
-0.25	-136.259	1
-0.25	22.071	1
-0.25	-160.656	1
-0.25	-63.0658	1
-0.25	-137.596	1
-0.25	90.9766	1
-0.25	-152.764	1
-0.25	-149.654	1
-0.25	-110.936	1
-0.25	-9.30224	1
-0.25	-173.498	1
-0.25	173.434	1
-0.25	-123.736	1
-0.25	11.3023	1
-0.25	-31.8541	1
-0.25	-28.3112	1
-0.25	-166.145	1
-0.25	148.028	1
-0.25	135.649	1
-0.25	75.2231	1
-0.25	1.19518	1
-0.25	138.267	1
-0.25	-143.894	1
-0.25	-116.574	1
-0.25	162.02	-0.052381
-0.25	-8.05984	-0.052381
-0.25	22.7127	-0.052381
-0.25	-30.7175	-0.052381
-0.25	162.258	-0.052381
-0.25	-11.0034	-0.052381
-0.25	-138.474	-0.052381
-0.25	-132.896	-0.052381
-0.25	-99.8097	-0.052381
-0.25	-87.1788	-0.052381
-0.25	142.425	-0.052381
-0.25	-51.4258	-0.052381
-0.25	170.924	-0.052381
-0.25	44.8934	-0.052381
-0.25	-75.7994	-0.052381
-0.25	-147.16	-0.052381
-0.25	-53.139	-0.052381
-0.25	67.5548	-0.052381
-0.25	41.4257	-0.052381
-0.25	82.4013	-0.052381
-0.25	-169.754	-0.052381
-0.25	31.7281	-0.052381
-0.25	-6.11001	-0.052381
-0.25	22.2099	-0.052381
-0.25	-117.221	-0.052381
-0.25	-14.8402	-0.052381
-0.25	-101.231	-0.052381
-0.25	139.261	-0.052381
-0.25	-53.5102	-0.052381
-0.25	21.1321	-0.052381
-0.25	13.5691	-0.052381
-0.25	50.4423	-0.052381
-0.25	81.4802	-0.052381
-0.25	-24.4847	-0.052381
-0.25	138.275	-0.052381
-0.25	-85.416	-0.052381
-0.25	-166.203	-0.052381
-0.25	152.21	-0.052381
-0.25	-155.06	-0.052381
-0.25	-168.392	-0.052381
-0.25	179.107	-0.052381
-0.25	-86.9348	-0.052381
-0.25	147.512	-0.052381
-0.25	-100.606	-0.052381
-0.25	146.721	-0.052381
-0.25	-160.277	-0.052381
-0.25	-95.5559	-0.052381
-0.25	-148.769	-0.052381
-0.25	36.6157	-0.052381
-0.25	-128.769	-0.052381
-0.25	-158.449	-0.052381
-0.25	-131.468	-0.052381
-0.25	33.4456	-0.052381
-0.25	-46.7574	-0.052381
-0.25	-78.7792	-0.052381
-0.25	43.3229	-0.052381
-0.25	100.11	-0.052381
-0.25	41.7876	-0.052381
-0.25	39.0667	-0.052381
-0.25	-45.9924	-0.052381
-0.25	-45.7403	-0.052381
-0.25	147.063	-0.052381
-0.25	-156.074	-0.052381
-0.25	142.529	-0.052381
-0.25	176.706	-0.052381
-0.25	14.969	-0.052381
-0.25	81.391	-0.052381
-0.25	-112.89	-0.052381
-0.25	-116.774	-0.052381
-0.25	-163.622	-0.052381
-0.25	-164.989	-0.052381
-0.25	-80.711	-0.052381
-0.25	61.5888	-0.052381
-0.25	-16.9478	-0.052381
-0.25	-59.2248	-0.052381
-0.25	-112.174	-0.052381
-0.25	-146.051	-0.052381
-0.25	-71.5455	-0.052381
-0.25	37.4919	-0.052381
-0.25	-59.1369	-0.052381
-0.25	-146.28	-0.052381
-0.25	83.1959	-0.052381
-0.25	-122.386	-0.052381
-0.25	128.576	-0.052381
-0.25	-14.0303	-0.052381
-0.25	10.9332	-0.052381
-0.25	-62.4241	-0.052381
-0.25	-155.497	-0.052381
-0.25	-165.548	-0.052381
-0.25	109.066	-0.052381
-0.25	-68.907	-0.052381
-0.25	121.096	-0.052381
-0.25	10.984	-0.052381
-0.25	-41.8484	-0.052381
-0.25	102.663	-0.052381
-0.25	-98.5383	-0.052381
-0.25	87.4864	-0.052381
-0.25	-144.522	-0.052381
-0.25	174.827	-0.052381
-0.25	47.5282	-0.052381
-0.25	-16.0006	-0.052381
-0.25	-21.0313	-0.052381
-0.25	42.2724	-0.052381
-0.25	131.653	-0.052381
-0.25	48.0112	-0.052381
-0.25	178.366	-0.052381
-0.25	145.088	-0.052381
-0.25	76.9795	-0.052381
