pol.	phi	weight
0.3	-78.6615	1
0.3	-112.334	1
0.3	171.443	1
0.3	-14.6737	1
0.3	40.5941	1
0.3	56.9448	1
0.3	11.0282	1
0.3	-146.899	1
0.3	170.938	1
0.3	145.014	1
0.3	135.313	1
0.3	61.5215	1
0.3	78.9035	1
0.3	-146.389	1
0.3	-128.338	1
0.3	91.6032	1
0.3	-126.232	1
0.3	154.66	1
0.3	116.466	1
0.3	135.777	1
0.3	30.3623	1
0.3	128.737	1
0.3	141.053	1
0.3	166.724	1
0.3	-5.80398	1
0.3	-18.0965	1
0.3	34.6516	1
0.3	99.4846	1
0.3	57.0509	1
0.3	-96.7245	1
0.3	-52.2308	1
0.3	43.723	1
0.3	-111.319	1
0.3	-60.6067	1
0.3	-52.5547	1
0.3	-103.617	1
0.3	-72.1105	1
0.3	142.514	1
0.3	-58.036	1
0.3	110.78	1
0.3	-23.3884	1
0.3	154.958	1
0.3	-142.251	1
0.3	112.771	1
0.3	-172.49	1
0.3	89.8831	1
0.3	-10.756	1
0.3	8.04752	1
0.3	82.7586	1
0.3	50.9856	1
0.3	-80.3561	1
0.3	15.5297	1
0.3	53.3697	1
0.3	21.5507	1
0.3	115.385	1
0.3	120.755	1
0.3	164.221	1
0.3	-48.4344	1
0.3	-178.647	1
0.3	-3.89797	1
0.3	-173.985	1
0.3	-18.5549	1
0.3	105.235	1
0.3	-7.9358	1
0.3	169.763	1
0.3	81.8018	1
0.3	37.6963	1
0.3	-157.855	1
0.3	100.43	1
0.3	-155.163	1
0.3	-105.799	1
0.3	86.4585	1
0.3	107.897	1
0.3	-166.731	1
0.3	75.7801	1
0.3	155.953	1
0.3	-57.4982	1
0.3	-54.1476	1
0.3	35.3369	1
0.3	-173.895	1
0.3	19.4903	1
0.3	-50.1098	1
0.3	-158.053	1
0.3	-81.2372	1
0.3	-96.8592	1
0.3	119.911	1
0.3	-120.805	1
0.3	-58.9899	1
0.3	-12.1349	1
0.3	54.9838	1
0.3	-106.773	1
0.3	52.2814	1
0.3	95.9281	1
0.3	61.6104	1
0.3	-115.889	1
0.3	-53.9332	1
0.3	-79.0032	1
0.3	0.756194	1
0.3	148.919	1
0.3	162.445	1
0.3	90.9989	1
0.3	170.102	1
0.3	-68.7083	1
0.3	125.194	1
0.3	73.8972	1
0.3	-11.4608	1
0.3	-5.34239	1
0.3	-67.3819	1
0.3	19.3856	1
0.3	-58.5083	1
0.3	24.3503	1
0.3	126.226	1
0.3	166.516	1
0.3	16.2528	1
0.3	-64.4421	1
0.3	83.2813	1
0.3	23.6889	1
0.3	138.905	1
0.3	-167.844	1
0.3	133.705	1
0.3	83.4234	1
0.3	123.329	1
0.3	-61.8026	1
0.3	-9.69532	1
0.3	82.8661	1
0.3	134.56	1
0.3	122.94	1
0.3	-36.0659	1
0.3	45.9797	1
0.3	-52.9755	1
0.3	85.315	1
0.3	-71.3366	1
0.3	113.365	1
0.3	50.9794	1
0.3	-59.7143	1
0.3	-176.586	1
0.3	103.583	1
0.3	-150.446	1
0.3	-136.85	1
0.3	25.9446	1
0.3	-176.226	1
0.3	81.7537	1
0.3	-5.4543	1
0.3	173.052	-0.0714286
0.3	-120.334	-0.0714286
0.3	-120.407	-0.0714286
0.3	-130.766	-0.0714286
0.3	143.078	-0.0714286
0.3	-47.3985	-0.0714286
0.3	51.8837	-0.0714286
0.3	68.3959	-0.0714286
0.3	46.3883	-0.0714286
0.3	43.346	-0.0714286
0.3	143.568	-0.0714286
0.3	-169.821	-0.0714286
0.3	116.267	-0.0714286
0.3	-39.1451	-0.0714286
0.3	124.844	-0.0714286
0.3	114.931	-0.0714286
0.3	-28.4187	-0.0714286
0.3	-172.107	-0.0714286
0.3	-118.434	-0.0714286
0.3	78.5349	-0.0714286
0.3	31.3609	-0.0714286
0.3	131.729	-0.0714286
0.3	-91.4253	-0.0714286
0.3	100.923	-0.0714286
0.3	38.9819	-0.0714286
0.3	38.3752	-0.0714286
0.3	18.4149	-0.0714286
0.3	-122.679	-0.0714286
0.3	158.775	-0.0714286
0.3	-61.8685	-0.0714286
0.3	32.2074	-0.0714286
0.3	-154.27	-0.0714286
0.3	178.76	-0.0714286
0.3	61.796	-0.0714286
0.3	-93.8105	-0.0714286
0.3	105.344	-0.0714286
0.3	112.591	-0.0714286
0.3	80.8063	-0.0714286
0.3	18.6774	-0.0714286
0.3	-19.8826	-0.0714286
0.3	-155.54	-0.0714286
0.3	71.7228	-0.0714286
0.3	110.155	-0.0714286
0.3	44.4836	-0.0714286
0.3	86.3292	-0.0714286
0.3	-144.92	-0.0714286
0.3	-9.8395	-0.0714286
0.3	-107.356	-0.0714286
0.3	104.317	-0.0714286
0.3	39.1457	-0.0714286
0.3	60.8691	-0.0714286
0.3	157.749	-0.0714286
0.3	-135.994	-0.0714286
0.3	175.583	-0.0714286
0.3	54.1035	-0.0714286
0.3	13.8616	-0.0714286
0.3	-175.857	-0.0714286
0.3	-9.48632	-0.0714286
0.3	-139.382	-0.0714286
0.3	-155.621	-0.0714286
0.3	-147.399	-0.0714286
0.3	138.246	-0.0714286
0.3	-106.256	-0.0714286
0.3	82.9793	-0.0714286
0.3	113.053	-0.0714286
0.3	-88.6854	-0.0714286
0.3	-24.2269	-0.0714286
0.3	21.2009	-0.0714286
0.3	-79.8044	-0.0714286
0.3	-159.536	-0.0714286
0.3	37.7382	-0.0714286
0.3	16.4972	-0.0714286
0.3	35.9345	-0.0714286
0.3	-12.4392	-0.0714286
0.3	-139.559	-0.0714286
0.3	-135.854	-0.0714286
0.3	-144.322	-0.0714286
0.3	-7.98138	-0.0714286
0.3	18.0741	-0.0714286
0.3	35.5665	-0.0714286
0.3	-131.598	-0.0714286
0.3	110.225	-0.0714286
0.3	-127.416	-0.0714286
0.3	25.0076	-0.0714286
0.3	-66.317	-0.0714286
0.3	67.3	-0.0714286
0.3	163.196	-0.0714286
0.3	-2.1702	-0.0714286
0.3	38.0734	-0.0714286
0.3	-37.9637	-0.0714286
0.3	106.896	-0.0714286
0.3	-109.05	-0.0714286
0.3	-92.6376	-0.0714286
0.3	-96.7052	-0.0714286
0.3	-93.1405	-0.0714286
0.3	-44.9865	-0.0714286
0.3	-75.093	-0.0714286
0.3	116.621	-0.0714286
0.3	17.9015	-0.0714286
0.3	167.81	-0.0714286
-0.25	-89.9707	1
-0.25	173.889	1
-0.25	88.3875	1
-0.25	-22.6756	1
-0.25	-59.4444	1
-0.25	165.303	1
-0.25	100.589	1
-0.25	57.9689	1
-0.25	110.274	1
-0.25	-87.1215	1
-0.25	-36.4886	1
-0.25	46.534	1
-0.25	-110.021	1
-0.25	164.241	1
-0.25	144.078	1
-0.25	96.0136	1
-0.25	-62.4999	1
-0.25	-50.2747	1
-0.25	-3.32971	1
-0.25	149.366	1
-0.25	50.0301	1
-0.25	168.406	1
-0.25	79.7406	1
-0.25	161.166	1
-0.25	-162.538	1
-0.25	-166.986	1
-0.25	-60.8124	1
-0.25	69.4504	1
-0.25	-74.6139	1
-0.25	67.6176	1
-0.25	-26.0724	1
-0.25	-139.89	1
-0.25	-33.1057	1
-0.25	-13.6958	1
-0.25	100.087	1
-0.25	65.3493	1
-0.25	-120.369	1
-0.25	-155.823	1
-0.25	49.1027	1
-0.25	114.738	1
-0.25	-74.8977	1
-0.25	144.485	1
-0.25	-111.719	1
-0.25	179.128	1
-0.25	-74.8973	1
-0.25	-154.016	1
-0.25	155.304	1
-0.25	-45.8423	1
-0.25	-125.2	1
-0.25	70.3349	1
-0.25	147.547	1
-0.25	-169.111	1
-0.25	7.44338	1
-0.25	-12.0256	1
-0.25	170.701	1
-0.25	13.9911	1
-0.25	-54.2019	1
-0.25	90.7827	1
-0.25	-134.032	1
-0.25	-120.861	1
-0.25	-69.4272	1
-0.25	136.251	1
-0.25	-122.779	1
-0.25	-137.215	1
-0.25	171.696	1
-0.25	-46.8888	1
-0.25	-40.6496	1
-0.25	5.07859	1
-0.25	127.716	1
-0.25	-145.72	1
-0.25	175.343	1
-0.25	108.902	1
-0.25	124.783	1
-0.25	-0.841196	1
-0.25	-92.1998	1
-0.25	-55.2083	1
-0.25	88.0989	1
-0.25	29.6412	1
-0.25	53.2607	1
-0.25	20.0381	1
-0.25	-11.5221	1
-0.25	-135.447	1
-0.25	-106.454	1
-0.25	129.611	1
-0.25	-36.5563	1
-0.25	-104.875	1
-0.25	98.083	1
-0.25	129.101	1
-0.25	131.64	1
-0.25	171.422	1
-0.25	-102.717	1
-0.25	101.69	1
-0.25	103.436	1
-0.25	15.392	1
-0.25	-111.908	1
-0.25	108.37	1
-0.25	-165.486	1
-0.25	-115.064	1
-0.25	-9.69186	1
-0.25	41.1788	1
-0.25	-71.8544	1
-0.25	-72.2319	1
-0.25	91.7113	1
-0.25	46.3729	1
-0.25	117.969	1
-0.25	-74.7044	1
-0.25	148.56	1
-0.25	-38.7897	1
-0.25	70.076	1
-0.25	-165.357	1
-0.25	-142.272	1
-0.25	-97.5825	1
-0.25	91.5419	1
-0.25	-91.623	1
-0.25	-19.4481	-0.0714286
-0.25	-59.6043	-0.0714286
-0.25	-166.634	-0.0714286
-0.25	-49.8388	-0.0714286
-0.25	52.1015	-0.0714286
-0.25	-120.324	-0.0714286
-0.25	-25.8647	-0.0714286
-0.25	-21.2228	-0.0714286
-0.25	-29.905	-0.0714286
-0.25	-63.6605	-0.0714286
-0.25	-49.507	-0.0714286
-0.25	142.787	-0.0714286
-0.25	-113.105	-0.0714286
-0.25	54.4273	-0.0714286
-0.25	168.308	-0.0714286
-0.25	-29.7087	-0.0714286
-0.25	103.032	-0.0714286
-0.25	-14.6851	-0.0714286
-0.25	117.559	-0.0714286
-0.25	45.1616	-0.0714286
-0.25	139.119	-0.0714286
-0.25	61.1453	-0.0714286
-0.25	24.8431	-0.0714286
-0.25	-178.397	-0.0714286
-0.25	40.9373	-0.0714286
-0.25	-31.9501	-0.0714286
-0.25	-50.0491	-0.0714286
-0.25	116.39	-0.0714286
-0.25	-17.9526	-0.0714286
-0.25	-45.1779	-0.0714286
-0.25	156.968	-0.0714286
-0.25	-141.47	-0.0714286
-0.25	7.02764	-0.0714286
-0.25	41.3044	-0.0714286
-0.25	-58.7543	-0.0714286
-0.25	118.841	-0.0714286
-0.25	100.303	-0.0714286
-0.25	73.651	-0.0714286
-0.25	105.683	-0.0714286
-0.25	-129.819	-0.0714286
-0.25	161.889	-0.0714286
-0.25	55.3059	-0.0714286
-0.25	-78.9953	-0.0714286
-0.25	6.1775	-0.0714286
-0.25	-73.4391	-0.0714286
-0.25	-45.9123	-0.0714286
-0.25	-39.1766	-0.0714286
-0.25	-80.934	-0.0714286
-0.25	-152.203	-0.0714286
-0.25	-19.9851	-0.0714286
-0.25	175.705	-0.0714286
-0.25	-148.802	-0.0714286
-0.25	137.386	-0.0714286
-0.25	141.069	-0.0714286
-0.25	143.496	-0.0714286
-0.25	-156.031	-0.0714286
-0.25	-94.5676	-0.0714286
-0.25	-24.275	-0.0714286
-0.25	10.3849	-0.0714286
-0.25	-24.1346	-0.0714286
-0.25	-44.9139	-0.0714286
-0.25	50.1118	-0.0714286
-0.25	-100.372	-0.0714286
-0.25	43.7731	-0.0714286
-0.25	16.9281	-0.0714286
-0.25	-168.769	-0.0714286
-0.25	-170.959	-0.0714286
-0.25	-52.5956	-0.0714286
-0.25	-161.529	-0.0714286
-0.25	-37.6407	-0.0714286
-0.25	-158.995	-0.0714286
-0.25	-32.4998	-0.0714286
-0.25	-52.3762	-0.0714286
-0.25	171.392	-0.0714286
-0.25	-113.051	-0.0714286
-0.25	-118.291	-0.0714286
-0.25	-83.5485	-0.0714286
-0.25	171.903	-0.0714286
-0.25	-49.7973	-0.0714286
-0.25	106.083	-0.0714286
0.3	-154.792	1
0.3	50.2007	1
0.3	55.6161	1
0.3	108.988	1
0.3	-129.078	1
0.3	100.022	1
0.3	-66.9124	1
0.3	77.1293	1
0.3	155.956	1
0.3	131.288	1
0.3	-106.978	1
0.3	-3.39159	1
0.3	118.497	1
0.3	147.894	1
0.3	-76.5219	1
0.3	31.9548	1
0.3	-102.315	1
0.3	32.5371	1
0.3	-36.747	1
0.3	-41.9007	1
0.3	162.509	1
0.3	-80.8056	1
0.3	158.88	1
0.3	169.486	1
0.3	132.471	1
0.3	-85.2472	1
0.3	-52.2308	1
0.3	-123.531	1
0.3	-146.419	1
0.3	103.641	1
0.3	-154.061	1
0.3	-97.0747	1
0.3	-6.40682	1
0.3	117.13	1
0.3	-153.386	1
0.3	-69.3434	1
0.3	1.16342	1
0.3	-153.208	1
0.3	-25.8652	1
0.3	104.231	1
0.3	-20.446	1
0.3	129.816	1
0.3	-75.8568	1
0.3	95.7823	1
0.3	174.766	1
0.3	-102.065	1
0.3	74.7068	1
0.3	68.2626	1
0.3	-136.208	1
0.3	176.544	1
0.3	-102.094	1
0.3	38.0308	1
0.3	-156.848	1
0.3	-119.168	1
0.3	151.03	1
0.3	132.066	1
0.3	25.9982	1
0.3	134.715	1
0.3	-35.4443	1
0.3	-70.3943	1
0.3	102.475	1
0.3	-168.732	1
0.3	-44.3583	1
0.3	147.788	1
0.3	-132.184	1
0.3	-15.5817	1
0.3	133.881	1
0.3	-78.0105	1
0.3	63.0543	1
0.3	2.50584	1
0.3	-1.72509	1
0.3	-116.664	1
0.3	86.054	1
0.3	103.775	1
0.3	-154.934	1
0.3	-31.4942	1
0.3	-129.456	1
0.3	127.887	1
0.3	118	1
0.3	-22.6476	1
0.3	-2.61405	1
0.3	51.6197	1
0.3	-82.4059	1
0.3	-146.565	1
0.3	-151.705	1
0.3	138.917	1
0.3	-124.396	1
0.3	-119.814	1
0.3	-116.738	1
0.3	82.5437	1
0.3	145.813	1
0.3	119.616	1
0.3	-6.9577	1
0.3	171.029	1
0.3	-76.7718	1
0.3	-38.6265	1
0.3	124.558	1
0.3	17.3733	1
0.3	167.077	1
0.3	90.981	1
0.3	30.8283	1
0.3	-26.5591	1
0.3	113.566	1
0.3	-28.0077	1
0.3	-4.2633	1
0.3	-121.29	1
0.3	-87.7854	1
0.3	160.775	1
0.3	76.7352	1
0.3	99.8223	1
0.3	102.225	1
0.3	72.3946	1
0.3	-27.9265	1
0.3	170.113	1
0.3	-129.947	1
0.3	87.3724	1
0.3	-150.811	1
0.3	79.2745	1
0.3	-16.2596	1
0.3	-2.54497	1
0.3	-38.4562	1
0.3	-170.433	1
0.3	159.825	1
0.3	-90.8626	1
0.3	168.735	1
0.3	-69.6964	1
0.3	-143.463	1
0.3	-168.223	1
0.3	-94.9331	1
0.3	-107.447	1
0.3	-178.959	1
0.3	-177.321	1
0.3	27.4186	1
0.3	146.367	1
0.3	1.71115	1
0.3	72.0288	1
0.3	40.3445	1
0.3	153.336	1
0.3	23.5658	1
0.3	-12.8538	1
0.3	-80.0398	1
0.3	135.667	1
0.3	-148.023	1
0.3	33.0921	-0.0380952
0.3	-93.6172	-0.0380952
0.3	92.2418	-0.0380952
0.3	46.9125	-0.0380952
0.3	-63.3498	-0.0380952
0.3	138.419	-0.0380952
0.3	115.269	-0.0380952
0.3	101.505	-0.0380952
0.3	-166.991	-0.0380952
0.3	-108.926	-0.0380952
0.3	-172.225	-0.0380952
0.3	103.532	-0.0380952
0.3	-111.834	-0.0380952
0.3	-51.7983	-0.0380952
0.3	160.139	-0.0380952
0.3	81.2721	-0.0380952
0.3	90.5452	-0.0380952
0.3	-143.195	-0.0380952
0.3	177.206	-0.0380952
0.3	80.5856	-0.0380952
0.3	117.947	-0.0380952
0.3	125.035	-0.0380952
0.3	33.5855	-0.0380952
0.3	-172.845	-0.0380952
0.3	16.2858	-0.0380952
0.3	-15.475	-0.0380952
0.3	1.95608	-0.0380952
0.3	-131.606	-0.0380952
0.3	-138.639	-0.0380952
0.3	-105.248	-0.0380952
0.3	-90.1098	-0.0380952
0.3	61.4762	-0.0380952
0.3	84.2817	-0.0380952
0.3	97.5901	-0.0380952
0.3	77.0409	-0.0380952
0.3	12.4358	-0.0380952
0.3	3.92743	-0.0380952
0.3	68.6441	-0.0380952
0.3	179.258	-0.0380952
0.3	-95.4506	-0.0380952
0.3	1.91704	-0.0380952
0.3	-97.2599	-0.0380952
0.3	84.2616	-0.0380952
0.3	101.462	-0.0380952
0.3	-116.402	-0.0380952
0.3	-154.13	-0.0380952
0.3	0.79929	-0.0380952
0.3	-36.3905	-0.0380952
0.3	-58.269	-0.0380952
0.3	-48.8313	-0.0380952
0.3	-149.52	-0.0380952
0.3	-172.572	-0.0380952
0.3	8.32317	-0.0380952
0.3	-57.7298	-0.0380952
0.3	117.602	-0.0380952
0.3	-175.759	-0.0380952
0.3	80.3499	-0.0380952
0.3	28.1694	-0.0380952
0.3	76.9356	-0.0380952
0.3	79.1688	-0.0380952
0.3	111.139	-0.0380952
0.3	-176.348	-0.0380952
0.3	34.352	-0.0380952
0.3	-121.674	-0.0380952
0.3	149.105	-0.0380952
0.3	-126.143	-0.0380952
0.3	120.105	-0.0380952
0.3	30.1066	-0.0380952
0.3	175.474	-0.0380952
0.3	-113.694	-0.0380952
0.3	45.4323	-0.0380952
0.3	75.0296	-0.0380952
0.3	143.209	-0.0380952
0.3	158.267	-0.0380952
0.3	-38.5828	-0.0380952
0.3	69.2039	-0.0380952
0.3	-132.068	-0.0380952
0.3	-78.0226	-0.0380952
0.3	9.43189	-0.0380952
0.3	-115.889	-0.0380952
0.3	74.7995	-0.0380952
0.3	102.776	-0.0380952
0.3	161.013	-0.0380952
0.3	-158.819	-0.0380952
0.3	130.431	-0.0380952
0.3	-116.232	-0.0380952
0.3	22.0054	-0.0380952
0.3	132.215	-0.0380952
0.3	-178.447	-0.0380952
0.3	-73.3982	-0.0380952
0.3	33.6476	-0.0380952
0.3	43.237	-0.0380952
0.3	-88.1923	-0.0380952
0.3	-88.3041	-0.0380952
0.3	107.07	-0.0380952
0.3	-146.532	-0.0380952
0.3	-24.8995	-0.0380952
0.3	45.7928	-0.0380952
0.3	15.2905	-0.0380952
0.3	-150.22	-0.0380952
0.3	33.4699	-0.0380952
0.3	66.4583	-0.0380952
0.3	-102.459	-0.0380952
0.3	77.3895	-0.0380952
0.3	120.646	-0.0380952
0.3	-57.5143	-0.0380952
0.3	-80.0833	-0.0380952
0.3	-39.8126	-0.0380952
0.3	9.86099	-0.0380952
0.3	-73.3766	-0.0380952
0.3	-124.656	-0.0380952
0.3	-43.3786	-0.0380952
0.3	-84.5835	-0.0380952
0.3	73.2252	-0.0380952
0.3	146.59	-0.0380952
0.3	21.8923	-0.0380952
0.3	-121.098	-0.0380952
0.3	138.411	-0.0380952
0.3	-114.361	-0.0380952
0.3	-35.8245	-0.0380952
0.3	45.3945	-0.0380952
0.3	9.98374	-0.0380952
0.3	82.0596	-0.0380952
0.3	81.0487	-0.0380952
0.3	95.95	-0.0380952
0.3	-4.28275	-0.0380952
0.3	68.1234	-0.0380952
0.3	96.2211	-0.0380952
0.3	-22.3069	-0.0380952
0.3	-106.533	-0.0380952
0.3	36.7675	-0.0380952
0.3	8.60591	-0.0380952
0.3	63.9187	-0.0380952
0.3	-13.6806	-0.0380952
0.3	-135.466	-0.0380952
0.3	0.884401	-0.0380952
0.3	10.1148	-0.0380952
0.3	78.2348	-0.0380952
0.3	-133.667	-0.0380952
0.3	-77.3183	-0.0380952
0.3	-127.654	-0.0380952
0.3	-21.0815	-0.0380952
0.3	175.215	-0.0380952
0.3	-155.931	-0.0380952
0.3	152.364	-0.0380952
0.3	-159.919	-0.0380952
0.3	-121.093	-0.0380952
0.3	-139.38	-0.0380952
0.3	-61.1979	-0.0380952
0.3	-176.506	-0.0380952
0.3	109.878	-0.0380952
0.3	-91.0658	-0.0380952
0.3	-69.3731	-0.0380952
0.3	42.1213	-0.0380952
0.3	-116.876	-0.0380952
0.3	146.939	-0.0380952
0.3	56.7862	-0.0380952
0.3	-135.346	-0.0380952
0.3	-111.963	-0.0380952
0.3	-165.076	-0.0380952
0.3	114.563	-0.0380952
0.3	36.8199	-0.0380952
0.3	-46.739	-0.0380952
0.3	50.6566	-0.0380952
0.3	-124.343	-0.0380952
0.3	-31.2565	-0.0380952
0.3	3.59359	-0.0380952
0.3	-108.707	-0.0380952
0.3	58.3625	-0.0380952
0.3	143.618	-0.0380952
0.3	144.212	-0.0380952
0.3	112.009	-0.0380952
0.3	-39.1439	-0.0380952
0.3	-47.9525	-0.0380952
0.3	-156.719	-0.0380952
0.3	65.3649	-0.0380952
0.3	-123.975	-0.0380952
0.3	149.59	-0.0380952
0.3	35.8508	-0.0380952
0.3	132.004	-0.0380952
0.3	84.1047	-0.0380952
0.3	71.3551	-0.0380952
0.3	-103.242	-0.0380952
0.3	-84.3757	-0.0380952
0.3	72.0715	-0.0380952
0.3	74.9902	-0.0380952
0.3	61.4401	-0.0380952
0.3	175.331	-0.0380952
-0.25	-55.9324	1
-0.25	-162.334	1
-0.25	-78.3962	1
-0.25	49.2618	1
-0.25	-62.1109	1
-0.25	176.468	1
-0.25	-177.189	1
-0.25	26.9395	1
-0.25	-133.266	1
-0.25	-146.036	1
-0.25	37.7758	1
-0.25	-164.696	1
-0.25	122.483	1
-0.25	115.806	1
-0.25	-134.231	1
-0.25	-175.227	1
-0.25	7.93855	1
-0.25	84.3794	1
-0.25	36.5769	1
-0.25	-89.3005	1
-0.25	28.3883	1
-0.25	26.7227	1
-0.25	114.372	1
-0.25	-115.068	1
-0.25	-29.9733	1
-0.25	61.0015	1
-0.25	13.7206	1
-0.25	95.2005	1
-0.25	-37.9592	1
-0.25	-162.206	1
-0.25	153.224	1
-0.25	-52.081	1
-0.25	63.2147	1
-0.25	-155.548	1
-0.25	147.829	1
-0.25	-127.526	1
-0.25	36.5673	1
-0.25	-129.643	1
-0.25	173.682	1
-0.25	0.0311795	1
-0.25	-154.54	1
-0.25	85.222	1
-0.25	-139.685	1
-0.25	-167.085	1
-0.25	71.4952	1
-0.25	-43.4456	1
-0.25	-144.941	1
-0.25	-74.9825	1
-0.25	123.941	1
-0.25	35.9392	1
-0.25	-127.45	1
-0.25	48.4832	1
-0.25	84.6058	1
-0.25	-114.475	1
-0.25	177.813	1
-0.25	60.8532	1
-0.25	54.6186	1
-0.25	141.552	1
-0.25	54.9789	1
-0.25	90.7999	1
-0.25	-4.52152	1
-0.25	-77.1357	1
-0.25	179.579	1
-0.25	78.6744	1
-0.25	34.8073	1
-0.25	17.734	1
-0.25	-37.9714	1
-0.25	-156.667	1
-0.25	-26.4873	1
-0.25	-134.673	1
-0.25	-78.5049	1
-0.25	-134.498	1
-0.25	-141.483	1
-0.25	-128.91	1
-0.25	64.6333	1
-0.25	-93.0675	1
-0.25	-25.1831	1
-0.25	143.573	1
-0.25	60.4088	1
-0.25	-98.0318	1
-0.25	-118.723	1
-0.25	167.721	1
-0.25	143.017	1
-0.25	-8.64979	1
-0.25	-142.764	1
-0.25	-145.727	1
-0.25	-113.707	1
-0.25	126.099	1
-0.25	-89.3077	1
-0.25	10.9158	1
-0.25	-140.741	1
-0.25	-124.932	1
-0.25	53.4152	1
-0.25	-168.682	1
-0.25	108.603	1
-0.25	-37.4829	1
-0.25	-116.873	1
-0.25	-172.952	1
-0.25	-135.449	1
-0.25	120.228	1
-0.25	109.253	1
-0.25	168.242	1
-0.25	-168.536	1
-0.25	-21.9389	1
-0.25	-58.9621	1
-0.25	-176.689	1
-0.25	179.205	1
-0.25	29.7534	1
-0.25	-122.67	1
-0.25	-159.881	1
-0.25	-40.6334	1
-0.25	-163.867	1
-0.25	-173.287	1
-0.25	112.384	1
-0.25	167.317	-0.0380952
-0.25	0.541476	-0.0380952
-0.25	-152.821	-0.0380952
-0.25	-99.7831	-0.0380952
-0.25	134.207	-0.0380952
-0.25	-145.577	-0.0380952
-0.25	-129.588	-0.0380952
-0.25	-46.1079	-0.0380952
-0.25	-61.0791	-0.0380952
-0.25	-119.586	-0.0380952
-0.25	-150.832	-0.0380952
-0.25	-113.265	-0.0380952
-0.25	-107.998	-0.0380952
-0.25	-152.759	-0.0380952
-0.25	-170.011	-0.0380952
-0.25	-148.699	-0.0380952
-0.25	-20.4532	-0.0380952
-0.25	3.60264	-0.0380952
-0.25	164.429	-0.0380952
-0.25	-76.7608	-0.0380952
-0.25	119.03	-0.0380952
-0.25	166.059	-0.0380952
-0.25	-31.5806	-0.0380952
-0.25	-164.428	-0.0380952
-0.25	126	-0.0380952
-0.25	168.28	-0.0380952
-0.25	-125.154	-0.0380952
-0.25	-175.803	-0.0380952
-0.25	-165.934	-0.0380952
-0.25	-40.8149	-0.0380952
-0.25	62.4375	-0.0380952
-0.25	96.8492	-0.0380952
-0.25	-68.2984	-0.0380952
-0.25	65.4574	-0.0380952
-0.25	-7.89632	-0.0380952
-0.25	-105.174	-0.0380952
-0.25	134.287	-0.0380952
-0.25	-64.919	-0.0380952
-0.25	26.2363	-0.0380952
-0.25	43.7623	-0.0380952
-0.25	-152.639	-0.0380952
-0.25	-94.8733	-0.0380952
-0.25	153.114	-0.0380952
-0.25	-17.2436	-0.0380952
-0.25	-117.448	-0.0380952
-0.25	115.289	-0.0380952
-0.25	104.899	-0.0380952
-0.25	29.2913	-0.0380952
-0.25	170.831	-0.0380952
-0.25	51.5503	-0.0380952
-0.25	-120.268	-0.0380952
-0.25	-66.0961	-0.0380952
-0.25	-31.9876	-0.0380952
-0.25	-10.4983	-0.0380952
-0.25	168.191	-0.0380952
-0.25	70.2149	-0.0380952
-0.25	141.61	-0.0380952
-0.25	59.9538	-0.0380952
-0.25	-90.1199	-0.0380952
-0.25	33.698	-0.0380952
-0.25	108.132	-0.0380952
-0.25	10.0619	-0.0380952
-0.25	124.216	-0.0380952
-0.25	-62.6995	-0.0380952
-0.25	89.4676	-0.0380952
-0.25	176.024	-0.0380952
-0.25	-65.9161	-0.0380952
-0.25	53.2969	-0.0380952
-0.25	-32.6232	-0.0380952
-0.25	-78.9939	-0.0380952
-0.25	-18.9783	-0.0380952
-0.25	-110.037	-0.0380952
-0.25	-123.107	-0.0380952
-0.25	170.503	-0.0380952
-0.25	133.433	-0.0380952
-0.25	-110.102	-0.0380952
-0.25	-90.6668	-0.0380952
-0.25	-145.696	-0.0380952
-0.25	-59.6185	-0.0380952
-0.25	158.51	-0.0380952
-0.25	119.169	-0.0380952
-0.25	-152.523	-0.0380952
-0.25	148.363	-0.0380952
-0.25	84.3151	-0.0380952
-0.25	17.9928	-0.0380952
-0.25	-55.9804	-0.0380952
-0.25	-68.1316	-0.0380952
-0.25	25.5242	-0.0380952
-0.25	86.536	-0.0380952
-0.25	119.856	-0.0380952
-0.25	-138.304	-0.0380952
-0.25	158.614	-0.0380952
-0.25	18.039	-0.0380952
-0.25	-7.24558	-0.0380952
-0.25	-148.652	-0.0380952
-0.25	-33.4297	-0.0380952
-0.25	-45.0291	-0.0380952
-0.25	-144.767	-0.0380952
-0.25	87.3342	-0.0380952
-0.25	-98.552	-0.0380952
-0.25	11.7507	-0.0380952
-0.25	-0.694085	-0.0380952
-0.25	147.776	-0.0380952
-0.25	-65.8684	-0.0380952
-0.25	-53.8322	-0.0380952
-0.25	-114.759	-0.0380952
-0.25	-79.9592	-0.0380952
-0.25	162.98	-0.0380952
-0.25	29.6759	-0.0380952
-0.25	43.0718	-0.0380952
-0.25	-67.9139	-0.0380952
-0.25	-139.944	-0.0380952
-0.25	81.0317	-0.0380952
-0.25	19.7481	-0.0380952
-0.25	-78.6416	-0.0380952
-0.25	100.636	-0.0380952
-0.25	-128.692	-0.0380952
-0.25	-86.0388	-0.0380952
-0.25	17.7714	-0.0380952
-0.25	-4.52777	-0.0380952
-0.25	-179.429	-0.0380952
-0.25	-97.6328	-0.0380952
-0.25	2.96917	-0.0380952
-0.25	-118.119	-0.0380952
-0.25	73.7206	-0.0380952
-0.25	138.772	-0.0380952
-0.25	-107.511	-0.0380952
-0.25	79.3584	-0.0380952
-0.25	-48.6321	-0.0380952
-0.25	-18.9748	-0.0380952
-0.25	-40.2563	-0.0380952
-0.25	115.909	-0.0380952
-0.25	-85.4621	-0.0380952
-0.25	-156.543	-0.0380952
-0.25	53.3264	-0.0380952
-0.25	-19.9484	-0.0380952
-0.25	130.306	-0.0380952
-0.25	144.937	-0.0380952
-0.25	74.5826	-0.0380952
-0.25	-70.5616	-0.0380952
-0.25	12.6695	-0.0380952
-0.25	100.403	-0.0380952
-0.25	55.6121	-0.0380952
-0.25	-89.7307	-0.0380952
-0.25	76.4072	-0.0380952
-0.25	-158.6	-0.0380952
-0.25	85.9631	-0.0380952
-0.25	47.1919	-0.0380952
-0.25	90.151	-0.0380952
-0.25	-173.191	-0.0380952
0.3	7.38985	1
0.3	162.326	1
0.3	-48.9607	1
0.3	-107.413	1
0.3	61.5338	1
0.3	-48.5065	1
0.3	65.6793	1
0.3	16.8707	1
0.3	157.933	1
0.3	109.86	1
0.3	-50.359	1
0.3	129.965	1
0.3	64.9171	1
0.3	34.7825	1
0.3	144.14	1
0.3	-116.859	1
0.3	33.2545	1
0.3	-154.441	1
0.3	95.9182	1
0.3	-60.4515	1
0.3	-41.0773	1
0.3	120.947	1
0.3	22.6194	1
0.3	-54.5876	1
0.3	-157.87	1
0.3	-12.8358	1
0.3	-23.4513	1
0.3	-7.93061	1
0.3	164.332	1
0.3	153.757	1
0.3	-170.487	1
0.3	86.0119	1
0.3	123.189	1
0.3	-37.8882	1
0.3	5.72513	1
0.3	-59.1434	1
0.3	-65.2058	1
0.3	64.6633	1
0.3	98.4555	1
0.3	-45.6549	1
0.3	123.229	1
0.3	79.4339	1
0.3	34.0494	1
0.3	-11.38	1
0.3	55.7268	1
0.3	150.655	1
0.3	159.812	1
0.3	-37.6057	1
0.3	-28.22	1
0.3	-0.249888	1
0.3	75.911	1
0.3	-153.217	1
0.3	113.337	1
0.3	137.959	1
0.3	79.0575	1
0.3	6.2714	1
0.3	114.287	1
0.3	42.6156	1
0.3	160.461	1
0.3	-67.6161	1
0.3	-160.479	1
0.3	-1.44213	1
0.3	90.5354	1
0.3	137.934	1
0.3	-136.114	1
0.3	-91.354	1
0.3	87.2538	1
0.3	-40.6902	1
0.3	-19.0032	1
0.3	-62.2057	1
0.3	-138.627	1
0.3	-170.751	1
0.3	-2.56866	1
0.3	4.32598	1
0.3	-105.984	1
0.3	156.067	1
0.3	7.10197	1
0.3	-151.719	1
0.3	-69.231	1
0.3	-138.959	1
0.3	96.8282	1
0.3	164.068	1
0.3	126.941	1
0.3	33.7563	1
0.3	-82.0798	1
0.3	47.3156	1
0.3	39.8824	1
0.3	10.9389	1
0.3	76.2323	1
0.3	-131.36	1
0.3	149.476	1
0.3	-39.9253	1
0.3	-22.314	1
0.3	-144.212	1
0.3	-60.1177	1
0.3	-134.319	1
0.3	-46.188	1
0.3	-40.8648	1
0.3	127.203	1
0.3	52.03	1
0.3	-111.493	1
0.3	1.4248	1
0.3	169.766	1
0.3	-37.3251	1
0.3	-83.6462	1
0.3	69.0631	1
0.3	128.89	1
0.3	-37.8934	1
0.3	156.406	1
0.3	110.786	1
0.3	147.288	1
0.3	-56.5925	1
0.3	144.798	1
0.3	131.001	1
0.3	88.4098	1
0.3	40.4686	1
0.3	-31.9241	1
0.3	-15.1932	1
0.3	67.8335	1
0.3	-111.41	1
0.3	99.4002	1
0.3	-31.1339	1
0.3	145.475	1
0.3	38.1442	1
0.3	178.768	1
0.3	-29.3955	1
0.3	133.69	1
0.3	119.989	1
0.3	-113.231	1
0.3	116.236	1
0.3	-127.701	1
0.3	-76.4129	1
0.3	126.037	1
0.3	125.238	1
0.3	-96.9954	1
0.3	-135.573	1
0.3	-160.077	1
0.3	-89.4678	1
0.3	-137.006	1
0.3	98.8101	1
0.3	-125.615	1
0.3	-97.898	1
0.3	-3.50115	1
0.3	11.2999	-0.0190476
0.3	37.3513	-0.0190476
0.3	146.758	-0.0190476
0.3	167.318	-0.0190476
0.3	-113.248	-0.0190476
0.3	-165.577	-0.0190476
0.3	132.105	-0.0190476
0.3	10.9173	-0.0190476
0.3	-60.0123	-0.0190476
0.3	-143.037	-0.0190476
0.3	-96.6806	-0.0190476
0.3	119.941	-0.0190476
0.3	167.7	-0.0190476
0.3	-65.316	-0.0190476
0.3	110.353	-0.0190476
0.3	-12.854	-0.0190476
0.3	65.3226	-0.0190476
0.3	84.9632	-0.0190476
0.3	-89.3519	-0.0190476
0.3	-75.0149	-0.0190476
0.3	130.911	-0.0190476
0.3	139.074	-0.0190476
0.3	78.5317	-0.0190476
0.3	-136.458	-0.0190476
0.3	53.8041	-0.0190476
0.3	15.5877	-0.0190476
0.3	34.2496	-0.0190476
0.3	-123.464	-0.0190476
0.3	32.4246	-0.0190476
0.3	-144.133	-0.0190476
0.3	-67.359	-0.0190476
0.3	130.025	-0.0190476
0.3	100.608	-0.0190476
0.3	-2.94207	-0.0190476
0.3	-157.766	-0.0190476
0.3	170.634	-0.0190476
0.3	80.6493	-0.0190476
0.3	-97.255	-0.0190476
0.3	69.7015	-0.0190476
0.3	-46.5863	-0.0190476
0.3	-117.284	-0.0190476
0.3	125.45	-0.0190476
0.3	113.573	-0.0190476
0.3	-53.3978	-0.0190476
0.3	28.2011	-0.0190476
0.3	160.394	-0.0190476
0.3	-173.755	-0.0190476
0.3	49.1781	-0.0190476
0.3	-45.2387	-0.0190476
0.3	-43.4603	-0.0190476
0.3	-154.655	-0.0190476
0.3	-49.3776	-0.0190476
0.3	127.647	-0.0190476
0.3	112.708	-0.0190476
0.3	-41.3343	-0.0190476
0.3	-30.0053	-0.0190476
0.3	-96.1136	-0.0190476
0.3	-120.771	-0.0190476
0.3	22.5654	-0.0190476
0.3	65.0809	-0.0190476
0.3	-148.93	-0.0190476
0.3	-79.0928	-0.0190476
0.3	62.3608	-0.0190476
0.3	-21.9367	-0.0190476
0.3	-154.817	-0.0190476
0.3	14.8222	-0.0190476
0.3	163.19	-0.0190476
0.3	-40.0773	-0.0190476
0.3	123.476	-0.0190476
0.3	-134.99	-0.0190476
0.3	-68.3681	-0.0190476
0.3	40.6354	-0.0190476
0.3	-122.677	-0.0190476
0.3	112.257	-0.0190476
0.3	123.808	-0.0190476
0.3	-145.242	-0.0190476
0.3	27.7058	-0.0190476
0.3	-113.813	-0.0190476
0.3	-126.134	-0.0190476
0.3	176.861	-0.0190476
0.3	144.597	-0.0190476
0.3	57.8019	-0.0190476
0.3	3.68725	-0.0190476
0.3	173.904	-0.0190476
0.3	-131.27	-0.0190476
0.3	51.6823	-0.0190476
0.3	-49.8725	-0.0190476
0.3	-137.539	-0.0190476
0.3	-164.101	-0.0190476
0.3	-136.329	-0.0190476
0.3	-172.505	-0.0190476
0.3	-92.9042	-0.0190476
0.3	-23.0578	-0.0190476
0.3	175.578	-0.0190476
0.3	26.0124	-0.0190476
0.3	39.8122	-0.0190476
0.3	-105.735	-0.0190476
0.3	57.5974	-0.0190476
0.3	-159.742	-0.0190476
0.3	163.893	-0.0190476
0.3	-116.965	-0.0190476
0.3	-114.349	-0.0190476
0.3	7.0296	-0.0190476
0.3	-55.968	-0.0190476
0.3	-137.507	-0.0190476
0.3	-87.1431	-0.0190476
0.3	-35.122	-0.0190476
0.3	-121.718	-0.0190476
0.3	-138.587	-0.0190476
0.3	-104.432	-0.0190476
0.3	-78.6411	-0.0190476
0.3	60.2814	-0.0190476
0.3	-82.7441	-0.0190476
0.3	29.4558	-0.0190476
0.3	-143.057	-0.0190476
0.3	94.4843	-0.0190476
0.3	-11.5593	-0.0190476
0.3	-115.197	-0.0190476
0.3	-110.743	-0.0190476
0.3	5.15967	-0.0190476
0.3	-131.274	-0.0190476
0.3	-81.0963	-0.0190476
0.3	-155.292	-0.0190476
0.3	139.698	-0.0190476
0.3	-39.07	-0.0190476
0.3	-120.447	-0.0190476
0.3	159.396	-0.0190476
0.3	23.5266	-0.0190476
0.3	5.46696	-0.0190476
0.3	167.496	-0.0190476
0.3	-158.007	-0.0190476
0.3	-73.6081	-0.0190476
0.3	-150.615	-0.0190476
0.3	-146.574	-0.0190476
0.3	-12.2434	-0.0190476
0.3	125.381	-0.0190476
0.3	-115.136	-0.0190476
0.3	-162.405	-0.0190476
0.3	130.663	-0.0190476
0.3	-114.751	-0.0190476
0.3	-136.078	-0.0190476
0.3	-84.8125	-0.0190476
0.3	58.223	-0.0190476
0.3	-61.0422	-0.0190476
0.3	62.1174	-0.0190476
0.3	-114.061	-0.0190476
0.3	-14.7547	-0.0190476
0.3	-153.297	-0.0190476
0.3	48.3978	-0.0190476
0.3	-36.1172	-0.0190476
0.3	104.595	-0.0190476
0.3	-104.706	-0.0190476
0.3	-49.6857	-0.0190476
0.3	178.433	-0.0190476
0.3	-162.842	-0.0190476
0.3	-112.933	-0.0190476
0.3	100.787	-0.0190476
0.3	-85.9753	-0.0190476
0.3	81.0618	-0.0190476
0.3	-70.9397	-0.0190476
0.3	-135.078	-0.0190476
0.3	73.9556	-0.0190476
0.3	-96.0863	-0.0190476
0.3	166.868	-0.0190476
0.3	-16.893	-0.0190476
0.3	-106.452	-0.0190476
0.3	-162.293	-0.0190476
0.3	54.1293	-0.0190476
0.3	133.913	-0.0190476
0.3	138.192	-0.0190476
0.3	-179.117	-0.0190476
0.3	-30.6523	-0.0190476
0.3	-159.65	-0.0190476
0.3	-146.423	-0.0190476
0.3	172.602	-0.0190476
0.3	46.671	-0.0190476
0.3	77.255	-0.0190476
0.3	-156.557	-0.0190476
0.3	-56.8539	-0.0190476
0.3	-178.238	-0.0190476
0.3	47.813	-0.0190476
0.3	-58.244	-0.0190476
0.3	11.055	-0.0190476
0.3	-153.188	-0.0190476
0.3	45.4217	-0.0190476
0.3	-167.428	-0.0190476
0.3	-97.194	-0.0190476
0.3	-9.15203	-0.0190476
0.3	3.68948	-0.0190476
0.3	0.734215	-0.0190476
0.3	-84.8179	-0.0190476
0.3	37.2334	-0.0190476
0.3	55.4358	-0.0190476
0.3	-76.6553	-0.0190476
0.3	20.3171	-0.0190476
0.3	40.7429	-0.0190476
0.3	-64.2978	-0.0190476
0.3	154.521	-0.0190476
0.3	109.842	-0.0190476
0.3	92.7984	-0.0190476
0.3	-47.0347	-0.0190476
0.3	20.2663	-0.0190476
0.3	-38.1488	-0.0190476
0.3	40.1213	-0.0190476
0.3	147.88	-0.0190476
0.3	-37.8012	-0.0190476
0.3	-47.7166	-0.0190476
0.3	119.336	-0.0190476
0.3	-134.786	-0.0190476
0.3	152.75	-0.0190476
0.3	-177.376	-0.0190476
0.3	-65.011	-0.0190476
0.3	-56.8906	-0.0190476
0.3	-30.955	-0.0190476
0.3	-140.523	-0.0190476
0.3	-48.502	-0.0190476
0.3	124.586	-0.0190476
0.3	-67.2008	-0.0190476
0.3	65.7164	-0.0190476
0.3	-52.2799	-0.0190476
0.3	43.5289	-0.0190476
0.3	115.938	-0.0190476
0.3	43.3077	-0.0190476
0.3	-96.9739	-0.0190476
0.3	77.5624	-0.0190476
0.3	-31.5033	-0.0190476
0.3	-85.286	-0.0190476
0.3	-66.3978	-0.0190476
0.3	-153.371	-0.0190476
0.3	36.4238	-0.0190476
0.3	164.733	-0.0190476
0.3	13.174	-0.0190476
0.3	42.3515	-0.0190476
0.3	-171.479	-0.0190476
0.3	-138.897	-0.0190476
0.3	169.756	-0.0190476
0.3	0.208266	-0.0190476
0.3	76.1208	-0.0190476
0.3	-62.3646	-0.0190476
0.3	-41.6374	-0.0190476
0.3	-57.4799	-0.0190476
0.3	38.1796	-0.0190476
0.3	35.5716	-0.0190476
0.3	44.2073	-0.0190476
0.3	167.312	-0.0190476
0.3	-9.90855	-0.0190476
0.3	124.755	-0.0190476
0.3	12.5581	-0.0190476
0.3	-58.5799	-0.0190476
0.3	137.011	-0.0190476
0.3	-18.6295	-0.0190476
0.3	-125.878	-0.0190476
0.3	-6.9276	-0.0190476
0.3	-118.828	-0.0190476
0.3	153.31	-0.0190476
0.3	81.0909	-0.0190476
0.3	133.727	-0.0190476
0.3	-76.5293	-0.0190476
0.3	-35.7211	-0.0190476
0.3	36.8451	-0.0190476
0.3	-150.4	-0.0190476
0.3	147.218	-0.0190476
0.3	-146.228	-0.0190476
0.3	39.2522	-0.0190476
0.3	0.954378	-0.0190476
0.3	67.8381	-0.0190476
0.3	92.1183	-0.0190476
0.3	-104.231	-0.0190476
0.3	-8.88305	-0.0190476
0.3	-154.896	-0.0190476
0.3	-169.077	-0.0190476
0.3	-161.968	-0.0190476
0.3	145.722	-0.0190476
0.3	98.4006	-0.0190476
0.3	155.426	-0.0190476
0.3	-147.327	-0.0190476
0.3	-130.669	-0.0190476
0.3	-80.8724	-0.0190476
0.3	7.14494	-0.0190476
0.3	56.3576	-0.0190476
0.3	-102.221	-0.0190476
0.3	148.203	-0.0190476
0.3	-3.52844	-0.0190476
0.3	-77.9274	-0.0190476
0.3	-55.6999	-0.0190476
0.3	-121.318	-0.0190476
0.3	32.5679	-0.0190476
0.3	-106.041	-0.0190476
0.3	58.6012	-0.0190476
0.3	-58.7176	-0.0190476
0.3	-111.192	-0.0190476
0.3	42.3455	-0.0190476
0.3	-90.0485	-0.0190476
0.3	-36.0102	-0.0190476
0.3	-171.618	-0.0190476
0.3	86.2442	-0.0190476
0.3	-164.521	-0.0190476
0.3	-115.453	-0.0190476
0.3	25.3468	-0.0190476
0.3	94.2952	-0.0190476
0.3	-126.538	-0.0190476
0.3	117.068	-0.0190476
0.3	25.1556	-0.0190476
0.3	176.385	-0.0190476
0.3	131.427	-0.0190476
0.3	-160.234	-0.0190476
0.3	-174.679	-0.0190476
0.3	-104.714	-0.0190476
0.3	-122.794	-0.0190476
0.3	48.1962	-0.0190476
0.3	-38.1987	-0.0190476
0.3	-111.017	-0.0190476
0.3	-114.086	-0.0190476
0.3	-145.726	-0.0190476
0.3	50.2335	-0.0190476
0.3	34.5464	-0.0190476
0.3	-137.293	-0.0190476
0.3	107.777	-0.0190476
0.3	-2.18068	-0.0190476
0.3	1.01831	-0.0190476
0.3	-89.754	-0.0190476
0.3	-142.957	-0.0190476
0.3	-134.269	-0.0190476
0.3	51.5839	-0.0190476
0.3	-93.0422	-0.0190476
0.3	118.728	-0.0190476
0.3	51.4435	-0.0190476
0.3	101.261	-0.0190476
0.3	-103.542	-0.0190476
0.3	56.4677	-0.0190476
0.3	122.528	-0.0190476
0.3	17.6439	-0.0190476
0.3	68.3152	-0.0190476
0.3	9.82506	-0.0190476
0.3	-2.48681	-0.0190476
0.3	161.117	-0.0190476
0.3	56.1207	-0.0190476
0.3	-24.4811	-0.0190476
0.3	-179.937	-0.0190476
0.3	-101.457	-0.0190476
0.3	-22.3668	-0.0190476
0.3	-160.409	-0.0190476
0.3	85.1144	-0.0190476
0.3	125.625	-0.0190476
0.3	-141.427	-0.0190476
0.3	63.913	-0.0190476
0.3	-128.079	-0.0190476
0.3	83.9519	-0.0190476
0.3	-19.3422	-0.0190476
0.3	-120.565	-0.0190476
0.3	-174.246	-0.0190476
0.3	-62.466	-0.0190476
0.3	88.4444	-0.0190476
0.3	-143.559	-0.0190476
0.3	78.4083	-0.0190476
0.3	125.004	-0.0190476
0.3	-104.433	-0.0190476
0.3	-175.384	-0.0190476
0.3	-20.0095	-0.0190476
0.3	179.21	-0.0190476
0.3	-132.384	-0.0190476
0.3	134.152	-0.0190476
0.3	160.768	-0.0190476
0.3	54.6587	-0.0190476
0.3	-138.495	-0.0190476
0.3	153.147	-0.0190476
0.3	128.855	-0.0190476
0.3	-165.357	-0.0190476
0.3	-106.235	-0.0190476
0.3	-18.5549	-0.0190476
0.3	148.008	-0.0190476
0.3	-124.712	-0.0190476
0.3	-97.4268	-0.0190476
0.3	179.985	-0.0190476
0.3	-40.0528	-0.0190476
0.3	82.8158	-0.0190476
0.3	58.3798	-0.0190476
-0.25	-152.665	1
-0.25	65.6793	1
-0.25	7.11418	1
-0.25	66.6808	1
-0.25	-10.3892	1
-0.25	62.9409	1
-0.25	-157.013	1
-0.25	178.255	1
-0.25	58.7099	1
-0.25	-74.1208	1
-0.25	-12.3806	1
-0.25	102.175	1
-0.25	-62.9961	1
-0.25	-46.8966	1
-0.25	42.7673	1
-0.25	-91.6372	1
-0.25	19.6541	1
-0.25	134.177	1
-0.25	127.254	1
-0.25	-19.5158	1
-0.25	148.481	1
-0.25	-97.7046	1
-0.25	-46.2215	1
-0.25	176.279	1
-0.25	-77.3149	1
-0.25	18.7205	1
-0.25	-155.647	1
-0.25	-177.201	1
-0.25	44.8507	1
-0.25	-76.0624	1
-0.25	88.8538	1
-0.25	147.836	1
-0.25	29.6268	1
-0.25	-168.136	1
-0.25	-72.0017	1
-0.25	29.8055	1
-0.25	154.269	1
-0.25	-136.013	1
-0.25	7.65041	1
-0.25	130.8	1
-0.25	32.8291	1
-0.25	-35.213	1
-0.25	-126.957	1
-0.25	-123.133	1
-0.25	-144.775	1
-0.25	81.5843	1
-0.25	44.8404	1
-0.25	-119.305	1
-0.25	1.94904	1
-0.25	10.092	1
-0.25	55.264	1
-0.25	99.392	1
-0.25	-8.278	1
-0.25	7.45488	1
-0.25	100.683	1
-0.25	-88.5895	1
-0.25	-156.163	1
-0.25	-3.09184	1
-0.25	-96.4049	1
-0.25	71.2659	1
-0.25	-109.839	1
-0.25	-145.674	1
-0.25	35.7688	1
-0.25	148.988	1
-0.25	40.6972	1
-0.25	81.4485	1
-0.25	-100.703	1
-0.25	-111.178	1
-0.25	29.4961	1
-0.25	31.457	1
-0.25	57.5129	1
-0.25	-40.7791	1
-0.25	167.506	1
-0.25	79.0108	1
-0.25	-131.074	1
-0.25	-13.3335	1
-0.25	-90.9973	1
-0.25	94.5021	1
-0.25	-80.0256	1
-0.25	-141.765	1
-0.25	-15.2511	1
-0.25	-91.74	1
-0.25	-33.7931	1
-0.25	85.2481	1
-0.25	-124.991	1
-0.25	-133.971	1
-0.25	-44.1874	1
-0.25	-23.4485	1
-0.25	163.26	1
-0.25	69.32	1
-0.25	134.16	1
-0.25	155.924	1
-0.25	117.912	1
-0.25	91.0411	1
-0.25	75.0726	1
-0.25	97.4298	1
-0.25	9.96728	1
-0.25	154.792	1
-0.25	47.7986	1
-0.25	8.14565	1
-0.25	95.8742	1
-0.25	-161.82	1
-0.25	-137.463	1
-0.25	-178.786	1
-0.25	19.6004	1
-0.25	-161.054	1
-0.25	-35.088	1
-0.25	22.2858	1
-0.25	45.0264	1
-0.25	-80.5139	1
-0.25	95.795	1
-0.25	-30.3864	1
-0.25	-0.0422452	1
-0.25	59.7101	1
-0.25	179.891	-0.0190476
-0.25	51.2287	-0.0190476
-0.25	80.774	-0.0190476
-0.25	-89.0039	-0.0190476
-0.25	87.7081	-0.0190476
-0.25	37.1612	-0.0190476
-0.25	48.3694	-0.0190476
-0.25	154.851	-0.0190476
-0.25	-155.159	-0.0190476
-0.25	-178.04	-0.0190476
-0.25	-63.8954	-0.0190476
-0.25	49.6644	-0.0190476
-0.25	-73.6745	-0.0190476
-0.25	-178.279	-0.0190476
-0.25	-10.9714	-0.0190476
-0.25	-179.566	-0.0190476
-0.25	68.2829	-0.0190476
-0.25	74.7098	-0.0190476
-0.25	-176.711	-0.0190476
-0.25	111.139	-0.0190476
-0.25	143.193	-0.0190476
-0.25	-86.6031	-0.0190476
-0.25	32.5012	-0.0190476
-0.25	-7.21159	-0.0190476
-0.25	34.917	-0.0190476
-0.25	129.35	-0.0190476
-0.25	-161.992	-0.0190476
-0.25	-17.2037	-0.0190476
-0.25	2.05118	-0.0190476
-0.25	22.62	-0.0190476
-0.25	106.892	-0.0190476
-0.25	146.269	-0.0190476
-0.25	160.174	-0.0190476
-0.25	-19.9313	-0.0190476
-0.25	-115.926	-0.0190476
-0.25	76.909	-0.0190476
-0.25	-176.076	-0.0190476
-0.25	-63.065	-0.0190476
-0.25	15.7457	-0.0190476
-0.25	-90.9031	-0.0190476
-0.25	7.06431	-0.0190476
-0.25	-53.288	-0.0190476
-0.25	-112.421	-0.0190476
-0.25	87.3822	-0.0190476
-0.25	-122.135	-0.0190476
-0.25	-164.743	-0.0190476
-0.25	-72.8406	-0.0190476
-0.25	144.57	-0.0190476
-0.25	-94.6011	-0.0190476
-0.25	-123.874	-0.0190476
-0.25	128.357	-0.0190476
-0.25	-19.7874	-0.0190476
-0.25	-158.214	-0.0190476
-0.25	-10.4949	-0.0190476
-0.25	-87.4771	-0.0190476
-0.25	-175.942	-0.0190476
-0.25	128.126	-0.0190476
-0.25	107.728	-0.0190476
-0.25	166.063	-0.0190476
-0.25	-108.581	-0.0190476
-0.25	57.2242	-0.0190476
-0.25	148.815	-0.0190476
-0.25	171.23	-0.0190476
-0.25	40.757	-0.0190476
-0.25	40.86	-0.0190476
-0.25	104.57	-0.0190476
-0.25	-91.2912	-0.0190476
-0.25	-0.444334	-0.0190476
-0.25	69.4583	-0.0190476
-0.25	-175.083	-0.0190476
-0.25	47.3625	-0.0190476
-0.25	-70.3005	-0.0190476
-0.25	96.9941	-0.0190476
-0.25	55.0981	-0.0190476
-0.25	-1.61648	-0.0190476
-0.25	-61.3774	-0.0190476
-0.25	-86.1208	-0.0190476
-0.25	54.5878	-0.0190476
-0.25	-52.5132	-0.0190476
-0.25	-2.44058	-0.0190476
-0.25	18.9777	-0.0190476
-0.25	-163.712	-0.0190476
-0.25	-128.664	-0.0190476
-0.25	143.666	-0.0190476
-0.25	1.22676	-0.0190476
-0.25	-121.808	-0.0190476
-0.25	-102.87	-0.0190476
-0.25	-61.2012	-0.0190476
-0.25	177.872	-0.0190476
-0.25	-108.146	-0.0190476
-0.25	101.407	-0.0190476
-0.25	37.0722	-0.0190476
-0.25	-55.7898	-0.0190476
-0.25	-123.675	-0.0190476
-0.25	75.6816	-0.0190476
-0.25	4.19201	-0.0190476
-0.25	160.088	-0.0190476
-0.25	-2.87052	-0.0190476
-0.25	-78.2432	-0.0190476
-0.25	-13.8842	-0.0190476
-0.25	101.003	-0.0190476
-0.25	-17.1144	-0.0190476
-0.25	139.349	-0.0190476
-0.25	140.949	-0.0190476
-0.25	57.9162	-0.0190476
-0.25	0.654548	-0.0190476
-0.25	23.0295	-0.0190476
-0.25	-132.948	-0.0190476
-0.25	119.176	-0.0190476
-0.25	156.239	-0.0190476
-0.25	159.788	-0.0190476
-0.25	-60.1991	-0.0190476
-0.25	-115.784	-0.0190476
-0.25	39.9518	-0.0190476
-0.25	38.6716	-0.0190476
-0.25	-71.0196	-0.0190476
-0.25	-79.0442	-0.0190476
-0.25	36.5616	-0.0190476
-0.25	-44.6043	-0.0190476
-0.25	-33.1147	-0.0190476
-0.25	160.871	-0.0190476
-0.25	-60.524	-0.0190476
-0.25	102.567	-0.0190476
-0.25	-52.8808	-0.0190476
-0.25	-22.1679	-0.0190476
-0.25	105.637	-0.0190476
-0.25	81.1427	-0.0190476
-0.25	166.744	-0.0190476
-0.25	34.8976	-0.0190476
-0.25	-56.1522	-0.0190476
-0.25	-84.8427	-0.0190476
-0.25	64.4308	-0.0190476
-0.25	-31.1772	-0.0190476
-0.25	-156.083	-0.0190476
-0.25	-17.7409	-0.0190476
-0.25	77.4835	-0.0190476
-0.25	-63.3317	-0.0190476
-0.25	-106.594	-0.0190476
-0.25	-142.409	-0.0190476
-0.25	-165.701	-0.0190476
-0.25	-65.5619	-0.0190476
-0.25	-134.109	-0.0190476
-0.25	175.121	-0.0190476
-0.25	20.4365	-0.0190476
-0.25	143.194	-0.0190476
-0.25	-78.9417	-0.0190476
-0.25	34.9763	-0.0190476
-0.25	-32.8469	-0.0190476
-0.25	-43.2855	-0.0190476
-0.25	-149.896	-0.0190476
-0.25	176.483	-0.0190476
-0.25	-119.952	-0.0190476
-0.25	86.5903	-0.0190476
-0.25	33.9444	-0.0190476
-0.25	99.2088	-0.0190476
-0.25	172.516	-0.0190476
-0.25	147.829	-0.0190476
-0.25	-149.776	-0.0190476
-0.25	-85.3324	-0.0190476
-0.25	-44.8998	-0.0190476
-0.25	-140.498	-0.0190476
-0.25	92.7054	-0.0190476
-0.25	-11.9263	-0.0190476
-0.25	174.53	-0.0190476
-0.25	-27.737	-0.0190476
-0.25	110.971	-0.0190476
-0.25	-98.9495	-0.0190476
-0.25	-69.6385	-0.0190476
-0.25	-29.5522	-0.0190476
-0.25	-68.1605	-0.0190476
-0.25	5.08884	-0.0190476
-0.25	-67.0487	-0.0190476
-0.25	-71.7804	-0.0190476
-0.25	23.3841	-0.0190476
-0.25	-72.7554	-0.0190476
-0.25	-121.593	-0.0190476
-0.25	-111.78	-0.0190476
-0.25	118.486	-0.0190476
-0.25	9.77721	-0.0190476
-0.25	-164.351	-0.0190476
-0.25	-49.1775	-0.0190476
-0.25	-10.9043	-0.0190476
-0.25	165.604	-0.0190476
-0.25	121.088	-0.0190476
-0.25	145.14	-0.0190476
-0.25	131.178	-0.0190476
-0.25	-26.8788	-0.0190476
-0.25	-64.7814	-0.0190476
-0.25	-89.4002	-0.0190476
-0.25	26.797	-0.0190476
-0.25	10.9907	-0.0190476
-0.25	-179.888	-0.0190476
-0.25	-102.893	-0.0190476
-0.25	121.344	-0.0190476
-0.25	116.468	-0.0190476
-0.25	-147.076	-0.0190476
-0.25	-72.6628	-0.0190476
-0.25	-167.514	-0.0190476
-0.25	39.0162	-0.0190476
-0.25	123.664	-0.0190476
-0.25	108.095	-0.0190476
-0.25	-89.3829	-0.0190476
-0.25	-87.3738	-0.0190476
-0.25	-145.3	-0.0190476
-0.25	128.135	-0.0190476
-0.25	22.255	-0.0190476
-0.25	133.466	-0.0190476
-0.25	-73.5776	-0.0190476
-0.25	54.8731	-0.0190476
-0.25	-61.629	-0.0190476
-0.25	-8.17201	-0.0190476
-0.25	153.232	-0.0190476
-0.25	-27.7106	-0.0190476
-0.25	125.358	-0.0190476
-0.25	-7.18143	-0.0190476
-0.25	73.0105	-0.0190476
-0.25	-87.4438	-0.0190476
-0.25	-120.787	-0.0190476
-0.25	106.995	-0.0190476
-0.25	15.4828	-0.0190476
-0.25	-24.4976	-0.0190476
-0.25	44.6924	-0.0190476
-0.25	14.7017	-0.0190476
-0.25	-179.52	-0.0190476
-0.25	-176.886	-0.0190476
-0.25	130.793	-0.0190476
-0.25	-46.5792	-0.0190476
-0.25	128.282	-0.0190476
-0.25	-156.626	-0.0190476
-0.25	13.3837	-0.0190476
-0.25	116.983	-0.0190476
-0.25	-147.159	-0.0190476
-0.25	-153.2	-0.0190476
-0.25	-157.149	-0.0190476
-0.25	-165.679	-0.0190476
-0.25	-31.7487	-0.0190476
-0.25	-147.128	-0.0190476
-0.25	-62.4705	-0.0190476
-0.25	-86.8344	-0.0190476
-0.25	-137.436	-0.0190476
-0.25	80.9417	-0.0190476
-0.25	-167.583	-0.0190476
-0.25	-127.441	-0.0190476
-0.25	3.64136	-0.0190476
-0.25	-178.097	-0.0190476
-0.25	121.933	-0.0190476
-0.25	-1.91375	-0.0190476
-0.25	-87.4958	-0.0190476
-0.25	-129.487	-0.0190476
-0.25	78.5385	-0.0190476
-0.25	-80.5544	-0.0190476
-0.25	65.0305	-0.0190476
-0.25	-27.3367	-0.0190476
-0.25	5.47117	-0.0190476
-0.25	-89.4085	-0.0190476
-0.25	56.4469	-0.0190476
-0.25	133.32	-0.0190476
-0.25	131.917	-0.0190476
-0.25	137.038	-0.0190476
-0.25	-139.634	-0.0190476
-0.25	-116.676	-0.0190476
-0.25	153.045	-0.0190476
-0.25	-174.661	-0.0190476
-0.25	34.9844	-0.0190476
-0.25	-34.8774	-0.0190476
-0.25	176.243	-0.0190476
-0.25	-131.142	-0.0190476
-0.25	-108.617	-0.0190476
-0.25	163.443	-0.0190476
-0.25	48.0925	-0.0190476
-0.25	122.434	-0.0190476
-0.25	-149.169	-0.0190476
-0.25	-67.612	-0.0190476
-0.25	68.5117	-0.0190476
-0.25	2.97341	-0.0190476
-0.25	45.7023	-0.0190476
-0.25	175.121	-0.0190476
-0.25	-13.466	-0.0190476
-0.25	-47.6728	-0.0190476
-0.25	-75.9621	-0.0190476
-0.25	-66.6615	-0.0190476
-0.25	54.5082	-0.0190476
-0.25	-27.5614	-0.0190476
-0.25	-141.727	-0.0190476
-0.25	-148.188	-0.0190476
-0.25	119.64	-0.0190476
-0.25	70.0578	-0.0190476
-0.25	76.6192	-0.0190476
-0.25	67.1918	-0.0190476
-0.25	-45.086	-0.0190476
-0.25	-32.9159	-0.0190476
-0.25	70.5591	-0.0190476
-0.25	-76.522	-0.0190476
-0.25	48.5183	-0.0190476
-0.25	-74.2628	-0.0190476
-0.25	-175.76	-0.0190476
-0.25	-113.012	-0.0190476
-0.25	156.576	-0.0190476
-0.25	79.7982	-0.0190476
-0.25	144.199	-0.0190476
-0.25	-86.5922	-0.0190476
0.3	-142.46	1
0.3	-50.4345	1
0.3	10.4364	1
0.3	-160.385	1
0.3	-172.292	1
0.3	-156.428	1
0.3	-84.4015	1
0.3	155.557	1
0.3	5.55191	1
0.3	-3.9965	1
0.3	94.2941	1
0.3	103.028	1
0.3	-45.2276	1
0.3	171.904	1
0.3	-76.6712	1
0.3	56.9234	1
0.3	77.9754	1
0.3	-77.1473	1
0.3	-0.398711	1
0.3	-147.127	1
0.3	94.7427	1
0.3	-18.2155	1
0.3	55.8951	1
0.3	-35.7759	1
0.3	157.03	1
0.3	-76.2777	1
0.3	106.549	1
0.3	-65.332	1
0.3	114.877	1
0.3	85.8981	1
0.3	-160.471	1
0.3	67.0715	1
0.3	41.4037	1
0.3	150.556	1
0.3	125.447	1
0.3	-17.7064	1
0.3	12.4191	1
0.3	16.8408	1
0.3	9.54807	1
0.3	-100.273	1
0.3	130.641	1
0.3	27.2575	1
0.3	39.1654	1
0.3	172.178	1
0.3	176.863	1
0.3	158.984	1
0.3	79.5641	1
0.3	156.09	1
0.3	-167.508	1
0.3	-131.285	1
0.3	120.8	1
0.3	-117.801	1
0.3	-120.885	1
0.3	-140.975	1
0.3	-79.8772	1
0.3	158.845	1
0.3	174.743	1
0.3	81.0358	1
0.3	129.177	1
0.3	174.57	1
0.3	84.5548	1
0.3	-143.203	1
0.3	2.10938	1
0.3	158.475	1
0.3	-82.4802	1
0.3	171.321	1
0.3	62.1595	1
0.3	136.29	1
0.3	108.316	1
0.3	129.391	1
0.3	91.9821	1
0.3	-7.11489	1
0.3	139.203	1
0.3	-73.771	1
0.3	-159.204	1
0.3	92.5706	1
0.3	51.6638	1
0.3	121.994	1
0.3	-74.6654	1
0.3	46.131	1
0.3	-38.2734	1
0.3	-151.113	1
0.3	75.8269	1
0.3	133.991	1
0.3	135.558	1
0.3	105.855	1
0.3	-14.4864	1
0.3	134.388	1
0.3	145.903	1
0.3	46.4515	1
0.3	-75.0074	1
0.3	111.402	1
0.3	91.3944	1
0.3	4.07333	1
0.3	151.145	1
0.3	-41.2251	1
0.3	109.242	1
0.3	40.0684	1
0.3	111.591	1
0.3	-105.225	1
0.3	105.26	1
0.3	50.7199	1
0.3	16.667	1
0.3	142.691	1
0.3	18.0103	1
0.3	151.848	1
0.3	143.111	1
0.3	47.9274	1
0.3	-31.1141	1
0.3	96.8044	1
0.3	-66.1945	1
0.3	81.2807	1
0.3	-52.4083	1
0.3	53.0875	1
0.3	155.618	1
0.3	71.4398	1
0.3	10.5024	1
0.3	-29.1749	1
0.3	67.4455	1
0.3	168.436	1
0.3	166.266	1
0.3	-44.8381	1
0.3	140.49	1
0.3	133.311	1
0.3	160.3	1
0.3	-89.4896	1
0.3	63.0371	1
0.3	78.6715	1
0.3	116.42	1
0.3	-40.4084	1
0.3	70.5852	1
0.3	148.614	1
0.3	54.5634	1
0.3	89.2122	1
0.3	116.765	1
0.3	-18.6906	1
0.3	67.5649	1
0.3	105.018	1
0.3	-50.5827	1
0.3	5.85237	1
0.3	98.1092	1
0.3	-128.722	1
0.3	-102.635	1
0.3	135.827	-0.047619
0.3	-1.55628	-0.047619
0.3	27.4508	-0.047619
0.3	142.673	-0.047619
0.3	-130.539	-0.047619
0.3	-70.5977	-0.047619
0.3	26.6428	-0.047619
0.3	102.245	-0.047619
0.3	-46.9029	-0.047619
0.3	-88.3829	-0.047619
0.3	-116.203	-0.047619
0.3	8.59389	-0.047619
0.3	-115.605	-0.047619
0.3	34.1607	-0.047619
0.3	-92.7119	-0.047619
0.3	135.547	-0.047619
0.3	-151.092	-0.047619
0.3	-120.194	-0.047619
0.3	-76.6938	-0.047619
0.3	-51.097	-0.047619
0.3	101.759	-0.047619
0.3	55.9718	-0.047619
0.3	-70.4803	-0.047619
0.3	-129.021	-0.047619
0.3	73.2771	-0.047619
0.3	6.23811	-0.047619
0.3	22.7286	-0.047619
0.3	-164.697	-0.047619
0.3	-5.67058	-0.047619
0.3	-116.146	-0.047619
0.3	-26.5081	-0.047619
0.3	-118.365	-0.047619
0.3	-72.0614	-0.047619
0.3	-129.312	-0.047619
0.3	-43.8646	-0.047619
0.3	69.7685	-0.047619
0.3	92.7048	-0.047619
0.3	163.014	-0.047619
0.3	-173.171	-0.047619
0.3	160.724	-0.047619
0.3	-2.13828	-0.047619
0.3	127.702	-0.047619
0.3	165.514	-0.047619
0.3	168.035	-0.047619
0.3	121.004	-0.047619
0.3	-155.815	-0.047619
0.3	-33.9923	-0.047619
0.3	-166.834	-0.047619
0.3	-112.322	-0.047619
0.3	157.346	-0.047619
0.3	144.464	-0.047619
0.3	-164.83	-0.047619
0.3	87.1845	-0.047619
0.3	9.77751	-0.047619
0.3	-0.30783	-0.047619
0.3	46.5074	-0.047619
0.3	142.968	-0.047619
0.3	-4.39706	-0.047619
0.3	-139.113	-0.047619
0.3	-7.6912	-0.047619
0.3	-18.0004	-0.047619
0.3	-55.4228	-0.047619
0.3	-133.676	-0.047619
0.3	-142.605	-0.047619
0.3	136.407	-0.047619
0.3	23.8504	-0.047619
0.3	-119.765	-0.047619
0.3	175.008	-0.047619
0.3	29.6788	-0.047619
0.3	-96.124	-0.047619
0.3	-14.9462	-0.047619
0.3	151.123	-0.047619
0.3	-113.705	-0.047619
0.3	-111.967	-0.047619
0.3	7.78943	-0.047619
0.3	-152.93	-0.047619
0.3	-2.97005	-0.047619
0.3	147.296	-0.047619
0.3	123.594	-0.047619
0.3	-106.456	-0.047619
0.3	169.731	-0.047619
0.3	45.8606	-0.047619
0.3	83.882	-0.047619
0.3	35.0444	-0.047619
0.3	19.3745	-0.047619
0.3	-95.4105	-0.047619
0.3	109.184	-0.047619
0.3	-66.4148	-0.047619
0.3	57.1835	-0.047619
0.3	65.0802	-0.047619
0.3	152.728	-0.047619
0.3	57.3569	-0.047619
0.3	-13.6617	-0.047619
0.3	-45.2552	-0.047619
0.3	130.049	-0.047619
0.3	65.9169	-0.047619
0.3	-68.7513	-0.047619
0.3	-98.2245	-0.047619
0.3	-107.516	-0.047619
0.3	174.407	-0.047619
0.3	-19.0132	-0.047619
0.3	81.3893	-0.047619
0.3	71.2228	-0.047619
0.3	89.6925	-0.047619
0.3	46.9384	-0.047619
0.3	-45.533	-0.047619
0.3	5.27607	-0.047619
0.3	-82.1359	-0.047619
0.3	117.955	-0.047619
0.3	-157.932	-0.047619
0.3	-150.739	-0.047619
0.3	36.7378	-0.047619
0.3	-19.7732	-0.047619
0.3	95.89	-0.047619
0.3	-87.799	-0.047619
0.3	-0.841784	-0.047619
0.3	134.441	-0.047619
0.3	-133.748	-0.047619
0.3	-52.6824	-0.047619
0.3	-93.2837	-0.047619
0.3	14.9106	-0.047619
0.3	-47.4313	-0.047619
0.3	-35.5585	-0.047619
0.3	-132.858	-0.047619
0.3	-107.25	-0.047619
0.3	154.572	-0.047619
0.3	77.3646	-0.047619
0.3	35.7133	-0.047619
0.3	85.1575	-0.047619
0.3	-139.838	-0.047619
0.3	-129.239	-0.047619
0.3	-45.1435	-0.047619
0.3	177.54	-0.047619
0.3	18.2444	-0.047619
0.3	-126.091	-0.047619
0.3	177.065	-0.047619
0.3	-177.285	-0.047619
0.3	7.53091	-0.047619
0.3	158.698	-0.047619
0.3	124.652	-0.047619
0.3	-155.924	-0.047619
0.3	107.348	-0.047619
0.3	-150.495	-0.047619
0.3	17.566	-0.047619
0.3	-152.211	-0.047619
0.3	-83.7726	-0.047619
0.3	-16.9535	-0.047619
0.3	-172.516	-0.047619
0.3	-4.89826	-0.047619
0.3	117.256	-0.047619
0.3	61.7515	-0.047619
-0.25	-67.3464	1
-0.25	-22.9453	1
-0.25	-87.0722	1
-0.25	-147.578	1
-0.25	-23.4488	1
-0.25	-133.624	1
-0.25	24.0057	1
-0.25	-61.9153	1
-0.25	-48.1886	1
-0.25	142.114	1
-0.25	93.5602	1
-0.25	-27.2077	1
-0.25	-144.609	1
-0.25	106.679	1
-0.25	-41.2224	1
-0.25	2.44443	1
-0.25	-100.906	1
-0.25	-115.094	1
-0.25	95.1256	1
-0.25	147.193	1
-0.25	151.498	1
-0.25	-38.9174	1
-0.25	-92.5475	1
-0.25	91.8922	1
-0.25	-32.7381	1
-0.25	14.7076	1
-0.25	-143.454	1
-0.25	151.416	1
-0.25	-164.953	1
-0.25	178.39	1
-0.25	-136.156	1
-0.25	-83.157	1
-0.25	-31.2273	1
-0.25	140.28	1
-0.25	-2.62977	1
-0.25	-168.936	1
-0.25	165.479	1
-0.25	-77.6114	1
-0.25	-111.701	1
-0.25	115.701	1
-0.25	45.1124	1
-0.25	-78.2198	1
-0.25	131.116	1
-0.25	-148.914	1
-0.25	-170.669	1
-0.25	-29.4196	1
-0.25	-96.3231	1
-0.25	-124.583	1
-0.25	146.784	1
-0.25	-127.414	1
-0.25	41.8162	1
-0.25	130.762	1
-0.25	46.0234	1
-0.25	-99.5095	1
-0.25	95.5974	1
-0.25	85.7882	1
-0.25	177.176	1
-0.25	43.8951	1
-0.25	-154.192	1
-0.25	-107.547	1
-0.25	123.353	1
-0.25	151.797	1
-0.25	-128.513	1
-0.25	-152.32	1
-0.25	92.0807	1
-0.25	125.13	1
-0.25	11.3188	1
-0.25	103.91	1
-0.25	-73.0442	1
-0.25	-81.025	1
-0.25	50.6714	1
-0.25	64.9233	1
-0.25	98.3803	1
-0.25	128.48	1
-0.25	88.2541	1
-0.25	-162.67	1
-0.25	146.429	1
-0.25	125.822	1
-0.25	-16.7084	1
-0.25	33.8394	1
-0.25	-77.6175	1
-0.25	107.739	1
-0.25	-62.5198	1
-0.25	67.2265	1
-0.25	-46.5059	1
-0.25	144.771	1
-0.25	-123.471	1
-0.25	-146.033	1
-0.25	-72.0291	1
-0.25	-82.4838	1
-0.25	-157.04	1
-0.25	170.525	1
-0.25	177.747	1
-0.25	67.7098	1
-0.25	-41.5193	1
-0.25	-30.4374	1
-0.25	71.1164	1
-0.25	4.56948	1
-0.25	-127.788	1
-0.25	-174.136	1
-0.25	124.709	1
-0.25	70.3864	1
-0.25	134.859	1
-0.25	-103.588	1
-0.25	-37.4005	1
-0.25	42.3567	1
-0.25	17.3948	1
-0.25	8.25302	1
-0.25	13.9934	1
-0.25	165.46	1
-0.25	-118.184	1
-0.25	103.966	1
-0.25	-139.668	1
-0.25	148.535	1
-0.25	55.3248	-0.047619
-0.25	19.5522	-0.047619
-0.25	120.914	-0.047619
-0.25	105.112	-0.047619
-0.25	126.817	-0.047619
-0.25	-24.6954	-0.047619
-0.25	139.355	-0.047619
-0.25	-40.7451	-0.047619
-0.25	58.8692	-0.047619
-0.25	117.216	-0.047619
-0.25	-162.509	-0.047619
-0.25	157.736	-0.047619
-0.25	-121.378	-0.047619
-0.25	-146.269	-0.047619
-0.25	169.046	-0.047619
-0.25	105.924	-0.047619
-0.25	94.174	-0.047619
-0.25	-24.5751	-0.047619
-0.25	-127.559	-0.047619
-0.25	-19.7396	-0.047619
-0.25	-163.874	-0.047619
-0.25	150.348	-0.047619
-0.25	-145.762	-0.047619
-0.25	116.319	-0.047619
-0.25	81.0097	-0.047619
-0.25	-164.791	-0.047619
-0.25	-146.701	-0.047619
-0.25	-71.4929	-0.047619
-0.25	-6.41893	-0.047619
-0.25	24.1705	-0.047619
-0.25	-67.781	-0.047619
-0.25	115.874	-0.047619
-0.25	179.623	-0.047619
-0.25	-79.5971	-0.047619
-0.25	-70.9033	-0.047619
-0.25	57.6368	-0.047619
-0.25	-56.4504	-0.047619
-0.25	-168.373	-0.047619
-0.25	-2.03167	-0.047619
-0.25	69.6073	-0.047619
-0.25	-8.78045	-0.047619
-0.25	162.483	-0.047619
-0.25	-66.3649	-0.047619
-0.25	-134.683	-0.047619
-0.25	-54.9157	-0.047619
-0.25	176.365	-0.047619
-0.25	25.7021	-0.047619
-0.25	131.836	-0.047619
-0.25	158.498	-0.047619
-0.25	179.979	-0.047619
-0.25	51.5854	-0.047619
-0.25	-47.3937	-0.047619
-0.25	-108.005	-0.047619
-0.25	-48.8536	-0.047619
-0.25	-61.7548	-0.047619
-0.25	61.8609	-0.047619
-0.25	-88.0192	-0.047619
-0.25	-10.6355	-0.047619
-0.25	-99.3488	-0.047619
-0.25	153.311	-0.047619
-0.25	-16.3465	-0.047619
-0.25	-153.165	-0.047619
-0.25	135.358	-0.047619
-0.25	-145.833	-0.047619
-0.25	154.86	-0.047619
-0.25	-141.532	-0.047619
-0.25	56.6872	-0.047619
-0.25	96.8338	-0.047619
-0.25	88.7929	-0.047619
-0.25	-10.3371	-0.047619
-0.25	-79.0753	-0.047619
-0.25	-45.8625	-0.047619
-0.25	72.5725	-0.047619
-0.25	-154.685	-0.047619
-0.25	-59.4556	-0.047619
-0.25	-155.557	-0.047619
-0.25	5.56972	-0.047619
-0.25	153.415	-0.047619
-0.25	52.4694	-0.047619
-0.25	17.3741	-0.047619
-0.25	-65.968	-0.047619
-0.25	-167.994	-0.047619
-0.25	144.216	-0.047619
-0.25	-160.264	-0.047619
-0.25	120.803	-0.047619
-0.25	-29.6726	-0.047619
-0.25	40.4326	-0.047619
-0.25	-41.2511	-0.047619
-0.25	31.2524	-0.047619
-0.25	1.48791	-0.047619
-0.25	-37.8097	-0.047619
-0.25	129.491	-0.047619
-0.25	157.928	-0.047619
-0.25	177.986	-0.047619
-0.25	104.61	-0.047619
-0.25	124.556	-0.047619
-0.25	125.367	-0.047619
-0.25	66.4787	-0.047619
-0.25	106.109	-0.047619
-0.25	-53.8368	-0.047619
-0.25	66.9611	-0.047619
-0.25	53.4002	-0.047619
-0.25	-145.264	-0.047619
-0.25	-171.83	-0.047619
-0.25	-80.1434	-0.047619
-0.25	-158.23	-0.047619
-0.25	14.1921	-0.047619
-0.25	-20.4576	-0.047619
-0.25	-104.924	-0.047619
-0.25	20.2167	-0.047619
-0.25	9.19548	-0.047619
-0.25	166.901	-0.047619
-0.25	-7.54028	-0.047619
-0.25	-20.887	-0.047619
-0.25	156.288	-0.047619
-0.25	-70.9373	-0.047619
-0.25	163.288	-0.047619
-0.25	-8.1635	-0.047619
-0.25	143.803	-0.047619
-0.25	-11.1143	-0.047619
0.3	-141.624	1
0.3	24.5418	1
0.3	64.4907	1
0.3	-165.648	1
0.3	-36.1698	1
0.3	-83.1931	1
0.3	108.64	1
0.3	-173.851	1
0.3	16.2859	1
0.3	-99.6032	1
0.3	-140.513	1
0.3	-51.7886	1
0.3	105.719	1
0.3	-75.6637	1
0.3	-63.8547	1
0.3	-65.9029	1
0.3	-84.0758	1
0.3	-165.362	1
0.3	72.6535	1
0.3	-164.676	1
0.3	157.413	1
0.3	8.2987	1
0.3	-38.0558	1
0.3	110.282	1
0.3	-35.0878	1
0.3	69.6377	1
0.3	110.578	1
0.3	-126.893	1
0.3	58.6947	1
0.3	10.6485	1
0.3	30.0546	1
0.3	35.4121	1
0.3	68.2067	1
0.3	-5.46468	1
0.3	3.54607	1
0.3	95.6027	1
0.3	-41.8569	1
0.3	105.121	1
0.3	90.1167	1
0.3	135.442	1
0.3	58.8627	1
0.3	-158.052	1
0.3	-91.4159	1
0.3	145.844	1
0.3	-88.9668	1
0.3	-122.268	1
0.3	120.394	1
0.3	-44.5404	1
0.3	90.8033	1
0.3	146.223	1
0.3	110.082	1
0.3	-9.94082	1
0.3	171.013	1
0.3	156.107	1
0.3	52.0672	1
0.3	-130.822	1
0.3	112.826	1
0.3	2.80769	1
0.3	15.822	1
0.3	113.023	1
0.3	93.5682	1
0.3	4.58398	1
0.3	-64.7901	1
0.3	-21.3486	1
0.3	102.307	1
0.3	73.4482	1
0.3	55.8796	1
0.3	116.879	1
0.3	-142.122	1
0.3	105.87	1
0.3	-167.18	1
0.3	153.046	1
0.3	67.7439	1
0.3	141.305	1
0.3	-25.6952	1
0.3	-53.9953	1
0.3	-3.10098	1
0.3	-23.7337	1
0.3	132.475	1
0.3	19.3019	1
0.3	-51.7228	1
0.3	85.4724	1
0.3	-80.2278	1
0.3	-28.9528	1
0.3	94.7485	1
0.3	142.21	1
0.3	-138.383	1
0.3	70.5034	1
0.3	-155.485	1
0.3	-15.7324	1
0.3	80.1799	1
0.3	-0.323221	1
0.3	102.87	1
0.3	160.818	1
0.3	-167.412	1
0.3	-141.534	1
0.3	60.0375	1
0.3	-33.9912	1
0.3	-170.874	1
0.3	-13.1944	1
0.3	174.88	1
0.3	73.5018	1
0.3	-147.013	1
0.3	-99.4177	1
0.3	109.427	1
0.3	84.0305	1
0.3	145.989	1
0.3	-57.525	1
0.3	-90.1685	1
0.3	124.861	1
0.3	126.083	1
0.3	175.359	1
0.3	-118.883	1
0.3	152.426	1
0.3	-168.421	1
0.3	-173.378	1
0.3	56.1314	1
0.3	-149.309	1
0.3	-55.0835	1
0.3	17.7387	1
0.3	69.3236	1
0.3	-131.926	1
0.3	-2.66507	1
0.3	-46.5345	1
0.3	150.88	1
0.3	178.941	1
0.3	32.1922	1
0.3	81.1958	1
0.3	106.864	1
0.3	107.497	1
0.3	-40.7007	1
0.3	-18.1713	1
0.3	-23.5421	1
0.3	76.5411	1
0.3	-174.075	1
0.3	121.942	1
0.3	-138.523	1
0.3	-62.2222	1
0.3	-54.2044	1
0.3	-144.35	1
0.3	146.876	1
0.3	-142.99	1
0.3	54.5602	1
0.3	-8.49353	-0.0666667
0.3	58.1683	-0.0666667
0.3	129.02	-0.0666667
0.3	82.3418	-0.0666667
0.3	-152.011	-0.0666667
0.3	-143.712	-0.0666667
0.3	167.241	-0.0666667
0.3	6.56353	-0.0666667
0.3	-37.2366	-0.0666667
0.3	-116.135	-0.0666667
0.3	-165.973	-0.0666667
0.3	-117.692	-0.0666667
0.3	-53.6958	-0.0666667
0.3	-47.6274	-0.0666667
0.3	-27.5515	-0.0666667
0.3	169.962	-0.0666667
0.3	56.7515	-0.0666667
0.3	-94.3117	-0.0666667
0.3	-101.038	-0.0666667
0.3	-141.958	-0.0666667
0.3	-67.8688	-0.0666667
0.3	43.7957	-0.0666667
0.3	80.626	-0.0666667
0.3	-115.756	-0.0666667
0.3	32.9383	-0.0666667
0.3	-168.584	-0.0666667
0.3	-119.182	-0.0666667
0.3	-52.2783	-0.0666667
0.3	81.9891	-0.0666667
0.3	-150.247	-0.0666667
0.3	-37.1805	-0.0666667
0.3	-110.727	-0.0666667
0.3	-56.7848	-0.0666667
0.3	26.2194	-0.0666667
0.3	70.4792	-0.0666667
0.3	172.119	-0.0666667
0.3	-175.201	-0.0666667
0.3	162.978	-0.0666667
0.3	-72.3522	-0.0666667
0.3	-17.5467	-0.0666667
0.3	-73.4326	-0.0666667
0.3	96.7385	-0.0666667
0.3	-117.376	-0.0666667
0.3	163.012	-0.0666667
0.3	-136.546	-0.0666667
0.3	-91.8813	-0.0666667
0.3	-109.139	-0.0666667
0.3	175.379	-0.0666667
0.3	34.16	-0.0666667
0.3	80.6668	-0.0666667
0.3	-98.5844	-0.0666667
0.3	-24.7083	-0.0666667
0.3	172.986	-0.0666667
0.3	-129.83	-0.0666667
0.3	91.5452	-0.0666667
0.3	59.847	-0.0666667
0.3	34.2796	-0.0666667
0.3	131.481	-0.0666667
0.3	43.2465	-0.0666667
0.3	-46.547	-0.0666667
0.3	-88.914	-0.0666667
0.3	-120.56	-0.0666667
0.3	150.414	-0.0666667
0.3	59.6214	-0.0666667
0.3	-65.2815	-0.0666667
0.3	23.6353	-0.0666667
0.3	169.89	-0.0666667
0.3	138.916	-0.0666667
0.3	-87.4761	-0.0666667
0.3	-120.574	-0.0666667
0.3	-174.408	-0.0666667
0.3	-91.2736	-0.0666667
0.3	110.515	-0.0666667
0.3	-87.7308	-0.0666667
0.3	100.047	-0.0666667
0.3	178.162	-0.0666667
0.3	32.2336	-0.0666667
0.3	-136.61	-0.0666667
0.3	32.2017	-0.0666667
0.3	17.6419	-0.0666667
0.3	-14.187	-0.0666667
0.3	-76.5991	-0.0666667
0.3	-118.052	-0.0666667
0.3	8.58213	-0.0666667
0.3	-154.618	-0.0666667
0.3	-124.503	-0.0666667
0.3	-14.4098	-0.0666667
0.3	8.59808	-0.0666667
0.3	-41.9617	-0.0666667
0.3	70.1562	-0.0666667
0.3	15.8901	-0.0666667
0.3	143.846	-0.0666667
0.3	144.933	-0.0666667
0.3	68.5665	-0.0666667
0.3	69.9512	-0.0666667
0.3	-174.821	-0.0666667
0.3	-51.4821	-0.0666667
0.3	172.219	-0.0666667
0.3	-75.6954	-0.0666667
0.3	31.6114	-0.0666667
0.3	23.3326	-0.0666667
0.3	-151.748	-0.0666667
0.3	-141.494	-0.0666667
0.3	145.83	-0.0666667
0.3	-108.163	-0.0666667
0.3	-39.4603	-0.0666667
0.3	-10.279	-0.0666667
-0.25	51.4686	1
-0.25	-135.569	1
-0.25	-4.13321	1
-0.25	12.8383	1
-0.25	91.6897	1
-0.25	156.984	1
-0.25	-167.977	1
-0.25	1.87246	1
-0.25	-163.365	1
-0.25	-142.577	1
-0.25	120.961	1
-0.25	-165.676	1
-0.25	46.2947	1
-0.25	105.919	1
-0.25	176.392	1
-0.25	40.6631	1
-0.25	-135.376	1
-0.25	-83.4226	1
-0.25	104.064	1
-0.25	44.0723	1
-0.25	90.9306	1
-0.25	14.3034	1
-0.25	-92.9148	1
-0.25	10.837	1
-0.25	-14.8815	1
-0.25	136.156	1
-0.25	-126.582	1
-0.25	-169.097	1
-0.25	175.027	1
-0.25	124.911	1
-0.25	78.8501	1
-0.25	150.792	1
-0.25	51.077	1
-0.25	27.6892	1
-0.25	-31.379	1
-0.25	174.943	1
-0.25	-160.998	1
-0.25	14.3867	1
-0.25	60.2847	1
-0.25	162.446	1
-0.25	18.4379	1
-0.25	113.405	1
-0.25	75.8486	1
-0.25	154.941	1
-0.25	-8.49291	1
-0.25	-88.9996	1
-0.25	-97.6153	1
-0.25	35.8771	1
-0.25	-157.453	1
-0.25	102.28	1
-0.25	-74.9052	1
-0.25	63.769	1
-0.25	-90.1512	1
-0.25	-129.385	1
-0.25	67.5429	1
-0.25	-129.172	1
-0.25	168.202	1
-0.25	121.574	1
-0.25	43.1621	1
-0.25	50.7881	1
-0.25	-92.917	1
-0.25	99.3083	1
-0.25	-69.9829	1
-0.25	-9.82366	1
-0.25	-9.29522	1
-0.25	-38.323	1
-0.25	1.72635	1
-0.25	28.8973	1
-0.25	124.92	1
-0.25	-154.005	1
-0.25	63.038	1
-0.25	144.206	1
-0.25	-49.9827	1
-0.25	69.5311	1
-0.25	-105.368	1
-0.25	27.1125	1
-0.25	80.2759	1
-0.25	21.6873	1
-0.25	-57.364	1
-0.25	-158.586	1
-0.25	-6.91701	1
-0.25	51.3261	1
-0.25	-70.7504	1
-0.25	82.8918	1
-0.25	17.8071	1
-0.25	-149.004	1
-0.25	-178.67	1
-0.25	106.957	1
-0.25	102.085	1
-0.25	104.177	1
-0.25	141.925	1
-0.25	-57.4107	1
-0.25	-125.384	1
-0.25	127.458	1
-0.25	56.3812	1
-0.25	-133.898	1
-0.25	-79.9632	1
-0.25	-139.293	1
-0.25	47.4653	1
-0.25	111.833	1
-0.25	-65.2439	1
-0.25	47.2104	1
-0.25	-145.17	1
-0.25	53.7476	1
-0.25	142.378	1
-0.25	148.248	1
-0.25	146.223	1
-0.25	-48.2254	1
-0.25	-165.673	1
-0.25	176.81	1
-0.25	-29.5172	1
-0.25	-52.1065	1
-0.25	-63.9844	1
-0.25	76.0939	1
-0.25	-65.8484	-0.0666667
-0.25	-72.9463	-0.0666667
-0.25	72.8239	-0.0666667
-0.25	150.331	-0.0666667
-0.25	72.5667	-0.0666667
-0.25	-155.543	-0.0666667
-0.25	-139.014	-0.0666667
-0.25	-67.4567	-0.0666667
-0.25	178.082	-0.0666667
-0.25	-40.1911	-0.0666667
-0.25	-121.534	-0.0666667
-0.25	-18.3738	-0.0666667
-0.25	158.866	-0.0666667
-0.25	-56.5313	-0.0666667
-0.25	-58.4811	-0.0666667
-0.25	-153.496	-0.0666667
-0.25	88.0443	-0.0666667
-0.25	-96.0101	-0.0666667
-0.25	-48.2266	-0.0666667
-0.25	7.30563	-0.0666667
-0.25	111.148	-0.0666667
-0.25	-53.3866	-0.0666667
-0.25	39.4034	-0.0666667
-0.25	143.796	-0.0666667
-0.25	-52.7752	-0.0666667
-0.25	-123.621	-0.0666667
-0.25	-40.9125	-0.0666667
-0.25	71.2491	-0.0666667
-0.25	145.008	-0.0666667
-0.25	119.497	-0.0666667
-0.25	-129.867	-0.0666667
-0.25	1.59174	-0.0666667
-0.25	138.406	-0.0666667
-0.25	-3.66741	-0.0666667
-0.25	-171.32	-0.0666667
-0.25	-174.549	-0.0666667
-0.25	-60.5007	-0.0666667
-0.25	-12.7302	-0.0666667
-0.25	85.0751	-0.0666667
-0.25	154.051	-0.0666667
-0.25	-155.227	-0.0666667
-0.25	-25.7995	-0.0666667
-0.25	-141.225	-0.0666667
-0.25	11.0825	-0.0666667
-0.25	123.774	-0.0666667
-0.25	105.536	-0.0666667
-0.25	107.461	-0.0666667
-0.25	107.551	-0.0666667
-0.25	-131.685	-0.0666667
-0.25	-110.277	-0.0666667
-0.25	-130.385	-0.0666667
-0.25	-6.19163	-0.0666667
-0.25	151.149	-0.0666667
-0.25	11.551	-0.0666667
-0.25	99.4066	-0.0666667
-0.25	26.0454	-0.0666667
-0.25	168.77	-0.0666667
-0.25	57.1107	-0.0666667
-0.25	29.0251	-0.0666667
-0.25	144.642	-0.0666667
-0.25	26.0118	-0.0666667
-0.25	-38.7223	-0.0666667
-0.25	91.4539	-0.0666667
-0.25	-112.48	-0.0666667
-0.25	65.4949	-0.0666667
-0.25	-82.8584	-0.0666667
-0.25	-128.677	-0.0666667
-0.25	27.4753	-0.0666667
-0.25	79.3479	-0.0666667
-0.25	-25.4887	-0.0666667
-0.25	137.672	-0.0666667
-0.25	5.81755	-0.0666667
-0.25	-123.482	-0.0666667
-0.25	106.474	-0.0666667
-0.25	73.9193	-0.0666667
-0.25	-81.6514	-0.0666667
-0.25	-21.874	-0.0666667
-0.25	80.3932	-0.0666667
-0.25	-35.482	-0.0666667
-0.25	-14.0666	-0.0666667
-0.25	-22.6195	-0.0666667
-0.25	121.127	-0.0666667
-0.25	22.5413	-0.0666667
-0.25	-71.8455	-0.0666667
-0.25	156.864	-0.0666667
-0.25	-132.73	-0.0666667
0.3	52.354	1
0.3	143.928	1
0.3	65.9724	1
0.3	-141.53	1
0.3	-133.616	1
0.3	-65.3613	1
0.3	28.1566	1
0.3	175.246	1
0.3	134.996	1
0.3	113.169	1
0.3	-81.6961	1
0.3	-122.162	1
0.3	176.509	1
0.3	177.459	1
0.3	57.8058	1
0.3	97.4582	1
0.3	39.1668	1
0.3	17.6793	1
0.3	37.6519	1
0.3	57.1561	1
0.3	-5.08101	1
0.3	133.49	1
0.3	165.479	1
0.3	129.074	1
0.3	144.558	1
0.3	139.891	1
0.3	-22.1904	1
0.3	69.9671	1
0.3	140.383	1
0.3	-104.384	1
0.3	-150.716	1
0.3	-143.796	1
0.3	-141.946	1
0.3	137.813	1
0.3	-8.0959	1
0.3	-140.235	1
0.3	124.81	1
0.3	-123.248	1
0.3	133.699	1
0.3	-179.401	1
0.3	-36.4998	1
0.3	37.0635	1
0.3	-73.3084	1
0.3	160.091	1
0.3	172.084	1
0.3	-94.8269	1
0.3	30.8144	1
0.3	43.3652	1
0.3	89.3322	1
0.3	-96.6507	1
0.3	-100.444	1
0.3	-30.5574	1
0.3	10.0669	1
0.3	-96.7999	1
0.3	-30.2598	1
0.3	-167.387	1
0.3	104.474	1
0.3	95.5582	1
0.3	-35.3287	1
0.3	-15.202	1
0.3	-52.8236	1
0.3	110.668	1
0.3	138.612	1
0.3	73.2825	1
0.3	108.859	1
0.3	-164.156	1
0.3	-72.9256	1
0.3	106.523	1
0.3	-111.866	1
0.3	82.4376	1
0.3	-27.9404	1
0.3	75.9946	1
0.3	-170.724	1
0.3	179.418	1
0.3	-26.2784	1
0.3	51.768	1
0.3	6.9163	1
0.3	115.265	1
0.3	18.9506	1
0.3	-34.0237	1
0.3	134.614	1
0.3	28.8954	1
0.3	-12.9639	1
0.3	9.30337	1
0.3	-21.9917	1
0.3	60.4621	1
0.3	-28.1388	1
0.3	157.6	1
0.3	-63.4242	1
0.3	51.0295	1
0.3	-178.486	1
0.3	108.539	1
0.3	55.2608	1
0.3	9.08939	1
0.3	-31.1648	1
0.3	143.31	1
0.3	146.683	1
0.3	107.869	1
0.3	11.4471	1
0.3	-97.2576	1
0.3	146.073	1
0.3	127.367	1
0.3	121.162	1
0.3	-148.199	1
0.3	22.2896	1
0.3	-8.91489	1
0.3	-28.1803	1
0.3	59.2007	1
0.3	-54.0351	1
0.3	-109.293	1
0.3	-75.4145	1
0.3	-42.8474	1
0.3	-148.72	1
0.3	116.561	1
0.3	97.9759	1
0.3	9.3163	1
0.3	-120.675	1
0.3	0.683877	1
0.3	35.6535	1
0.3	30.0647	1
0.3	94.0184	1
0.3	134.191	1
0.3	64.2202	1
0.3	-66.6673	1
0.3	132.729	1
0.3	66.9877	1
0.3	52.533	1
0.3	-42.1982	1
0.3	-5.86583	1
0.3	-49.5979	1
0.3	67.8809	1
0.3	33.1337	1
0.3	-51.7501	1
0.3	73.6707	1
0.3	117.514	1
0.3	119.915	1
0.3	-84.3939	1
0.3	-41.9479	1
0.3	-28.5585	1
0.3	-64.1673	1
0.3	-139.414	1
0.3	35.3464	1
0.3	-153.768	1
0.3	16.3343	-0.0285714
0.3	40.5051	-0.0285714
0.3	-174.852	-0.0285714
0.3	-122.699	-0.0285714
0.3	174.763	-0.0285714
0.3	-16.2535	-0.0285714
0.3	17.1594	-0.0285714
0.3	-115.298	-0.0285714
0.3	-170.033	-0.0285714
0.3	-178.032	-0.0285714
0.3	50.0288	-0.0285714
0.3	-65.8702	-0.0285714
0.3	-16.9698	-0.0285714
0.3	-87.097	-0.0285714
0.3	-5.57401	-0.0285714
0.3	-129.773	-0.0285714
0.3	-57.6487	-0.0285714
0.3	-35.1511	-0.0285714
0.3	56.4248	-0.0285714
0.3	92.6399	-0.0285714
0.3	140.05	-0.0285714
0.3	-139.813	-0.0285714
0.3	-152.235	-0.0285714
0.3	-163.501	-0.0285714
0.3	-41.6164	-0.0285714
0.3	113.363	-0.0285714
0.3	175.675	-0.0285714
0.3	-41.9476	-0.0285714
0.3	-3.07732	-0.0285714
0.3	-13.2813	-0.0285714
0.3	-166.522	-0.0285714
0.3	-17.5049	-0.0285714
0.3	164.409	-0.0285714
0.3	-98.1843	-0.0285714
0.3	-141.78	-0.0285714
0.3	-7.56791	-0.0285714
0.3	-8.27059	-0.0285714
0.3	-174.31	-0.0285714
0.3	-29.4195	-0.0285714
0.3	23.9648	-0.0285714
0.3	88.3318	-0.0285714
0.3	-164.089	-0.0285714
0.3	153.989	-0.0285714
0.3	131.58	-0.0285714
0.3	106.445	-0.0285714
0.3	52.2223	-0.0285714
0.3	175.559	-0.0285714
0.3	137.716	-0.0285714
0.3	70.4745	-0.0285714
0.3	101.731	-0.0285714
0.3	42.7487	-0.0285714
0.3	-66.8863	-0.0285714
0.3	36.9619	-0.0285714
0.3	-88.5636	-0.0285714
0.3	-170.343	-0.0285714
0.3	-88.8735	-0.0285714
0.3	176.237	-0.0285714
0.3	-105.75	-0.0285714
0.3	-130.339	-0.0285714
0.3	-134.754	-0.0285714
0.3	170.38	-0.0285714
0.3	-157.641	-0.0285714
0.3	-156.837	-0.0285714
0.3	35.6333	-0.0285714
0.3	-176.569	-0.0285714
0.3	-77.2545	-0.0285714
0.3	-87.1319	-0.0285714
0.3	27.5259	-0.0285714
0.3	120.564	-0.0285714
0.3	178.902	-0.0285714
0.3	101.682	-0.0285714
0.3	-110.928	-0.0285714
0.3	77.7835	-0.0285714
0.3	-7.73784	-0.0285714
0.3	-171.224	-0.0285714
0.3	-53.0243	-0.0285714
0.3	163.768	-0.0285714
0.3	-48.2213	-0.0285714
0.3	-116.276	-0.0285714
0.3	-112.634	-0.0285714
0.3	99.4247	-0.0285714
0.3	-51.6886	-0.0285714
0.3	-31.6413	-0.0285714
0.3	13.8385	-0.0285714
0.3	113.322	-0.0285714
0.3	-100.703	-0.0285714
0.3	-102.758	-0.0285714
0.3	5.1341	-0.0285714
0.3	-135.428	-0.0285714
0.3	-42.2475	-0.0285714
0.3	-100.166	-0.0285714
0.3	97.9567	-0.0285714
0.3	95.4008	-0.0285714
0.3	135.77	-0.0285714
0.3	126.872	-0.0285714
0.3	69.0661	-0.0285714
0.3	-37.7961	-0.0285714
0.3	90.1803	-0.0285714
0.3	84.0006	-0.0285714
0.3	136.291	-0.0285714
0.3	135.804	-0.0285714
0.3	-156.32	-0.0285714
0.3	56.7906	-0.0285714
0.3	-44.2788	-0.0285714
0.3	132.693	-0.0285714
0.3	-92.0649	-0.0285714
0.3	-67.0352	-0.0285714
0.3	151.755	-0.0285714
0.3	-11.2497	-0.0285714
0.3	98.0595	-0.0285714
0.3	-16.4309	-0.0285714
0.3	-0.38599	-0.0285714
0.3	120.667	-0.0285714
0.3	-155.777	-0.0285714
0.3	113.803	-0.0285714
0.3	-149.732	-0.0285714
0.3	-49.5524	-0.0285714
0.3	-34.1214	-0.0285714
0.3	-172.644	-0.0285714
0.3	104.882	-0.0285714
0.3	41.0135	-0.0285714
0.3	67.7033	-0.0285714
0.3	-102.877	-0.0285714
0.3	63.6297	-0.0285714
0.3	53.5749	-0.0285714
0.3	-140.617	-0.0285714
0.3	32.4687	-0.0285714
0.3	-16.5662	-0.0285714
0.3	144.132	-0.0285714
0.3	-117.196	-0.0285714
0.3	51.1478	-0.0285714
0.3	26.3944	-0.0285714
0.3	-56.9433	-0.0285714
0.3	4.703	-0.0285714
0.3	-59.4384	-0.0285714
0.3	-114.425	-0.0285714
0.3	57.816	-0.0285714
0.3	-106.108	-0.0285714
0.3	34.5389	-0.0285714
0.3	154.375	-0.0285714
0.3	99.3721	-0.0285714
0.3	145.905	-0.0285714
0.3	71.8165	-0.0285714
0.3	-131.003	-0.0285714
0.3	80.183	-0.0285714
0.3	-12.2149	-0.0285714
0.3	27.5173	-0.0285714
0.3	179.642	-0.0285714
0.3	-177.471	-0.0285714
0.3	-52.4779	-0.0285714
0.3	16.4253	-0.0285714
0.3	-145.085	-0.0285714
0.3	49.7066	-0.0285714
0.3	1.40948	-0.0285714
0.3	-101.35	-0.0285714
0.3	72.4704	-0.0285714
0.3	135.847	-0.0285714
0.3	147.822	-0.0285714
0.3	157.34	-0.0285714
0.3	51.3117	-0.0285714
0.3	115.516	-0.0285714
0.3	98.9984	-0.0285714
0.3	99.2319	-0.0285714
0.3	-147.605	-0.0285714
0.3	25.9343	-0.0285714
0.3	68.2511	-0.0285714
0.3	-92.6346	-0.0285714
0.3	75.1904	-0.0285714
0.3	113.552	-0.0285714
0.3	-117.296	-0.0285714
0.3	-152.347	-0.0285714
0.3	90.8844	-0.0285714
0.3	-101.362	-0.0285714
0.3	-166.242	-0.0285714
0.3	146.439	-0.0285714
0.3	-94.1781	-0.0285714
0.3	-15.679	-0.0285714
0.3	-115.607	-0.0285714
0.3	-105.48	-0.0285714
0.3	68.9395	-0.0285714
0.3	81.7826	-0.0285714
0.3	55.5868	-0.0285714
0.3	60.3937	-0.0285714
0.3	-76.4105	-0.0285714
0.3	67.3382	-0.0285714
0.3	-169.558	-0.0285714
0.3	134.701	-0.0285714
0.3	175.945	-0.0285714
0.3	103.976	-0.0285714
0.3	-48.8427	-0.0285714
0.3	32.6129	-0.0285714
0.3	-137.511	-0.0285714
0.3	-51.2019	-0.0285714
0.3	132.598	-0.0285714
0.3	5.54942	-0.0285714
0.3	16.1528	-0.0285714
0.3	-155.525	-0.0285714
0.3	-128.499	-0.0285714
0.3	67.1596	-0.0285714
0.3	-101.605	-0.0285714
0.3	105.129	-0.0285714
0.3	-84.3197	-0.0285714
0.3	-175.724	-0.0285714
0.3	3.4961	-0.0285714
0.3	-146.12	-0.0285714
0.3	-154.014	-0.0285714
0.3	-98.221	-0.0285714
0.3	-32.2597	-0.0285714
0.3	-106.518	-0.0285714
0.3	-59.3178	-0.0285714
0.3	-96.686	-0.0285714
0.3	-78.3075	-0.0285714
0.3	-169.411	-0.0285714
0.3	129.985	-0.0285714
0.3	31.7899	-0.0285714
0.3	-16.4843	-0.0285714
0.3	-42.5167	-0.0285714
0.3	-72.0481	-0.0285714
0.3	0.367319	-0.0285714
0.3	-19.8701	-0.0285714
0.3	96.3519	-0.0285714
0.3	-149.858	-0.0285714
0.3	17.0165	-0.0285714
0.3	-142.699	-0.0285714
0.3	171.553	-0.0285714
0.3	-105.669	-0.0285714
0.3	-122.25	-0.0285714
0.3	98.3478	-0.0285714
0.3	60.7088	-0.0285714
0.3	-159.673	-0.0285714
0.3	-154.082	-0.0285714
0.3	77.2985	-0.0285714
0.3	169.411	-0.0285714
0.3	-124.533	-0.0285714
0.3	-125.721	-0.0285714
0.3	-4.70574	-0.0285714
0.3	-2.98769	-0.0285714
0.3	47.4012	-0.0285714
0.3	119.38	-0.0285714
0.3	-138.694	-0.0285714
0.3	42.533	-0.0285714
0.3	46.1215	-0.0285714
0.3	30.0876	-0.0285714
0.3	2.25081	-0.0285714
0.3	30.8375	-0.0285714
0.3	88.9527	-0.0285714
0.3	-134.754	-0.0285714
0.3	-130.347	-0.0285714
0.3	103.566	-0.0285714
0.3	75.1128	-0.0285714
0.3	-49.8579	-0.0285714
-0.25	-140.091	1
-0.25	78.4471	1
-0.25	-62.9946	1
-0.25	-32.2848	1
-0.25	128.764	1
-0.25	-103.904	1
-0.25	81.9669	1
-0.25	-113.917	1
-0.25	67.0637	1
-0.25	-139.452	1
-0.25	-147.186	1
-0.25	125.161	1
-0.25	-75.9749	1
-0.25	28.947	1
-0.25	173.822	1
-0.25	-132.776	1
-0.25	153.9	1
-0.25	-72.3653	1
-0.25	-21.6736	1
-0.25	-89.7984	1
-0.25	100.365	1
-0.25	-38.2009	1
-0.25	-83.1321	1
-0.25	93.1379	1
-0.25	118.604	1
-0.25	35.6621	1
-0.25	101.42	1
-0.25	-70.3208	1
-0.25	128.179	1
-0.25	59.5557	1
-0.25	-127.157	1
-0.25	38.82	1
-0.25	-119.579	1
-0.25	-53.5403	1
-0.25	-48.1411	1
-0.25	-57.0312	1
-0.25	-59.9012	1
-0.25	-119.95	1
-0.25	172.708	1
-0.25	138.848	1
-0.25	-168.33	1
-0.25	-104.02	1
-0.25	170.986	1
-0.25	109.25	1
-0.25	-26.8549	1
-0.25	48.118	1
-0.25	-21.3475	1
-0.25	174.163	1
-0.25	95.605	1
-0.25	-33.8008	1
-0.25	-7.65872	1
-0.25	-125.067	1
-0.25	-121.707	1
-0.25	31.5468	1
-0.25	95.5315	1
-0.25	77.5344	1
-0.25	103.594	1
-0.25	-75.325	1
-0.25	-163.477	1
-0.25	108.817	1
-0.25	-155.735	1
-0.25	-132.614	1
-0.25	75.5286	1
-0.25	-95.5362	1
-0.25	28.5884	1
-0.25	155.668	1
-0.25	-133.66	1
-0.25	12.0474	1
-0.25	-6.61564	1
-0.25	-122.193	1
-0.25	-116.679	1
-0.25	-105.824	1
-0.25	77.8897	1
-0.25	71.9946	1
-0.25	-119.082	1
-0.25	130.729	1
-0.25	40.6871	1
-0.25	-84.1368	1
-0.25	75.539	1
-0.25	-0.606715	1
-0.25	-114.015	1
-0.25	90.5039	1
-0.25	-179.586	1
-0.25	-143.48	1
-0.25	-133.428	1
-0.25	-146.487	1
-0.25	176.409	1
-0.25	-79.4722	1
-0.25	-100.838	1
-0.25	115.041	1
-0.25	-64.1029	1
-0.25	142.713	1
-0.25	39.7776	1
-0.25	22.292	1
-0.25	105.565	1
-0.25	-146.76	1
-0.25	137.119	1
-0.25	-49.547	1
-0.25	-23.8896	1
-0.25	107.426	1
-0.25	52.8679	1
-0.25	-39.2968	1
-0.25	177.322	1
-0.25	-45.6036	1
-0.25	152.32	1
-0.25	171.17	1
-0.25	-167.133	1
-0.25	-138.293	1
-0.25	150.875	1
-0.25	-35.0644	1
-0.25	151.761	1
-0.25	-110.792	1
-0.25	-48.4374	1
-0.25	-20.3234	1
-0.25	-108.475	-0.0285714
-0.25	49.7777	-0.0285714
-0.25	116.721	-0.0285714
-0.25	86.9339	-0.0285714
-0.25	-41.019	-0.0285714
-0.25	-60.8535	-0.0285714
-0.25	128.646	-0.0285714
-0.25	-158.597	-0.0285714
-0.25	158.643	-0.0285714
-0.25	29.5066	-0.0285714
-0.25	164.765	-0.0285714
-0.25	-139.894	-0.0285714
-0.25	119.078	-0.0285714
-0.25	-113.025	-0.0285714
-0.25	17.7901	-0.0285714
-0.25	-54.4769	-0.0285714
-0.25	105.076	-0.0285714
-0.25	12.2525	-0.0285714
-0.25	179.44	-0.0285714
-0.25	120.558	-0.0285714
-0.25	22.7516	-0.0285714
-0.25	-27.0023	-0.0285714
-0.25	-138.648	-0.0285714
-0.25	127.743	-0.0285714
-0.25	-162.77	-0.0285714
-0.25	-138.462	-0.0285714
-0.25	-28.4632	-0.0285714
-0.25	-31.0026	-0.0285714
-0.25	66.0598	-0.0285714
-0.25	153.904	-0.0285714
-0.25	-31.7201	-0.0285714
-0.25	-167.269	-0.0285714
-0.25	-71.6853	-0.0285714
-0.25	-98.4589	-0.0285714
-0.25	-90.9569	-0.0285714
-0.25	122.378	-0.0285714
-0.25	158.577	-0.0285714
-0.25	-143.4	-0.0285714
-0.25	82.1985	-0.0285714
-0.25	-119.164	-0.0285714
-0.25	170.018	-0.0285714
-0.25	-46.8749	-0.0285714
-0.25	-92.9814	-0.0285714
-0.25	30.1338	-0.0285714
-0.25	-166.655	-0.0285714
-0.25	-47.5825	-0.0285714
-0.25	67.1545	-0.0285714
-0.25	33.7686	-0.0285714
-0.25	137.951	-0.0285714
-0.25	81.5224	-0.0285714
-0.25	130.518	-0.0285714
-0.25	-174.268	-0.0285714
-0.25	52.367	-0.0285714
-0.25	-71.973	-0.0285714
-0.25	8.71959	-0.0285714
-0.25	69.0526	-0.0285714
-0.25	74.3795	-0.0285714
-0.25	40.2404	-0.0285714
-0.25	-18.7439	-0.0285714
-0.25	36.3488	-0.0285714
-0.25	80.388	-0.0285714
-0.25	-40.1692	-0.0285714
-0.25	169.857	-0.0285714
-0.25	-115.528	-0.0285714
-0.25	75.3229	-0.0285714
-0.25	-100.654	-0.0285714
-0.25	-29.473	-0.0285714
-0.25	-68.4714	-0.0285714
-0.25	128.368	-0.0285714
-0.25	-138.787	-0.0285714
-0.25	-40.5928	-0.0285714
-0.25	53.9952	-0.0285714
-0.25	-34.7476	-0.0285714
-0.25	150.165	-0.0285714
-0.25	-28.0355	-0.0285714
-0.25	-151.011	-0.0285714
-0.25	57.648	-0.0285714
-0.25	133.405	-0.0285714
-0.25	23.1138	-0.0285714
-0.25	-25.382	-0.0285714
-0.25	-71.696	-0.0285714
-0.25	65.9755	-0.0285714
-0.25	155.612	-0.0285714
-0.25	57.6645	-0.0285714
-0.25	12.1282	-0.0285714
-0.25	49.4311	-0.0285714
-0.25	115.738	-0.0285714
-0.25	124.275	-0.0285714
-0.25	24.7005	-0.0285714
-0.25	130.195	-0.0285714
-0.25	142.143	-0.0285714
-0.25	61.3763	-0.0285714
-0.25	41.7104	-0.0285714
-0.25	127.262	-0.0285714
-0.25	158.356	-0.0285714
-0.25	169.775	-0.0285714
-0.25	-113.455	-0.0285714
-0.25	-139.594	-0.0285714
-0.25	85.5318	-0.0285714
-0.25	-80.4174	-0.0285714
-0.25	75.5612	-0.0285714
-0.25	127.307	-0.0285714
-0.25	-123.285	-0.0285714
-0.25	-22.0059	-0.0285714
-0.25	-51.933	-0.0285714
-0.25	-114.73	-0.0285714
-0.25	102.154	-0.0285714
-0.25	-152.684	-0.0285714
-0.25	-55.6554	-0.0285714
-0.25	-96.1157	-0.0285714
-0.25	73.5766	-0.0285714
-0.25	-168.827	-0.0285714
-0.25	83.5917	-0.0285714
-0.25	2.33428	-0.0285714
-0.25	77.9163	-0.0285714
-0.25	-113.496	-0.0285714
-0.25	9.46021	-0.0285714
-0.25	-167.401	-0.0285714
-0.25	-69.7189	-0.0285714
-0.25	-171.046	-0.0285714
-0.25	31.4198	-0.0285714
-0.25	53.8402	-0.0285714
-0.25	178.555	-0.0285714
-0.25	-42.5823	-0.0285714
-0.25	-53.9197	-0.0285714
-0.25	-68.3234	-0.0285714
-0.25	55.4141	-0.0285714
-0.25	172.633	-0.0285714
-0.25	90.3049	-0.0285714
-0.25	-95.1852	-0.0285714
-0.25	105.177	-0.0285714
-0.25	112.141	-0.0285714
-0.25	-11.2883	-0.0285714
-0.25	-90.6646	-0.0285714
-0.25	-4.04282	-0.0285714
-0.25	-148.13	-0.0285714
-0.25	108.93	-0.0285714
-0.25	-152.934	-0.0285714
-0.25	-128.957	-0.0285714
-0.25	115.797	-0.0285714
-0.25	52.9364	-0.0285714
-0.25	117.912	-0.0285714
-0.25	-121.905	-0.0285714
-0.25	5.738	-0.0285714
-0.25	131.285	-0.0285714
-0.25	170.212	-0.0285714
-0.25	12.1626	-0.0285714
-0.25	66.2973	-0.0285714
-0.25	-72.2123	-0.0285714
-0.25	47.1583	-0.0285714
-0.25	-160.324	-0.0285714
-0.25	75.8832	-0.0285714
-0.25	91.1579	-0.0285714
-0.25	-154.234	-0.0285714
-0.25	30.8605	-0.0285714
-0.25	-98.9808	-0.0285714
-0.25	-156.679	-0.0285714
-0.25	-103.926	-0.0285714
-0.25	-79.0857	-0.0285714
-0.25	-79.1765	-0.0285714
-0.25	-40.7675	-0.0285714
-0.25	-89.4637	-0.0285714
-0.25	131.55	-0.0285714
-0.25	8.59528	-0.0285714
-0.25	29.2419	-0.0285714
-0.25	39.3839	-0.0285714
-0.25	0.331536	-0.0285714
-0.25	163.881	-0.0285714
-0.25	-65.9646	-0.0285714
-0.25	79.6916	-0.0285714
-0.25	96.7313	-0.0285714
-0.25	23.2821	-0.0285714
-0.25	-160.668	-0.0285714
-0.25	102.979	-0.0285714
-0.25	122.069	-0.0285714
-0.25	27.7124	-0.0285714
-0.25	47.4033	-0.0285714
-0.25	134.152	-0.0285714
-0.25	31.4381	-0.0285714
-0.25	-8.11819	-0.0285714
-0.25	-124.836	-0.0285714
-0.25	169.044	-0.0285714
-0.25	3.50544	-0.0285714
-0.25	161.657	-0.0285714
-0.25	53.1343	-0.0285714
-0.25	-133.093	-0.0285714
-0.25	37.6257	-0.0285714
-0.25	59.9654	-0.0285714
-0.25	96.0493	-0.0285714
-0.25	67.0852	-0.0285714
-0.25	-3.77196	-0.0285714
-0.25	-20.1209	-0.0285714
-0.25	-35.0215	-0.0285714
-0.25	6.06654	-0.0285714
-0.25	114.381	-0.0285714
-0.25	-61.9648	-0.0285714
-0.25	61.6532	-0.0285714
-0.25	55.1521	-0.0285714
-0.25	-138.426	-0.0285714
-0.25	126.297	-0.0285714
-0.25	-51.164	-0.0285714
0.3	70.5582	1
0.3	-73.2465	1
0.3	13.5019	1
0.3	23.3935	1
0.3	-64.5596	1
0.3	-161.81	1
0.3	-42.0922	1
0.3	-117.334	1
0.3	131.702	1
0.3	-147.204	1
0.3	-76.9975	1
0.3	11.4235	1
0.3	9.59725	1
0.3	87.5936	1
0.3	-13.8806	1
0.3	119.246	1
0.3	-170.503	1
0.3	177.545	1
0.3	-22.6569	1
0.3	-164.064	1
0.3	12.5727	1
0.3	-112.037	1
0.3	-65.5383	1
0.3	94.4636	1
0.3	62.855	1
0.3	-40.1495	1
0.3	131.809	1
0.3	169.697	1
0.3	-114.415	1
0.3	-56.1486	1
0.3	-155.281	1
0.3	-144.706	1
0.3	-56.3767	1
0.3	-141.546	1
0.3	40.2534	1
0.3	54.5365	1
0.3	-78.6087	1
0.3	-93.3961	1
0.3	-110.981	1
0.3	-45.9643	1
0.3	2.91496	1
0.3	8.15311	1
0.3	-105.69	1
0.3	-129.484	1
0.3	-163.692	1
0.3	-63.6991	1
0.3	-116.78	1
0.3	-101.374	1
0.3	-141.089	1
0.3	-162.063	1
0.3	24.2921	1
0.3	-57.4332	1
0.3	84.289	1
0.3	11.8937	1
0.3	-137.686	1
0.3	168.146	1
0.3	6.83958	1
0.3	140.843	1
0.3	-80.6083	1
0.3	148.499	1
0.3	-164.504	1
0.3	-151.154	1
0.3	-133.577	1
0.3	-37.7377	1
0.3	-27.0122	1
0.3	-98.458	1
0.3	-20.2805	1
0.3	-119.448	1
0.3	-59.5906	1
0.3	-88.0012	1
0.3	128.861	1
0.3	50.8876	1
0.3	27.649	1
0.3	31.766	1
0.3	81.8028	1
0.3	-10.1126	1
0.3	-72.6112	1
0.3	164.909	1
0.3	64.9262	1
0.3	-54.0266	1
0.3	16.8176	1
0.3	-20.5157	1
0.3	-67.8617	1
0.3	-168.322	1
0.3	-81.2112	1
0.3	-50.1302	1
0.3	-170.601	1
0.3	-178.04	1
0.3	-166.089	1
0.3	135.891	1
0.3	-45.0469	1
0.3	29.0792	1
0.3	142.248	1
0.3	153.21	1
0.3	-81.0415	1
0.3	137.235	1
0.3	45.3959	1
0.3	144.936	1
0.3	-159.27	1
0.3	39.1946	1
0.3	-56.7701	1
0.3	-40.3088	1
0.3	-54.6503	1
0.3	-18.857	1
0.3	-77.8764	1
0.3	109.287	1
0.3	-98.6259	1
0.3	104.443	1
0.3	-101.893	1
0.3	-7.45967	1
0.3	-105.84	1
0.3	126.105	1
0.3	-53.476	1
0.3	8.72872	1
0.3	79.6344	1
0.3	-164.828	1
0.3	-104.525	1
0.3	-92.4975	1
0.3	-1.70386	1
0.3	77.5065	1
0.3	27.5575	1
0.3	-20.7207	1
0.3	145.817	1
0.3	-0.39456	1
0.3	-20.7273	1
0.3	96.628	1
0.3	169.781	1
0.3	38.0814	1
0.3	70.7219	1
0.3	13.5889	1
0.3	-5.32856	1
0.3	-174.23	1
0.3	-63.2332	1
0.3	86.1636	1
0.3	-18.457	1
0.3	-17.9521	1
0.3	102.333	1
0.3	-93.7273	1
0.3	-23.6905	1
0.3	-142.189	1
0.3	108.934	1
0.3	11.6007	1
0.3	-113.246	1
0.3	-120.903	-0.052381
0.3	-72.1807	-0.052381
0.3	-160.529	-0.052381
0.3	-40.4338	-0.052381
0.3	37.6464	-0.052381
0.3	-160.417	-0.052381
0.3	145.726	-0.052381
0.3	79.5752	-0.052381
0.3	12.8246	-0.052381
0.3	31.7594	-0.052381
0.3	-70.179	-0.052381
0.3	151.371	-0.052381
0.3	-94.2011	-0.052381
0.3	-44.2198	-0.052381
0.3	-163.974	-0.052381
0.3	-73.2385	-0.052381
0.3	15.0627	-0.052381
0.3	-96.7888	-0.052381
0.3	-121.932	-0.052381
0.3	-29.7658	-0.052381
0.3	-57.9194	-0.052381
0.3	-11.4035	-0.052381
0.3	-32.4458	-0.052381
0.3	-108.319	-0.052381
0.3	-153.153	-0.052381
0.3	-113.076	-0.052381
0.3	-39.3628	-0.052381
0.3	52.1504	-0.052381
0.3	-94.2309	-0.052381
0.3	-155.012	-0.052381
0.3	-165.742	-0.052381
0.3	-93.5614	-0.052381
0.3	-114.184	-0.052381
0.3	161.798	-0.052381
0.3	-19.1306	-0.052381
0.3	90.2546	-0.052381
0.3	170.149	-0.052381
0.3	-68.8423	-0.052381
0.3	-12.8424	-0.052381
0.3	-142.516	-0.052381
0.3	-37.9683	-0.052381
0.3	24.1739	-0.052381
0.3	75.9494	-0.052381
0.3	28.3694	-0.052381
0.3	-129.1	-0.052381
0.3	-170.185	-0.052381
0.3	-155.68	-0.052381
0.3	93.8281	-0.052381
0.3	-4.21321	-0.052381
0.3	137.414	-0.052381
0.3	-120.4	-0.052381
0.3	-174.575	-0.052381
0.3	-7.67534	-0.052381
0.3	24.5528	-0.052381
0.3	81.1064	-0.052381
0.3	145.188	-0.052381
0.3	-139.678	-0.052381
0.3	-120.193	-0.052381
0.3	176.392	-0.052381
0.3	-70.7844	-0.052381
0.3	-136.697	-0.052381
0.3	12.1308	-0.052381
0.3	-108.543	-0.052381
0.3	-45.5162	-0.052381
0.3	177.759	-0.052381
0.3	83.069	-0.052381
0.3	-177.177	-0.052381
0.3	-8.46136	-0.052381
0.3	19.8429	-0.052381
0.3	134.464	-0.052381
0.3	52.4032	-0.052381
0.3	113.971	-0.052381
0.3	103.866	-0.052381
0.3	-1.13988	-0.052381
0.3	-58.7979	-0.052381
0.3	-105.354	-0.052381
0.3	173.65	-0.052381
0.3	111.274	-0.052381
0.3	44.0743	-0.052381
0.3	-3.10167	-0.052381
0.3	-179.516	-0.052381
0.3	-61.6501	-0.052381
0.3	161.232	-0.052381
0.3	-110.706	-0.052381
0.3	-44.0603	-0.052381
0.3	-174.807	-0.052381
0.3	78.6026	-0.052381
0.3	-77.0838	-0.052381
0.3	-12.1965	-0.052381
0.3	159.422	-0.052381
0.3	137.129	-0.052381
0.3	-4.74684	-0.052381
0.3	-54.698	-0.052381
0.3	179.158	-0.052381
0.3	-9.44989	-0.052381
0.3	-111.191	-0.052381
0.3	-66.8837	-0.052381
0.3	108.016	-0.052381
0.3	-107.793	-0.052381
0.3	76.0919	-0.052381
0.3	-129.518	-0.052381
0.3	-6.74238	-0.052381
0.3	64.4488	-0.052381
0.3	-165.113	-0.052381
0.3	-115.096	-0.052381
0.3	-45.3748	-0.052381
0.3	-50.9881	-0.052381
0.3	103.526	-0.052381
0.3	4.8504	-0.052381
0.3	24.5201	-0.052381
0.3	63.2905	-0.052381
0.3	55.4999	-0.052381
0.3	36.4756	-0.052381
0.3	-1.5338	-0.052381
0.3	-153.343	-0.052381
0.3	-119.634	-0.052381
0.3	15.6945	-0.052381
0.3	162.787	-0.052381
0.3	8.70708	-0.052381
0.3	163.636	-0.052381
0.3	-139.022	-0.052381
0.3	-91.0056	-0.052381
0.3	49.5108	-0.052381
0.3	-104.417	-0.052381
0.3	103.483	-0.052381
0.3	-127.775	-0.052381
0.3	-47.4908	-0.052381
0.3	-98.3263	-0.052381
0.3	86.7256	-0.052381
0.3	8.60681	-0.052381
0.3	-26.3628	-0.052381
0.3	-153.313	-0.052381
0.3	6.5037	-0.052381
0.3	137.797	-0.052381
0.3	91.9759	-0.052381
0.3	-5.63498	-0.052381
0.3	-64.3499	-0.052381
-0.25	-169.699	1
-0.25	-63.5825	1
-0.25	68.9358	1
-0.25	-123.667	1
-0.25	179.55	1
-0.25	142.174	1
-0.25	92.0265	1
-0.25	33.2585	1
-0.25	-4.36146	1
-0.25	150.452	1
-0.25	69.8088	1
-0.25	-111.633	1
-0.25	111.688	1
-0.25	-160.868	1
-0.25	-29.1915	1
-0.25	22.7792	1
-0.25	116.372	1
-0.25	-159.264	1
-0.25	-57.2528	1
-0.25	-145.565	1
-0.25	-96.0361	1
-0.25	36.7563	1
-0.25	165.822	1
-0.25	-148.139	1
-0.25	-106.944	1
-0.25	-141.44	1
-0.25	105.916	1
-0.25	-152.8	1
-0.25	94.7313	1
-0.25	53.3364	1
-0.25	171.099	1
-0.25	59.1828	1
-0.25	-22.2173	1
-0.25	151.292	1
-0.25	-91.5716	1
-0.25	41.9861	1
-0.25	3.76387	1
-0.25	0.418931	1
-0.25	11.6704	1
-0.25	74.6932	1
-0.25	-102.372	1
-0.25	26.7489	1
-0.25	-127.345	1
-0.25	77.1501	1
-0.25	31.6682	1
-0.25	102.089	1
-0.25	-131.222	1
-0.25	-167.969	1
-0.25	54.4722	1
-0.25	-69.0312	1
-0.25	-158.153	1
-0.25	-68.4882	1
-0.25	158.767	1
-0.25	-24.3012	1
-0.25	166.252	1
-0.25	-49.5578	1
-0.25	-132.545	1
-0.25	9.98419	1
-0.25	-49.1848	1
-0.25	149.074	1
-0.25	-112.254	1
-0.25	28.8022	1
-0.25	97.7852	1
-0.25	39.4435	1
-0.25	119.811	1
-0.25	131.694	1
-0.25	85.8673	1
-0.25	-138.752	1
-0.25	-119.417	1
-0.25	-92.3192	1
-0.25	-26.8023	1
-0.25	-51.6326	1
-0.25	33.5629	1
-0.25	91.1529	1
-0.25	-101.808	1
-0.25	146.512	1
-0.25	118.314	1
-0.25	22.702	1
-0.25	41.9961	1
-0.25	48.2288	1
-0.25	-117.783	1
-0.25	-50.5158	1
-0.25	60.4874	1
-0.25	146.263	1
-0.25	3.53906	1
-0.25	-8.75864	1
-0.25	-167.083	1
-0.25	47.866	1
-0.25	46.8267	1
-0.25	78.8041	1
-0.25	-141.845	1
-0.25	-33.6429	1
-0.25	-33.7306	1
-0.25	84.4547	1
-0.25	13.8344	1
-0.25	25.3627	1
-0.25	-19.1724	1
-0.25	36.3819	1
-0.25	-118.171	1
-0.25	46.3618	1
-0.25	62.3027	1
-0.25	-151.963	1
-0.25	170.038	1
-0.25	89.3249	1
-0.25	-108.77	1
-0.25	82.2337	1
-0.25	-151.164	1
-0.25	137.76	1
-0.25	33.5008	1
-0.25	124.066	1
-0.25	46.882	1
-0.25	-70.3229	1
-0.25	24.3508	1
-0.25	-147.384	1
-0.25	96.6714	-0.052381
-0.25	70.5577	-0.052381
-0.25	-81.6345	-0.052381
-0.25	-160.251	-0.052381
-0.25	167.6	-0.052381
-0.25	-177.597	-0.052381
-0.25	61.4161	-0.052381
-0.25	-86.9499	-0.052381
-0.25	-168.305	-0.052381
-0.25	91.5797	-0.052381
-0.25	141.941	-0.052381
-0.25	-178.224	-0.052381
-0.25	92.3031	-0.052381
-0.25	54.1489	-0.052381
-0.25	114.765	-0.052381
-0.25	-121.755	-0.052381
-0.25	155.288	-0.052381
-0.25	-104.894	-0.052381
-0.25	-96.2559	-0.052381
-0.25	107.849	-0.052381
-0.25	-15.7038	-0.052381
-0.25	-161.171	-0.052381
-0.25	119.586	-0.052381
-0.25	117.421	-0.052381
-0.25	128.359	-0.052381
-0.25	-35.0939	-0.052381
-0.25	99.2082	-0.052381
-0.25	-3.56385	-0.052381
-0.25	-51.7791	-0.052381
-0.25	-99.2279	-0.052381
-0.25	-4.62562	-0.052381
-0.25	-155.55	-0.052381
-0.25	84.9861	-0.052381
-0.25	78.4078	-0.052381
-0.25	128.968	-0.052381
-0.25	53.087	-0.052381
-0.25	-151.351	-0.052381
-0.25	30.5429	-0.052381
-0.25	-23.8662	-0.052381
-0.25	-62.7728	-0.052381
-0.25	164.935	-0.052381
-0.25	133.772	-0.052381
-0.25	112.788	-0.052381
-0.25	134.373	-0.052381
-0.25	-158.91	-0.052381
-0.25	144.158	-0.052381
-0.25	-115.533	-0.052381
-0.25	176.26	-0.052381
-0.25	-4.03839	-0.052381
-0.25	-53.3661	-0.052381
-0.25	-119.895	-0.052381
-0.25	-105.84	-0.052381
-0.25	44.5273	-0.052381
-0.25	86.9974	-0.052381
-0.25	23.059	-0.052381
-0.25	-147.854	-0.052381
-0.25	-151.953	-0.052381
-0.25	44.6159	-0.052381
-0.25	159.124	-0.052381
-0.25	-129.618	-0.052381
-0.25	179.719	-0.052381
-0.25	178.138	-0.052381
-0.25	-44.7542	-0.052381
-0.25	39.9109	-0.052381
-0.25	45.0228	-0.052381
-0.25	-84.4081	-0.052381
-0.25	-112.136	-0.052381
-0.25	68.5991	-0.052381
-0.25	75.1788	-0.052381
-0.25	137.743	-0.052381
-0.25	-13.2125	-0.052381
-0.25	-174.302	-0.052381
-0.25	-11.3142	-0.052381
-0.25	156.716	-0.052381
-0.25	-87.5692	-0.052381
-0.25	140.066	-0.052381
-0.25	-169.644	-0.052381
-0.25	-144.528	-0.052381
-0.25	108.552	-0.052381
-0.25	-67.1179	-0.052381
-0.25	-5.95033	-0.052381
-0.25	-142.977	-0.052381
-0.25	56.8724	-0.052381
-0.25	108.786	-0.052381
-0.25	-53.0191	-0.052381
-0.25	152.242	-0.052381
-0.25	-52.1247	-0.052381
-0.25	144.389	-0.052381
-0.25	119.061	-0.052381
-0.25	-98.0638	-0.052381
-0.25	-73.2669	-0.052381
-0.25	-63.5872	-0.052381
-0.25	-117.042	-0.052381
-0.25	-11.0801	-0.052381
-0.25	-144.769	-0.052381
-0.25	176.324	-0.052381
-0.25	-61.1144	-0.052381
-0.25	-37.7771	-0.052381
-0.25	140.085	-0.052381
-0.25	-168.733	-0.052381
-0.25	18.1986	-0.052381
-0.25	-118.961	-0.052381
-0.25	-6.88403	-0.052381
-0.25	-86.7655	-0.052381
-0.25	-1.30883	-0.052381
-0.25	169.023	-0.052381
-0.25	-58.9751	-0.052381
-0.25	45.9062	-0.052381
-0.25	-32.1677	-0.052381
