pol.	phi	weight
0.3	77.8698	1
0.3	-17.9721	1
0.3	-118.02	1
0.3	-106.253	1
0.3	-152.726	1
0.3	104.821	1
0.3	135.374	1
0.3	-0.311558	1
0.3	-24.4974	1
0.3	60.3002	1
0.3	66.7172	1
0.3	-59.9327	1
0.3	-147.74	1
0.3	-148.71	1
0.3	69.8867	1
0.3	45.2601	1
0.3	-162.959	1
0.3	122.279	1
0.3	-179.572	1
0.3	-24.1771	1
0.3	-120.872	1
0.3	172.05	1
0.3	5.12278	1
0.3	-135.888	1
0.3	-168.45	1
0.3	-10.6751	1
0.3	-129.677	1
0.3	42.9031	1
0.3	7.90796	1
0.3	152.894	1
0.3	-2.82595	1
0.3	47.5455	1
0.3	-118.226	1
0.3	123.039	1
0.3	-34.5162	1
0.3	-163.959	1
0.3	-40.2192	1
0.3	111.923	1
0.3	63.9045	1
0.3	-85.1595	1
0.3	77.3652	1
0.3	-148.714	1
0.3	93.3557	1
0.3	-116.382	1
0.3	-58.2232	1
0.3	81.9942	1
0.3	-165.742	1
0.3	26.265	1
0.3	85.9933	1
0.3	-36.552	1
0.3	-53.4043	1
0.3	2.90359	1
0.3	49.4798	1
0.3	-113.754	1
0.3	79.8657	1
0.3	-14.1126	1
0.3	-167.685	1
0.3	-118.079	1
0.3	135.956	1
0.3	-75.3077	1
0.3	164.275	1
0.3	-13.5353	1
0.3	32.153	1
0.3	63.383	1
0.3	-3.12391	1
0.3	118.428	1
0.3	50.7319	1
0.3	-19.721	1
0.3	-75.7789	1
0.3	0.056876	1
0.3	-17.2689	1
0.3	92.1638	1
0.3	75.2709	1
0.3	-149.626	1
0.3	172.627	1
0.3	74.8969	1
0.3	-18.1803	1
0.3	48.9868	1
0.3	-49.4152	1
0.3	-79.439	1
0.3	136.79	1
0.3	-9.4179	1
0.3	108.465	1
0.3	-78.7753	1
0.3	-172.767	1
0.3	-10.923	1
0.3	-37.8083	1
0.3	-104.476	1
0.3	-147.035	1
0.3	-46.8638	1
0.3	148.811	1
0.3	1.07725	1
0.3	131.123	1
0.3	-143.563	1
0.3	83.0236	1
0.3	-58.7148	1
0.3	-43.8595	1
0.3	-69.5193	1
0.3	123.037	1
0.3	10.4241	1
0.3	165.612	1
0.3	-158.065	1
0.3	150.927	1
0.3	-63.1829	1
0.3	168.046	1
0.3	-8.79157	1
0.3	-127.413	1
0.3	-132.904	1
0.3	-73.064	1
0.3	94.7871	1
0.3	115.366	1
0.3	48.4007	1
0.3	158.558	1
0.3	15.4436	1
0.3	86.0774	1
0.3	145.518	1
0.3	80.1908	1
0.3	107.956	1
0.3	51.7329	1
0.3	-55.7621	1
0.3	-86.0403	1
0.3	78.1217	1
0.3	-164.18	1
0.3	-91.9674	1
0.3	96.6548	1
0.3	-7.29637	1
0.3	89.2853	1
0.3	88.4148	1
0.3	-178.646	1
0.3	80.4582	1
0.3	-163.365	1
0.3	40.5384	1
0.3	-39.7253	1
0.3	-155.581	1
0.3	-93.6489	1
0.3	64.8401	1
0.3	-62.5481	1
0.3	35.5265	1
0.3	173.046	1
0.3	-60.3391	1
0.3	157.516	1
0.3	-82.1586	1
0.3	142.64	1
0.3	-4.77867	1
0.3	6.97463	1
0.3	-26.5143	1
0.3	-124.58	1
0.3	-68.2241	1
0.3	99.1681	1
0.3	-56.6027	1
0.3	-175.731	1
0.3	-148.204	1
0.3	75.8754	1
0.3	-174.82	1
0.3	-33.7518	1
0.3	106.727	1
0.3	-147.633	1
0.3	-131.965	1
0.3	99.8152	1
0.3	-99.5265	1
0.3	113.765	1
0.3	161.436	1
0.3	-146.249	1
0.3	136.037	1
0.3	95.6317	1
0.3	-105.646	1
0.3	-43.0624	1
0.3	19.1194	1
0.3	-156.504	1
0.3	-17.139	1
0.3	-141.265	1
0.3	96.7483	1
0.3	75.7708	1
0.3	31.1658	1
0.3	40.6338	1
0.3	-46.391	1
0.3	-56.0707	1
0.3	119.073	1
0.3	99.8154	1
0.3	-167.486	1
0.3	166.872	1
0.3	81.7755	1
0.3	170.366	1
0.3	106.273	1
0.3	102.942	1
0.3	-175.645	1
0.3	113.029	1
0.3	84.8848	1
0.3	175.5	1
0.3	86.1964	1
0.3	79.3953	1
0.3	101.554	1
0.3	9.02208	1
0.3	45.4897	1
0.3	-23.3688	1
0.3	178.19	1
0.3	-156.627	1
0.3	-110.097	1
0.3	31.8754	1
0.3	-123.015	1
0.3	-60.5463	1
0.3	-73.131	1
0.3	58.6841	1
0.3	109.633	1
0.3	-16.887	1
0.3	86.7507	1
0.3	99.1164	-0.065
0.3	170.355	-0.065
0.3	-30.2261	-0.065
0.3	53.8101	-0.065
0.3	-166.822	-0.065
0.3	-165.597	-0.065
0.3	83.2028	-0.065
0.3	4.43105	-0.065
0.3	31.7963	-0.065
0.3	-119.3	-0.065
0.3	161.852	-0.065
0.3	135.02	-0.065
0.3	-129.231	-0.065
0.3	-121.075	-0.065
0.3	83.0249	-0.065
0.3	61.4758	-0.065
0.3	151.449	-0.065
0.3	45.5055	-0.065
0.3	172.721	-0.065
0.3	-141.084	-0.065
0.3	60.9037	-0.065
0.3	-45.1432	-0.065
0.3	9.31434	-0.065
0.3	-57.6269	-0.065
0.3	26.2022	-0.065
0.3	54.2917	-0.065
0.3	-67.6576	-0.065
0.3	-52.4017	-0.065
0.3	100.536	-0.065
0.3	43.9406	-0.065
0.3	7.38349	-0.065
0.3	66.9474	-0.065
0.3	-21.6997	-0.065
0.3	-16.9948	-0.065
0.3	129.151	-0.065
0.3	44.9012	-0.065
0.3	143.735	-0.065
0.3	-101.506	-0.065
0.3	129.211	-0.065
0.3	44.4293	-0.065
0.3	159.176	-0.065
0.3	92.3744	-0.065
0.3	-14.1784	-0.065
0.3	71.6356	-0.065
0.3	-138.44	-0.065
0.3	32.7335	-0.065
0.3	-10.7769	-0.065
0.3	-102.682	-0.065
0.3	-150.27	-0.065
0.3	168.027	-0.065
0.3	95.4398	-0.065
0.3	-17.9024	-0.065
0.3	-137.043	-0.065
0.3	-19.4858	-0.065
0.3	173.212	-0.065
0.3	174.672	-0.065
0.3	120.026	-0.065
0.3	-0.519435	-0.065
0.3	115.759	-0.065
0.3	-3.62095	-0.065
0.3	86.5726	-0.065
0.3	34.8608	-0.065
0.3	52.4149	-0.065
0.3	-86.9965	-0.065
0.3	-68.7846	-0.065
0.3	-90.4792	-0.065
0.3	115.143	-0.065
0.3	63.2359	-0.065
0.3	44.5541	-0.065
0.3	154.397	-0.065
0.3	-117.01	-0.065
0.3	172.017	-0.065
0.3	-82.6793	-0.065
0.3	-14.1734	-0.065
0.3	-19.3523	-0.065
0.3	65.4822	-0.065
0.3	-48.1455	-0.065
0.3	0.336909	-0.065
0.3	-56.7395	-0.065
0.3	-113.989	-0.065
0.3	-27.1527	-0.065
0.3	-131.167	-0.065
0.3	-127.718	-0.065
0.3	-138.13	-0.065
0.3	-132.35	-0.065
0.3	65.0208	-0.065
0.3	12.5696	-0.065
0.3	-154.349	-0.065
0.3	94.5355	-0.065
0.3	-56.2675	-0.065
0.3	94.9223	-0.065
0.3	-25.0653	-0.065
0.3	-102.933	-0.065
0.3	110.897	-0.065
0.3	-31.9309	-0.065
0.3	77.0815	-0.065
0.3	109.96	-0.065
0.3	-104.273	-0.065
0.3	155.884	-0.065
0.3	48.4305	-0.065
0.3	144.513	-0.065
0.3	-87.2658	-0.065
0.3	82.0109	-0.065
0.3	82.4144	-0.065
0.3	-32.8641	-0.065
0.3	-121.964	-0.065
0.3	84.8059	-0.065
0.3	94.2428	-0.065
0.3	58.3917	-0.065
0.3	-18.6686	-0.065
0.3	-51.5937	-0.065
0.3	115.316	-0.065
0.3	-130.066	-0.065
0.3	26.4726	-0.065
0.3	14.9166	-0.065
0.3	-24.7892	-0.065
0.3	-115.481	-0.065
0.3	-12.4581	-0.065
0.3	164.749	-0.065
0.3	-63.615	-0.065
0.3	73.364	-0.065
0.3	-9.38783	-0.065
0.3	-148.034	-0.065
0.3	-56.3573	-0.065
0.3	53.5116	-0.065
0.3	-30.761	-0.065
0.3	-158.244	-0.065
0.3	-57.9049	-0.065
0.3	172.755	-0.065
0.3	26.5171	-0.065
0.3	9.97316	-0.065
0.3	-85.6172	-0.065
0.3	124.85	-0.065
0.3	-77.4015	-0.065
0.3	93.9509	-0.065
0.3	130.668	-0.065
0.3	23.0264	-0.065
0.3	-158.971	-0.065
0.3	170.826	-0.065
0.3	-154.338	-0.065
0.3	8.45256	-0.065
0.3	-114.937	-0.065
0.3	114.153	-0.065
0.3	-141.318	-0.065
0.3	100.587	-0.065
0.3	-148.577	-0.065
0.3	32.7689	-0.065
0.3	41.5931	-0.065
0.3	72.7707	-0.065
0.3	-174.144	-0.065
0.3	-58.5744	-0.065
0.3	-98.5222	-0.065
0.3	61.0573	-0.065
0.3	57.0132	-0.065
0.3	-118.248	-0.065
0.3	-98.7719	-0.065
0.3	141.076	-0.065
0.3	59.1145	-0.065
0.3	-149.799	-0.065
-0.3	46.6711	1
-0.3	172.989	1
-0.3	95.8556	1
-0.3	54.7815	1
-0.3	-13.2477	1
-0.3	36.3618	1
-0.3	13.8206	1
-0.3	-40.9332	1
-0.3	-158.567	1
-0.3	-92.2647	1
-0.3	123.398	1
-0.3	-73.8994	1
-0.3	-89.2882	1
-0.3	-56.3965	1
-0.3	108.319	1
-0.3	-105.275	1
-0.3	-5.01777	1
-0.3	-90.5202	1
-0.3	-88.3811	1
-0.3	178.35	1
-0.3	-10.8942	1
-0.3	5.77588	1
-0.3	75.9473	1
-0.3	-160.922	1
-0.3	12.098	1
-0.3	-54.4837	1
-0.3	-117.902	1
-0.3	-1.6914	1
-0.3	108.934	1
-0.3	18.7207	1
-0.3	146.566	1
-0.3	2.81564	1
-0.3	143.119	1
-0.3	92.9053	1
-0.3	40.7836	1
-0.3	63.6532	1
-0.3	-33.4853	1
-0.3	-3.65236	1
-0.3	-166.41	1
-0.3	-121.745	1
-0.3	-143.714	1
-0.3	-89.6501	1
-0.3	-122.389	1
-0.3	-99.5101	1
-0.3	-22.8844	1
-0.3	-94.8477	1
-0.3	68.3495	1
-0.3	163.677	1
-0.3	-83.8076	1
-0.3	-7.64012	1
-0.3	-132.603	1
-0.3	-88.5538	1
-0.3	135.206	1
-0.3	85.8056	1
-0.3	155.421	1
-0.3	105.244	1
-0.3	83.8112	1
-0.3	108.405	1
-0.3	-125.439	1
-0.3	8.48116	1
-0.3	15.0084	1
-0.3	-124.364	1
-0.3	90.3488	1
-0.3	99.5193	1
-0.3	21.9501	1
-0.3	-159.128	1
-0.3	42.2759	1
-0.3	-35.3082	1
-0.3	-116.994	1
-0.3	106.995	1
-0.3	111.573	1
-0.3	77.0392	1
-0.3	2.26301	1
-0.3	92.0334	1
-0.3	-100.609	1
-0.3	-132.726	1
-0.3	30.6294	1
-0.3	-36.7037	1
-0.3	-20.9065	1
-0.3	-175.147	1
-0.3	84.5099	1
-0.3	128.606	1
-0.3	117.149	1
-0.3	90.2236	1
-0.3	-14.4644	1
-0.3	-77.6065	1
-0.3	170.102	1
-0.3	8.81593	1
-0.3	97.0982	1
-0.3	13.5649	1
-0.3	-39.7285	1
-0.3	-162.07	1
-0.3	-146.687	1
-0.3	46.2196	1
-0.3	-37.3782	1
-0.3	9.23133	1
-0.3	58.4544	1
-0.3	61.6727	1
-0.3	-113.8	1
-0.3	-167.581	1
-0.3	32.9674	1
-0.3	-147.906	1
-0.3	31.2966	1
-0.3	-81.307	1
-0.3	-143.354	1
-0.3	-125.675	1
-0.3	108.07	1
-0.3	-127.055	1
-0.3	-1.00846	1
-0.3	-80.8392	1
-0.3	93.478	1
-0.3	99.3346	1
-0.3	-93.6916	1
-0.3	153.929	1
-0.3	-64.631	1
-0.3	-21.0844	1
-0.3	69.7037	1
-0.3	171.993	1
-0.3	-28.7659	1
-0.3	128.96	1
-0.3	97.3489	1
-0.3	167.723	1
-0.3	-79.5738	1
-0.3	-64.2182	1
-0.3	25.8907	1
-0.3	-108.245	1
-0.3	20.3758	1
-0.3	-37.4657	1
-0.3	-119.307	1
-0.3	-23.5841	1
-0.3	151.861	1
-0.3	129.083	1
-0.3	-35.3146	1
-0.3	83.9529	1
-0.3	104.943	1
-0.3	-142.21	1
-0.3	-30.9902	1
-0.3	59.046	1
-0.3	-90.2462	1
-0.3	4.81221	1
-0.3	149.536	1
-0.3	-106.797	1
-0.3	8.42037	1
-0.3	-141.288	1
-0.3	-99.4905	1
-0.3	33.3033	1
-0.3	-11.9916	1
-0.3	-125.92	1
-0.3	-72.8383	1
-0.3	-86.3771	1
-0.3	167.816	1
-0.3	115.186	1
-0.3	-26.4442	1
-0.3	142.096	1
-0.3	23.5301	1
-0.3	-108.506	1
-0.3	88.6984	1
-0.3	111.036	1
-0.3	-156.237	1
-0.3	-147.358	1
-0.3	-75.0709	1
-0.3	35.54	1
-0.3	-0.438364	1
-0.3	-33.6197	1
-0.3	76.0084	1
-0.3	10.5484	1
-0.3	-105.749	1
-0.3	32.8814	1
-0.3	-1.52412	1
-0.3	27.2352	1
-0.3	-128.545	1
-0.3	11.4034	1
-0.3	-152.431	1
-0.3	-36.5482	1
-0.3	-37.9786	1
-0.3	8.94364	1
-0.3	-96.5008	1
-0.3	-44.5409	1
-0.3	31.3329	1
-0.3	-33.18	1
-0.3	-12.0636	1
-0.3	169.129	1
-0.3	144.197	1
-0.3	-174.665	1
-0.3	174.541	1
-0.3	-85.2351	1
-0.3	-136.375	1
-0.3	82.9386	1
-0.3	45.6143	1
-0.3	1.89078	1
-0.3	-73.9041	1
-0.3	136.734	1
-0.3	-137.642	1
-0.3	-175	1
-0.3	-101.123	1
-0.3	-112.721	1
-0.3	-55.3686	1
-0.3	-62.9517	1
-0.3	57.3436	1
-0.3	-44.3997	1
-0.3	-91.8282	-0.065
-0.3	-150.97	-0.065
-0.3	-162.304	-0.065
-0.3	-56.9494	-0.065
-0.3	-116.85	-0.065
-0.3	-79.4963	-0.065
-0.3	110.724	-0.065
-0.3	-5.44244	-0.065
-0.3	-11.1116	-0.065
-0.3	150.082	-0.065
-0.3	116.095	-0.065
-0.3	125.486	-0.065
-0.3	-121.353	-0.065
-0.3	134.99	-0.065
-0.3	-145.736	-0.065
-0.3	-2.23604	-0.065
-0.3	-98.537	-0.065
-0.3	-174.999	-0.065
-0.3	24.3368	-0.065
-0.3	-72.9779	-0.065
-0.3	65.4855	-0.065
-0.3	26.8556	-0.065
-0.3	-53.5508	-0.065
-0.3	101.161	-0.065
-0.3	70.6575	-0.065
-0.3	25.6313	-0.065
-0.3	-109.84	-0.065
-0.3	111.209	-0.065
-0.3	102.02	-0.065
-0.3	58.656	-0.065
-0.3	-38.1475	-0.065
-0.3	-89.9985	-0.065
-0.3	-50.1904	-0.065
-0.3	116.404	-0.065
-0.3	-109.805	-0.065
-0.3	46.5498	-0.065
-0.3	-113.606	-0.065
-0.3	-4.29494	-0.065
-0.3	66.8828	-0.065
-0.3	-80.3415	-0.065
-0.3	-21.3116	-0.065
-0.3	148.883	-0.065
-0.3	27.2443	-0.065
-0.3	-34.9251	-0.065
-0.3	-152.612	-0.065
-0.3	53.6315	-0.065
-0.3	9.71219	-0.065
-0.3	-75.0277	-0.065
-0.3	-41.0832	-0.065
-0.3	-161.722	-0.065
-0.3	-13.8779	-0.065
-0.3	73.7187	-0.065
-0.3	165.356	-0.065
-0.3	-123.331	-0.065
-0.3	92.238	-0.065
-0.3	-138.755	-0.065
-0.3	-38.1008	-0.065
-0.3	141.341	-0.065
-0.3	128.031	-0.065
-0.3	74.6504	-0.065
-0.3	-167.216	-0.065
-0.3	106.742	-0.065
-0.3	132.131	-0.065
-0.3	9.02715	-0.065
-0.3	-152.855	-0.065
-0.3	167.843	-0.065
-0.3	-170.83	-0.065
-0.3	-88.7894	-0.065
-0.3	-158.459	-0.065
-0.3	178.367	-0.065
-0.3	81.8765	-0.065
-0.3	-166.668	-0.065
-0.3	-20.5791	-0.065
-0.3	114.023	-0.065
-0.3	78.5773	-0.065
-0.3	-101.673	-0.065
-0.3	-36.6893	-0.065
-0.3	154.283	-0.065
-0.3	6.44254	-0.065
-0.3	-108.766	-0.065
-0.3	-44.3873	-0.065
-0.3	50.9832	-0.065
-0.3	-111.295	-0.065
-0.3	176.424	-0.065
-0.3	-28.4176	-0.065
-0.3	64.4058	-0.065
-0.3	-18.2575	-0.065
-0.3	-50.5732	-0.065
-0.3	-72.083	-0.065
-0.3	-144.291	-0.065
-0.3	-142.816	-0.065
-0.3	15.7249	-0.065
-0.3	-89.7028	-0.065
-0.3	-57.7891	-0.065
-0.3	-167.769	-0.065
-0.3	-100.958	-0.065
-0.3	-69.8054	-0.065
-0.3	-134.636	-0.065
-0.3	-10.7081	-0.065
-0.3	-102.278	-0.065
-0.3	79.9374	-0.065
-0.3	-105.219	-0.065
-0.3	29.0228	-0.065
-0.3	95.8571	-0.065
-0.3	-145.965	-0.065
-0.3	45.2753	-0.065
-0.3	81.6116	-0.065
-0.3	168.939	-0.065
-0.3	142.374	-0.065
-0.3	-95.1601	-0.065
-0.3	-89.3429	-0.065
-0.3	-10.2493	-0.065
-0.3	-63.7608	-0.065
-0.3	-17.2854	-0.065
-0.3	-170.202	-0.065
-0.3	-60.7412	-0.065
-0.3	-176.899	-0.065
-0.3	143.97	-0.065
-0.3	-76.8587	-0.065
-0.3	55.6693	-0.065
-0.3	-156.675	-0.065
-0.3	-96.2001	-0.065
-0.3	-140.526	-0.065
-0.3	74.3801	-0.065
-0.3	-13.2434	-0.065
-0.3	65.3084	-0.065
-0.3	-90.9423	-0.065
-0.3	37.8543	-0.065
-0.3	-83.3027	-0.065
-0.3	-54.1622	-0.065
-0.3	-65.3393	-0.065
-0.3	-107.077	-0.065
-0.3	63.8858	-0.065
-0.3	-161.711	-0.065
-0.3	-106.78	-0.065
-0.3	-126.811	-0.065
-0.3	-22.926	-0.065
-0.3	-34.921	-0.065
-0.3	-101.666	-0.065
-0.3	-60.0193	-0.065
-0.3	-7.551	-0.065
-0.3	81.5581	-0.065
-0.3	104.765	-0.065
-0.3	25.6772	-0.065
-0.3	-23.1635	-0.065
-0.3	-36.5833	-0.065
-0.3	138.839	-0.065
-0.3	-87.9387	-0.065
-0.3	-139.962	-0.065
-0.3	-88.4156	-0.065
-0.3	-154.511	-0.065
-0.3	153.618	-0.065
-0.3	-101.827	-0.065
