pol.	phi	weight
0.3	107.253	1
0.3	109.181	1
0.3	-94.4846	1
0.3	112.68	1
0.3	67.0572	1
0.3	97.4208	1
0.3	114.476	1
0.3	-165.125	1
0.3	-42.3901	1
0.3	44.6342	1
0.3	95.8421	1
0.3	-166.42	1
0.3	-25.8719	1
0.3	15.3508	1
0.3	-90.4151	1
0.3	-55.9454	1
0.3	-132.399	1
0.3	-70.2444	1
0.3	-167.029	1
0.3	-91.827	1
0.3	140.981	1
0.3	81.8851	1
0.3	70.6214	1
0.3	-72.5874	1
0.3	-18.6861	1
0.3	-127.37	1
0.3	87.7243	1
0.3	58.9672	1
0.3	20.5732	1
0.3	59.3224	1
0.3	-55.4557	1
0.3	-0.820728	1
0.3	-21.028	1
0.3	-9.68964	1
0.3	75.453	1
0.3	-92.6315	1
0.3	-93.9968	1
0.3	-91.1546	1
0.3	162.468	1
0.3	119.483	1
0.3	-8.91879	1
0.3	-111.979	1
0.3	168.186	1
0.3	-150.946	1
0.3	0.560755	1
0.3	-43.26	1
0.3	123.569	1
0.3	114.125	1
0.3	-133.414	1
0.3	-75.1138	1
0.3	-100.199	1
0.3	158.301	1
0.3	-110.493	1
0.3	-43.1818	1
0.3	-51.8626	1
0.3	152.502	1
0.3	-60.3768	1
0.3	148.757	1
0.3	-1.86673	1
0.3	-47.5102	1
0.3	78.0034	1
0.3	118.873	1
0.3	-8.55594	1
0.3	61.4012	1
0.3	-116.398	1
0.3	-109.267	1
0.3	40.0427	1
0.3	-81.1385	1
0.3	-19.1378	1
0.3	11.6079	1
0.3	157.758	1
0.3	177.773	1
0.3	-150.989	1
0.3	-106.818	1
0.3	-50.9323	1
0.3	65.7605	1
0.3	178.934	1
0.3	105.115	1
0.3	131.768	1
0.3	-99.4026	1
0.3	19.3546	1
0.3	179.876	1
0.3	156.447	1
0.3	-166.166	1
0.3	-27.4817	1
0.3	29.2727	1
0.3	-99.465	1
0.3	-160.593	1
0.3	154.112	1
0.3	30.7293	1
0.3	97.2244	1
0.3	-24.7266	1
0.3	121.793	1
0.3	-72.4884	1
0.3	147.591	1
0.3	150.081	1
0.3	-175.794	1
0.3	-164.509	1
0.3	30.8079	1
0.3	-75.276	1
0.3	3.46378	1
0.3	70.0708	1
0.3	117.102	1
0.3	57.3018	1
0.3	124.323	1
0.3	-40.0183	1
0.3	143.93	1
0.3	-71.9233	1
0.3	-161.438	1
0.3	-7.25633	1
0.3	119.72	1
0.3	-75.9955	1
0.3	31.4495	1
0.3	154.049	1
0.3	102.406	1
0.3	145.455	1
0.3	-111.69	1
0.3	31.1475	1
0.3	-51.3848	1
0.3	-95.5896	1
0.3	142.663	1
0.3	110.819	1
0.3	-72.9714	1
0.3	62.8376	1
0.3	88.1686	1
0.3	-19.2865	1
0.3	149.736	1
0.3	-48.8319	1
0.3	20.2029	1
0.3	142.373	1
0.3	-48.2037	1
0.3	146.426	1
0.3	-96.3359	1
0.3	74.7615	1
0.3	4.08978	1
0.3	-151.369	1
0.3	164.578	1
0.3	-76.1802	1
0.3	-8.07835	1
0.3	-123.611	1
0.3	-42.5333	1
0.3	-56.1214	1
0.3	123.422	1
0.3	89.7849	1
0.3	-40.0891	1
0.3	-122.52	1
0.3	65.8633	1
0.3	-51.6744	1
0.3	-69.0398	1
0.3	110.449	1
0.3	-59.2536	1
0.3	-58.8195	1
0.3	-70.7326	1
0.3	9.33351	1
0.3	172.809	1
0.3	-69.2823	1
0.3	-109.775	1
0.3	-142.989	1
0.3	148.164	1
0.3	-79.1381	1
0.3	57.9791	1
0.3	-16.4702	1
0.3	143.204	1
0.3	22.2883	1
0.3	-116.454	1
0.3	-38.6319	1
0.3	81.3813	1
0.3	43.542	1
0.3	-50.1376	1
0.3	148.964	1
0.3	-89.923	1
0.3	108.338	1
0.3	141.869	1
0.3	9.05499	1
0.3	130.119	1
0.3	-6.04318	1
0.3	15.8815	1
0.3	-33.666	1
0.3	-127.323	1
0.3	-93.5742	1
0.3	27.148	1
0.3	-98.1127	1
0.3	130.723	1
0.3	95.226	1
0.3	-126.091	1
0.3	28.5372	1
0.3	-110.91	1
0.3	86.1299	1
0.3	-37.8584	1
0.3	-75.4781	1
0.3	38.1571	1
0.3	-159.011	1
0.3	93.5723	1
0.3	157.049	1
0.3	-23.3095	1
0.3	-128.644	1
0.3	-43.9498	1
0.3	13.98	1
0.3	-13.0222	1
0.3	69.9366	1
0.3	0.959934	1
0.3	-57.3368	1
0.3	-161.682	1
0.3	-34.6029	1
0.3	-116.653	1
0.3	-78.8008	1
0.3	-61.211	1
0.3	-13.051	1
0.3	-127.523	1
0.3	18.0004	1
0.3	99.8369	1
0.3	-124.213	1
0.3	174.215	1
0.3	173.712	1
0.3	-178.738	1
0.3	145.608	1
0.3	-156.2	1
0.3	57.5346	-0.065
0.3	-34.8458	-0.065
0.3	-66.5314	-0.065
0.3	-159.615	-0.065
0.3	-70.0855	-0.065
0.3	58.9571	-0.065
0.3	105.685	-0.065
0.3	-89.8709	-0.065
0.3	122.75	-0.065
0.3	61.9449	-0.065
0.3	-10.3036	-0.065
0.3	-61.777	-0.065
0.3	170.553	-0.065
0.3	122.463	-0.065
0.3	19.9497	-0.065
0.3	-40.0814	-0.065
0.3	67.2303	-0.065
0.3	110.973	-0.065
0.3	12.5853	-0.065
0.3	-106.02	-0.065
0.3	-178.717	-0.065
0.3	172.618	-0.065
0.3	-126.436	-0.065
0.3	65.0353	-0.065
0.3	52.7227	-0.065
0.3	-167.265	-0.065
0.3	47.2651	-0.065
0.3	-169.786	-0.065
0.3	122.784	-0.065
0.3	167.016	-0.065
0.3	-108.45	-0.065
0.3	-120.404	-0.065
0.3	172.225	-0.065
0.3	-174.358	-0.065
0.3	39.2325	-0.065
0.3	130.264	-0.065
0.3	47.5413	-0.065
0.3	-38.8952	-0.065
0.3	-136.257	-0.065
0.3	-92.3536	-0.065
0.3	-61.4705	-0.065
0.3	155.931	-0.065
0.3	92.2507	-0.065
0.3	23.2361	-0.065
0.3	77.694	-0.065
0.3	63.1335	-0.065
0.3	-152.929	-0.065
0.3	-93.9622	-0.065
0.3	78.6581	-0.065
0.3	56.1316	-0.065
0.3	158.654	-0.065
0.3	131.445	-0.065
0.3	6.51117	-0.065
0.3	140	-0.065
0.3	97.6724	-0.065
0.3	56.6039	-0.065
0.3	56.7751	-0.065
0.3	27.8772	-0.065
0.3	73.0513	-0.065
0.3	34.8118	-0.065
0.3	-164.157	-0.065
0.3	101.976	-0.065
0.3	-143.221	-0.065
0.3	-131.332	-0.065
0.3	-67.1109	-0.065
0.3	102.456	-0.065
0.3	-65.7268	-0.065
0.3	-71.3377	-0.065
0.3	-58.5529	-0.065
0.3	21.8009	-0.065
0.3	123.177	-0.065
0.3	25.846	-0.065
0.3	46.17	-0.065
0.3	-26.8478	-0.065
0.3	86.8827	-0.065
0.3	-64.7175	-0.065
0.3	-107.183	-0.065
0.3	-107.028	-0.065
0.3	54.9226	-0.065
0.3	96.0162	-0.065
0.3	-17.6628	-0.065
0.3	-131.312	-0.065
0.3	42.1005	-0.065
0.3	-14.0927	-0.065
0.3	-22.1695	-0.065
0.3	-139.302	-0.065
0.3	-90.3064	-0.065
0.3	104.025	-0.065
0.3	-105.412	-0.065
0.3	145.155	-0.065
0.3	-28.2818	-0.065
0.3	65.5358	-0.065
0.3	-62.009	-0.065
0.3	137.374	-0.065
0.3	60.2571	-0.065
0.3	83.131	-0.065
0.3	-61.7357	-0.065
0.3	-101.313	-0.065
0.3	19.5525	-0.065
0.3	8.50174	-0.065
0.3	-55.3401	-0.065
0.3	81.3262	-0.065
0.3	-93.2744	-0.065
0.3	-144.29	-0.065
0.3	-108.876	-0.065
0.3	-109.818	-0.065
0.3	-133.723	-0.065
0.3	-110.582	-0.065
0.3	99.2931	-0.065
0.3	-100.665	-0.065
0.3	-79.421	-0.065
0.3	-55.836	-0.065
0.3	-169.972	-0.065
0.3	172.232	-0.065
0.3	42.1325	-0.065
0.3	-50.0568	-0.065
0.3	-173.623	-0.065
0.3	-147.364	-0.065
0.3	-114.782	-0.065
0.3	-28.0635	-0.065
0.3	87.6348	-0.065
0.3	59.8832	-0.065
0.3	-159.372	-0.065
0.3	171.64	-0.065
0.3	82.359	-0.065
0.3	-19.9115	-0.065
0.3	123.134	-0.065
0.3	125.197	-0.065
0.3	52.6124	-0.065
0.3	146.61	-0.065
0.3	-116.175	-0.065
0.3	-178.609	-0.065
0.3	-42.8425	-0.065
0.3	-172.98	-0.065
0.3	-135.606	-0.065
0.3	-20.4561	-0.065
0.3	-136.719	-0.065
0.3	-112.992	-0.065
0.3	148.046	-0.065
0.3	-93.5506	-0.065
0.3	-13.5904	-0.065
0.3	-108.728	-0.065
0.3	-94.1737	-0.065
0.3	100.272	-0.065
0.3	-118.838	-0.065
0.3	121.707	-0.065
0.3	-101.305	-0.065
0.3	-84.6333	-0.065
0.3	-130.838	-0.065
0.3	136.054	-0.065
0.3	44.3189	-0.065
0.3	89.1977	-0.065
0.3	157.577	-0.065
0.3	151.581	-0.065
0.3	-61.7313	-0.065
0.3	-108.519	-0.065
0.3	-6.88981	-0.065
0.3	119.036	-0.065
0.3	45.3007	-0.065
0.3	-52.9779	-0.065
0.3	32.2147	-0.065
0.3	159.291	-0.065
0.3	-165.609	-0.065
0.3	17.3282	-0.065
0.3	127.419	-0.065
0.3	-81.4552	-0.065
0.3	-118.524	-0.065
0.3	36.5158	-0.065
-0.3	-103.215	1
-0.3	-118.576	1
-0.3	171.836	1
-0.3	-119.166	1
-0.3	-37.0921	1
-0.3	-125.935	1
-0.3	-120.689	1
-0.3	150.421	1
-0.3	-18.9368	1
-0.3	-132.637	1
-0.3	153.349	1
-0.3	77.8541	1
-0.3	-36.8768	1
-0.3	-124.336	1
-0.3	21.1573	1
-0.3	60.704	1
-0.3	31.4272	1
-0.3	16.1476	1
-0.3	34.0654	1
-0.3	6.34941	1
-0.3	-82.3169	1
-0.3	67.5931	1
-0.3	-133.328	1
-0.3	-51.731	1
-0.3	117.755	1
-0.3	-93.8517	1
-0.3	129.408	1
-0.3	-158.86	1
-0.3	75.9853	1
-0.3	73.4838	1
-0.3	148.298	1
-0.3	-95.8655	1
-0.3	-55.2984	1
-0.3	19.6982	1
-0.3	84.1648	1
-0.3	-29.8694	1
-0.3	-57.2596	1
-0.3	-2.63543	1
-0.3	-102.344	1
-0.3	-45.9451	1
-0.3	163.401	1
-0.3	-110.279	1
-0.3	-137.724	1
-0.3	145.552	1
-0.3	63.469	1
-0.3	-17.5884	1
-0.3	-171.451	1
-0.3	160.604	1
-0.3	-72.997	1
-0.3	101.168	1
-0.3	163.683	1
-0.3	-101.957	1
-0.3	8.6989	1
-0.3	159.548	1
-0.3	-41.7998	1
-0.3	-176.837	1
-0.3	10.344	1
-0.3	-156.059	1
-0.3	-65.2589	1
-0.3	119.012	1
-0.3	-108.395	1
-0.3	-154.152	1
-0.3	173.307	1
-0.3	-37.1457	1
-0.3	-86.9271	1
-0.3	83.3754	1
-0.3	25.3268	1
-0.3	49.9484	1
-0.3	68.8656	1
-0.3	56.5717	1
-0.3	34.3279	1
-0.3	-84.5057	1
-0.3	125.549	1
-0.3	-12.7434	1
-0.3	-39.6464	1
-0.3	-117.892	1
-0.3	138.635	1
-0.3	143.992	1
-0.3	-15.0092	1
-0.3	177.765	1
-0.3	-128.961	1
-0.3	-153.842	1
-0.3	-52.562	1
-0.3	150.253	1
-0.3	-93.3064	1
-0.3	9.39557	1
-0.3	-118.407	1
-0.3	169.718	1
-0.3	-144.676	1
-0.3	-84.0975	1
-0.3	97.3922	1
-0.3	63.101	1
-0.3	97.5395	1
-0.3	78.7371	1
-0.3	-139.717	1
-0.3	79.9507	1
-0.3	-126.851	1
-0.3	69.0611	1
-0.3	10.6641	1
-0.3	-126.319	1
-0.3	-172.847	1
-0.3	-42.9527	1
-0.3	89.7483	1
-0.3	-162.057	1
-0.3	124.109	1
-0.3	-78.4468	1
-0.3	90.3771	1
-0.3	-15.0155	1
-0.3	-29.9465	1
-0.3	-92.4474	1
-0.3	-109.416	1
-0.3	76.4455	1
-0.3	56.6192	1
-0.3	-75.474	1
-0.3	-120.104	1
-0.3	-7.7099	1
-0.3	79.7063	1
-0.3	75.3497	1
-0.3	115.342	1
-0.3	154.865	1
-0.3	116.994	1
-0.3	-131.892	1
-0.3	70.4512	1
-0.3	34.2978	1
-0.3	-2.60818	1
-0.3	-133.453	1
-0.3	-108.045	1
-0.3	134.7	1
-0.3	-119.721	1
-0.3	-51.7506	1
-0.3	-144.801	1
-0.3	-91.6005	1
-0.3	-12.0809	1
-0.3	108.721	1
-0.3	-53.5669	1
-0.3	149.901	1
-0.3	173.371	1
-0.3	90.5127	1
-0.3	-15.6722	1
-0.3	75.7536	1
-0.3	146.405	1
-0.3	-135.842	1
-0.3	164.296	1
-0.3	13.035	1
-0.3	-140.781	1
-0.3	-116.717	1
-0.3	-44.6634	1
-0.3	-134.533	1
-0.3	-62.7011	1
-0.3	-20.4108	1
-0.3	2.26013	1
-0.3	8.52131	1
-0.3	-139.105	1
-0.3	24.0776	1
-0.3	-139.512	1
-0.3	97.7908	1
-0.3	176.676	1
-0.3	-140.396	1
-0.3	9.96418	1
-0.3	147.23	1
-0.3	65.8973	1
-0.3	-45.1587	1
-0.3	72.3109	1
-0.3	167.507	1
-0.3	56.0512	1
-0.3	-162.374	1
-0.3	-68.8582	1
-0.3	179.285	1
-0.3	62.2976	1
-0.3	-70.8852	1
-0.3	70.0437	1
-0.3	-92.772	1
-0.3	-22.5255	1
-0.3	-109.109	1
-0.3	-14.5561	1
-0.3	171.777	1
-0.3	-42.147	1
-0.3	-23.4212	1
-0.3	120.763	1
-0.3	51.6832	1
-0.3	159.057	1
-0.3	-43.0271	1
-0.3	82.8414	1
-0.3	64.6322	1
-0.3	7.00377	-0.065
-0.3	73.6948	-0.065
-0.3	-89.3506	-0.065
-0.3	144.928	-0.065
-0.3	-25.8259	-0.065
-0.3	103.253	-0.065
-0.3	155.637	-0.065
-0.3	-97.5206	-0.065
-0.3	164.024	-0.065
-0.3	17.5371	-0.065
-0.3	-62.1437	-0.065
-0.3	122.125	-0.065
-0.3	161.737	-0.065
-0.3	58.3275	-0.065
-0.3	-93.4323	-0.065
-0.3	167.493	-0.065
-0.3	40.4979	-0.065
-0.3	-175.042	-0.065
-0.3	161.61	-0.065
-0.3	-137.634	-0.065
-0.3	-174.507	-0.065
-0.3	72.6265	-0.065
-0.3	21.2214	-0.065
-0.3	123.616	-0.065
-0.3	61.0702	-0.065
-0.3	-68.1355	-0.065
-0.3	-75.4402	-0.065
-0.3	-119.087	-0.065
-0.3	128.371	-0.065
-0.3	-59.6284	-0.065
-0.3	120.158	-0.065
-0.3	71.8551	-0.065
-0.3	155.077	-0.065
-0.3	-133.993	-0.065
-0.3	-124.822	-0.065
-0.3	-98.451	-0.065
-0.3	-6.33877	-0.065
-0.3	114.546	-0.065
-0.3	-82.9043	-0.065
-0.3	159.307	-0.065
-0.3	149.662	-0.065
-0.3	-13.2974	-0.065
-0.3	53.5346	-0.065
-0.3	-9.8344	-0.065
-0.3	-111.347	-0.065
-0.3	24.621	-0.065
-0.3	149.653	-0.065
-0.3	-72.1533	-0.065
-0.3	98.4542	-0.065
-0.3	8.4716	-0.065
-0.3	-71.4142	-0.065
-0.3	10.5701	-0.065
-0.3	-178.015	-0.065
-0.3	94.0235	-0.065
-0.3	-72.5524	-0.065
-0.3	16.0061	-0.065
-0.3	115.879	-0.065
-0.3	-73.7776	-0.065
-0.3	-163.435	-0.065
-0.3	-170.964	-0.065
-0.3	-148.102	-0.065
-0.3	22.3981	-0.065
-0.3	-2.87709	-0.065
-0.3	120.605	-0.065
-0.3	-90.659	-0.065
-0.3	-100.134	-0.065
-0.3	96.3269	-0.065
-0.3	-156.649	-0.065
-0.3	97.0688	-0.065
-0.3	41.531	-0.065
-0.3	159.069	-0.065
-0.3	111.514	-0.065
-0.3	-174.983	-0.065
-0.3	152.004	-0.065
-0.3	24.8014	-0.065
-0.3	-40.0815	-0.065
-0.3	-38.2434	-0.065
-0.3	13.2334	-0.065
-0.3	71.7793	-0.065
-0.3	76.4955	-0.065
-0.3	-17.9387	-0.065
-0.3	60.5922	-0.065
-0.3	56.0531	-0.065
-0.3	-109.451	-0.065
-0.3	165.005	-0.065
-0.3	110.475	-0.065
-0.3	160.724	-0.065
-0.3	-43.9712	-0.065
-0.3	-153.163	-0.065
-0.3	-104.258	-0.065
-0.3	135.737	-0.065
-0.3	51.0417	-0.065
-0.3	125.81	-0.065
-0.3	162.035	-0.065
-0.3	-41.8322	-0.065
-0.3	-100.901	-0.065
-0.3	39.0833	-0.065
-0.3	-119.174	-0.065
-0.3	170.466	-0.065
-0.3	-42.5229	-0.065
-0.3	34.8525	-0.065
-0.3	101.309	-0.065
-0.3	39.6433	-0.065
-0.3	-151.759	-0.065
-0.3	146.764	-0.065
-0.3	111.292	-0.065
-0.3	-33.029	-0.065
-0.3	21.0504	-0.065
-0.3	-31.2648	-0.065
-0.3	1.17258	-0.065
-0.3	176.852	-0.065
-0.3	-39.3586	-0.065
-0.3	44.4363	-0.065
-0.3	2.23085	-0.065
-0.3	-78.4194	-0.065
-0.3	-134.25	-0.065
-0.3	2.50349	-0.065
-0.3	14.9873	-0.065
-0.3	166.425	-0.065
-0.3	8.29102	-0.065
-0.3	140.332	-0.065
-0.3	-54.8025	-0.065
-0.3	-35.4924	-0.065
-0.3	40.8878	-0.065
-0.3	158.996	-0.065
-0.3	-152.617	-0.065
-0.3	130.608	-0.065
-0.3	-81.9746	-0.065
-0.3	-11.5447	-0.065
-0.3	157.084	-0.065
-0.3	-92.6561	-0.065
-0.3	126.642	-0.065
-0.3	61.6505	-0.065
-0.3	-129.039	-0.065
-0.3	135.242	-0.065
-0.3	-150.32	-0.065
-0.3	95.3512	-0.065
-0.3	-22.8756	-0.065
-0.3	175.459	-0.065
-0.3	-105.275	-0.065
-0.3	171.019	-0.065
-0.3	-121.481	-0.065
