pol.	phi	weight
0.3	176.022	1
0.3	132.579	1
0.3	-107.35	1
0.3	1.16082	1
0.3	120.957	1
0.3	-83.1535	1
0.3	-109.171	1
0.3	-38.5372	1
0.3	107.053	1
0.3	-62.0068	1
0.3	84.0083	1
0.3	-27.2934	1
0.3	131.199	1
0.3	13.4227	1
0.3	-96.7861	1
0.3	-17.116	1
0.3	-18.2446	1
0.3	-45.4475	1
0.3	85.5305	1
0.3	110.955	1
0.3	-135.593	1
0.3	140.864	1
0.3	81.2259	1
0.3	-107.903	1
0.3	23.1485	1
0.3	108.039	1
0.3	-68.1125	1
0.3	131.655	1
0.3	-82.2342	1
0.3	103.939	1
0.3	145.272	1
0.3	-43.8282	1
0.3	-1.18983	1
0.3	-26.081	1
0.3	-80.135	1
0.3	-46.1655	1
0.3	-80.599	1
0.3	149.748	1
0.3	6.00574	1
0.3	-18.7232	1
0.3	18.5452	1
0.3	-69.8704	1
0.3	127.521	1
0.3	88.0549	1
0.3	155.117	1
0.3	35.8351	1
0.3	-89.6905	1
0.3	99.5937	1
0.3	42.5466	1
0.3	65.9738	1
0.3	-81.283	1
0.3	-38.8636	1
0.3	154.282	1
0.3	-67.2129	1
0.3	31.2112	1
0.3	13.5944	1
0.3	-74.2219	1
0.3	162.148	1
0.3	132.889	1
0.3	46.1541	1
0.3	78.7979	1
0.3	-71.6755	1
0.3	115.783	1
0.3	149.194	1
0.3	93.3412	1
0.3	-4.84314	1
0.3	82.7335	1
0.3	-114.082	1
0.3	-129.568	1
0.3	-121.606	1
0.3	84.28	1
0.3	14.617	1
0.3	25.2862	1
0.3	157.49	1
0.3	-107.106	1
0.3	105.916	1
0.3	-43.2389	1
0.3	114.776	1
0.3	-7.07141	1
0.3	163.353	1
0.3	104.021	1
0.3	-7.81942	1
0.3	-179.629	1
0.3	138.81	1
0.3	-19.0279	1
0.3	-71.2049	1
0.3	-157.698	1
0.3	-67.3862	1
0.3	142.652	1
0.3	60.4193	1
0.3	-75.3729	1
0.3	88.4668	1
0.3	-68.1295	1
0.3	-42.1224	1
0.3	143.642	1
0.3	49.7306	1
0.3	-145.072	1
0.3	147.204	1
0.3	-22.6327	1
0.3	163.527	1
0.3	103.446	1
0.3	-30.6893	1
0.3	-68.2165	1
0.3	113.056	1
0.3	-67.4776	1
0.3	161.074	1
0.3	100.833	1
0.3	-54.2684	1
0.3	-30.1636	1
0.3	18.4988	1
0.3	156.761	1
0.3	-95.7265	1
0.3	-20.2573	1
0.3	28.5492	1
0.3	136.253	1
0.3	16.5571	1
0.3	57.0429	1
0.3	171.343	1
0.3	34.0934	1
0.3	43.4	1
0.3	-103.722	1
0.3	102.77	1
0.3	96.9636	1
0.3	90.348	1
0.3	51.4806	1
0.3	83.4745	1
0.3	-146.708	1
0.3	133.883	1
0.3	-113.02	1
0.3	-154.872	1
0.3	122.904	1
0.3	75.4313	1
0.3	123.991	1
0.3	126.943	1
0.3	-80.5529	1
0.3	-176.059	1
0.3	-96.145	1
0.3	-43.4554	1
0.3	92.4175	1
0.3	72.8969	1
0.3	-66.9602	1
0.3	44.2967	1
0.3	167.262	1
0.3	119.921	1
0.3	98.1887	1
0.3	-58.4163	1
0.3	108.708	1
0.3	167.556	1
0.3	-77.9993	1
0.3	-121.881	1
0.3	-6.79546	1
0.3	-172.006	1
0.3	10.3079	1
0.3	-175.306	1
0.3	-158.97	1
0.3	94.5902	1
0.3	45.9305	1
0.3	-91.7388	1
0.3	115.73	1
0.3	-157.601	1
0.3	9.14434	1
0.3	177.288	1
0.3	72.369	1
0.3	-145.786	1
0.3	109.544	1
0.3	71.3885	1
0.3	-8.67874	1
0.3	2.23346	1
0.3	69.5786	1
0.3	75.6763	1
0.3	100.336	1
0.3	120.177	1
0.3	-100.133	1
0.3	5.90796	1
0.3	1.81572	1
0.3	-78.516	1
0.3	67.4944	1
0.3	36.8273	1
0.3	79.8892	1
0.3	31.483	1
0.3	29.0663	1
0.3	132.271	1
0.3	100.32	1
0.3	-131.617	1
0.3	-133.219	1
0.3	152.748	1
0.3	-165.597	1
0.3	164.517	1
0.3	23.2763	1
0.3	-32.0733	1
0.3	23.9589	1
0.3	172.761	1
0.3	-120.815	-0.065
0.3	-3.44983	-0.065
0.3	-128.776	-0.065
0.3	142.831	-0.065
0.3	-130.815	-0.065
0.3	-32.795	-0.065
0.3	11.4638	-0.065
0.3	-103.263	-0.065
0.3	10.2737	-0.065
0.3	112.759	-0.065
0.3	-82.6895	-0.065
0.3	112.75	-0.065
0.3	-168.21	-0.065
0.3	-136.23	-0.065
0.3	-132.618	-0.065
0.3	-117.254	-0.065
0.3	117.68	-0.065
0.3	60.0664	-0.065
0.3	-55.4011	-0.065
0.3	-92.3407	-0.065
0.3	137.272	-0.065
0.3	164.466	-0.065
0.3	-152.71	-0.065
0.3	5.79541	-0.065
0.3	-125.827	-0.065
0.3	-112.132	-0.065
0.3	28.5189	-0.065
0.3	-36.2172	-0.065
0.3	62.8248	-0.065
0.3	133.637	-0.065
0.3	108.152	-0.065
0.3	147.911	-0.065
0.3	156.033	-0.065
0.3	-74.1256	-0.065
0.3	-29.1579	-0.065
0.3	-75.2652	-0.065
0.3	-77.2397	-0.065
0.3	97.9137	-0.065
0.3	-147.78	-0.065
0.3	77.4536	-0.065
0.3	53.4708	-0.065
0.3	-90.8767	-0.065
0.3	-130.262	-0.065
0.3	-101.05	-0.065
0.3	41.6271	-0.065
0.3	-37.9853	-0.065
0.3	90.5091	-0.065
0.3	-165.827	-0.065
0.3	139.895	-0.065
0.3	-53.7602	-0.065
0.3	150.63	-0.065
0.3	16.2899	-0.065
0.3	-157.363	-0.065
0.3	40.4947	-0.065
0.3	145.558	-0.065
0.3	-19.7689	-0.065
0.3	-177.535	-0.065
0.3	-3.21039	-0.065
0.3	110.518	-0.065
0.3	61.2903	-0.065
0.3	151.335	-0.065
0.3	125.277	-0.065
0.3	-160.388	-0.065
0.3	-56.249	-0.065
0.3	-122.483	-0.065
0.3	86.2564	-0.065
0.3	12.4371	-0.065
0.3	-142.489	-0.065
0.3	-170.797	-0.065
0.3	41.7209	-0.065
0.3	-125.934	-0.065
0.3	-129.251	-0.065
0.3	129.01	-0.065
0.3	44.3655	-0.065
0.3	92.0683	-0.065
0.3	15.816	-0.065
0.3	45.055	-0.065
0.3	-111.123	-0.065
0.3	-117.659	-0.065
0.3	-125.894	-0.065
0.3	83.3191	-0.065
0.3	-62.3519	-0.065
0.3	-165.324	-0.065
0.3	79.9546	-0.065
0.3	155.801	-0.065
0.3	-96.947	-0.065
0.3	-151.308	-0.065
0.3	51.1679	-0.065
0.3	138.92	-0.065
0.3	-170.031	-0.065
0.3	123.633	-0.065
0.3	27.5289	-0.065
0.3	171.022	-0.065
0.3	-177.529	-0.065
0.3	166.288	-0.065
0.3	-67.1884	-0.065
0.3	61.9377	-0.065
0.3	98.649	-0.065
0.3	43.9079	-0.065
0.3	-91.9377	-0.065
0.3	-17.0495	-0.065
0.3	-16.8274	-0.065
0.3	-55.2671	-0.065
0.3	58.3687	-0.065
0.3	-31.1718	-0.065
0.3	-6.90533	-0.065
0.3	127.917	-0.065
0.3	-3.28091	-0.065
0.3	40.5562	-0.065
0.3	-162.873	-0.065
0.3	-99.4452	-0.065
0.3	177.067	-0.065
0.3	23.9564	-0.065
0.3	67.1728	-0.065
0.3	-83.9257	-0.065
0.3	-159.937	-0.065
0.3	98.9631	-0.065
0.3	72.2945	-0.065
0.3	96.3507	-0.065
0.3	-36.7028	-0.065
0.3	68.4062	-0.065
0.3	-85.1779	-0.065
0.3	-177.784	-0.065
0.3	-6.27043	-0.065
0.3	-84.5811	-0.065
0.3	70.4914	-0.065
0.3	-11.3193	-0.065
0.3	-18.0161	-0.065
0.3	-153.522	-0.065
0.3	-60.5905	-0.065
0.3	-157.154	-0.065
0.3	80.0426	-0.065
0.3	-154.445	-0.065
0.3	130.543	-0.065
0.3	-13.3904	-0.065
0.3	37.4203	-0.065
0.3	26.5013	-0.065
0.3	-66.5037	-0.065
0.3	83.9591	-0.065
0.3	-88.787	-0.065
0.3	-85.4133	-0.065
0.3	-29.707	-0.065
0.3	13.6427	-0.065
0.3	-52.9102	-0.065
0.3	-79.8675	-0.065
0.3	38.2923	-0.065
0.3	16.5744	-0.065
0.3	41.8244	-0.065
0.3	-42.0378	-0.065
-0.3	-78.2123	1
-0.3	39.049	1
-0.3	-103.216	1
-0.3	48.1623	1
-0.3	9.58265	1
-0.3	114.628	1
-0.3	-74.4935	1
-0.3	-152.783	1
-0.3	18.6656	1
-0.3	-25.0714	1
-0.3	87.3625	1
-0.3	-130.809	1
-0.3	34.8977	1
-0.3	-15.2	1
-0.3	38.6594	1
-0.3	-87.5047	1
-0.3	-57.807	1
-0.3	-157.268	1
-0.3	90.2852	1
-0.3	-130.846	1
-0.3	-28.979	1
-0.3	-124.988	1
-0.3	86.5422	1
-0.3	-34.8644	1
-0.3	168.303	1
-0.3	-112.635	1
-0.3	-56.523	1
-0.3	-176.549	1
-0.3	179.751	1
-0.3	-155.887	1
-0.3	-116.922	1
-0.3	86.2079	1
-0.3	-53.028	1
-0.3	-159.995	1
-0.3	-170.173	1
-0.3	15.435	1
-0.3	9.89375	1
-0.3	-86.7034	1
-0.3	6.47579	1
-0.3	5.36075	1
-0.3	130.762	1
-0.3	47.0983	1
-0.3	81.6774	1
-0.3	61.5113	1
-0.3	-124.021	1
-0.3	-85.2982	1
-0.3	-34.0746	1
-0.3	91.038	1
-0.3	94.1519	1
-0.3	87.3403	1
-0.3	-5.81116	1
-0.3	-146.56	1
-0.3	13.6381	1
-0.3	-158.239	1
-0.3	22.8789	1
-0.3	-148.583	1
-0.3	-7.53493	1
-0.3	-92.7306	1
-0.3	-141.136	1
-0.3	30.4624	1
-0.3	-57.1107	1
-0.3	34.8641	1
-0.3	-114.949	1
-0.3	-67.7335	1
-0.3	-40.8078	1
-0.3	159.318	1
-0.3	142.061	1
-0.3	-148.885	1
-0.3	19.8555	1
-0.3	11.0446	1
-0.3	28.2696	1
-0.3	-1.32012	1
-0.3	-123.804	1
-0.3	48.0382	1
-0.3	-130.832	1
-0.3	-119.871	1
-0.3	89.0652	1
-0.3	-159.109	1
-0.3	71.0426	1
-0.3	6.36989	1
-0.3	8.87562	1
-0.3	-71.905	1
-0.3	-109.904	1
-0.3	-116.934	1
-0.3	156.015	1
-0.3	164.334	1
-0.3	157.634	1
-0.3	-21.2227	1
-0.3	-177.246	1
-0.3	-50.1266	1
-0.3	97.418	1
-0.3	-173.802	1
-0.3	77.7376	1
-0.3	75.9116	1
-0.3	-173.659	1
-0.3	163.34	1
-0.3	-21.2427	1
-0.3	145.792	1
-0.3	166.715	1
-0.3	25.1734	1
-0.3	-160.89	1
-0.3	166.095	1
-0.3	-142.37	1
-0.3	-81.94	1
-0.3	135.251	1
-0.3	70.6665	1
-0.3	-23.6559	1
-0.3	49.253	1
-0.3	63.0861	1
-0.3	14.3518	1
-0.3	-3.16746	1
-0.3	16.3736	1
-0.3	-112.877	1
-0.3	103.79	1
-0.3	63.4364	1
-0.3	11.6057	1
-0.3	44.839	1
-0.3	151.606	1
-0.3	-71.202	1
-0.3	26.4943	1
-0.3	-86.2538	1
-0.3	-113.741	1
-0.3	60.1263	1
-0.3	14.8314	1
-0.3	79.9244	1
-0.3	-89.3246	1
-0.3	-150.136	1
-0.3	40.0613	1
-0.3	-46.9789	1
-0.3	-128.88	1
-0.3	48.5194	1
-0.3	-57.5324	1
-0.3	156.548	1
-0.3	-32.6521	1
-0.3	85.4951	1
-0.3	-125.668	1
-0.3	-90.6539	1
-0.3	-40.2356	1
-0.3	128.519	1
-0.3	99.2482	1
-0.3	3.99799	1
-0.3	-144.687	1
-0.3	-98.1361	1
-0.3	4.22522	1
-0.3	-137.772	1
-0.3	-36.1686	1
-0.3	8.55057	1
-0.3	148.824	1
-0.3	160.691	1
-0.3	63.6494	1
-0.3	-72.3988	1
-0.3	18.247	1
-0.3	-42.6739	1
-0.3	-51.6191	1
-0.3	-58.373	1
-0.3	76.4136	1
-0.3	59.7728	1
-0.3	8.08741	1
-0.3	18.7069	1
-0.3	-171.108	1
-0.3	142.499	1
-0.3	-10.7073	1
-0.3	138.07	1
-0.3	-101.117	1
-0.3	-106.486	1
-0.3	63.2603	1
-0.3	-104.116	1
-0.3	-94.3354	1
-0.3	-138.731	1
-0.3	-158.226	1
-0.3	-116.682	1
-0.3	63.3772	1
-0.3	-93.1343	1
-0.3	11.4082	1
-0.3	146.092	1
-0.3	-31.0277	1
-0.3	-88.053	1
-0.3	-103.488	1
-0.3	-0.00404286	1
-0.3	-1.7941	1
-0.3	79.8242	1
-0.3	44.8706	1
-0.3	-109.946	-0.065
-0.3	80.5262	-0.065
-0.3	-75.338	-0.065
-0.3	46.0561	-0.065
-0.3	-110.637	-0.065
-0.3	138.341	-0.065
-0.3	135.526	-0.065
-0.3	-94.377	-0.065
-0.3	75.3311	-0.065
-0.3	18.8254	-0.065
-0.3	155.535	-0.065
-0.3	-21.9369	-0.065
-0.3	14.0728	-0.065
-0.3	40.9432	-0.065
-0.3	169.327	-0.065
-0.3	37.835	-0.065
-0.3	1.31659	-0.065
-0.3	84.2978	-0.065
-0.3	-75.1746	-0.065
-0.3	-160.381	-0.065
-0.3	-34.0265	-0.065
-0.3	149.394	-0.065
-0.3	28.538	-0.065
-0.3	47.0548	-0.065
-0.3	147.739	-0.065
-0.3	71.2664	-0.065
-0.3	83.7729	-0.065
-0.3	96.9914	-0.065
-0.3	133.535	-0.065
-0.3	-128.286	-0.065
-0.3	-154.393	-0.065
-0.3	-72.8878	-0.065
-0.3	83.4562	-0.065
-0.3	-103.659	-0.065
-0.3	134.254	-0.065
-0.3	57.4679	-0.065
-0.3	-18.146	-0.065
-0.3	-1.13873	-0.065
-0.3	63.15	-0.065
-0.3	-105.085	-0.065
-0.3	-46.1703	-0.065
-0.3	63.5273	-0.065
-0.3	-168.878	-0.065
-0.3	6.23496	-0.065
-0.3	-52.973	-0.065
-0.3	64.7103	-0.065
-0.3	-122.4	-0.065
-0.3	-51.4627	-0.065
-0.3	-172.718	-0.065
-0.3	-163.71	-0.065
-0.3	-19.9168	-0.065
-0.3	-18.4022	-0.065
-0.3	-2.41483	-0.065
-0.3	-12.8376	-0.065
-0.3	169.91	-0.065
-0.3	-20.5958	-0.065
-0.3	-135.24	-0.065
-0.3	-91.2684	-0.065
-0.3	173.712	-0.065
-0.3	11.378	-0.065
-0.3	-152.728	-0.065
-0.3	48.3626	-0.065
-0.3	-89.9005	-0.065
-0.3	-67.2039	-0.065
-0.3	131.295	-0.065
-0.3	-92.8159	-0.065
-0.3	43.1896	-0.065
-0.3	109.971	-0.065
-0.3	145.918	-0.065
-0.3	-87.2891	-0.065
-0.3	-52.3352	-0.065
-0.3	13.0934	-0.065
-0.3	179.844	-0.065
-0.3	-90.0719	-0.065
-0.3	25.4823	-0.065
-0.3	161.039	-0.065
-0.3	-178.502	-0.065
-0.3	104.738	-0.065
-0.3	-154.508	-0.065
-0.3	-96.5842	-0.065
-0.3	-76.2253	-0.065
-0.3	-107.038	-0.065
-0.3	105.542	-0.065
-0.3	132.259	-0.065
-0.3	56.9386	-0.065
-0.3	62.2608	-0.065
-0.3	-79.1459	-0.065
-0.3	-17.5619	-0.065
-0.3	132.318	-0.065
-0.3	115.053	-0.065
-0.3	72.5572	-0.065
-0.3	0.634898	-0.065
-0.3	59.9696	-0.065
-0.3	31.7089	-0.065
-0.3	158.594	-0.065
-0.3	155.66	-0.065
-0.3	-143.224	-0.065
-0.3	0.63071	-0.065
-0.3	136.043	-0.065
-0.3	-145.861	-0.065
-0.3	31.4912	-0.065
-0.3	-165.845	-0.065
-0.3	-41.8912	-0.065
-0.3	-2.68186	-0.065
-0.3	84.6576	-0.065
-0.3	63.6003	-0.065
-0.3	136.379	-0.065
-0.3	-96.4297	-0.065
-0.3	-101.221	-0.065
-0.3	-92.5393	-0.065
-0.3	-25.2936	-0.065
-0.3	10.1507	-0.065
-0.3	-13.7086	-0.065
-0.3	-81.7646	-0.065
-0.3	-137.277	-0.065
-0.3	122.896	-0.065
-0.3	-9.88259	-0.065
-0.3	162.412	-0.065
-0.3	134.921	-0.065
-0.3	-50.6335	-0.065
-0.3	-1.71577	-0.065
-0.3	-19.9083	-0.065
-0.3	-154.261	-0.065
-0.3	147.792	-0.065
-0.3	54.093	-0.065
-0.3	75.8887	-0.065
-0.3	-128.583	-0.065
-0.3	-69.2048	-0.065
-0.3	-156.724	-0.065
-0.3	-146.168	-0.065
-0.3	-73.8456	-0.065
-0.3	31.8146	-0.065
-0.3	-50.2416	-0.065
-0.3	-8.17816	-0.065
-0.3	-5.46415	-0.065
-0.3	173.952	-0.065
-0.3	-154.679	-0.065
-0.3	16.7839	-0.065
-0.3	-60.8885	-0.065
-0.3	-34.4522	-0.065
-0.3	-167.928	-0.065
