pol.	phi	weight
0.3	112.796	1
0.3	-58.0408	1
0.3	158.057	1
0.3	33.0981	1
0.3	-8.46973	1
0.3	-74.1985	1
0.3	-46.7804	1
0.3	-160.984	1
0.3	133.45	1
0.3	62.3083	1
0.3	10.9691	1
0.3	-141.385	1
0.3	-173.384	1
0.3	-56.3568	1
0.3	17.7893	1
0.3	44.0888	1
0.3	84.1663	1
0.3	-135.194	1
0.3	-91.8385	1
0.3	-97.0891	1
0.3	-78.2804	1
0.3	28.3359	1
0.3	-16.7513	1
0.3	-118.419	1
0.3	29.0603	1
0.3	-173.176	1
0.3	83.0709	1
0.3	-4.15096	1
0.3	-79.0626	1
0.3	81.8492	1
0.3	68.8314	1
0.3	121.955	1
0.3	-105.439	1
0.3	-12.158	1
0.3	156.953	1
0.3	-123.358	1
0.3	170.611	1
0.3	124.7	1
0.3	152.106	1
0.3	156.735	1
0.3	142.464	1
0.3	-63.7413	1
0.3	-43.1118	1
0.3	128.581	1
0.3	178.279	1
0.3	35.3726	1
0.3	-151.466	1
0.3	30.8303	1
0.3	-25.0055	1
0.3	148.655	1
0.3	35.1553	1
0.3	151.53	1
0.3	-99.1083	1
0.3	58.2205	1
0.3	115.595	1
0.3	147.568	1
0.3	-118.939	1
0.3	-173.167	1
0.3	11.9008	1
0.3	171.483	1
0.3	-42.358	1
0.3	-88.7669	1
0.3	34.9839	1
0.3	-135.946	1
0.3	-141.361	1
0.3	154.56	1
0.3	-88.3332	1
0.3	71.1868	1
0.3	100.171	1
0.3	-77.9869	1
0.3	174.214	1
0.3	28.864	1
0.3	170.679	1
0.3	173.544	1
0.3	73.6967	1
0.3	-176.663	1
0.3	-32.0948	1
0.3	97.4523	1
0.3	-26.6774	1
0.3	68.4927	1
0.3	121.465	1
0.3	-56.6716	1
0.3	-93.3191	1
0.3	-120.912	1
0.3	-143.672	1
0.3	113.784	1
0.3	24.0014	1
0.3	-13.1403	1
0.3	8.03637	1
0.3	25.7979	1
0.3	28.2301	1
0.3	15.4661	1
0.3	-11.4716	1
0.3	-10.8139	1
0.3	166.48	1
0.3	-101.897	1
0.3	78.4084	1
0.3	-163.918	1
0.3	78.7836	1
0.3	88.7271	1
0.3	7.67741	1
0.3	-154.519	1
0.3	171.594	1
0.3	-17.5455	1
0.3	-43.3008	1
0.3	144.462	1
0.3	93.7041	1
0.3	52.6335	1
0.3	-93.5453	1
0.3	111.871	1
0.3	-159.208	1
0.3	-59.9032	1
0.3	164.337	1
0.3	-15.7791	1
0.3	41.1117	1
0.3	35.0721	1
0.3	-34.3389	1
0.3	-82.4312	1
0.3	95.2512	1
0.3	-7.7118	1
0.3	-159.919	1
0.3	-99.372	1
0.3	128.634	1
0.3	-97.4865	1
0.3	-129.366	1
0.3	-107.92	1
0.3	32.9449	1
0.3	-41.6467	1
0.3	-19.4865	1
0.3	-124.492	1
0.3	-51.0515	1
0.3	65.4095	1
0.3	-158.168	1
0.3	173.796	1
0.3	63.8369	1
0.3	-17.8027	1
0.3	-131.093	1
0.3	36.4127	1
0.3	-127.7	1
0.3	-32.9402	1
0.3	-2.15422	1
0.3	173.861	1
0.3	-100.546	1
0.3	97.1529	1
0.3	113.028	1
0.3	93.1863	1
0.3	83.5778	1
0.3	-179.859	1
0.3	104.064	1
0.3	-21.492	1
0.3	-99.3734	1
0.3	-166.825	1
0.3	103.835	1
0.3	144.308	1
0.3	-157.052	1
0.3	-72.0368	1
0.3	21.3417	1
0.3	84.0707	1
0.3	-81.4977	1
0.3	83.1953	1
0.3	113.449	1
0.3	-90.8402	1
0.3	-124.271	1
0.3	-48.8416	1
0.3	23.0997	1
0.3	20.0986	1
0.3	129.177	1
0.3	-116.757	1
0.3	-160.087	1
0.3	46.8951	1
0.3	-10.3857	1
0.3	-109.299	1
0.3	113.404	1
0.3	-63.6694	1
0.3	-99.3951	1
0.3	-133.644	1
0.3	162.751	1
0.3	-8.86674	1
0.3	53.8958	1
0.3	-36.5858	1
0.3	-171.217	1
0.3	-167.147	1
0.3	104.688	1
0.3	175.99	1
0.3	-35.1953	1
0.3	-109.014	1
0.3	56.7971	1
0.3	-23.2496	1
0.3	137.184	1
0.3	172.322	1
0.3	172.572	1
0.3	-2.18368	1
0.3	137.693	1
0.3	-126.532	1
0.3	44.2969	1
0.3	24.4285	1
0.3	48.6538	1
0.3	-176.793	1
0.3	-146.415	1
0.3	-128.577	1
0.3	-49.1783	-0.065
0.3	140.36	-0.065
0.3	-98.8076	-0.065
0.3	-144.799	-0.065
0.3	-23.6499	-0.065
0.3	-0.333666	-0.065
0.3	-132.61	-0.065
0.3	-172.734	-0.065
0.3	17.6494	-0.065
0.3	-6.80146	-0.065
0.3	50.3504	-0.065
0.3	2.16324	-0.065
0.3	74.8384	-0.065
0.3	119.019	-0.065
0.3	-165.669	-0.065
0.3	-147.02	-0.065
0.3	-164.963	-0.065
0.3	-0.348557	-0.065
0.3	175.567	-0.065
0.3	2.75994	-0.065
0.3	25.9812	-0.065
0.3	42.9614	-0.065
0.3	-114.303	-0.065
0.3	130.103	-0.065
0.3	-0.292098	-0.065
0.3	44.2728	-0.065
0.3	-6.0801	-0.065
0.3	-68.4595	-0.065
0.3	83.0833	-0.065
0.3	-9.22224	-0.065
0.3	82.9783	-0.065
0.3	-137.488	-0.065
0.3	151.547	-0.065
0.3	66.6644	-0.065
0.3	25.7716	-0.065
0.3	-148.978	-0.065
0.3	59.3843	-0.065
0.3	71.298	-0.065
0.3	175.528	-0.065
0.3	-32.4743	-0.065
0.3	-52.0103	-0.065
0.3	150.974	-0.065
0.3	29.2738	-0.065
0.3	73.6349	-0.065
0.3	-13.9128	-0.065
0.3	9.23303	-0.065
0.3	128.395	-0.065
0.3	-52.8229	-0.065
0.3	-3.58201	-0.065
0.3	-85.8771	-0.065
0.3	52.2943	-0.065
0.3	133.294	-0.065
0.3	83.2999	-0.065
0.3	-179.774	-0.065
0.3	20.8092	-0.065
0.3	151.014	-0.065
0.3	-92.5398	-0.065
0.3	-46.5349	-0.065
0.3	-173.679	-0.065
0.3	27.0548	-0.065
0.3	-168.493	-0.065
0.3	-166.28	-0.065
0.3	-136.724	-0.065
0.3	-93.9754	-0.065
0.3	-138.343	-0.065
0.3	-24.0227	-0.065
0.3	-80.7096	-0.065
0.3	40.0871	-0.065
0.3	56.9838	-0.065
0.3	57.6624	-0.065
0.3	39.09	-0.065
0.3	-37.931	-0.065
0.3	35.9302	-0.065
0.3	28.3253	-0.065
0.3	-115.243	-0.065
0.3	61.5301	-0.065
0.3	-1.12727	-0.065
0.3	-151.234	-0.065
0.3	-162.359	-0.065
0.3	0.281667	-0.065
0.3	26.6304	-0.065
0.3	-48.6617	-0.065
0.3	-149.782	-0.065
0.3	-107.144	-0.065
0.3	29.8259	-0.065
0.3	-152.397	-0.065
0.3	119.564	-0.065
0.3	178.075	-0.065
0.3	-46.5655	-0.065
0.3	-46.0754	-0.065
0.3	-161.277	-0.065
0.3	-109.382	-0.065
0.3	-10.0506	-0.065
0.3	0.355821	-0.065
0.3	24.5957	-0.065
0.3	125.874	-0.065
0.3	-16.9328	-0.065
0.3	-115.44	-0.065
0.3	93.0576	-0.065
0.3	118.491	-0.065
0.3	-161.899	-0.065
0.3	-94.1171	-0.065
0.3	-125.128	-0.065
0.3	6.15255	-0.065
0.3	-76.1621	-0.065
0.3	-172.974	-0.065
0.3	-166.114	-0.065
0.3	8.2927	-0.065
0.3	-88.9382	-0.065
0.3	159.357	-0.065
0.3	-136.44	-0.065
0.3	-145.346	-0.065
0.3	-89.7865	-0.065
0.3	29.1752	-0.065
0.3	75.6571	-0.065
0.3	-107.759	-0.065
0.3	30.7486	-0.065
0.3	-18.3974	-0.065
0.3	-41.7829	-0.065
0.3	-17.469	-0.065
0.3	-137.858	-0.065
0.3	-1.26891	-0.065
0.3	134.736	-0.065
0.3	15.843	-0.065
0.3	-68.3651	-0.065
0.3	-127.71	-0.065
0.3	-148.903	-0.065
0.3	-128.367	-0.065
0.3	99.2314	-0.065
0.3	32.2019	-0.065
0.3	-75.1812	-0.065
0.3	-41.8862	-0.065
0.3	-51.913	-0.065
0.3	-80.7029	-0.065
0.3	38.9792	-0.065
0.3	-15.3682	-0.065
0.3	47.1016	-0.065
0.3	102.413	-0.065
0.3	-17.1163	-0.065
0.3	110.065	-0.065
0.3	-118.825	-0.065
0.3	-51.8166	-0.065
0.3	-115.822	-0.065
0.3	-165.176	-0.065
0.3	-130.751	-0.065
0.3	43.6356	-0.065
0.3	106.846	-0.065
0.3	-5.07568	-0.065
0.3	-136.768	-0.065
0.3	-116.14	-0.065
0.3	94.8057	-0.065
0.3	-99.8698	-0.065
0.3	-96.74	-0.065
0.3	48.0999	-0.065
-0.3	141.325	1
-0.3	179.924	1
-0.3	7.1687	1
-0.3	96.5505	1
-0.3	-177.452	1
-0.3	18.4854	1
-0.3	42.349	1
-0.3	24.54	1
-0.3	96.6264	1
-0.3	-163.386	1
-0.3	-18.5023	1
-0.3	-117.611	1
-0.3	20.3367	1
-0.3	-116.692	1
-0.3	76.0109	1
-0.3	146.498	1
-0.3	-119.457	1
-0.3	133.038	1
-0.3	-6.41487	1
-0.3	10.1421	1
-0.3	93.8833	1
-0.3	61.0324	1
-0.3	-34.4145	1
-0.3	-132.18	1
-0.3	39.7913	1
-0.3	-93.4312	1
-0.3	133.468	1
-0.3	39.4186	1
-0.3	48.7997	1
-0.3	-30.1866	1
-0.3	156.917	1
-0.3	167.04	1
-0.3	-23.3978	1
-0.3	93.3012	1
-0.3	-145.188	1
-0.3	-3.12404	1
-0.3	51.5132	1
-0.3	-117.24	1
-0.3	-14.1395	1
-0.3	10.8247	1
-0.3	83.1581	1
-0.3	147.882	1
-0.3	82.6486	1
-0.3	75.831	1
-0.3	-8.11269	1
-0.3	-118.114	1
-0.3	-122.724	1
-0.3	-25.0611	1
-0.3	-79.6605	1
-0.3	-57.638	1
-0.3	-8.57757	1
-0.3	45.6543	1
-0.3	75.367	1
-0.3	109.583	1
-0.3	92.1054	1
-0.3	111.842	1
-0.3	2.58706	1
-0.3	21.9374	1
-0.3	-153.572	1
-0.3	46.6705	1
-0.3	-84.0855	1
-0.3	-68.2595	1
-0.3	-96.6381	1
-0.3	16.4496	1
-0.3	-92.6376	1
-0.3	160.262	1
-0.3	-85.4783	1
-0.3	14.1288	1
-0.3	-39.1233	1
-0.3	-144.775	1
-0.3	48.0084	1
-0.3	-67.443	1
-0.3	-150.365	1
-0.3	111.564	1
-0.3	47.3763	1
-0.3	-179.443	1
-0.3	-114.419	1
-0.3	-8.51997	1
-0.3	169.505	1
-0.3	144.284	1
-0.3	26	1
-0.3	-166.225	1
-0.3	96.9781	1
-0.3	99.3206	1
-0.3	136.708	1
-0.3	84.4411	1
-0.3	-31.7798	1
-0.3	34.0308	1
-0.3	-138.327	1
-0.3	39.7762	1
-0.3	9.37087	1
-0.3	-37.8811	1
-0.3	-2.69901	1
-0.3	-21.3572	1
-0.3	104.11	1
-0.3	-126.394	1
-0.3	-13.1136	1
-0.3	155.831	1
-0.3	-177.827	1
-0.3	141.992	1
-0.3	-45.7505	1
-0.3	-121.363	1
-0.3	-98.3756	1
-0.3	-39.9485	1
-0.3	-44.3815	1
-0.3	-63.6929	1
-0.3	-74.014	1
-0.3	58.6717	1
-0.3	-87.9656	1
-0.3	-75.7383	1
-0.3	36.0045	1
-0.3	-107.991	1
-0.3	-117.318	1
-0.3	155.318	1
-0.3	-32.0196	1
-0.3	28.5617	1
-0.3	36.8972	1
-0.3	35.1192	1
-0.3	55.0856	1
-0.3	29.6749	1
-0.3	62.089	1
-0.3	-13.8161	1
-0.3	-174.441	1
-0.3	-142.607	1
-0.3	-158.629	1
-0.3	-159.591	1
-0.3	51.8508	1
-0.3	149.719	1
-0.3	156.026	1
-0.3	100.607	1
-0.3	-108.802	1
-0.3	-140.105	1
-0.3	-89.9232	1
-0.3	123.12	1
-0.3	-4.73529	1
-0.3	-4.76453	1
-0.3	113.805	1
-0.3	10.8121	1
-0.3	-67.8258	1
-0.3	129.691	1
-0.3	-84.8325	1
-0.3	147.416	1
-0.3	16.1099	1
-0.3	46.7504	1
-0.3	35.6404	1
-0.3	36.0525	1
-0.3	60.3115	1
-0.3	-52.2463	1
-0.3	6.3821	1
-0.3	-23.9236	1
-0.3	-119.451	1
-0.3	79.5877	1
-0.3	111.693	1
-0.3	-166.386	1
-0.3	-135.598	1
-0.3	-8.17865	1
-0.3	60.8935	1
-0.3	-169.119	1
-0.3	-5.64993	1
-0.3	14.9066	1
-0.3	22.1209	1
-0.3	-29.2278	1
-0.3	16.0953	1
-0.3	90.3346	1
-0.3	-58.7114	1
-0.3	-115.191	1
-0.3	157.606	1
-0.3	85.3871	1
-0.3	119.434	1
-0.3	-145.851	1
-0.3	-124.628	1
-0.3	153.902	1
-0.3	57.8525	1
-0.3	51.5595	1
-0.3	-31.1294	1
-0.3	-102.748	1
-0.3	-26.9967	1
-0.3	154.29	1
-0.3	11.9085	1
-0.3	-20.4678	1
-0.3	117.179	1
-0.3	86.5216	1
-0.3	-39.6597	1
-0.3	-24.3028	1
-0.3	-101.612	1
-0.3	-46.5194	1
-0.3	7.67118	1
-0.3	-63.9	1
-0.3	54.0516	1
-0.3	72.8277	1
-0.3	-36.2844	1
-0.3	-122.992	1
-0.3	69.3886	1
-0.3	-166.668	1
-0.3	93.0932	1
-0.3	167.152	1
-0.3	-3.92594	1
-0.3	18.6621	1
-0.3	-26.9553	1
-0.3	-35.1361	1
-0.3	-155.687	1
-0.3	33.8734	1
-0.3	-109.806	1
-0.3	-160.545	1
-0.3	143.28	1
-0.3	-115.763	1
-0.3	55.2197	1
-0.3	-34.3424	1
-0.3	-45.62	1
-0.3	27.8239	1
-0.3	-4.6008	1
-0.3	30.4647	1
-0.3	72.76	1
-0.3	-109.516	1
-0.3	-156.89	1
-0.3	-36.9363	-0.065
-0.3	-50.0932	-0.065
-0.3	41.2646	-0.065
-0.3	83.4719	-0.065
-0.3	-35.3112	-0.065
-0.3	114.224	-0.065
-0.3	113.732	-0.065
-0.3	62.0611	-0.065
-0.3	105.629	-0.065
-0.3	132.505	-0.065
-0.3	133.437	-0.065
-0.3	105.087	-0.065
-0.3	166.043	-0.065
-0.3	17.9852	-0.065
-0.3	-110.701	-0.065
-0.3	69.3158	-0.065
-0.3	-103.922	-0.065
-0.3	-117.67	-0.065
-0.3	-43.4904	-0.065
-0.3	-21.2698	-0.065
-0.3	145.225	-0.065
-0.3	-7.87149	-0.065
-0.3	125.386	-0.065
-0.3	114.982	-0.065
-0.3	113.505	-0.065
-0.3	-169.879	-0.065
-0.3	-68.3371	-0.065
-0.3	-144.447	-0.065
-0.3	152.615	-0.065
-0.3	-49.2956	-0.065
-0.3	20.6716	-0.065
-0.3	-27.5862	-0.065
-0.3	-48.6077	-0.065
-0.3	-66.1847	-0.065
-0.3	148.912	-0.065
-0.3	-85.9112	-0.065
-0.3	-155.581	-0.065
-0.3	-99.6241	-0.065
-0.3	-94.5756	-0.065
-0.3	163.439	-0.065
-0.3	34.6256	-0.065
-0.3	-17.9913	-0.065
-0.3	115.839	-0.065
-0.3	3.97108	-0.065
-0.3	-144.518	-0.065
-0.3	-17.0989	-0.065
-0.3	14.2523	-0.065
-0.3	-118.713	-0.065
-0.3	168.877	-0.065
-0.3	12.7973	-0.065
-0.3	-44.8925	-0.065
-0.3	125.853	-0.065
-0.3	-46.7847	-0.065
-0.3	60.7063	-0.065
-0.3	134.686	-0.065
-0.3	-9.91518	-0.065
-0.3	-119.421	-0.065
-0.3	56.3378	-0.065
-0.3	5.81723	-0.065
-0.3	-18.5032	-0.065
-0.3	-117.892	-0.065
-0.3	-32.0886	-0.065
-0.3	-117.028	-0.065
-0.3	58.4395	-0.065
-0.3	-81.8076	-0.065
-0.3	151.574	-0.065
-0.3	-40.6473	-0.065
-0.3	63.3005	-0.065
-0.3	157.799	-0.065
-0.3	128.954	-0.065
-0.3	-133.089	-0.065
-0.3	-11.5143	-0.065
-0.3	-20.2892	-0.065
-0.3	-69.9277	-0.065
-0.3	-48.4036	-0.065
-0.3	-51.6226	-0.065
-0.3	124.536	-0.065
-0.3	116.613	-0.065
-0.3	124.966	-0.065
-0.3	-41.9446	-0.065
-0.3	-66.7763	-0.065
-0.3	58.8604	-0.065
-0.3	123.352	-0.065
-0.3	145.334	-0.065
-0.3	-98.0327	-0.065
-0.3	74.9063	-0.065
-0.3	132.264	-0.065
-0.3	114.462	-0.065
-0.3	132.623	-0.065
-0.3	-50.8514	-0.065
-0.3	175.218	-0.065
-0.3	118.868	-0.065
-0.3	34.4051	-0.065
-0.3	-18.2095	-0.065
-0.3	-172.29	-0.065
-0.3	-154.026	-0.065
-0.3	-66.1981	-0.065
-0.3	-16.3468	-0.065
-0.3	-16.4805	-0.065
-0.3	23.0011	-0.065
-0.3	-128.891	-0.065
-0.3	-79.4747	-0.065
-0.3	61.7034	-0.065
-0.3	152.487	-0.065
-0.3	-121.219	-0.065
-0.3	-163.419	-0.065
-0.3	71.4248	-0.065
-0.3	-84.3317	-0.065
-0.3	145.598	-0.065
-0.3	-138.319	-0.065
-0.3	109.737	-0.065
-0.3	-122.73	-0.065
-0.3	136.824	-0.065
-0.3	-27.6294	-0.065
-0.3	-72.5867	-0.065
-0.3	-40.6045	-0.065
-0.3	-177.783	-0.065
-0.3	-125.956	-0.065
-0.3	117.304	-0.065
-0.3	119.02	-0.065
-0.3	170.986	-0.065
-0.3	-46.3714	-0.065
-0.3	-121.792	-0.065
-0.3	-56.8764	-0.065
-0.3	52.746	-0.065
-0.3	159.771	-0.065
-0.3	-124.922	-0.065
-0.3	-153.363	-0.065
-0.3	-125.392	-0.065
-0.3	-98.3378	-0.065
-0.3	-160.497	-0.065
-0.3	-108.174	-0.065
-0.3	-28.7168	-0.065
-0.3	138.53	-0.065
-0.3	120.005	-0.065
-0.3	91.1703	-0.065
-0.3	57.0707	-0.065
-0.3	-168.747	-0.065
-0.3	-93.3122	-0.065
-0.3	-46.4779	-0.065
-0.3	-60.712	-0.065
-0.3	-61.0978	-0.065
-0.3	121.261	-0.065
-0.3	-6.03281	-0.065
-0.3	-121.504	-0.065
-0.3	-18.1281	-0.065
-0.3	85.6516	-0.065
-0.3	-157.986	-0.065
-0.3	-55.4017	-0.065
-0.3	-159.214	-0.065
-0.3	-112.625	-0.065
-0.3	-111.232	-0.065
-0.3	125.755	-0.065
-0.3	138.033	-0.065
-0.3	-179.493	-0.065
-0.3	144.436	-0.065
-0.3	-32.5622	-0.065
-0.3	-158.668	-0.065
-0.3	-175.573	-0.065
-0.3	-1.08596	-0.065
-0.3	-161.656	-0.065
-0.3	-98.5506	-0.065
-0.3	-162.701	-0.065
-0.3	-12.4759	-0.065
-0.3	88.5346	-0.065
-0.3	153.577	-0.065
