pol.	phi	weight
0.3	25.5949	1
0.3	154.563	1
0.3	162.222	1
0.3	165.98	1
0.3	126.932	1
0.3	-83.7271	1
0.3	-43.8832	1
0.3	-78.3702	1
0.3	172.78	1
0.3	-22.4218	1
0.3	-16.6669	1
0.3	77.1315	1
0.3	-80.32	1
0.3	-27.3563	1
0.3	165.867	1
0.3	-178.481	1
0.3	-130.654	1
0.3	-11.3693	1
0.3	-17.2178	1
0.3	110.022	1
0.3	-89.0184	1
0.3	161.186	1
0.3	21.4408	1
0.3	46.8983	1
0.3	80.4513	1
0.3	-41.0584	1
0.3	-58.5653	1
0.3	-37.941	1
0.3	111.798	1
0.3	-81.9827	1
0.3	-51.3658	1
0.3	-68.343	1
0.3	81.0371	1
0.3	-25.3374	1
0.3	152.344	1
0.3	-89.6561	1
0.3	-16.6261	1
0.3	-153.904	1
0.3	-55.6022	1
0.3	138.962	1
0.3	83.6832	1
0.3	61.6177	1
0.3	111.372	1
0.3	-111.495	1
0.3	-160.182	1
0.3	-15.8597	1
0.3	-58.2432	1
0.3	129.357	1
0.3	-55.2758	1
0.3	-150.41	1
0.3	107.717	1
0.3	-82.1503	1
0.3	-5.41191	1
0.3	145.139	1
0.3	86.4644	1
0.3	-35.9884	1
0.3	-145.383	1
0.3	117.778	1
0.3	55.5602	1
0.3	-96.5806	1
0.3	83.4625	1
0.3	-91.5913	1
0.3	25.3722	1
0.3	67.1579	1
0.3	-85.4628	1
0.3	80.5962	1
0.3	-99.3798	1
0.3	-71.6238	1
0.3	-150.255	1
0.3	121.633	1
0.3	-67.9134	1
0.3	-1.45626	1
0.3	121.742	1
0.3	-169.187	1
0.3	93.2726	1
0.3	62.6865	1
0.3	74.2098	1
0.3	-99.6351	1
0.3	51.6136	1
0.3	112.822	1
0.3	94.3564	1
0.3	-43.8313	1
0.3	112.608	1
0.3	79.3834	1
0.3	100.706	1
0.3	124.942	1
0.3	-179.549	1
0.3	54.6299	1
0.3	-168.727	1
0.3	0.987932	1
0.3	105.188	1
0.3	178.693	1
0.3	137.017	1
0.3	52.3937	1
0.3	-33.2337	1
0.3	71.253	1
0.3	-95.3208	1
0.3	21.1108	1
0.3	138.939	1
0.3	111.169	1
0.3	40.5997	1
0.3	141.943	1
0.3	65.9493	1
0.3	-95.6482	1
0.3	83.0492	1
0.3	-66.0103	1
0.3	33.9891	1
0.3	-144.886	1
0.3	118.702	1
0.3	10.8248	1
0.3	-100.809	1
0.3	-92.2127	1
0.3	136.043	1
0.3	27.3523	1
0.3	167.84	1
0.3	56.9897	1
0.3	38.1497	1
0.3	-17.7157	1
0.3	130.73	1
0.3	93.5381	1
0.3	-5.78841	1
0.3	48.2779	1
0.3	144.06	1
0.3	-133.06	1
0.3	148.855	1
0.3	-51.4632	1
0.3	136.882	1
0.3	7.35635	1
0.3	169.764	1
0.3	74.6977	1
0.3	-72.9175	1
0.3	-104.308	1
0.3	147.787	1
0.3	-128.096	1
0.3	-11.1446	1
0.3	-18.1244	1
0.3	-132.137	1
0.3	-50.5977	1
0.3	-57.7605	1
0.3	131.803	1
0.3	4.01524	1
0.3	-91.387	1
0.3	-176.571	1
0.3	-164.323	1
0.3	115.564	1
0.3	37.2208	1
0.3	70.5794	1
0.3	65.1164	1
0.3	14.737	1
0.3	-119.797	1
0.3	22.4978	1
0.3	-132.882	1
0.3	-129.34	1
0.3	90.5112	1
0.3	67.388	1
0.3	-48.1819	1
0.3	-67.9673	1
0.3	-148.94	1
0.3	34.0331	1
0.3	168.274	1
0.3	56.748	1
0.3	-119.939	1
0.3	-127.57	1
0.3	27.376	1
0.3	11.9193	1
0.3	8.84453	1
0.3	-46.8297	1
0.3	138.817	1
0.3	-106.491	1
0.3	53.7752	1
0.3	-166.291	1
0.3	-138.091	1
0.3	-130.036	1
0.3	-46.1889	1
0.3	76.841	1
0.3	29.8637	1
0.3	60.2071	1
0.3	147.072	1
0.3	143.171	1
0.3	-102.737	1
0.3	76.4735	1
0.3	-82.5866	1
0.3	-23.8818	1
0.3	-179.113	1
0.3	20.1236	1
0.3	-93.7613	1
0.3	-179.097	-0.065
0.3	-46.1303	-0.065
0.3	72.3622	-0.065
0.3	65.9454	-0.065
0.3	13.206	-0.065
0.3	-163.692	-0.065
0.3	130.15	-0.065
0.3	-158.354	-0.065
0.3	-97.3313	-0.065
0.3	-105.384	-0.065
0.3	167.947	-0.065
0.3	75.2744	-0.065
0.3	-161.205	-0.065
0.3	162.655	-0.065
0.3	-174.777	-0.065
0.3	-97.0309	-0.065
0.3	147.824	-0.065
0.3	-87.0409	-0.065
0.3	32.3161	-0.065
0.3	-113.22	-0.065
0.3	-82.5315	-0.065
0.3	108.762	-0.065
0.3	81.0457	-0.065
0.3	-68.2141	-0.065
0.3	-135.6	-0.065
0.3	88.6175	-0.065
0.3	72.8868	-0.065
0.3	29.8588	-0.065
0.3	-50.0531	-0.065
0.3	15.0422	-0.065
0.3	140.341	-0.065
0.3	-123.442	-0.065
0.3	-14.6968	-0.065
0.3	7.79691	-0.065
0.3	24.5931	-0.065
0.3	-52.1001	-0.065
0.3	-74.5157	-0.065
0.3	144.601	-0.065
0.3	121.77	-0.065
0.3	35.2482	-0.065
0.3	-131.146	-0.065
0.3	97.0936	-0.065
0.3	-18.3846	-0.065
0.3	78.0902	-0.065
0.3	-163.224	-0.065
0.3	-114.029	-0.065
0.3	-38.7382	-0.065
0.3	170.061	-0.065
0.3	119.674	-0.065
0.3	146.237	-0.065
0.3	7.67475	-0.065
0.3	-151.973	-0.065
0.3	139.597	-0.065
0.3	109.951	-0.065
0.3	172.234	-0.065
0.3	152.441	-0.065
0.3	-6.77538	-0.065
0.3	-21.7617	-0.065
0.3	-151.882	-0.065
0.3	-40.6673	-0.065
0.3	-134.904	-0.065
0.3	86.7468	-0.065
0.3	67.3302	-0.065
0.3	35.7271	-0.065
0.3	125.634	-0.065
0.3	-159.376	-0.065
0.3	-8.04228	-0.065
0.3	24.3731	-0.065
0.3	-166.625	-0.065
0.3	-138.044	-0.065
0.3	109.837	-0.065
0.3	-155.543	-0.065
0.3	-77.2709	-0.065
0.3	-22.9018	-0.065
0.3	-69.7659	-0.065
0.3	138.921	-0.065
0.3	-70.0275	-0.065
0.3	-4.93976	-0.065
0.3	175.157	-0.065
0.3	107.474	-0.065
0.3	172.098	-0.065
0.3	-83.6215	-0.065
0.3	-57.3681	-0.065
0.3	-134.326	-0.065
0.3	6.47505	-0.065
0.3	-0.515573	-0.065
0.3	-153.88	-0.065
0.3	-176.205	-0.065
0.3	14.7054	-0.065
0.3	-130.201	-0.065
0.3	-93.7026	-0.065
0.3	46.1514	-0.065
0.3	-148.45	-0.065
0.3	98.0912	-0.065
0.3	-177.312	-0.065
0.3	127.853	-0.065
0.3	-51.7986	-0.065
0.3	75.0071	-0.065
0.3	-62.0037	-0.065
0.3	162.082	-0.065
0.3	-117.86	-0.065
0.3	174.011	-0.065
0.3	169.202	-0.065
0.3	149.822	-0.065
0.3	54.3335	-0.065
0.3	107.324	-0.065
0.3	14.365	-0.065
0.3	137.514	-0.065
0.3	-3.87971	-0.065
0.3	-139.143	-0.065
0.3	79.1756	-0.065
0.3	-83.0818	-0.065
0.3	119.055	-0.065
0.3	-38.9914	-0.065
0.3	-39.2574	-0.065
0.3	-146.551	-0.065
0.3	-144.734	-0.065
0.3	-5.17183	-0.065
0.3	135.75	-0.065
0.3	-147.556	-0.065
0.3	-87.398	-0.065
0.3	-101.359	-0.065
0.3	59.3897	-0.065
0.3	36.7076	-0.065
0.3	-134.233	-0.065
0.3	56.3775	-0.065
0.3	76.7616	-0.065
0.3	-62.4937	-0.065
0.3	74.397	-0.065
0.3	-85.7925	-0.065
0.3	-136.628	-0.065
0.3	-153.152	-0.065
0.3	-127.49	-0.065
0.3	-164.664	-0.065
0.3	100.609	-0.065
0.3	98.9742	-0.065
0.3	-16.0576	-0.065
0.3	10.5114	-0.065
0.3	104.543	-0.065
0.3	33.7972	-0.065
0.3	82.2406	-0.065
0.3	91.3666	-0.065
0.3	-87.7564	-0.065
-0.3	-165.366	1
-0.3	-92.8207	1
-0.3	56.8432	1
-0.3	1.36139	1
-0.3	75.4747	1
-0.3	112.601	1
-0.3	133.096	1
-0.3	168.833	1
-0.3	-5.73753	1
-0.3	-157.719	1
-0.3	121.841	1
-0.3	54.5308	1
-0.3	-3.75923	1
-0.3	46.4978	1
-0.3	-86.2993	1
-0.3	-51.2439	1
-0.3	97.2802	1
-0.3	57.4857	1
-0.3	166.275	1
-0.3	60.9663	1
-0.3	55.8768	1
-0.3	62.6893	1
-0.3	169.166	1
-0.3	-54.4563	1
-0.3	101.506	1
-0.3	-35.3216	1
-0.3	136.812	1
-0.3	5.91995	1
-0.3	137.294	1
-0.3	4.94503	1
-0.3	95.1864	1
-0.3	158.464	1
-0.3	99.4151	1
-0.3	-136.119	1
-0.3	100.1	1
-0.3	-119.391	1
-0.3	-88.0235	1
-0.3	143.163	1
-0.3	-151.493	1
-0.3	165.762	1
-0.3	152.839	1
-0.3	86.5415	1
-0.3	-176.261	1
-0.3	144.79	1
-0.3	162.082	1
-0.3	-79.6409	1
-0.3	-59.6081	1
-0.3	88.0337	1
-0.3	-41.5629	1
-0.3	123.515	1
-0.3	-46.0595	1
-0.3	-143.995	1
-0.3	-6.38896	1
-0.3	-85.9432	1
-0.3	97.8413	1
-0.3	12.0776	1
-0.3	-99.1795	1
-0.3	-150.955	1
-0.3	-9.27697	1
-0.3	-177.967	1
-0.3	38.6627	1
-0.3	-86.8304	1
-0.3	159.414	1
-0.3	-115.648	1
-0.3	-67.2313	1
-0.3	-25.5283	1
-0.3	-30.0723	1
-0.3	15.6943	1
-0.3	127.861	1
-0.3	154.368	1
-0.3	79.5866	1
-0.3	81.4981	1
-0.3	-117.787	1
-0.3	23.1741	1
-0.3	-129.567	1
-0.3	-121.209	1
-0.3	-74.5537	1
-0.3	-48.9935	1
-0.3	-21.8994	1
-0.3	142.198	1
-0.3	-118.769	1
-0.3	40.4902	1
-0.3	-57.91	1
-0.3	-3.66797	1
-0.3	104.36	1
-0.3	99.9785	1
-0.3	-158.262	1
-0.3	157.132	1
-0.3	105.139	1
-0.3	139.647	1
-0.3	-36.4262	1
-0.3	-89.7598	1
-0.3	33.4569	1
-0.3	-43.6889	1
-0.3	150.155	1
-0.3	66.4772	1
-0.3	-134.501	1
-0.3	-70.0302	1
-0.3	173.431	1
-0.3	-135.002	1
-0.3	58.5867	1
-0.3	18.312	1
-0.3	-32.27	1
-0.3	-6.84272	1
-0.3	14.2303	1
-0.3	-149.648	1
-0.3	-143.96	1
-0.3	-1.11197	1
-0.3	-21.7882	1
-0.3	-46.72	1
-0.3	-127.819	1
-0.3	173.662	1
-0.3	-3.59063	1
-0.3	170.449	1
-0.3	-30.1784	1
-0.3	50.9708	1
-0.3	42.3862	1
-0.3	76.2053	1
-0.3	-7.37821	1
-0.3	-103.843	1
-0.3	82.956	1
-0.3	-174.437	1
-0.3	25.7074	1
-0.3	129.819	1
-0.3	25.0472	1
-0.3	-155.655	1
-0.3	145.129	1
-0.3	104.894	1
-0.3	-97.0513	1
-0.3	79.4151	1
-0.3	82.7884	1
-0.3	-93.6535	1
-0.3	98.9425	1
-0.3	6.37999	1
-0.3	-137.381	1
-0.3	-135.703	1
-0.3	-73.6603	1
-0.3	29.0947	1
-0.3	40.379	1
-0.3	41.7007	1
-0.3	-94.1447	1
-0.3	149.562	1
-0.3	107.51	1
-0.3	85.9386	1
-0.3	84.1981	1
-0.3	27.7033	1
-0.3	-76.2444	1
-0.3	-44.7316	1
-0.3	-72.1074	1
-0.3	29.7043	1
-0.3	-165.751	1
-0.3	169.098	1
-0.3	-12.9062	1
-0.3	149.279	1
-0.3	108.485	1
-0.3	137.266	1
-0.3	115.948	1
-0.3	175.038	1
-0.3	163.916	1
-0.3	-104.583	1
-0.3	-88.6242	1
-0.3	-71.1336	1
-0.3	124.524	1
-0.3	-43.6636	1
-0.3	156.186	1
-0.3	53.2365	1
-0.3	101.501	1
-0.3	-100.393	1
-0.3	145.235	1
-0.3	-0.991872	1
-0.3	83.3379	1
-0.3	17.3448	1
-0.3	15.7202	1
-0.3	-139.911	1
-0.3	-173.284	1
-0.3	111.655	1
-0.3	-124.68	1
-0.3	7.64625	1
-0.3	-13.9051	1
-0.3	-99.8731	1
-0.3	137.115	1
-0.3	-165.026	1
-0.3	37.1766	-0.065
-0.3	-174.837	-0.065
-0.3	-5.27772	-0.065
-0.3	25.4124	-0.065
-0.3	151.581	-0.065
-0.3	84.8405	-0.065
-0.3	-109.429	-0.065
-0.3	-53.5174	-0.065
-0.3	116.101	-0.065
-0.3	108.268	-0.065
-0.3	-2.56902	-0.065
-0.3	-106.773	-0.065
-0.3	-53.8707	-0.065
-0.3	170.346	-0.065
-0.3	-167.376	-0.065
-0.3	72.6987	-0.065
-0.3	68.9702	-0.065
-0.3	167.879	-0.065
-0.3	171.638	-0.065
-0.3	46.374	-0.065
-0.3	6.74232	-0.065
-0.3	-15.7998	-0.065
-0.3	106.275	-0.065
-0.3	102.192	-0.065
-0.3	-87.2493	-0.065
-0.3	-165.796	-0.065
-0.3	-140.331	-0.065
-0.3	56.401	-0.065
-0.3	144.65	-0.065
-0.3	-71.127	-0.065
-0.3	71.8695	-0.065
-0.3	109.075	-0.065
-0.3	-57.0402	-0.065
-0.3	-49.8987	-0.065
-0.3	-62.6895	-0.065
-0.3	145.899	-0.065
-0.3	-61.222	-0.065
-0.3	-78.2029	-0.065
-0.3	-102.566	-0.065
-0.3	-4.61552	-0.065
-0.3	171.599	-0.065
-0.3	165.583	-0.065
-0.3	-52.116	-0.065
-0.3	4.18054	-0.065
-0.3	82.4967	-0.065
-0.3	-108.438	-0.065
-0.3	-19.4359	-0.065
-0.3	-79.6682	-0.065
-0.3	-46.4698	-0.065
-0.3	81.7764	-0.065
-0.3	72.9751	-0.065
-0.3	-21.5778	-0.065
-0.3	159.461	-0.065
-0.3	164.203	-0.065
-0.3	-21.0449	-0.065
-0.3	124.46	-0.065
-0.3	-46.1857	-0.065
-0.3	116.739	-0.065
-0.3	-81.0266	-0.065
-0.3	-38.9235	-0.065
-0.3	159.325	-0.065
-0.3	90.9979	-0.065
-0.3	96.4228	-0.065
-0.3	-33.5035	-0.065
-0.3	126.96	-0.065
-0.3	-119.857	-0.065
-0.3	-91.0205	-0.065
-0.3	153.865	-0.065
-0.3	-96.6828	-0.065
-0.3	43.6749	-0.065
-0.3	-119.856	-0.065
-0.3	40.4436	-0.065
-0.3	62.2234	-0.065
-0.3	90.3737	-0.065
-0.3	-143.136	-0.065
-0.3	26.7901	-0.065
-0.3	84.9262	-0.065
-0.3	140.574	-0.065
-0.3	174.296	-0.065
-0.3	165.033	-0.065
-0.3	143.458	-0.065
-0.3	-45.9071	-0.065
-0.3	-158.517	-0.065
-0.3	86.8355	-0.065
-0.3	79.2462	-0.065
-0.3	112.775	-0.065
-0.3	104.586	-0.065
-0.3	156.866	-0.065
-0.3	17.8774	-0.065
-0.3	-120.895	-0.065
-0.3	82.0023	-0.065
-0.3	-107.458	-0.065
-0.3	17.184	-0.065
-0.3	-71.7251	-0.065
-0.3	-28.3319	-0.065
-0.3	-19.2581	-0.065
-0.3	-7.2708	-0.065
-0.3	84.7903	-0.065
-0.3	-44.5654	-0.065
-0.3	-62.9233	-0.065
-0.3	-166.334	-0.065
-0.3	-22.2953	-0.065
-0.3	62.9711	-0.065
-0.3	157.067	-0.065
-0.3	-44.7509	-0.065
-0.3	20.0835	-0.065
-0.3	160.269	-0.065
-0.3	-164.679	-0.065
-0.3	159.282	-0.065
-0.3	-82.0698	-0.065
-0.3	123.664	-0.065
-0.3	-112.589	-0.065
-0.3	-62.3612	-0.065
-0.3	168.349	-0.065
-0.3	83.375	-0.065
-0.3	-5.34907	-0.065
-0.3	157.706	-0.065
-0.3	59.3211	-0.065
-0.3	139.82	-0.065
-0.3	152.653	-0.065
-0.3	-93.6199	-0.065
-0.3	-23.3933	-0.065
-0.3	-24.2529	-0.065
-0.3	-151.641	-0.065
-0.3	-81.1474	-0.065
-0.3	49.0381	-0.065
-0.3	-61.7249	-0.065
-0.3	89.7638	-0.065
-0.3	-57.0647	-0.065
-0.3	-32.1935	-0.065
-0.3	-86.0633	-0.065
-0.3	-111.761	-0.065
-0.3	159.796	-0.065
-0.3	-76.6975	-0.065
-0.3	-159.127	-0.065
-0.3	-151.588	-0.065
-0.3	-113.671	-0.065
-0.3	12.265	-0.065
-0.3	-116.914	-0.065
-0.3	71.213	-0.065
-0.3	10.6443	-0.065
