pol.	phi	weight
0.3	53.5447	1
0.3	114.045	1
0.3	142.422	1
0.3	-165.026	1
0.3	-31.377	1
0.3	-141.067	1
0.3	-161.535	1
0.3	127.008	1
0.3	-8.82431	1
0.3	39.2674	1
0.3	77.7677	1
0.3	-34.9128	1
0.3	113.111	1
0.3	115.099	1
0.3	-88.4716	1
0.3	59.8868	1
0.3	-80.9982	1
0.3	159.417	1
0.3	27.2377	1
0.3	33.8853	1
0.3	126.85	1
0.3	-150.313	1
0.3	90.1234	1
0.3	-155.177	1
0.3	113.185	1
0.3	-48.2882	1
0.3	-77.4171	1
0.3	-97.5201	1
0.3	-79.6671	1
0.3	89.133	1
0.3	-93.9352	1
0.3	8.74804	1
0.3	59.4448	1
0.3	-30.4121	1
0.3	12.6301	1
0.3	-134.465	1
0.3	67.4596	1
0.3	123.904	1
0.3	-112.531	1
0.3	123.599	1
0.3	48.3295	1
0.3	-42.3282	1
0.3	130.902	1
0.3	122.416	1
0.3	122.59	1
0.3	135.161	1
0.3	-91.6989	1
0.3	62.7642	1
0.3	-2.27115	1
0.3	-178.774	1
0.3	-103.341	1
0.3	-60.5348	1
0.3	85.3333	1
0.3	-14.9128	1
0.3	115.722	1
0.3	-101.904	1
0.3	-41.9365	1
0.3	-96.1829	1
0.3	-12.8298	1
0.3	71.3384	1
0.3	-7.21606	1
0.3	157.271	1
0.3	-124.892	1
0.3	44.1371	1
0.3	-74.4157	1
0.3	66.7617	1
0.3	7.92461	1
0.3	-170.964	1
0.3	104.795	1
0.3	-147.503	1
0.3	-127.829	1
0.3	-74.0878	1
0.3	-111.808	1
0.3	138.195	1
0.3	-25.5266	1
0.3	-4.08609	1
0.3	146.793	1
0.3	158.251	1
0.3	-57.0491	1
0.3	57.4378	1
0.3	-130.398	1
0.3	25.4056	1
0.3	104.464	1
0.3	6.4585	1
0.3	157.528	1
0.3	-51.5833	1
0.3	159.595	1
0.3	-92.7392	1
0.3	161.695	1
0.3	4.62493	1
0.3	-2.58555	1
0.3	-170.573	1
0.3	4.07003	1
0.3	48.3832	1
0.3	177.246	1
0.3	-87.001	1
0.3	-63.4951	1
0.3	-104.575	1
0.3	71.4333	1
0.3	-8.55666	1
0.3	-83.3526	1
0.3	-145.776	1
0.3	-3.85738	1
0.3	-144.844	1
0.3	20.4236	1
0.3	9.35542	1
0.3	15.9046	1
0.3	-122.965	1
0.3	-138.444	1
0.3	-161.28	1
0.3	-10.8712	1
0.3	127.057	1
0.3	-96.6528	1
0.3	109.336	1
0.3	58.9978	1
0.3	4.30454	1
0.3	-112.931	1
0.3	-131.971	1
0.3	-135.442	1
0.3	121.216	1
0.3	-90.96	1
0.3	65.6689	1
0.3	118.652	1
0.3	-175.961	1
0.3	146.789	1
0.3	117.779	1
0.3	46.5362	1
0.3	-34.3602	1
0.3	39.1352	1
0.3	-21.0436	1
0.3	127.88	1
0.3	-120.119	1
0.3	-62.9723	1
0.3	-86.3164	1
0.3	75.4659	1
0.3	143.343	1
0.3	21.7365	1
0.3	85.3735	1
0.3	98.3548	1
0.3	141.62	1
0.3	33.2847	1
0.3	-129.387	1
0.3	152.721	1
0.3	27.0466	1
0.3	162.401	1
0.3	-112.374	1
0.3	-115.961	1
0.3	-54.9952	1
0.3	-163.532	1
0.3	38.1759	1
0.3	140.165	1
0.3	126.673	1
0.3	-63.1421	1
0.3	40.406	1
0.3	-58.5944	1
0.3	32.5614	1
0.3	-160.684	1
0.3	-95.2968	1
0.3	15.2344	1
0.3	-108.726	1
0.3	169.774	1
0.3	-58.4203	1
0.3	-125.051	1
0.3	-83.6172	1
0.3	-58.5368	1
0.3	-111.069	1
0.3	172.305	1
0.3	-5.73416	1
0.3	178.434	1
0.3	-93.8556	1
0.3	18.3585	1
0.3	-123.46	1
0.3	-128.84	1
0.3	28.5348	1
0.3	63.188	1
0.3	122.317	1
0.3	-79.7595	1
0.3	-111.68	1
0.3	157.079	1
0.3	24.2487	1
0.3	93.6411	1
0.3	-109.955	1
0.3	-119.39	1
0.3	-122.631	1
0.3	-25.1696	-0.065
0.3	-48.1345	-0.065
0.3	-18.0031	-0.065
0.3	34.6995	-0.065
0.3	60.5832	-0.065
0.3	-45.0819	-0.065
0.3	67.0527	-0.065
0.3	-130.245	-0.065
0.3	23.547	-0.065
0.3	90.5072	-0.065
0.3	-94.9983	-0.065
0.3	81.7392	-0.065
0.3	7.2922	-0.065
0.3	3.1146	-0.065
0.3	138.305	-0.065
0.3	-20.9568	-0.065
0.3	44.0529	-0.065
0.3	76.3386	-0.065
0.3	-20.3299	-0.065
0.3	-78.148	-0.065
0.3	72.1983	-0.065
0.3	20.0143	-0.065
0.3	106.59	-0.065
0.3	32.7969	-0.065
0.3	98.0338	-0.065
0.3	-69.5302	-0.065
0.3	-115.512	-0.065
0.3	-93.681	-0.065
0.3	3.60441	-0.065
0.3	136.537	-0.065
0.3	22.6899	-0.065
0.3	-54.4172	-0.065
0.3	-134.387	-0.065
0.3	-110.714	-0.065
0.3	168.624	-0.065
0.3	-76.3992	-0.065
0.3	131.537	-0.065
0.3	165.875	-0.065
0.3	-175.438	-0.065
0.3	158.762	-0.065
0.3	160.451	-0.065
0.3	-160.648	-0.065
0.3	110.786	-0.065
0.3	135.203	-0.065
0.3	-83.4734	-0.065
0.3	-76.4157	-0.065
0.3	-96.7083	-0.065
0.3	75.3251	-0.065
0.3	128.447	-0.065
0.3	-45.2912	-0.065
0.3	22.3448	-0.065
0.3	64.9776	-0.065
0.3	-90.9729	-0.065
0.3	-119.639	-0.065
0.3	-95.4801	-0.065
0.3	-8.85184	-0.065
0.3	-133.805	-0.065
0.3	-66.5639	-0.065
0.3	-111.729	-0.065
0.3	-6.3175	-0.065
0.3	64.2085	-0.065
0.3	-75.8346	-0.065
0.3	-140.414	-0.065
0.3	-90.7149	-0.065
0.3	-154.787	-0.065
0.3	52.9386	-0.065
0.3	59.3806	-0.065
0.3	-42.0976	-0.065
0.3	-3.21072	-0.065
0.3	78.5051	-0.065
0.3	-102.286	-0.065
0.3	-109.523	-0.065
0.3	-108.01	-0.065
0.3	-164.575	-0.065
0.3	6.63628	-0.065
0.3	-87.2316	-0.065
0.3	-0.833105	-0.065
0.3	81.2445	-0.065
0.3	150.249	-0.065
0.3	37.8672	-0.065
0.3	26.8714	-0.065
0.3	-144.328	-0.065
0.3	-138.545	-0.065
0.3	61.8002	-0.065
0.3	-82.0994	-0.065
0.3	-147.874	-0.065
0.3	16.1116	-0.065
0.3	-29.1682	-0.065
0.3	-71.6982	-0.065
0.3	76.9568	-0.065
0.3	96.4492	-0.065
0.3	-82.1459	-0.065
0.3	83.8526	-0.065
0.3	-27.8654	-0.065
0.3	-142.418	-0.065
0.3	-164.337	-0.065
0.3	128.771	-0.065
0.3	-155.1	-0.065
0.3	109.224	-0.065
0.3	55.3007	-0.065
0.3	104.46	-0.065
0.3	-85.9319	-0.065
0.3	16.054	-0.065
0.3	14.424	-0.065
0.3	140.071	-0.065
0.3	143.946	-0.065
0.3	-81.7604	-0.065
0.3	-109.854	-0.065
0.3	28.6676	-0.065
0.3	13.9198	-0.065
0.3	13.2214	-0.065
0.3	53.2521	-0.065
0.3	-139.843	-0.065
0.3	-98.209	-0.065
0.3	-89.2499	-0.065
0.3	49.2958	-0.065
0.3	-108.88	-0.065
0.3	60.7928	-0.065
0.3	91.5713	-0.065
0.3	-142.14	-0.065
0.3	-4.31912	-0.065
0.3	11.8058	-0.065
0.3	24.5179	-0.065
0.3	40.863	-0.065
0.3	164.867	-0.065
0.3	-46.9285	-0.065
0.3	179.657	-0.065
0.3	-90.6443	-0.065
0.3	-177.535	-0.065
0.3	-50.0308	-0.065
0.3	4.81367	-0.065
0.3	-122.591	-0.065
0.3	-79.4113	-0.065
0.3	-171.745	-0.065
0.3	-26.3692	-0.065
0.3	-118.219	-0.065
0.3	-9.91779	-0.065
0.3	125.425	-0.065
0.3	73.3954	-0.065
0.3	179.172	-0.065
0.3	39.8531	-0.065
0.3	118.45	-0.065
-0.3	41.5289	1
-0.3	136.898	1
-0.3	-76.3923	1
-0.3	-147.829	1
-0.3	-104.589	1
-0.3	21.6994	1
-0.3	88.8221	1
-0.3	-112.524	1
-0.3	-136.849	1
-0.3	-165.999	1
-0.3	-145.596	1
-0.3	162.116	1
-0.3	-144.224	1
-0.3	-100.172	1
-0.3	-53.3108	1
-0.3	-117.731	1
-0.3	40.5678	1
-0.3	-163.284	1
-0.3	-6.76398	1
-0.3	71.7141	1
-0.3	167.16	1
-0.3	-105.6	1
-0.3	-170.376	1
-0.3	-145.27	1
-0.3	177.52	1
-0.3	-67.0134	1
-0.3	-125.157	1
-0.3	-20.0173	1
-0.3	-18.4215	1
-0.3	123.046	1
-0.3	43.4148	1
-0.3	75.3674	1
-0.3	-6.80987	1
-0.3	130.37	1
-0.3	-13.3383	1
-0.3	-10.8627	1
-0.3	-67.0991	1
-0.3	-160.953	1
-0.3	-12.4953	1
-0.3	111.167	1
-0.3	-129.637	1
-0.3	83.2996	1
-0.3	-46.23	1
-0.3	103.924	1
-0.3	163.816	1
-0.3	158.783	1
-0.3	140.219	1
-0.3	35.8353	1
-0.3	88.044	1
-0.3	119.782	1
-0.3	-130.001	1
-0.3	-18.7592	1
-0.3	-66.3177	1
-0.3	112.363	1
-0.3	83.0611	1
-0.3	-81.2416	1
-0.3	-46.404	1
-0.3	95.2497	1
-0.3	-2.08295	1
-0.3	-129.581	1
-0.3	149.689	1
-0.3	111.953	1
-0.3	57.8991	1
-0.3	5.15624	1
-0.3	-138.977	1
-0.3	66.1788	1
-0.3	-129.54	1
-0.3	-96.3307	1
-0.3	86.7072	1
-0.3	-103.07	1
-0.3	-96.3821	1
-0.3	169.662	1
-0.3	-160.956	1
-0.3	126.807	1
-0.3	126.482	1
-0.3	-66.0017	1
-0.3	-4.7061	1
-0.3	-67.8288	1
-0.3	-77.2557	1
-0.3	-37.3299	1
-0.3	88.4382	1
-0.3	49.9436	1
-0.3	156.516	1
-0.3	61.8455	1
-0.3	77.4492	1
-0.3	43.5951	1
-0.3	-45.4158	1
-0.3	-165.343	1
-0.3	4.09915	1
-0.3	-109.34	1
-0.3	-82.9089	1
-0.3	34.0482	1
-0.3	107.772	1
-0.3	78.6905	1
-0.3	146.332	1
-0.3	-154.199	1
-0.3	128.304	1
-0.3	-45.0842	1
-0.3	-26.49	1
-0.3	-53.7723	1
-0.3	162.662	1
-0.3	-45.053	1
-0.3	-135.42	1
-0.3	-20.4559	1
-0.3	-140.415	1
-0.3	-166.204	1
-0.3	-86.7898	1
-0.3	-84.4287	1
-0.3	-41.3821	1
-0.3	-43.5217	1
-0.3	-122.34	1
-0.3	-118.779	1
-0.3	5.72436	1
-0.3	130.433	1
-0.3	54.4973	1
-0.3	-13.0635	1
-0.3	-136.985	1
-0.3	-110.895	1
-0.3	121.367	1
-0.3	-169.738	1
-0.3	125.792	1
-0.3	22.0854	1
-0.3	-144.319	1
-0.3	-178.429	1
-0.3	-104.305	1
-0.3	-70.2772	1
-0.3	-114.945	1
-0.3	-158.723	1
-0.3	-121.783	1
-0.3	-28.1297	1
-0.3	38.9731	1
-0.3	-148.986	1
-0.3	90.1554	1
-0.3	93.5679	1
-0.3	-106.583	1
-0.3	69.3729	1
-0.3	-24.671	1
-0.3	10.1288	1
-0.3	-59.1063	1
-0.3	26.8201	1
-0.3	-103.666	1
-0.3	-156.978	1
-0.3	-85.5514	1
-0.3	64.2189	1
-0.3	153.425	1
-0.3	153.095	1
-0.3	53.7385	1
-0.3	-26.2877	1
-0.3	131.735	1
-0.3	-176.895	1
-0.3	176.34	1
-0.3	125.365	1
-0.3	67.4683	1
-0.3	-164.498	1
-0.3	-4.61557	1
-0.3	-146.284	1
-0.3	166.256	1
-0.3	-17.2038	1
-0.3	140.026	1
-0.3	66.1553	1
-0.3	-56.0692	1
-0.3	-140.118	1
-0.3	48.7733	1
-0.3	-70.5387	1
-0.3	-20.5117	1
-0.3	-147.274	1
-0.3	-5.97944	1
-0.3	106.636	1
-0.3	-150.602	1
-0.3	141.085	1
-0.3	159.242	1
-0.3	147.445	1
-0.3	169.829	1
-0.3	107.12	1
-0.3	-96.2896	1
-0.3	-39.1017	1
-0.3	102.533	1
-0.3	85.4132	1
-0.3	-146.47	1
-0.3	148.195	1
-0.3	-50.321	1
-0.3	-28.5023	1
-0.3	3.31131	1
-0.3	22.8342	1
-0.3	-12.4618	1
-0.3	6.14769	1
-0.3	78.9168	1
-0.3	80.4846	1
-0.3	7.79948	1
-0.3	-166.25	1
-0.3	162.18	1
-0.3	-125.954	1
-0.3	-20.9667	1
-0.3	-32.7751	1
-0.3	97.3778	1
-0.3	-68.8892	1
-0.3	-163.022	1
-0.3	61.7302	1
-0.3	20.8388	1
-0.3	105.403	1
-0.3	-118.756	1
-0.3	149.74	-0.065
-0.3	144.85	-0.065
-0.3	23.7515	-0.065
-0.3	-146.553	-0.065
-0.3	25.5615	-0.065
-0.3	-157.142	-0.065
-0.3	16.1946	-0.065
-0.3	-160.505	-0.065
-0.3	-9.02952	-0.065
-0.3	-168.415	-0.065
-0.3	79.9934	-0.065
-0.3	-73.6429	-0.065
-0.3	-30.4863	-0.065
-0.3	154.739	-0.065
-0.3	-171.637	-0.065
-0.3	-127.133	-0.065
-0.3	24.2737	-0.065
-0.3	3.68162	-0.065
-0.3	134.567	-0.065
-0.3	-16.0363	-0.065
-0.3	14.5086	-0.065
-0.3	-116.637	-0.065
-0.3	-22.2569	-0.065
-0.3	28.1441	-0.065
-0.3	54.7952	-0.065
-0.3	-100.481	-0.065
-0.3	-40.5756	-0.065
-0.3	179.602	-0.065
-0.3	154.71	-0.065
-0.3	-97.3018	-0.065
-0.3	96.3436	-0.065
-0.3	179.797	-0.065
-0.3	-107.222	-0.065
-0.3	-106.166	-0.065
-0.3	178.162	-0.065
-0.3	-50.5885	-0.065
-0.3	16.1287	-0.065
-0.3	-51.29	-0.065
-0.3	-138.66	-0.065
-0.3	-147.683	-0.065
-0.3	-131.357	-0.065
-0.3	69.5151	-0.065
-0.3	-97.2589	-0.065
-0.3	-95.0481	-0.065
-0.3	-56.1883	-0.065
-0.3	-94.8472	-0.065
-0.3	-141.103	-0.065
-0.3	143.426	-0.065
-0.3	81.9805	-0.065
-0.3	174.834	-0.065
-0.3	-178.565	-0.065
-0.3	176.732	-0.065
-0.3	143.665	-0.065
-0.3	-168.885	-0.065
-0.3	136.146	-0.065
-0.3	155.282	-0.065
-0.3	21.8972	-0.065
-0.3	155.559	-0.065
-0.3	-42.8269	-0.065
-0.3	78.4467	-0.065
-0.3	-86.6896	-0.065
-0.3	123.895	-0.065
-0.3	166.91	-0.065
-0.3	-65.0926	-0.065
-0.3	-70.0555	-0.065
-0.3	-99.8204	-0.065
-0.3	-124.677	-0.065
-0.3	-49.1728	-0.065
-0.3	-161.323	-0.065
-0.3	-74.3553	-0.065
-0.3	-87.272	-0.065
-0.3	-9.95685	-0.065
-0.3	81.2937	-0.065
-0.3	19.7755	-0.065
-0.3	-15.0934	-0.065
-0.3	148.98	-0.065
-0.3	-151.149	-0.065
-0.3	-85.0285	-0.065
-0.3	-18.9661	-0.065
-0.3	-30.401	-0.065
-0.3	120.25	-0.065
-0.3	-13.4485	-0.065
-0.3	12.1514	-0.065
-0.3	-134.164	-0.065
-0.3	46.3368	-0.065
-0.3	100.326	-0.065
-0.3	-83.9942	-0.065
-0.3	-151.316	-0.065
-0.3	117.313	-0.065
-0.3	-84.1881	-0.065
-0.3	-25.5118	-0.065
-0.3	140.154	-0.065
-0.3	171.464	-0.065
-0.3	124.425	-0.065
-0.3	-149.149	-0.065
-0.3	-102.573	-0.065
-0.3	46.5595	-0.065
-0.3	170.13	-0.065
-0.3	-17.0373	-0.065
-0.3	-164.414	-0.065
-0.3	-138.736	-0.065
-0.3	-104.411	-0.065
-0.3	64.3508	-0.065
-0.3	-137.162	-0.065
-0.3	-106.459	-0.065
-0.3	-96.5007	-0.065
-0.3	-58.8954	-0.065
-0.3	-21.4813	-0.065
-0.3	63.5605	-0.065
-0.3	65.4286	-0.065
-0.3	176.083	-0.065
-0.3	151.991	-0.065
-0.3	4.54431	-0.065
-0.3	-93.6844	-0.065
-0.3	-20.7562	-0.065
-0.3	-65.2334	-0.065
-0.3	-53.1698	-0.065
-0.3	63.0216	-0.065
-0.3	150.739	-0.065
-0.3	-115.061	-0.065
-0.3	-149.675	-0.065
-0.3	16.3603	-0.065
-0.3	100.636	-0.065
-0.3	-75.8888	-0.065
-0.3	-32.6901	-0.065
-0.3	-91.4749	-0.065
-0.3	48.5474	-0.065
-0.3	-106.7	-0.065
-0.3	84.8354	-0.065
-0.3	96.2953	-0.065
-0.3	-34.6977	-0.065
-0.3	-18.5482	-0.065
-0.3	-18.4576	-0.065
-0.3	-36.6763	-0.065
-0.3	-20.2074	-0.065
-0.3	-23.8599	-0.065
-0.3	0.824415	-0.065
-0.3	81.3671	-0.065
-0.3	1.59939	-0.065
-0.3	-104.409	-0.065
-0.3	-158.909	-0.065
-0.3	8.88196	-0.065
-0.3	20.9288	-0.065
-0.3	-11.2605	-0.065
-0.3	-92.0651	-0.065
-0.3	94.5294	-0.065
-0.3	16.7813	-0.065
-0.3	-23.9421	-0.065
-0.3	121.809	-0.065
-0.3	83.6349	-0.065
-0.3	29.6243	-0.065
-0.3	77.5059	-0.065
-0.3	150.068	-0.065
-0.3	-118.158	-0.065
-0.3	84.5549	-0.065
