pol.	phi	weight
0.3	5.31921	1
0.3	-53.2398	1
0.3	71.9097	1
0.3	-32.0418	1
0.3	-152.825	1
0.3	-23.1773	1
0.3	-34.1112	1
0.3	71.532	1
0.3	92.7615	1
0.3	106.56	1
0.3	12.7834	1
0.3	-126.768	1
0.3	25.5843	1
0.3	-2.11898	1
0.3	-119.932	1
0.3	126.584	1
0.3	144.364	1
0.3	-108.906	1
0.3	42.1026	1
0.3	-90.8273	1
0.3	-14.1474	1
0.3	52.1587	1
0.3	-2.69834	1
0.3	-166.086	1
0.3	-66.4664	1
0.3	-135.489	1
0.3	26.0579	1
0.3	178.446	1
0.3	66.5026	1
0.3	136.836	1
0.3	-33.9028	1
0.3	124.531	1
0.3	-105.573	1
0.3	130.823	1
0.3	-28.1043	1
0.3	95.0885	1
0.3	18.0389	1
0.3	70.2279	1
0.3	-42.9232	1
0.3	-95.0232	1
0.3	45.662	1
0.3	-162.472	1
0.3	126.612	1
0.3	33.2991	1
0.3	2.0261	1
0.3	172.44	1
0.3	170.523	1
0.3	-162.244	1
0.3	105.494	1
0.3	21.1919	1
0.3	28.4621	1
0.3	-7.81452	1
0.3	166.936	1
0.3	68.3771	1
0.3	152.529	1
0.3	-17.2409	1
0.3	-94.0577	1
0.3	-115.26	1
0.3	9.7156	1
0.3	-154.081	1
0.3	-42.9403	1
0.3	-98.7771	1
0.3	-21.0734	1
0.3	147.715	1
0.3	-77.9683	1
0.3	158.895	1
0.3	123.42	1
0.3	-53.6375	1
0.3	-33.9018	1
0.3	-151.328	1
0.3	32.1398	1
0.3	-167.459	1
0.3	169.694	1
0.3	-33.82	1
0.3	139.668	1
0.3	156.428	1
0.3	91.4661	1
0.3	-122.098	1
0.3	-48.2953	1
0.3	-71.6309	1
0.3	-46.5108	1
0.3	68.5682	1
0.3	-133.835	1
0.3	-132.161	1
0.3	169.484	1
0.3	-7.90681	1
0.3	30.8556	1
0.3	33.2576	1
0.3	24.7844	1
0.3	-126.081	1
0.3	170.872	1
0.3	-172.062	1
0.3	-9.70827	1
0.3	-44.5402	1
0.3	-8.84677	1
0.3	100.449	1
0.3	106.827	1
0.3	-110.95	1
0.3	-4.81522	1
0.3	14.4495	1
0.3	-155.011	1
0.3	104.882	1
0.3	178.003	1
0.3	49.1858	1
0.3	-7.73857	1
0.3	25.1207	1
0.3	-163.212	1
0.3	-55.0606	1
0.3	-49.5673	1
0.3	-116.309	1
0.3	-121.766	1
0.3	109.38	1
0.3	-87.5357	1
0.3	-76.2562	1
0.3	-143.511	1
0.3	-89.918	1
0.3	-50.0586	1
0.3	-166.298	1
0.3	-136.388	1
0.3	139.606	1
0.3	-93.4388	1
0.3	44.7766	1
0.3	16.2811	1
0.3	84.8591	1
0.3	-87.066	1
0.3	31.5436	1
0.3	-172.275	1
0.3	-133.145	1
0.3	-12.6083	1
0.3	131.828	1
0.3	-116.865	1
0.3	-116.776	1
0.3	165.96	1
0.3	17.6489	1
0.3	-26.1211	1
0.3	97.7514	1
0.3	1.54222	1
0.3	-99.6314	1
0.3	-0.850362	1
0.3	-91.7299	1
0.3	65.0257	1
0.3	-93.9768	1
0.3	154.254	1
0.3	-166.568	1
0.3	-43.8145	1
0.3	66.9334	1
0.3	-37.4603	1
0.3	-39.9357	1
0.3	-159.997	1
0.3	134.359	1
0.3	92.2632	1
0.3	-86.9672	1
0.3	3.40197	1
0.3	104.327	1
0.3	56.1366	1
0.3	-141.123	1
0.3	25.3022	1
0.3	-71.7605	1
0.3	-62.7662	1
0.3	-107.604	1
0.3	47.4403	1
0.3	-153.223	1
0.3	-72.3907	1
0.3	-22.8874	1
0.3	-159.008	1
0.3	-53.8068	1
0.3	-9.56936	1
0.3	-28.1245	1
0.3	122.744	1
0.3	-12.4468	1
0.3	-133.778	1
0.3	43.4347	1
0.3	-25.158	1
0.3	-158.559	1
0.3	-174.16	1
0.3	-3.52482	1
0.3	-31.7031	1
0.3	72.3434	1
0.3	-140.797	1
0.3	122.426	1
0.3	-29.5874	1
0.3	59.4233	1
0.3	-139.823	1
0.3	-68.0372	1
0.3	-57.0831	1
0.3	138.067	1
0.3	-146.961	1
0.3	-27.1563	1
0.3	-175.678	1
0.3	130.765	1
0.3	-63.9097	1
0.3	77.8039	1
0.3	134.859	1
0.3	102.738	1
0.3	13.2588	1
0.3	112.114	1
0.3	-174.573	1
0.3	-73.977	1
0.3	15.9475	1
0.3	-42.6387	1
0.3	-24.7266	-0.065
0.3	-94.8275	-0.065
0.3	171.142	-0.065
0.3	5.36953	-0.065
0.3	-25.9825	-0.065
0.3	-176.232	-0.065
0.3	-28.9676	-0.065
0.3	60.2778	-0.065
0.3	-135.316	-0.065
0.3	-105.572	-0.065
0.3	1.05909	-0.065
0.3	-111.607	-0.065
0.3	146.418	-0.065
0.3	10.0351	-0.065
0.3	23.3125	-0.065
0.3	51.797	-0.065
0.3	-37.007	-0.065
0.3	72.3189	-0.065
0.3	18.7132	-0.065
0.3	-45.9715	-0.065
0.3	-161.698	-0.065
0.3	-135.44	-0.065
0.3	60.7787	-0.065
0.3	-25.0137	-0.065
0.3	115.335	-0.065
0.3	-153.714	-0.065
0.3	-19.3953	-0.065
0.3	-73.1403	-0.065
0.3	98.4939	-0.065
0.3	60.3282	-0.065
0.3	-124.534	-0.065
0.3	44.8341	-0.065
0.3	-127.803	-0.065
0.3	-17.0711	-0.065
0.3	77.1243	-0.065
0.3	17.4233	-0.065
0.3	-129.558	-0.065
0.3	19.0403	-0.065
0.3	149.993	-0.065
0.3	-145.939	-0.065
0.3	175.396	-0.065
0.3	51.9649	-0.065
0.3	-17.0105	-0.065
0.3	73.835	-0.065
0.3	-69.8643	-0.065
0.3	108.476	-0.065
0.3	-95.0213	-0.065
0.3	172.88	-0.065
0.3	-154.597	-0.065
0.3	-69.6712	-0.065
0.3	53.727	-0.065
0.3	-67.6754	-0.065
0.3	107.146	-0.065
0.3	-24.5094	-0.065
0.3	-144.021	-0.065
0.3	-99.5166	-0.065
0.3	-79.6108	-0.065
0.3	-158.212	-0.065
0.3	40.9629	-0.065
0.3	-101.936	-0.065
0.3	65.029	-0.065
0.3	125.352	-0.065
0.3	-60.0414	-0.065
0.3	-107.768	-0.065
0.3	76.8454	-0.065
0.3	90.6397	-0.065
0.3	-67.9486	-0.065
0.3	-142.368	-0.065
0.3	-48.822	-0.065
0.3	166.286	-0.065
0.3	-124.142	-0.065
0.3	-102.948	-0.065
0.3	-104.824	-0.065
0.3	36.9073	-0.065
0.3	-8.15947	-0.065
0.3	14.6572	-0.065
0.3	-140.75	-0.065
0.3	135.936	-0.065
0.3	17.3118	-0.065
0.3	115.396	-0.065
0.3	-145.476	-0.065
0.3	108.756	-0.065
0.3	-139.363	-0.065
0.3	64.5237	-0.065
0.3	-30.1303	-0.065
0.3	42.0018	-0.065
0.3	134.328	-0.065
0.3	173.43	-0.065
0.3	-170.486	-0.065
0.3	-33.3113	-0.065
0.3	64.3715	-0.065
0.3	-102.022	-0.065
0.3	15.8572	-0.065
0.3	-96.7726	-0.065
0.3	-150.793	-0.065
0.3	-14.3073	-0.065
0.3	139.708	-0.065
0.3	-51.8276	-0.065
0.3	-16.6158	-0.065
0.3	140.069	-0.065
0.3	-86.251	-0.065
0.3	99.348	-0.065
0.3	24.153	-0.065
0.3	69.7422	-0.065
0.3	-66.5093	-0.065
0.3	25.5495	-0.065
0.3	-109.232	-0.065
0.3	61.3327	-0.065
0.3	-127.045	-0.065
0.3	80.2717	-0.065
0.3	116.938	-0.065
0.3	-144.541	-0.065
0.3	53.7105	-0.065
0.3	168.682	-0.065
0.3	25.1883	-0.065
0.3	118.646	-0.065
0.3	-142.208	-0.065
0.3	171.075	-0.065
0.3	120.447	-0.065
0.3	121.776	-0.065
0.3	99.6289	-0.065
0.3	-21.2277	-0.065
0.3	-9.26658	-0.065
0.3	-31.7334	-0.065
0.3	-22.9412	-0.065
0.3	118.478	-0.065
0.3	-90.8582	-0.065
0.3	24.7229	-0.065
0.3	-63.3178	-0.065
0.3	3.61101	-0.065
0.3	-82.7464	-0.065
0.3	-73.4762	-0.065
0.3	24.9985	-0.065
0.3	-35.0768	-0.065
0.3	167.966	-0.065
0.3	67.6477	-0.065
0.3	-50.4943	-0.065
0.3	3.34112	-0.065
0.3	175.243	-0.065
0.3	78.4576	-0.065
0.3	-144.934	-0.065
0.3	145.708	-0.065
0.3	19.4239	-0.065
0.3	177.374	-0.065
0.3	-77.9715	-0.065
0.3	-102.658	-0.065
0.3	171.543	-0.065
0.3	22.1382	-0.065
0.3	118.651	-0.065
0.3	92.3752	-0.065
0.3	-41.9157	-0.065
0.3	122.968	-0.065
0.3	98.5061	-0.065
0.3	113.068	-0.065
-0.3	78.1727	1
-0.3	173.557	1
-0.3	-21.797	1
-0.3	90.1708	1
-0.3	101.077	1
-0.3	4.64309	1
-0.3	-101.34	1
-0.3	51.6033	1
-0.3	71.6643	1
-0.3	2.53507	1
-0.3	146.194	1
-0.3	98.0005	1
-0.3	131.057	1
-0.3	160.901	1
-0.3	-107.63	1
-0.3	-27.6021	1
-0.3	-155.906	1
-0.3	-130.648	1
-0.3	42.9394	1
-0.3	95.4331	1
-0.3	-2.10837	1
-0.3	147.431	1
-0.3	-89.7554	1
-0.3	-104.461	1
-0.3	-44.8504	1
-0.3	59.9452	1
-0.3	102.642	1
-0.3	151.003	1
-0.3	82.0377	1
-0.3	138.108	1
-0.3	170.596	1
-0.3	-140.831	1
-0.3	14.8502	1
-0.3	33.2962	1
-0.3	153.572	1
-0.3	-149.02	1
-0.3	19.696	1
-0.3	-124.665	1
-0.3	-137.251	1
-0.3	73.2791	1
-0.3	-168.458	1
-0.3	156.903	1
-0.3	-3.55557	1
-0.3	113.362	1
-0.3	-169.462	1
-0.3	16.1741	1
-0.3	12.4473	1
-0.3	-132.674	1
-0.3	-99.5112	1
-0.3	26.7135	1
-0.3	154.598	1
-0.3	-99.6863	1
-0.3	84.2739	1
-0.3	-45.4279	1
-0.3	-155.84	1
-0.3	-139.253	1
-0.3	-98.8622	1
-0.3	4.33005	1
-0.3	141.23	1
-0.3	136.955	1
-0.3	-162.983	1
-0.3	-81.2374	1
-0.3	-3.42359	1
-0.3	92.6272	1
-0.3	-168.931	1
-0.3	24.7653	1
-0.3	-101.973	1
-0.3	-43.2237	1
-0.3	-93.4595	1
-0.3	91.6912	1
-0.3	-116.527	1
-0.3	7.86033	1
-0.3	90.5301	1
-0.3	-118.505	1
-0.3	53.6281	1
-0.3	42.9981	1
-0.3	58.1357	1
-0.3	-130.639	1
-0.3	-126.288	1
-0.3	-171.432	1
-0.3	-17.5133	1
-0.3	-102.619	1
-0.3	-122.132	1
-0.3	70.5181	1
-0.3	3.43941	1
-0.3	74.4466	1
-0.3	27.1732	1
-0.3	-118.904	1
-0.3	-59.5352	1
-0.3	60.1223	1
-0.3	80.9329	1
-0.3	37.5448	1
-0.3	-112.39	1
-0.3	-39.6619	1
-0.3	-146.85	1
-0.3	85.5967	1
-0.3	-133.857	1
-0.3	-106.733	1
-0.3	10.9087	1
-0.3	-28.8439	1
-0.3	-176.47	1
-0.3	-166.43	1
-0.3	9.69	1
-0.3	-115.468	1
-0.3	-29.8209	1
-0.3	137.89	1
-0.3	-107.287	1
-0.3	71.59	1
-0.3	153.379	1
-0.3	-81.3885	1
-0.3	-168.99	1
-0.3	-0.692722	1
-0.3	61.8646	1
-0.3	-146.548	1
-0.3	-52.6838	1
-0.3	-7.96594	1
-0.3	159.804	1
-0.3	17.9636	1
-0.3	68.8836	1
-0.3	-136.101	1
-0.3	113.22	1
-0.3	-53.6188	1
-0.3	1.53434	1
-0.3	-147.675	1
-0.3	12.5416	1
-0.3	169.456	1
-0.3	-174.649	1
-0.3	89.7903	1
-0.3	75.1069	1
-0.3	-126.903	1
-0.3	110.481	1
-0.3	75.9721	1
-0.3	41.1031	1
-0.3	44.9453	1
-0.3	74.5771	1
-0.3	-123.28	1
-0.3	-33.3603	1
-0.3	-115.131	1
-0.3	21.5765	1
-0.3	-115.788	1
-0.3	50.6253	1
-0.3	125.848	1
-0.3	166.883	1
-0.3	-124.283	1
-0.3	123.096	1
-0.3	80.3307	1
-0.3	161.203	1
-0.3	27.2624	1
-0.3	18.2596	1
-0.3	61.3734	1
-0.3	33.0292	1
-0.3	80.5357	1
-0.3	-60.8749	1
-0.3	161.27	1
-0.3	-110.213	1
-0.3	-48.7689	1
-0.3	145.9	1
-0.3	103.419	1
-0.3	-95.2799	1
-0.3	32.3026	1
-0.3	-77.9013	1
-0.3	160.224	1
-0.3	-176.641	1
-0.3	21.1275	1
-0.3	-112.548	1
-0.3	-53.8807	1
-0.3	-43.8508	1
-0.3	-21.6502	1
-0.3	-130.186	1
-0.3	-105.019	1
-0.3	48.3988	1
-0.3	-51.1691	1
-0.3	170.876	1
-0.3	-52.7027	1
-0.3	-87.679	1
-0.3	-112.597	1
-0.3	167.008	1
-0.3	-85.9394	1
-0.3	107.703	1
-0.3	0.187966	1
-0.3	-126.673	1
-0.3	-29.664	1
-0.3	150.192	1
-0.3	68.8003	1
-0.3	75.3455	1
-0.3	67.9198	1
-0.3	-158.853	1
-0.3	153.067	1
-0.3	46.6232	1
-0.3	6.50022	1
-0.3	67.035	1
-0.3	170.267	1
-0.3	112.298	1
-0.3	-73.4392	1
-0.3	-2.05706	1
-0.3	44.4851	1
-0.3	-170.031	1
-0.3	149.915	1
-0.3	-20.9428	1
-0.3	-37.5668	1
-0.3	-68.3717	1
-0.3	-59.1102	1
-0.3	76.0733	1
-0.3	65.9795	1
-0.3	-79.8603	1
-0.3	-45.6619	1
-0.3	98.7691	1
-0.3	151.92	-0.065
-0.3	-159.64	-0.065
-0.3	-37.7825	-0.065
-0.3	166.381	-0.065
-0.3	-147.645	-0.065
-0.3	-177.317	-0.065
-0.3	25.6262	-0.065
-0.3	51.5917	-0.065
-0.3	-63.8041	-0.065
-0.3	-65.3227	-0.065
-0.3	173.129	-0.065
-0.3	-77.6579	-0.065
-0.3	-155.925	-0.065
-0.3	-91.386	-0.065
-0.3	-96.861	-0.065
-0.3	121.556	-0.065
-0.3	68.0171	-0.065
-0.3	-26.697	-0.065
-0.3	4.80953	-0.065
-0.3	70.7636	-0.065
-0.3	-65.6891	-0.065
-0.3	-119.456	-0.065
-0.3	29.3273	-0.065
-0.3	-108.821	-0.065
-0.3	-73.8678	-0.065
-0.3	67.6776	-0.065
-0.3	158.167	-0.065
-0.3	-77.2951	-0.065
-0.3	55.4942	-0.065
-0.3	141.06	-0.065
-0.3	-171.036	-0.065
-0.3	78.2257	-0.065
-0.3	78.1268	-0.065
-0.3	-41.9869	-0.065
-0.3	-153.925	-0.065
-0.3	85.7612	-0.065
-0.3	78.3952	-0.065
-0.3	160.536	-0.065
-0.3	-79.8465	-0.065
-0.3	-144.626	-0.065
-0.3	37.6762	-0.065
-0.3	-73.0304	-0.065
-0.3	117.922	-0.065
-0.3	125.068	-0.065
-0.3	73.1122	-0.065
-0.3	32.9768	-0.065
-0.3	-53.4478	-0.065
-0.3	18.7769	-0.065
-0.3	57.4484	-0.065
-0.3	101.573	-0.065
-0.3	160.153	-0.065
-0.3	-105.215	-0.065
-0.3	31.8182	-0.065
-0.3	124.356	-0.065
-0.3	109.961	-0.065
-0.3	-63.5218	-0.065
-0.3	-87.9435	-0.065
-0.3	69.3378	-0.065
-0.3	-67.2364	-0.065
-0.3	-98.7773	-0.065
-0.3	-73.3559	-0.065
-0.3	-113.846	-0.065
-0.3	76.4606	-0.065
-0.3	-110.006	-0.065
-0.3	-52.6871	-0.065
-0.3	-88.2707	-0.065
-0.3	-143.008	-0.065
-0.3	-172.08	-0.065
-0.3	-159.107	-0.065
-0.3	-122.591	-0.065
-0.3	81.0816	-0.065
-0.3	105.01	-0.065
-0.3	36.726	-0.065
-0.3	-100.068	-0.065
-0.3	-43.071	-0.065
-0.3	-6.91707	-0.065
-0.3	145.559	-0.065
-0.3	178.675	-0.065
-0.3	-38.1407	-0.065
-0.3	151.3	-0.065
-0.3	-73.6247	-0.065
-0.3	-4.7999	-0.065
-0.3	84.5557	-0.065
-0.3	133.38	-0.065
-0.3	-7.04484	-0.065
-0.3	-98.6076	-0.065
-0.3	155.777	-0.065
-0.3	-157.058	-0.065
-0.3	62.2119	-0.065
-0.3	128.265	-0.065
-0.3	157.643	-0.065
-0.3	-84.5226	-0.065
-0.3	-88.6984	-0.065
-0.3	124.668	-0.065
-0.3	-40.9959	-0.065
-0.3	-89.8165	-0.065
-0.3	-98.4129	-0.065
-0.3	147.371	-0.065
-0.3	-88.2838	-0.065
-0.3	-68.7629	-0.065
-0.3	-150.555	-0.065
-0.3	-67.1177	-0.065
-0.3	50.2615	-0.065
-0.3	-29.983	-0.065
-0.3	-132.513	-0.065
-0.3	-60.5545	-0.065
-0.3	98.1455	-0.065
-0.3	141.699	-0.065
-0.3	-115.944	-0.065
-0.3	17.4021	-0.065
-0.3	-176.466	-0.065
-0.3	16.9253	-0.065
-0.3	-152.794	-0.065
-0.3	179.879	-0.065
-0.3	66.4379	-0.065
-0.3	-15.6583	-0.065
-0.3	120.07	-0.065
-0.3	-179.549	-0.065
-0.3	19.012	-0.065
-0.3	-97.8338	-0.065
-0.3	119.08	-0.065
-0.3	-30.6095	-0.065
-0.3	8.28334	-0.065
-0.3	-85.8493	-0.065
-0.3	160.666	-0.065
-0.3	169.978	-0.065
-0.3	5.83868	-0.065
-0.3	-145.479	-0.065
-0.3	-53.0909	-0.065
-0.3	87.4169	-0.065
-0.3	-143.875	-0.065
-0.3	-101.268	-0.065
-0.3	105.984	-0.065
-0.3	79.4093	-0.065
-0.3	-48.6738	-0.065
-0.3	-25.9242	-0.065
-0.3	19.2775	-0.065
-0.3	64.9863	-0.065
-0.3	64.0442	-0.065
-0.3	41.5089	-0.065
-0.3	-53.6711	-0.065
-0.3	121.124	-0.065
-0.3	134.595	-0.065
-0.3	-1.31513	-0.065
-0.3	108.234	-0.065
-0.3	-71.2388	-0.065
-0.3	-16.2757	-0.065
-0.3	-23.7984	-0.065
-0.3	41.8369	-0.065
-0.3	169.667	-0.065
-0.3	-118.841	-0.065
-0.3	157.747	-0.065
-0.3	91.1576	-0.065
-0.3	114.608	-0.065
-0.3	-136.745	-0.065
-0.3	-129.779	-0.065
-0.3	18.5237	-0.065
-0.3	14.2025	-0.065
-0.3	-100.105	-0.065
-0.3	100.627	-0.065
