pol.	phi	weight
0.3	40.1675	1
0.3	-161.567	1
0.3	125.337	1
0.3	164.289	1
0.3	-120.555	1
0.3	24.8486	1
0.3	-4.70317	1
0.3	20.4381	1
0.3	120.625	1
0.3	40.0879	1
0.3	-12.7681	1
0.3	128.453	1
0.3	-112.838	1
0.3	-22.1335	1
0.3	-16.5783	1
0.3	-13.0148	1
0.3	-140.098	1
0.3	-52.3666	1
0.3	-169.785	1
0.3	82.5889	1
0.3	-171.068	1
0.3	94.0621	1
0.3	-102.887	1
0.3	31.8203	1
0.3	-35.1329	1
0.3	-134.014	1
0.3	75.0566	1
0.3	-88.0274	1
0.3	30.2681	1
0.3	27.0102	1
0.3	45.4307	1
0.3	-46.4079	1
0.3	-14.2184	1
0.3	130.01	1
0.3	-27.8987	1
0.3	-116.056	1
0.3	-88.1335	1
0.3	95.0491	1
0.3	-10.7416	1
0.3	3.33429	1
0.3	68.2286	1
0.3	94.6001	1
0.3	-77.6027	1
0.3	81.2797	1
0.3	97.5413	1
0.3	138.189	1
0.3	-54.4751	1
0.3	34.2578	1
0.3	-38.1032	1
0.3	69.9888	1
0.3	-122.251	1
0.3	36.1246	1
0.3	-12.7303	1
0.3	-62.3191	1
0.3	159.871	1
0.3	-61.1835	1
0.3	150.287	1
0.3	-10.2614	1
0.3	-43.3527	1
0.3	145.575	1
0.3	-89.6452	1
0.3	163.553	1
0.3	115.037	1
0.3	-110.308	1
0.3	80.2367	1
0.3	-7.78511	1
0.3	23.7331	1
0.3	-88.8419	1
0.3	86.09	1
0.3	-74.4559	1
0.3	19.7179	1
0.3	55.7579	1
0.3	-18.6667	1
0.3	-34.7289	1
0.3	-39.8844	1
0.3	-35.1136	1
0.3	62.6458	1
0.3	-42.551	1
0.3	-25.756	1
0.3	-68.025	1
0.3	11.3446	1
0.3	-159.647	1
0.3	-174.497	1
0.3	106.016	1
0.3	141.225	1
0.3	-177.73	1
0.3	-111.336	1
0.3	-91.4243	1
0.3	124.136	1
0.3	159.602	1
0.3	69.7995	1
0.3	-143.931	1
0.3	-41.5118	1
0.3	-14.752	1
0.3	176.727	1
0.3	-79.6126	1
0.3	-96.5088	1
0.3	-159.817	1
0.3	-59.1334	1
0.3	-3.70707	1
0.3	11.2318	1
0.3	-52.5666	1
0.3	150.28	1
0.3	-33.5549	1
0.3	109.634	1
0.3	-24.6351	1
0.3	110.348	1
0.3	4.98779	1
0.3	28.938	1
0.3	145.071	1
0.3	24.1741	1
0.3	-93.4826	1
0.3	-53.1364	1
0.3	48.1047	1
0.3	143.686	1
0.3	-174.331	1
0.3	-167.006	1
0.3	-77.9459	1
0.3	46.9649	1
0.3	-88.2491	1
0.3	110.707	1
0.3	163.923	1
0.3	112.718	1
0.3	128.798	1
0.3	-86.5588	1
0.3	103.839	1
0.3	-77.8697	1
0.3	-9.29393	1
0.3	161.912	1
0.3	-109.413	1
0.3	-89.5696	1
0.3	173.612	1
0.3	-107.851	1
0.3	59.0383	1
0.3	-100.431	1
0.3	50.4769	1
0.3	143.764	1
0.3	51.4371	1
0.3	102.054	1
0.3	108.037	1
0.3	174.956	1
0.3	-0.375121	1
0.3	-31.205	1
0.3	-2.33573	1
0.3	60.994	1
0.3	173.304	1
0.3	123.652	1
0.3	151.227	1
0.3	73.6986	1
0.3	-35.0984	1
0.3	175.523	1
0.3	-64.9858	1
0.3	-58.592	1
0.3	-115.008	1
0.3	24.7603	1
0.3	-89.6891	1
0.3	89.1392	1
0.3	113.431	1
0.3	-166.923	1
0.3	30.7086	1
0.3	-50.6493	1
0.3	36.8449	1
0.3	-21.1457	1
0.3	-149.2	1
0.3	-138.147	1
0.3	90.1897	1
0.3	-31.5028	1
0.3	-35.1539	1
0.3	-41.7852	1
0.3	-77.6333	1
0.3	-48.8215	1
0.3	-123.317	1
0.3	162.58	1
0.3	-63.2532	1
0.3	49.0997	-0.065
0.3	-64.3518	-0.065
0.3	-168.279	-0.065
0.3	70.8837	-0.065
0.3	137.991	-0.065
0.3	61.0812	-0.065
0.3	164.757	-0.065
0.3	8.79608	-0.065
0.3	-7.88791	-0.065
0.3	37.7405	-0.065
0.3	98.7819	-0.065
0.3	130.272	-0.065
0.3	96.3991	-0.065
0.3	-169.484	-0.065
0.3	133.271	-0.065
0.3	96.5994	-0.065
0.3	-169.945	-0.065
0.3	-17.991	-0.065
0.3	14.7401	-0.065
0.3	35.1275	-0.065
0.3	-147.601	-0.065
0.3	-155.287	-0.065
0.3	47.9811	-0.065
0.3	176.762	-0.065
0.3	56.1562	-0.065
0.3	100.359	-0.065
0.3	-74.8734	-0.065
0.3	-134.274	-0.065
0.3	-154.149	-0.065
0.3	-47.5905	-0.065
0.3	48.9674	-0.065
0.3	-116.505	-0.065
0.3	-141.509	-0.065
0.3	-42.7987	-0.065
0.3	-114.136	-0.065
0.3	-54.8759	-0.065
0.3	24.9544	-0.065
0.3	-40.4425	-0.065
0.3	-163.632	-0.065
0.3	29.2514	-0.065
0.3	-174.709	-0.065
0.3	-158.856	-0.065
0.3	-42.4176	-0.065
0.3	-58.7207	-0.065
0.3	113.178	-0.065
0.3	-137.233	-0.065
0.3	-33.012	-0.065
0.3	-100.11	-0.065
0.3	48.6804	-0.065
0.3	-54.4173	-0.065
0.3	96.0648	-0.065
0.3	-109.373	-0.065
0.3	-158.403	-0.065
0.3	-171.66	-0.065
0.3	129.143	-0.065
0.3	-13.0456	-0.065
0.3	-178.01	-0.065
0.3	-76.2773	-0.065
0.3	-53.5442	-0.065
0.3	-157.067	-0.065
0.3	151.649	-0.065
0.3	-102.23	-0.065
0.3	-89.5834	-0.065
0.3	-176.247	-0.065
0.3	-111.549	-0.065
0.3	134.946	-0.065
0.3	-55.5523	-0.065
0.3	176.473	-0.065
0.3	64.503	-0.065
0.3	-162.714	-0.065
0.3	-81.3167	-0.065
0.3	30.3991	-0.065
0.3	174.594	-0.065
0.3	119.582	-0.065
0.3	-9.47573	-0.065
0.3	123.386	-0.065
0.3	-33.0809	-0.065
0.3	147.917	-0.065
0.3	6.73674	-0.065
0.3	71.2549	-0.065
0.3	135.838	-0.065
0.3	30.234	-0.065
0.3	-34.2894	-0.065
0.3	-12.8819	-0.065
0.3	70.6196	-0.065
0.3	13.705	-0.065
0.3	-134.088	-0.065
0.3	-37.2446	-0.065
0.3	-79.0046	-0.065
0.3	91.8706	-0.065
0.3	-121.039	-0.065
0.3	105.019	-0.065
0.3	132.818	-0.065
0.3	137.96	-0.065
0.3	-129.734	-0.065
0.3	-148.944	-0.065
0.3	-160.402	-0.065
0.3	154.25	-0.065
0.3	60.36	-0.065
0.3	63.74	-0.065
0.3	5.45062	-0.065
0.3	164.479	-0.065
0.3	164.027	-0.065
0.3	-116.7	-0.065
0.3	-175.616	-0.065
0.3	115.764	-0.065
0.3	-174.385	-0.065
0.3	-21.8133	-0.065
0.3	171.502	-0.065
0.3	148.862	-0.065
0.3	-167.113	-0.065
0.3	13.535	-0.065
0.3	106.821	-0.065
0.3	137.318	-0.065
0.3	-63.2547	-0.065
0.3	-114.187	-0.065
0.3	-41.4264	-0.065
0.3	52.6649	-0.065
0.3	130.816	-0.065
0.3	143.384	-0.065
0.3	67.49	-0.065
0.3	-125.07	-0.065
0.3	95.6894	-0.065
0.3	-63.9631	-0.065
0.3	98.9795	-0.065
0.3	166.867	-0.065
0.3	59.8029	-0.065
0.3	64.9406	-0.065
0.3	128.54	-0.065
0.3	5.37036	-0.065
0.3	40.5505	-0.065
0.3	60.173	-0.065
0.3	-75.9168	-0.065
0.3	-130.938	-0.065
-0.3	-51.4043	1
-0.3	23.4047	1
-0.3	91.2151	1
-0.3	138.955	1
-0.3	-127.22	1
-0.3	55.8269	1
-0.3	105.896	1
-0.3	46.012	1
-0.3	-59.7055	1
-0.3	-173.395	1
-0.3	88.1331	1
-0.3	-112.658	1
-0.3	130.776	1
-0.3	102.298	1
-0.3	-1.23143	1
-0.3	-131.86	1
-0.3	-72.5997	1
-0.3	-68.6698	1
-0.3	-163.764	1
-0.3	-69.3253	1
-0.3	-168.816	1
-0.3	-12.7453	1
-0.3	162.465	1
-0.3	19.8168	1
-0.3	100.193	1
-0.3	-125.447	1
-0.3	117.709	1
-0.3	-99.5531	1
-0.3	129.708	1
-0.3	-58.4642	1
-0.3	-67.4806	1
-0.3	162.682	1
-0.3	-74.5604	1
-0.3	81.0905	1
-0.3	-76.4795	1
-0.3	131.906	1
-0.3	40.673	1
-0.3	75.8093	1
-0.3	59.0348	1
-0.3	10.191	1
-0.3	137.187	1
-0.3	105.868	1
-0.3	30.3795	1
-0.3	-18.7848	1
-0.3	-48.7592	1
-0.3	-36.5113	1
-0.3	65.7212	1
-0.3	-144.271	1
-0.3	-77.5212	1
-0.3	151.767	1
-0.3	39.3226	1
-0.3	-49.7994	1
-0.3	-105.275	1
-0.3	161.232	1
-0.3	-52.5768	1
-0.3	124.526	1
-0.3	-111.865	1
-0.3	35.1698	1
-0.3	-48.3624	1
-0.3	154.768	1
-0.3	83.4676	1
-0.3	-144.048	1
-0.3	-93.6965	1
-0.3	-79.4482	1
-0.3	-98.2399	1
-0.3	57.4157	1
-0.3	-76.0975	1
-0.3	-169.355	1
-0.3	-143.113	1
-0.3	11.9792	1
-0.3	-66.2575	1
-0.3	59.1751	1
-0.3	163.205	1
-0.3	129.054	1
-0.3	71.7334	1
-0.3	178.97	1
-0.3	-49.7431	1
-0.3	-20.0256	1
-0.3	29.4992	1
-0.3	-160.924	1
-0.3	64.0922	1
-0.3	4.11639	1
-0.3	-48.1378	1
-0.3	-101.054	1
-0.3	-70.929	1
-0.3	-150.52	1
-0.3	-116.957	1
-0.3	-148.674	1
-0.3	-33.5015	1
-0.3	-159.628	1
-0.3	-18.704	1
-0.3	-10.2283	1
-0.3	175.47	1
-0.3	-142.918	1
-0.3	-116.439	1
-0.3	54.2259	1
-0.3	55.1504	1
-0.3	93.7513	1
-0.3	-134.891	1
-0.3	-15.0193	1
-0.3	-34.2246	1
-0.3	118.252	1
-0.3	-57.6755	1
-0.3	-138.989	1
-0.3	-39.5829	1
-0.3	-61.4915	1
-0.3	-12.1123	1
-0.3	99.139	1
-0.3	-94.9646	1
-0.3	-95.4661	1
-0.3	10.3744	1
-0.3	-71.1217	1
-0.3	41.9814	1
-0.3	98.4289	1
-0.3	-78.2922	1
-0.3	-37.1912	1
-0.3	1.07309	1
-0.3	89.1836	1
-0.3	70.422	1
-0.3	110.144	1
-0.3	-130.767	1
-0.3	-26.5688	1
-0.3	-139.119	1
-0.3	-44.5724	1
-0.3	20.8385	1
-0.3	117.552	1
-0.3	160.15	1
-0.3	22.5319	1
-0.3	42.6801	1
-0.3	36.3839	1
-0.3	113.1	1
-0.3	-84.2927	1
-0.3	-72.141	1
-0.3	3.98117	1
-0.3	61.5522	1
-0.3	-153.731	1
-0.3	-167.381	1
-0.3	68.3461	1
-0.3	-93.5874	1
-0.3	13.1389	1
-0.3	-124.539	1
-0.3	-5.95372	1
-0.3	-173.748	1
-0.3	-117.997	1
-0.3	-143.288	1
-0.3	104.91	1
-0.3	113.893	1
-0.3	-128.542	1
-0.3	-146.139	1
-0.3	57.3932	1
-0.3	-96.1548	1
-0.3	-178.448	1
-0.3	24.174	1
-0.3	19.6018	1
-0.3	72.5006	1
-0.3	-2.2657	1
-0.3	-105.374	1
-0.3	-129.364	1
-0.3	40.0575	1
-0.3	49.5913	1
-0.3	-32.42	1
-0.3	-45.8687	1
-0.3	161.245	1
-0.3	40.3763	1
-0.3	-47.9981	1
-0.3	30.3454	1
-0.3	20.3552	1
-0.3	-141.592	1
-0.3	125.905	1
-0.3	105.999	1
-0.3	-168.095	1
-0.3	160.066	1
-0.3	10.7653	1
-0.3	80.4257	1
-0.3	129.311	1
-0.3	-110.378	1
-0.3	-119.898	1
-0.3	-22.6175	1
-0.3	-28.9792	1
-0.3	-110.467	1
-0.3	-148.922	1
-0.3	89.6916	1
-0.3	-133.078	1
-0.3	172.749	1
-0.3	67.4598	1
-0.3	121.529	1
-0.3	-178.272	1
-0.3	79.4788	1
-0.3	48.9912	1
-0.3	-150.313	1
-0.3	-165.807	1
-0.3	139.334	1
-0.3	83.5024	1
-0.3	-36.0341	1
-0.3	-65.1545	1
-0.3	-1.91231	1
-0.3	-150.641	1
-0.3	121.641	1
-0.3	-40.4988	1
-0.3	73.0965	1
-0.3	-156.479	1
-0.3	156.929	1
-0.3	43.5865	-0.065
-0.3	42.4862	-0.065
-0.3	68.8876	-0.065
-0.3	-101.24	-0.065
-0.3	141.536	-0.065
-0.3	-70.5879	-0.065
-0.3	173.403	-0.065
-0.3	-115.86	-0.065
-0.3	-3.18052	-0.065
-0.3	163.589	-0.065
-0.3	30.0703	-0.065
-0.3	122.06	-0.065
-0.3	122.473	-0.065
-0.3	171.845	-0.065
-0.3	23.1902	-0.065
-0.3	63.4873	-0.065
-0.3	102.018	-0.065
-0.3	91.3225	-0.065
-0.3	-71.0708	-0.065
-0.3	116.086	-0.065
-0.3	-95.873	-0.065
-0.3	19.9956	-0.065
-0.3	-21.5054	-0.065
-0.3	-41.7354	-0.065
-0.3	52.9957	-0.065
-0.3	-34.6633	-0.065
-0.3	-76.8722	-0.065
-0.3	-66.0574	-0.065
-0.3	87.6444	-0.065
-0.3	143.662	-0.065
-0.3	15.9761	-0.065
-0.3	91.3324	-0.065
-0.3	85.1918	-0.065
-0.3	89.4989	-0.065
-0.3	43.7248	-0.065
-0.3	138.317	-0.065
-0.3	-171.016	-0.065
-0.3	-178.058	-0.065
-0.3	63.0922	-0.065
-0.3	52.5011	-0.065
-0.3	-89.3352	-0.065
-0.3	-22.2606	-0.065
-0.3	-129.418	-0.065
-0.3	77.8233	-0.065
-0.3	148.521	-0.065
-0.3	36.5502	-0.065
-0.3	-74.7055	-0.065
-0.3	-6.08372	-0.065
-0.3	26.098	-0.065
-0.3	139.137	-0.065
-0.3	-71.8848	-0.065
-0.3	141.89	-0.065
-0.3	-71.106	-0.065
-0.3	80.0519	-0.065
-0.3	92.5938	-0.065
-0.3	87.9718	-0.065
-0.3	178.376	-0.065
-0.3	105.229	-0.065
-0.3	104.491	-0.065
-0.3	106.315	-0.065
-0.3	153.006	-0.065
-0.3	90.1901	-0.065
-0.3	117.377	-0.065
-0.3	18.525	-0.065
-0.3	122.707	-0.065
-0.3	21.494	-0.065
-0.3	118.472	-0.065
-0.3	-101.048	-0.065
-0.3	133.006	-0.065
-0.3	12.5727	-0.065
-0.3	-48.7915	-0.065
-0.3	30.0849	-0.065
-0.3	-54.5094	-0.065
-0.3	27.6491	-0.065
-0.3	-87.7838	-0.065
-0.3	-89.0007	-0.065
-0.3	-149.602	-0.065
-0.3	161.872	-0.065
-0.3	-42.0398	-0.065
-0.3	63.7258	-0.065
-0.3	-11.7115	-0.065
-0.3	-14.2573	-0.065
-0.3	-143.337	-0.065
-0.3	9.15008	-0.065
-0.3	170.298	-0.065
-0.3	111.424	-0.065
-0.3	-103.365	-0.065
-0.3	-68.1382	-0.065
-0.3	-68.2319	-0.065
-0.3	121.228	-0.065
-0.3	-50.1672	-0.065
-0.3	157.117	-0.065
-0.3	-139.442	-0.065
-0.3	81.6535	-0.065
-0.3	165.292	-0.065
-0.3	158.832	-0.065
-0.3	120.885	-0.065
-0.3	150.496	-0.065
-0.3	-79.3638	-0.065
-0.3	145.969	-0.065
-0.3	163.825	-0.065
-0.3	179.128	-0.065
-0.3	-55.7935	-0.065
-0.3	-20.0965	-0.065
-0.3	-46.4988	-0.065
-0.3	-11.6339	-0.065
-0.3	75.6505	-0.065
-0.3	-174.316	-0.065
-0.3	-174.463	-0.065
-0.3	-9.06164	-0.065
-0.3	-83.9047	-0.065
-0.3	-90.67	-0.065
-0.3	-13.7329	-0.065
-0.3	-34.472	-0.065
-0.3	-109.56	-0.065
-0.3	-50.9464	-0.065
-0.3	-33.1975	-0.065
-0.3	-86.6725	-0.065
-0.3	116.219	-0.065
-0.3	-33.9247	-0.065
-0.3	-67.3258	-0.065
-0.3	127.028	-0.065
-0.3	156.188	-0.065
-0.3	-52.0249	-0.065
-0.3	60.685	-0.065
-0.3	173.213	-0.065
-0.3	-123.91	-0.065
-0.3	-96.8866	-0.065
-0.3	-55.324	-0.065
-0.3	22.5971	-0.065
-0.3	56.3627	-0.065
-0.3	-114.543	-0.065
-0.3	-158.318	-0.065
-0.3	-178.3	-0.065
-0.3	51.2327	-0.065
-0.3	169.278	-0.065
-0.3	46.8729	-0.065
-0.3	96.7376	-0.065
-0.3	-17.6555	-0.065
-0.3	-173.685	-0.065
-0.3	-140.919	-0.065
-0.3	-76.9801	-0.065
-0.3	-94.3437	-0.065
-0.3	158.804	-0.065
-0.3	-55.6125	-0.065
-0.3	26.7076	-0.065
-0.3	-122.314	-0.065
-0.3	72.5657	-0.065
-0.3	-126.555	-0.065
-0.3	-166.079	-0.065
-0.3	70.204	-0.065
-0.3	70.8295	-0.065
-0.3	9.32527	-0.065
-0.3	-90.2755	-0.065
-0.3	103.005	-0.065
-0.3	-121.638	-0.065
