pol.	phi	weight
0.3	-137.464	1
0.3	-41.9743	1
0.3	107.724	1
0.3	-114.122	1
0.3	-71.9335	1
0.3	-0.894544	1
0.3	-74.0816	1
0.3	127.244	1
0.3	-54.3167	1
0.3	-145.346	1
0.3	23.5877	1
0.3	146.087	1
0.3	-39.6006	1
0.3	-16.1089	1
0.3	24.2591	1
0.3	-49.0278	1
0.3	-22.6204	1
0.3	54.5197	1
0.3	-33.917	1
0.3	-107.283	1
0.3	-57.6411	1
0.3	105.19	1
0.3	64.1334	1
0.3	101.666	1
0.3	-107.511	1
0.3	-59.6248	1
0.3	129.823	1
0.3	161.422	1
0.3	80.2941	1
0.3	13.5342	1
0.3	109.747	1
0.3	-100.47	1
0.3	3.8165	1
0.3	57.2728	1
0.3	-128.848	1
0.3	32.7245	1
0.3	-125.122	1
0.3	41.4625	1
0.3	-151.055	1
0.3	-121.938	1
0.3	-39.1967	1
0.3	-156.724	1
0.3	111.47	1
0.3	15.7877	1
0.3	150.737	1
0.3	23.1912	1
0.3	-54.7503	1
0.3	-141.384	1
0.3	-65.6123	1
0.3	-53.3862	1
0.3	79.5004	1
0.3	49.3984	1
0.3	-26.2905	1
0.3	-172.49	1
0.3	71.7086	1
0.3	29.8986	1
0.3	110.508	1
0.3	146.744	1
0.3	163.492	1
0.3	103.752	1
0.3	-156.028	1
0.3	91.2549	1
0.3	60.6351	1
0.3	126.568	1
0.3	84.9703	1
0.3	36.3571	1
0.3	-113.989	1
0.3	-111.593	1
0.3	-169.255	1
0.3	-48.7695	1
0.3	-71.5436	1
0.3	28.4606	1
0.3	100.793	1
0.3	-149.374	1
0.3	140.208	1
0.3	25.3659	1
0.3	48.2726	1
0.3	-175.907	1
0.3	136.72	1
0.3	-119.698	1
0.3	7.63284	1
0.3	146.154	1
0.3	171.088	1
0.3	-58.2798	1
0.3	-54.5944	1
0.3	-50.5137	1
0.3	9.86959	1
0.3	-12.3386	1
0.3	-84.4064	1
0.3	154.347	1
0.3	112.507	1
0.3	-80.0826	1
0.3	74.4295	1
0.3	102.774	1
0.3	-81.7473	1
0.3	48.1057	1
0.3	178.67	1
0.3	-86.9362	1
0.3	-40.6685	1
0.3	119.641	1
0.3	-77.0918	1
0.3	-57.2736	1
0.3	-146.819	1
0.3	121.552	1
0.3	165.528	1
0.3	88.6434	1
0.3	-143.833	1
0.3	128.006	1
0.3	35.8415	1
0.3	-27.5825	1
0.3	-62.9622	1
0.3	11.5165	1
0.3	-31.1577	1
0.3	142.462	1
0.3	-113.987	1
0.3	18.7998	1
0.3	39.4296	1
0.3	70.1158	1
0.3	153.641	1
0.3	8.88956	1
0.3	-81.6769	1
0.3	79.2586	1
0.3	-138.848	1
0.3	155.826	1
0.3	8.03317	1
0.3	9.8106	1
0.3	-82.9366	1
0.3	60.8351	1
0.3	117.63	1
0.3	28.8645	1
0.3	95.6569	1
0.3	-22.1066	1
0.3	-103.684	1
0.3	10.7027	1
0.3	-49.9515	1
0.3	-84.1757	1
0.3	-64.3498	1
0.3	-0.44514	1
0.3	174.909	1
0.3	-172.301	1
0.3	15.411	1
0.3	127.325	1
0.3	-15.2984	1
0.3	-162.409	1
0.3	-121.074	1
0.3	-115.869	1
0.3	23.5088	1
0.3	-82.3032	1
0.3	14.6335	1
0.3	-11.1103	1
0.3	-87.8575	1
0.3	36.1329	1
0.3	-143.455	1
0.3	-137.834	1
0.3	-37.736	1
0.3	-72.0831	1
0.3	-20.416	1
0.3	-113.684	1
0.3	88.1437	1
0.3	-19.2398	1
0.3	-108.385	1
0.3	31.7325	1
0.3	-140.797	1
0.3	-38.2669	1
0.3	-85.3689	1
0.3	-3.92904	1
0.3	-82.7069	1
0.3	-71.1825	1
0.3	56.166	1
0.3	-12.6329	1
0.3	-10.27	1
0.3	70.8747	1
0.3	17.9058	1
0.3	-129.729	1
0.3	-102.841	1
0.3	-15.554	1
0.3	168.487	1
0.3	-169.979	1
0.3	-64.8274	1
0.3	-58.8658	1
0.3	85.9157	1
0.3	-119.554	1
0.3	-75.7333	1
0.3	18.0095	1
0.3	-46.1728	1
0.3	-120.886	1
0.3	-8.49015	1
0.3	-136.53	1
0.3	20.0843	1
0.3	-48.478	1
0.3	100.644	1
0.3	165.731	1
0.3	120.753	1
0.3	101.321	1
0.3	15.8395	1
0.3	-179.542	1
0.3	-126.433	1
0.3	-47.6502	1
0.3	35.8399	1
0.3	69.0373	1
0.3	0.179132	1
0.3	-136.945	1
0.3	-175.861	1
0.3	37.6613	1
0.3	-108.165	1
0.3	-73.8328	1
0.3	-60.5081	1
0.3	-10.0576	1
0.3	-62.8284	1
0.3	-120.419	1
0.3	-73.6771	1
0.3	-90.242	1
0.3	-160.214	1
0.3	-166.002	1
0.3	-3.80087	1
0.3	-139.55	1
0.3	116.557	1
0.3	-134.46	-0.065
0.3	-93.225	-0.065
0.3	35.3767	-0.065
0.3	-43.8363	-0.065
0.3	53.5271	-0.065
0.3	-32.9932	-0.065
0.3	-60.3057	-0.065
0.3	92.9558	-0.065
0.3	-146.062	-0.065
0.3	-160.569	-0.065
0.3	-5.31517	-0.065
0.3	80.4417	-0.065
0.3	-132.225	-0.065
0.3	-96.4054	-0.065
0.3	-77.1895	-0.065
0.3	-177.321	-0.065
0.3	178.953	-0.065
0.3	-32.2248	-0.065
0.3	160.924	-0.065
0.3	-71.818	-0.065
0.3	179.871	-0.065
0.3	5.03239	-0.065
0.3	37.6048	-0.065
0.3	51.2752	-0.065
0.3	-178.728	-0.065
0.3	-112.07	-0.065
0.3	-77.37	-0.065
0.3	-83.7157	-0.065
0.3	137.156	-0.065
0.3	29.3768	-0.065
0.3	-44.7042	-0.065
0.3	-150.472	-0.065
0.3	-169.561	-0.065
0.3	39.2795	-0.065
0.3	-114.5	-0.065
0.3	119.555	-0.065
0.3	140.904	-0.065
0.3	10.6386	-0.065
0.3	-86.3661	-0.065
0.3	-122.474	-0.065
0.3	101.843	-0.065
0.3	71.2313	-0.065
0.3	133.362	-0.065
0.3	53.7636	-0.065
0.3	-124.461	-0.065
0.3	94.7743	-0.065
0.3	1.26233	-0.065
0.3	-145.145	-0.065
0.3	-97.5641	-0.065
0.3	-106.782	-0.065
0.3	26.6472	-0.065
0.3	24.2595	-0.065
0.3	42.6494	-0.065
0.3	-5.03809	-0.065
0.3	-106.136	-0.065
0.3	-87.9648	-0.065
0.3	-176.706	-0.065
0.3	-136.885	-0.065
0.3	-134.002	-0.065
0.3	-125.802	-0.065
0.3	-111.186	-0.065
0.3	108.002	-0.065
0.3	0.546315	-0.065
0.3	-60.0157	-0.065
0.3	-137.207	-0.065
0.3	-149.393	-0.065
0.3	-128.665	-0.065
0.3	-3.65659	-0.065
0.3	-150.737	-0.065
0.3	-16.5566	-0.065
0.3	-89.5161	-0.065
0.3	176.453	-0.065
0.3	-66.8654	-0.065
0.3	39.8993	-0.065
0.3	-7.74557	-0.065
0.3	116.237	-0.065
0.3	-173.953	-0.065
0.3	-49.203	-0.065
0.3	-82.1725	-0.065
0.3	14.2625	-0.065
0.3	-1.56733	-0.065
0.3	-53.4967	-0.065
0.3	-113.914	-0.065
0.3	12.7026	-0.065
0.3	28.0246	-0.065
0.3	-12.473	-0.065
0.3	-69.6286	-0.065
0.3	-37.0906	-0.065
0.3	15.2419	-0.065
0.3	14.924	-0.065
0.3	-116.439	-0.065
0.3	-68.8264	-0.065
0.3	154.245	-0.065
0.3	98.3202	-0.065
0.3	127.839	-0.065
0.3	1.23671	-0.065
0.3	100.176	-0.065
0.3	8.5714	-0.065
0.3	-176.563	-0.065
0.3	-117.086	-0.065
0.3	167.679	-0.065
0.3	-4.57594	-0.065
0.3	-152.438	-0.065
0.3	120.733	-0.065
0.3	142.087	-0.065
0.3	75.3663	-0.065
0.3	104.999	-0.065
0.3	-43.5171	-0.065
0.3	-114.972	-0.065
0.3	-94.3026	-0.065
0.3	150.683	-0.065
0.3	-48.2777	-0.065
0.3	-73.6182	-0.065
0.3	-104.498	-0.065
0.3	-33.3046	-0.065
0.3	49.7958	-0.065
0.3	29.5949	-0.065
0.3	-128.348	-0.065
0.3	24.0529	-0.065
0.3	157.201	-0.065
0.3	82.3373	-0.065
0.3	51.1078	-0.065
0.3	-161.843	-0.065
0.3	177.978	-0.065
0.3	161.073	-0.065
0.3	-148.896	-0.065
0.3	-73.0372	-0.065
0.3	122.347	-0.065
0.3	-132.258	-0.065
0.3	-62.251	-0.065
0.3	-95.7777	-0.065
0.3	26.7332	-0.065
0.3	33.2644	-0.065
0.3	62.0567	-0.065
0.3	169.776	-0.065
0.3	-126.27	-0.065
0.3	-80.4065	-0.065
0.3	59.3476	-0.065
0.3	103.545	-0.065
0.3	-148.721	-0.065
0.3	-56.802	-0.065
0.3	-19.165	-0.065
0.3	-28.0142	-0.065
0.3	148.261	-0.065
0.3	79.8689	-0.065
0.3	165.507	-0.065
0.3	76.9987	-0.065
0.3	-8.37688	-0.065
0.3	-131.977	-0.065
0.3	-27.9352	-0.065
0.3	-21.7173	-0.065
0.3	-161.607	-0.065
0.3	32.8142	-0.065
0.3	81.4494	-0.065
0.3	-154.529	-0.065
0.3	-115.441	-0.065
0.3	-4.60874	-0.065
0.3	137.05	-0.065
0.3	-41.3019	-0.065
0.3	19.4259	-0.065
0.3	-81.7434	-0.065
0.3	-119.741	-0.065
0.3	125.806	-0.065
0.3	56.698	-0.065
0.3	-92.7434	-0.065
0.3	-51.5456	-0.065
0.3	141.462	-0.065
0.3	42.4396	-0.065
-0.3	43.2972	1
-0.3	124.871	1
-0.3	38.8222	1
-0.3	146.137	1
-0.3	0.511783	1
-0.3	131.825	1
-0.3	-90.146	1
-0.3	24.9426	1
-0.3	-48.0239	1
-0.3	49.6471	1
-0.3	125.736	1
-0.3	24.7717	1
-0.3	100.998	1
-0.3	-63.484	1
-0.3	57.5448	1
-0.3	16.7891	1
-0.3	-63.9042	1
-0.3	-149.448	1
-0.3	86.6483	1
-0.3	-21.2372	1
-0.3	-132.598	1
-0.3	-159.834	1
-0.3	-151.177	1
-0.3	167.071	1
-0.3	33.2983	1
-0.3	-40.5626	1
-0.3	49.0761	1
-0.3	26.2474	1
-0.3	-47.3316	1
-0.3	-33.6332	1
-0.3	-45.3172	1
-0.3	-19.1481	1
-0.3	35.0228	1
-0.3	159.355	1
-0.3	-134.743	1
-0.3	30.3333	1
-0.3	-170.352	1
-0.3	159.297	1
-0.3	31.145	1
-0.3	-122.154	1
-0.3	-7.18994	1
-0.3	5.62942	1
-0.3	46.3942	1
-0.3	120.511	1
-0.3	116.62	1
-0.3	170.378	1
-0.3	16.6343	1
-0.3	46.1268	1
-0.3	41.2335	1
-0.3	-140.669	1
-0.3	-178.238	1
-0.3	150.351	1
-0.3	125.808	1
-0.3	117.063	1
-0.3	127.486	1
-0.3	-121.312	1
-0.3	21.6939	1
-0.3	0.44786	1
-0.3	25.1665	1
-0.3	-44.1117	1
-0.3	-147.959	1
-0.3	86.7265	1
-0.3	-97.8871	1
-0.3	28.8685	1
-0.3	-89.1925	1
-0.3	28.0278	1
-0.3	-34.7198	1
-0.3	93.3321	1
-0.3	142.058	1
-0.3	55.8018	1
-0.3	3.81013	1
-0.3	-54.4385	1
-0.3	76.7672	1
-0.3	-36.6302	1
-0.3	-56.4898	1
-0.3	38.7978	1
-0.3	-24.0507	1
-0.3	-132.553	1
-0.3	68.1894	1
-0.3	29.2161	1
-0.3	21.9971	1
-0.3	124.8	1
-0.3	-82.8448	1
-0.3	-101.142	1
-0.3	-38.9892	1
-0.3	91.905	1
-0.3	87.4937	1
-0.3	-134.139	1
-0.3	-71.5091	1
-0.3	-149.606	1
-0.3	165.226	1
-0.3	46.627	1
-0.3	-9.79804	1
-0.3	128.84	1
-0.3	-105.005	1
-0.3	168.44	1
-0.3	54.3246	1
-0.3	-1.98661	1
-0.3	-179.678	1
-0.3	-161.685	1
-0.3	-2.96367	1
-0.3	61.5851	1
-0.3	-85.4009	1
-0.3	178.655	1
-0.3	-151.239	1
-0.3	149.766	1
-0.3	-44.229	1
-0.3	-111.117	1
-0.3	22.0906	1
-0.3	57.455	1
-0.3	48.6149	1
-0.3	154.957	1
-0.3	34.6963	1
-0.3	20.9433	1
-0.3	-163.309	1
-0.3	12.4163	1
-0.3	-119.549	1
-0.3	2.33735	1
-0.3	141.882	1
-0.3	162.148	1
-0.3	119.904	1
-0.3	156.464	1
-0.3	-37.6932	1
-0.3	130.235	1
-0.3	78.3965	1
-0.3	36.1354	1
-0.3	58.0339	1
-0.3	42.2272	1
-0.3	-105.236	1
-0.3	101.182	1
-0.3	169.194	1
-0.3	-49.9225	1
-0.3	-146.238	1
-0.3	-113.064	1
-0.3	166.537	1
-0.3	158.131	1
-0.3	-82.9417	1
-0.3	119.96	1
-0.3	81.0081	1
-0.3	-106.899	1
-0.3	-31.5482	1
-0.3	-4.36454	1
-0.3	-95.7209	1
-0.3	-177.937	1
-0.3	38.0088	1
-0.3	-119.982	1
-0.3	44.9033	1
-0.3	-32.9958	1
-0.3	139.61	1
-0.3	106.814	1
-0.3	99.0649	1
-0.3	141.447	1
-0.3	-108.586	1
-0.3	-62.7147	1
-0.3	92.4916	1
-0.3	-109.881	1
-0.3	-96.173	1
-0.3	-38.0302	1
-0.3	89.8134	1
-0.3	-102.866	1
-0.3	168.359	1
-0.3	-38.2831	1
-0.3	56.831	1
-0.3	14.9594	1
-0.3	12.9708	1
-0.3	120.259	1
-0.3	-170.226	1
-0.3	-121.361	1
-0.3	-115.048	1
-0.3	42.8617	1
-0.3	-170.436	1
-0.3	-35.8262	1
-0.3	84.3799	1
-0.3	142.213	1
-0.3	50.7852	1
-0.3	63.3213	1
-0.3	153.15	1
-0.3	175.275	1
-0.3	-27.1794	1
-0.3	-126.935	1
-0.3	-161.826	1
-0.3	148.146	1
-0.3	146.615	1
-0.3	12.9635	1
-0.3	-5.82581	1
-0.3	40.338	1
-0.3	-9.54516	-0.065
-0.3	-153.128	-0.065
-0.3	-50.0674	-0.065
-0.3	-153.92	-0.065
-0.3	62.4849	-0.065
-0.3	-144.772	-0.065
-0.3	58.8022	-0.065
-0.3	5.12103	-0.065
-0.3	139.929	-0.065
-0.3	41.3255	-0.065
-0.3	-108.592	-0.065
-0.3	-9.84052	-0.065
-0.3	-172.375	-0.065
-0.3	-98.8244	-0.065
-0.3	2.94411	-0.065
-0.3	-146.091	-0.065
-0.3	115.564	-0.065
-0.3	-179.732	-0.065
-0.3	152.501	-0.065
-0.3	-79.2718	-0.065
-0.3	-49.4374	-0.065
-0.3	155.69	-0.065
-0.3	32.4132	-0.065
-0.3	-153.775	-0.065
-0.3	-65.1012	-0.065
-0.3	174.915	-0.065
-0.3	-156.085	-0.065
-0.3	-33.7822	-0.065
-0.3	-114.881	-0.065
-0.3	114.54	-0.065
-0.3	-161.634	-0.065
-0.3	72.8059	-0.065
-0.3	98.6796	-0.065
-0.3	-135.674	-0.065
-0.3	-52.7262	-0.065
-0.3	61.749	-0.065
-0.3	-132.632	-0.065
-0.3	-115.196	-0.065
-0.3	-157.236	-0.065
-0.3	178.933	-0.065
-0.3	-177.869	-0.065
-0.3	177.309	-0.065
-0.3	13.5015	-0.065
-0.3	-116.493	-0.065
-0.3	110.234	-0.065
-0.3	177.197	-0.065
-0.3	-93.484	-0.065
-0.3	93.2789	-0.065
-0.3	155.651	-0.065
-0.3	128.066	-0.065
-0.3	-39.7682	-0.065
-0.3	-1.68864	-0.065
-0.3	-172.039	-0.065
-0.3	-43.8344	-0.065
-0.3	145.368	-0.065
-0.3	159.607	-0.065
-0.3	-153.371	-0.065
-0.3	-146.973	-0.065
-0.3	-7.62324	-0.065
-0.3	-139.07	-0.065
-0.3	-74.2535	-0.065
-0.3	-39.5805	-0.065
-0.3	-39.8954	-0.065
-0.3	-129.204	-0.065
-0.3	174.417	-0.065
-0.3	52.0906	-0.065
-0.3	-66.0277	-0.065
-0.3	-98.7158	-0.065
-0.3	141.09	-0.065
-0.3	61.2545	-0.065
-0.3	160.983	-0.065
-0.3	99.8946	-0.065
-0.3	2.43572	-0.065
-0.3	-23.2522	-0.065
-0.3	10.9079	-0.065
-0.3	171.328	-0.065
-0.3	110.156	-0.065
-0.3	-53.8719	-0.065
-0.3	31.3557	-0.065
-0.3	-138.081	-0.065
-0.3	-50.0212	-0.065
-0.3	-9.83474	-0.065
-0.3	142.37	-0.065
-0.3	151.228	-0.065
-0.3	-115.066	-0.065
-0.3	-21.5507	-0.065
-0.3	67.9204	-0.065
-0.3	-5.12676	-0.065
-0.3	-60.1385	-0.065
-0.3	-127.287	-0.065
-0.3	-39.4617	-0.065
-0.3	-66.8239	-0.065
-0.3	-69.1391	-0.065
-0.3	-127.654	-0.065
-0.3	-50.6352	-0.065
-0.3	-125.123	-0.065
-0.3	121.163	-0.065
-0.3	45.4953	-0.065
-0.3	-28.8551	-0.065
-0.3	170.191	-0.065
-0.3	-148.271	-0.065
-0.3	-75.2913	-0.065
-0.3	-143.377	-0.065
-0.3	153.826	-0.065
-0.3	-84.327	-0.065
-0.3	-71.4818	-0.065
-0.3	77.1738	-0.065
-0.3	-45.6594	-0.065
-0.3	-21.0533	-0.065
-0.3	-122.704	-0.065
-0.3	-13.3251	-0.065
-0.3	-23.5165	-0.065
-0.3	134.396	-0.065
-0.3	-91.1265	-0.065
-0.3	126.123	-0.065
-0.3	-10.6031	-0.065
-0.3	114.11	-0.065
-0.3	170.328	-0.065
-0.3	109.45	-0.065
-0.3	-66.0108	-0.065
-0.3	148.191	-0.065
-0.3	-8.96641	-0.065
-0.3	89.7702	-0.065
-0.3	-157.781	-0.065
-0.3	34.8033	-0.065
-0.3	-65.3688	-0.065
-0.3	126.84	-0.065
-0.3	7.34699	-0.065
-0.3	135.68	-0.065
-0.3	-171.058	-0.065
-0.3	179.624	-0.065
-0.3	128.417	-0.065
-0.3	174.31	-0.065
-0.3	34.4974	-0.065
-0.3	-174.859	-0.065
-0.3	11.0044	-0.065
-0.3	-173.767	-0.065
-0.3	-46.8378	-0.065
-0.3	-115.454	-0.065
-0.3	92.3378	-0.065
-0.3	2.78282	-0.065
-0.3	-179.097	-0.065
-0.3	-131.014	-0.065
-0.3	85.9136	-0.065
