pol.	phi	weight
0.3	68.2443	1
0.3	-22.6945	1
0.3	-24.5275	1
0.3	37.6979	1
0.3	17.2948	1
0.3	3.88758	1
0.3	152.241	1
0.3	-153.268	1
0.3	167.539	1
0.3	-161.385	1
0.3	126.259	1
0.3	57.3702	1
0.3	161.165	1
0.3	147.722	1
0.3	-32.8646	1
0.3	-50.6684	1
0.3	64.0416	1
0.3	157.948	1
0.3	-118.762	1
0.3	100.175	1
0.3	-23.321	1
0.3	-56.9382	1
0.3	62.1217	1
0.3	-120.996	1
0.3	39.366	1
0.3	-54.1628	1
0.3	177.399	1
0.3	113.867	1
0.3	-69.7437	1
0.3	-58.1855	1
0.3	149.709	1
0.3	133.239	1
0.3	-122.935	1
0.3	-49.3439	1
0.3	154.783	1
0.3	-73.3075	1
0.3	3.32174	1
0.3	34.1318	1
0.3	39.4534	1
0.3	-84.2807	1
0.3	146.332	1
0.3	-162.134	1
0.3	-176.07	1
0.3	21.753	1
0.3	92.1283	1
0.3	-174.638	1
0.3	-31.1744	1
0.3	-98.1577	1
0.3	-54.8436	1
0.3	-133.835	1
0.3	28.3552	1
0.3	-153.591	1
0.3	-35.3468	1
0.3	91.367	1
0.3	13.3609	1
0.3	-148.779	1
0.3	1.40381	1
0.3	119.616	1
0.3	98.4427	1
0.3	135.415	1
0.3	165.208	1
0.3	-53.1576	1
0.3	149.068	1
0.3	22.4927	1
0.3	14.7725	1
0.3	34.5333	1
0.3	-15.8503	1
0.3	113.958	1
0.3	-25.2239	1
0.3	-121.535	1
0.3	4.39866	1
0.3	115.962	1
0.3	27.9978	1
0.3	-104.984	1
0.3	101.413	1
0.3	-3.29816	1
0.3	128.57	1
0.3	122.33	1
0.3	-177	1
0.3	-37.0157	1
0.3	-33.6424	1
0.3	-32.4011	1
0.3	111.422	1
0.3	134.643	1
0.3	-1.68195	1
0.3	155.599	1
0.3	139.496	1
0.3	-65.3136	1
0.3	105.03	1
0.3	28.5083	1
0.3	5.31936	1
0.3	-51.4694	1
0.3	-10.3094	1
0.3	-41.5317	1
0.3	158.994	1
0.3	15.1316	1
0.3	-169.591	1
0.3	-28.5468	1
0.3	59.2456	1
0.3	29.7922	1
0.3	-94.4321	1
0.3	149.313	1
0.3	-168.003	1
0.3	-61.9184	1
0.3	30.2201	1
0.3	-18.6305	1
0.3	-0.838143	1
0.3	146.473	1
0.3	151.035	1
0.3	5.40674	1
0.3	-90.4378	1
0.3	-165.774	1
0.3	-92.7729	1
0.3	-74.1068	1
0.3	-44.955	1
0.3	83.6811	1
0.3	148.017	1
0.3	-78.4467	1
0.3	8.28976	1
0.3	-108.107	1
0.3	6.44047	1
0.3	-122.874	1
0.3	25.927	1
0.3	120.067	1
0.3	136.318	1
0.3	-33.833	1
0.3	-168.407	1
0.3	-69.2796	1
0.3	17.2011	1
0.3	148.377	1
0.3	-64.6028	1
0.3	-124.378	1
0.3	-122.908	1
0.3	-153.49	1
0.3	135.089	1
0.3	-100.453	1
0.3	-18.9115	1
0.3	-8.18265	1
0.3	68.1485	1
0.3	160.984	1
0.3	-42.7912	1
0.3	16.8076	1
0.3	-57.1045	1
0.3	91.6765	1
0.3	-45.2065	1
0.3	153.537	1
0.3	-55.7287	1
0.3	52.8453	1
0.3	-38.3965	1
0.3	96.9834	1
0.3	-16.3556	1
0.3	30.5118	1
0.3	-73.9368	1
0.3	-55.5521	1
0.3	155.432	1
0.3	-34.358	1
0.3	-0.66639	1
0.3	-42.2509	1
0.3	-167.809	1
0.3	-131.934	1
0.3	-177.3	1
0.3	114.078	1
0.3	-29.2034	1
0.3	0.999867	1
0.3	-110.208	1
0.3	61.0583	1
0.3	-172.528	1
0.3	-88.1716	1
0.3	27.5266	1
0.3	-108.542	1
0.3	-78.8642	1
0.3	-133.775	1
0.3	-71.2616	1
0.3	-131.278	1
0.3	-114.086	1
0.3	-175.067	1
0.3	-125.897	1
0.3	139.993	1
0.3	-130.308	1
0.3	-12.8429	1
0.3	-60.4042	1
0.3	-71.2536	1
0.3	54.3701	1
0.3	76.573	1
0.3	52.5024	1
0.3	-164.207	1
0.3	-117.921	1
0.3	-49.0013	1
0.3	78.4628	1
0.3	74.0366	1
0.3	53.4804	1
0.3	-10.5989	1
0.3	-148.384	1
0.3	-89.8113	1
0.3	124.974	1
0.3	-111.228	1
0.3	84.3064	-0.065
0.3	74.5293	-0.065
0.3	-70.5665	-0.065
0.3	-10.5655	-0.065
0.3	-17.8199	-0.065
0.3	-86.5628	-0.065
0.3	64.6644	-0.065
0.3	-16.6576	-0.065
0.3	-65.2831	-0.065
0.3	34.1183	-0.065
0.3	130.455	-0.065
0.3	-2.17263	-0.065
0.3	-174.83	-0.065
0.3	99.5379	-0.065
0.3	89.1867	-0.065
0.3	-167.328	-0.065
0.3	96.2397	-0.065
0.3	-144.082	-0.065
0.3	110.905	-0.065
0.3	50.9107	-0.065
0.3	107.305	-0.065
0.3	-43.8079	-0.065
0.3	-59.8849	-0.065
0.3	152.548	-0.065
0.3	-11.5215	-0.065
0.3	15.0607	-0.065
0.3	38.019	-0.065
0.3	-71.3277	-0.065
0.3	11.3365	-0.065
0.3	-120.386	-0.065
0.3	100.616	-0.065
0.3	0.159321	-0.065
0.3	-160.496	-0.065
0.3	-61.1598	-0.065
0.3	144.798	-0.065
0.3	-155.215	-0.065
0.3	65.2189	-0.065
0.3	5.40284	-0.065
0.3	-76.764	-0.065
0.3	39.2044	-0.065
0.3	101.982	-0.065
0.3	-173.95	-0.065
0.3	-172.826	-0.065
0.3	-137.872	-0.065
0.3	-37.1692	-0.065
0.3	93.1426	-0.065
0.3	-128.427	-0.065
0.3	68.3019	-0.065
0.3	-13.981	-0.065
0.3	-21.0964	-0.065
0.3	-141.656	-0.065
0.3	-68.4535	-0.065
0.3	65.7688	-0.065
0.3	61.0438	-0.065
0.3	-8.10454	-0.065
0.3	-3.96828	-0.065
0.3	-74.8211	-0.065
0.3	33.1373	-0.065
0.3	-99.5337	-0.065
0.3	-164.682	-0.065
0.3	-34.1985	-0.065
0.3	-101.423	-0.065
0.3	111.256	-0.065
0.3	87.7396	-0.065
0.3	10.7588	-0.065
0.3	87.0027	-0.065
0.3	-100.645	-0.065
0.3	-139.411	-0.065
0.3	168.235	-0.065
0.3	29.5581	-0.065
0.3	160.823	-0.065
0.3	-98.885	-0.065
0.3	-91.7105	-0.065
0.3	-117.44	-0.065
0.3	3.20758	-0.065
0.3	169.505	-0.065
0.3	151.302	-0.065
0.3	81.7127	-0.065
0.3	-117.487	-0.065
0.3	-28.9634	-0.065
0.3	-129.307	-0.065
0.3	107.967	-0.065
0.3	-42.0291	-0.065
0.3	-152.895	-0.065
0.3	110.125	-0.065
0.3	-154.397	-0.065
0.3	140.3	-0.065
0.3	16.8019	-0.065
0.3	-170.844	-0.065
0.3	-104.555	-0.065
0.3	-68.8239	-0.065
0.3	-135.472	-0.065
0.3	-60.6976	-0.065
0.3	105.029	-0.065
0.3	-143.543	-0.065
0.3	-166.7	-0.065
0.3	72.1649	-0.065
0.3	42.8383	-0.065
0.3	41.9896	-0.065
0.3	10.1241	-0.065
0.3	37.9194	-0.065
0.3	26.1983	-0.065
0.3	-144.116	-0.065
0.3	1.08937	-0.065
0.3	17.5543	-0.065
0.3	-154.909	-0.065
0.3	152.953	-0.065
0.3	-168.015	-0.065
0.3	134.095	-0.065
0.3	-145.98	-0.065
0.3	163.835	-0.065
0.3	-140.929	-0.065
0.3	70.178	-0.065
0.3	-141.919	-0.065
0.3	157.891	-0.065
0.3	-55.3072	-0.065
0.3	111.983	-0.065
0.3	3.78637	-0.065
0.3	-110.06	-0.065
0.3	-34.6753	-0.065
0.3	-12.9597	-0.065
0.3	-144.238	-0.065
0.3	-14.0598	-0.065
0.3	20.427	-0.065
0.3	-115.232	-0.065
0.3	-4.94122	-0.065
0.3	74.7106	-0.065
0.3	-17.6314	-0.065
0.3	130.932	-0.065
0.3	150.854	-0.065
0.3	-15.4124	-0.065
0.3	156.397	-0.065
0.3	-141.337	-0.065
0.3	-71.66	-0.065
0.3	19.6177	-0.065
0.3	38.2149	-0.065
0.3	-134.633	-0.065
0.3	85.6014	-0.065
0.3	41.6923	-0.065
0.3	-126.038	-0.065
0.3	-113.293	-0.065
0.3	161.025	-0.065
0.3	-124.44	-0.065
0.3	150.037	-0.065
0.3	-41.3063	-0.065
0.3	28.5455	-0.065
0.3	148.927	-0.065
0.3	-150.889	-0.065
0.3	-40.2587	-0.065
0.3	-167.209	-0.065
0.3	-122.401	-0.065
0.3	98.1394	-0.065
-0.3	162.931	1
-0.3	-120.633	1
-0.3	-9.28969	1
-0.3	138.31	1
-0.3	-100.09	1
-0.3	51.0815	1
-0.3	3.04628	1
-0.3	-166.54	1
-0.3	44.5427	1
-0.3	50.8361	1
-0.3	156.213	1
-0.3	27.9162	1
-0.3	36.349	1
-0.3	26.3284	1
-0.3	15.8549	1
-0.3	-63.1689	1
-0.3	-71.1121	1
-0.3	57.066	1
-0.3	96.5278	1
-0.3	64.0664	1
-0.3	79.7557	1
-0.3	-104.237	1
-0.3	-108.193	1
-0.3	-69.6657	1
-0.3	-24.2594	1
-0.3	-127.95	1
-0.3	179.615	1
-0.3	-118.405	1
-0.3	112.988	1
-0.3	144.161	1
-0.3	-0.534132	1
-0.3	-165.604	1
-0.3	-153.24	1
-0.3	61.0501	1
-0.3	164.794	1
-0.3	109.527	1
-0.3	0.0474125	1
-0.3	-110.557	1
-0.3	58.4096	1
-0.3	10.8616	1
-0.3	-175.453	1
-0.3	71.4845	1
-0.3	102.642	1
-0.3	158.689	1
-0.3	-48.4886	1
-0.3	-159.5	1
-0.3	28.887	1
-0.3	-175.517	1
-0.3	87.4634	1
-0.3	69.2627	1
-0.3	178.586	1
-0.3	164.39	1
-0.3	34.0862	1
-0.3	-24.7166	1
-0.3	-110.005	1
-0.3	95.8211	1
-0.3	38.3847	1
-0.3	-29.1045	1
-0.3	-34.9325	1
-0.3	132.447	1
-0.3	-115.582	1
-0.3	140.241	1
-0.3	-75.011	1
-0.3	84.0259	1
-0.3	25.0636	1
-0.3	153.129	1
-0.3	52.9434	1
-0.3	-164.444	1
-0.3	58.2771	1
-0.3	7.16008	1
-0.3	121.347	1
-0.3	70.0671	1
-0.3	-143.05	1
-0.3	87.1327	1
-0.3	-82.805	1
-0.3	107.506	1
-0.3	12.3333	1
-0.3	72.7666	1
-0.3	25.3695	1
-0.3	12.8727	1
-0.3	-44.2382	1
-0.3	-78.0055	1
-0.3	82.7296	1
-0.3	-126.126	1
-0.3	68.6128	1
-0.3	-74.2913	1
-0.3	-97.8083	1
-0.3	160.644	1
-0.3	-11.5849	1
-0.3	-172.416	1
-0.3	147.159	1
-0.3	109.87	1
-0.3	130.262	1
-0.3	-47.1904	1
-0.3	24.5961	1
-0.3	-81.6321	1
-0.3	-96.3005	1
-0.3	149.78	1
-0.3	139.472	1
-0.3	148.693	1
-0.3	179.157	1
-0.3	8.41449	1
-0.3	63.4204	1
-0.3	134.787	1
-0.3	-7.50063	1
-0.3	-126.202	1
-0.3	119.385	1
-0.3	47.3264	1
-0.3	-53.8265	1
-0.3	119.363	1
-0.3	-157.463	1
-0.3	73.1277	1
-0.3	-148.075	1
-0.3	38.6727	1
-0.3	-3.45916	1
-0.3	59.0584	1
-0.3	-139.343	1
-0.3	109.046	1
-0.3	-110.102	1
-0.3	173.12	1
-0.3	-123.12	1
-0.3	128.055	1
-0.3	-118.484	1
-0.3	-106.577	1
-0.3	69.9792	1
-0.3	-15.2319	1
-0.3	34.3297	1
-0.3	-167.184	1
-0.3	-74.5005	1
-0.3	16.3696	1
-0.3	56.7418	1
-0.3	20.8332	1
-0.3	149.706	1
-0.3	-93.9492	1
-0.3	-43.8995	1
-0.3	-67.5337	1
-0.3	-105.062	1
-0.3	49.0827	1
-0.3	117.94	1
-0.3	-160.623	1
-0.3	40.4122	1
-0.3	-176.321	1
-0.3	156.1	1
-0.3	-124.697	1
-0.3	-17.2382	1
-0.3	135.718	1
-0.3	-9.23305	1
-0.3	-174.04	1
-0.3	-164.843	1
-0.3	128.981	1
-0.3	-56.2555	1
-0.3	-20.194	1
-0.3	-0.493425	1
-0.3	113	1
-0.3	92.4239	1
-0.3	-65.6024	1
-0.3	96.2702	1
-0.3	-3.51549	1
-0.3	-13.5944	1
-0.3	29.5819	1
-0.3	179.197	1
-0.3	-23.2405	1
-0.3	73.6714	1
-0.3	98.0048	1
-0.3	95.8185	1
-0.3	70.2434	1
-0.3	-100.625	1
-0.3	-128.105	1
-0.3	27.369	1
-0.3	168.203	1
-0.3	118.99	1
-0.3	-13.5471	1
-0.3	178.838	1
-0.3	150.87	1
-0.3	29.1166	1
-0.3	-173.784	1
-0.3	-24.6421	1
-0.3	164.757	1
-0.3	-88.8582	1
-0.3	114.531	1
-0.3	17.6553	1
-0.3	142.887	1
-0.3	8.61546	1
-0.3	-170.096	1
-0.3	5.45889	1
-0.3	1.9895	1
-0.3	-12.7661	1
-0.3	80.6785	1
-0.3	-153.315	1
-0.3	-92.8179	1
-0.3	175.989	-0.065
-0.3	10.7094	-0.065
-0.3	-58.829	-0.065
-0.3	33.5527	-0.065
-0.3	149.22	-0.065
-0.3	-4.57841	-0.065
-0.3	-56.4943	-0.065
-0.3	105.774	-0.065
-0.3	60.567	-0.065
-0.3	86.1657	-0.065
-0.3	105.081	-0.065
-0.3	-84.799	-0.065
-0.3	136.097	-0.065
-0.3	50.5232	-0.065
-0.3	14.8682	-0.065
-0.3	76.3261	-0.065
-0.3	-10.889	-0.065
-0.3	-41.969	-0.065
-0.3	-13.3787	-0.065
-0.3	-92.4442	-0.065
-0.3	-162.314	-0.065
-0.3	93.6255	-0.065
-0.3	107.454	-0.065
-0.3	115.215	-0.065
-0.3	125.738	-0.065
-0.3	102.704	-0.065
-0.3	115.888	-0.065
-0.3	14.4328	-0.065
-0.3	-45.1622	-0.065
-0.3	139.623	-0.065
-0.3	176.371	-0.065
-0.3	-11.4038	-0.065
-0.3	167.732	-0.065
-0.3	-157.369	-0.065
-0.3	-41.6584	-0.065
-0.3	-128.228	-0.065
-0.3	22.7419	-0.065
-0.3	111.55	-0.065
-0.3	-124.78	-0.065
-0.3	-69.4753	-0.065
-0.3	119.721	-0.065
-0.3	-2.77198	-0.065
-0.3	-100.656	-0.065
-0.3	159.397	-0.065
-0.3	-140.652	-0.065
-0.3	171.539	-0.065
-0.3	-177.83	-0.065
-0.3	144.932	-0.065
-0.3	129.179	-0.065
-0.3	-56.59	-0.065
-0.3	69.9618	-0.065
-0.3	35.668	-0.065
-0.3	16.0906	-0.065
-0.3	-60.4276	-0.065
-0.3	108.16	-0.065
-0.3	32.085	-0.065
-0.3	138.037	-0.065
-0.3	31.7713	-0.065
-0.3	123.272	-0.065
-0.3	171.106	-0.065
-0.3	-128.365	-0.065
-0.3	-83.9008	-0.065
-0.3	0.437437	-0.065
-0.3	171.844	-0.065
-0.3	33.8635	-0.065
-0.3	-16.5397	-0.065
-0.3	-110.414	-0.065
-0.3	158.991	-0.065
-0.3	-29.9692	-0.065
-0.3	-15.5531	-0.065
-0.3	85.7634	-0.065
-0.3	49.801	-0.065
-0.3	-48.7972	-0.065
-0.3	-27.0571	-0.065
-0.3	1.96306	-0.065
-0.3	-44.74	-0.065
-0.3	-17.8509	-0.065
-0.3	-115.775	-0.065
-0.3	-0.980456	-0.065
-0.3	-123.873	-0.065
-0.3	58.5485	-0.065
-0.3	-172.414	-0.065
-0.3	-86.7513	-0.065
-0.3	127.568	-0.065
-0.3	-147.208	-0.065
-0.3	7.96812	-0.065
-0.3	-89.0116	-0.065
-0.3	155.007	-0.065
-0.3	44.1256	-0.065
-0.3	-31.7124	-0.065
-0.3	-91.1074	-0.065
-0.3	-10.6297	-0.065
-0.3	163.642	-0.065
-0.3	-80.5561	-0.065
-0.3	-38.5897	-0.065
-0.3	-170.065	-0.065
-0.3	115.595	-0.065
-0.3	158.38	-0.065
-0.3	33.2192	-0.065
-0.3	-72.4115	-0.065
-0.3	82.7251	-0.065
-0.3	0.289297	-0.065
-0.3	-9.66605	-0.065
-0.3	150.003	-0.065
-0.3	-20.5772	-0.065
-0.3	-23.8988	-0.065
-0.3	-133.838	-0.065
-0.3	-106.411	-0.065
-0.3	0.755392	-0.065
-0.3	60.318	-0.065
-0.3	-90.1705	-0.065
-0.3	-56.2916	-0.065
-0.3	75.8904	-0.065
-0.3	-101.047	-0.065
-0.3	-17.5837	-0.065
-0.3	-64.1049	-0.065
-0.3	-103.67	-0.065
-0.3	114.102	-0.065
-0.3	-25.6923	-0.065
-0.3	-179.18	-0.065
-0.3	169.289	-0.065
-0.3	39.3177	-0.065
-0.3	151.975	-0.065
-0.3	-10.4563	-0.065
-0.3	-97.3522	-0.065
-0.3	96.4844	-0.065
-0.3	-145.534	-0.065
-0.3	-1.27179	-0.065
-0.3	18.074	-0.065
-0.3	-127.328	-0.065
-0.3	-157.5	-0.065
-0.3	45.9568	-0.065
-0.3	88.0923	-0.065
-0.3	-20.3758	-0.065
-0.3	155.736	-0.065
-0.3	-10.1519	-0.065
-0.3	126.481	-0.065
-0.3	65.8618	-0.065
-0.3	56.9846	-0.065
-0.3	-38.8146	-0.065
-0.3	151.385	-0.065
-0.3	153.442	-0.065
-0.3	-92.5345	-0.065
-0.3	51.5379	-0.065
-0.3	-95.7281	-0.065
-0.3	16.9783	-0.065
-0.3	-18.8001	-0.065
