pol.	phi	weight
0.3	-154.082	1
0.3	-164.325	1
0.3	56.4349	1
0.3	-159.389	1
0.3	95.2058	1
0.3	-136.948	1
0.3	151.882	1
0.3	-165.212	1
0.3	-4.68688	1
0.3	103.236	1
0.3	-74.5598	1
0.3	18.8526	1
0.3	-133.704	1
0.3	74.1995	1
0.3	-83.8485	1
0.3	152.994	1
0.3	67.0722	1
0.3	-4.75589	1
0.3	116.024	1
0.3	177.505	1
0.3	58.2017	1
0.3	-99.447	1
0.3	137.424	1
0.3	53.7621	1
0.3	-102.504	1
0.3	27.1682	1
0.3	170.8	1
0.3	-69.4692	1
0.3	19.4872	1
0.3	146.256	1
0.3	108.761	1
0.3	148.752	1
0.3	68.2966	1
0.3	-86.1193	1
0.3	74.0306	1
0.3	95.6624	1
0.3	153.669	1
0.3	174.361	1
0.3	-95.4863	1
0.3	133.129	1
0.3	-57.9971	1
0.3	175.896	1
0.3	-21.3518	1
0.3	15.8352	1
0.3	-177.356	1
0.3	177.587	1
0.3	-79.9334	1
0.3	-32.561	1
0.3	176.921	1
0.3	-78.7213	1
0.3	3.86925	1
0.3	-79.9674	1
0.3	-145.982	1
0.3	130.13	1
0.3	-154.45	1
0.3	145.414	1
0.3	168.127	1
0.3	72.8375	1
0.3	-145.896	1
0.3	54.7023	1
0.3	115.135	1
0.3	136.847	1
0.3	39.7079	1
0.3	-126.132	1
0.3	51.8071	1
0.3	177.068	1
0.3	111.597	1
0.3	145.404	1
0.3	-57.4113	1
0.3	-126.83	1
0.3	-95.7289	1
0.3	-3.60521	1
0.3	73.8119	1
0.3	-21.8611	1
0.3	85.1454	1
0.3	92.6572	1
0.3	-29.8375	1
0.3	173.968	1
0.3	141.093	1
0.3	-71.5164	1
0.3	71.3076	1
0.3	-12.7658	1
0.3	14.5404	1
0.3	-45.134	1
0.3	-85.7285	1
0.3	-86.8712	1
0.3	137.721	1
0.3	23.0263	1
0.3	1.77618	1
0.3	-144.408	1
0.3	27.9374	1
0.3	22.0814	1
0.3	160.677	1
0.3	88.5998	1
0.3	162.808	1
0.3	6.35374	1
0.3	24.2856	1
0.3	-30.7519	1
0.3	49.7073	1
0.3	31.9849	1
0.3	-87.0245	1
0.3	114.25	1
0.3	51.9494	1
0.3	-80.8099	1
0.3	-21.3956	1
0.3	-111.987	1
0.3	-98.9655	1
0.3	-41.0401	1
0.3	139.803	1
0.3	-52.361	1
0.3	-162.896	1
0.3	-175.138	1
0.3	-33.9987	1
0.3	46.2888	1
0.3	8.67322	1
0.3	-21.3867	1
0.3	124.479	1
0.3	56.5456	1
0.3	-64.9949	1
0.3	-57.2426	1
0.3	58.5021	1
0.3	129.635	1
0.3	-85.3751	1
0.3	78.7145	1
0.3	-2.09215	1
0.3	-28.3564	1
0.3	-28.006	1
0.3	-4.15439	1
0.3	86.5106	1
0.3	93.578	1
0.3	56.6643	1
0.3	-56.1906	1
0.3	121.951	1
0.3	-36.9657	1
0.3	71.4765	1
0.3	135.472	1
0.3	41.8025	1
0.3	-41.783	1
0.3	-69.9234	1
0.3	-112.119	1
0.3	-144.799	1
0.3	-175.653	1
0.3	107.653	1
0.3	172.018	1
0.3	-62.3181	1
0.3	36.6718	1
0.3	-17.2133	1
0.3	-25.9078	1
0.3	178.152	1
0.3	-82.8889	1
0.3	108.012	1
0.3	-11.462	1
0.3	149.866	1
0.3	-52.7809	1
0.3	-118.929	1
0.3	-125.667	1
0.3	68.1683	1
0.3	-176.117	1
0.3	178.929	1
0.3	89.4089	1
0.3	21.1676	1
0.3	-63.9534	1
0.3	-19.6731	1
0.3	141.738	1
0.3	34.8621	1
0.3	-122.21	1
0.3	-98.3839	1
0.3	-18.3356	1
0.3	123.938	1
0.3	20.0184	1
0.3	-88.5441	1
0.3	15.6354	1
0.3	105.199	1
0.3	-164.603	1
0.3	-149.656	1
0.3	-74.9774	1
0.3	27.1194	1
0.3	-126.877	1
0.3	37.2454	1
0.3	159.489	1
0.3	81.8823	1
0.3	23.4897	1
0.3	-52.8179	1
0.3	-99.8422	1
0.3	151.341	1
0.3	110.892	1
0.3	-98.7605	1
0.3	43.8483	1
0.3	149.893	1
0.3	64.8576	1
0.3	-90.0012	1
0.3	-134.525	1
0.3	-166.692	1
0.3	33.4153	1
0.3	-153.862	1
0.3	121.89	1
0.3	8.08723	1
0.3	51.8425	1
0.3	-81.8588	1
0.3	28.0823	1
0.3	-26.837	1
0.3	53.698	-0.065
0.3	45.364	-0.065
0.3	-168.883	-0.065
0.3	-60.1337	-0.065
0.3	53.7982	-0.065
0.3	3.79728	-0.065
0.3	32.9468	-0.065
0.3	170.342	-0.065
0.3	-58.9369	-0.065
0.3	9.23496	-0.065
0.3	51.2252	-0.065
0.3	145.776	-0.065
0.3	38.3667	-0.065
0.3	-46.7844	-0.065
0.3	68.2376	-0.065
0.3	-66.8634	-0.065
0.3	86.7874	-0.065
0.3	-12.2207	-0.065
0.3	29.7946	-0.065
0.3	76.7883	-0.065
0.3	-102.699	-0.065
0.3	82.5168	-0.065
0.3	27.5865	-0.065
0.3	-87.9214	-0.065
0.3	-90.1759	-0.065
0.3	-12.7155	-0.065
0.3	73.328	-0.065
0.3	165.794	-0.065
0.3	118.235	-0.065
0.3	-81.1909	-0.065
0.3	165.459	-0.065
0.3	-56.4465	-0.065
0.3	-177.43	-0.065
0.3	29.2612	-0.065
0.3	132.846	-0.065
0.3	106.491	-0.065
0.3	-106.356	-0.065
0.3	154.466	-0.065
0.3	-46.2007	-0.065
0.3	-16.7418	-0.065
0.3	-91.056	-0.065
0.3	-94.6201	-0.065
0.3	58.5022	-0.065
0.3	-153.54	-0.065
0.3	-10.9624	-0.065
0.3	-141.053	-0.065
0.3	-135.183	-0.065
0.3	-11.9922	-0.065
0.3	57.4071	-0.065
0.3	177.928	-0.065
0.3	0.500131	-0.065
0.3	140.677	-0.065
0.3	-49.678	-0.065
0.3	122.558	-0.065
0.3	-86.309	-0.065
0.3	-134.317	-0.065
0.3	26.8429	-0.065
0.3	-148.25	-0.065
0.3	-25.2938	-0.065
0.3	-139.628	-0.065
0.3	-149.445	-0.065
0.3	-95.2869	-0.065
0.3	44.6778	-0.065
0.3	175.042	-0.065
0.3	65.1662	-0.065
0.3	58.5233	-0.065
0.3	6.02669	-0.065
0.3	66.4278	-0.065
0.3	-173.393	-0.065
0.3	160.901	-0.065
0.3	-50.0425	-0.065
0.3	-15.7075	-0.065
0.3	-60.0459	-0.065
0.3	-57.655	-0.065
0.3	-56.2268	-0.065
0.3	-9.48542	-0.065
0.3	125.243	-0.065
0.3	19.4958	-0.065
0.3	-25.0394	-0.065
0.3	-145.792	-0.065
0.3	-0.629329	-0.065
0.3	-39.2668	-0.065
0.3	-141.555	-0.065
0.3	-116.575	-0.065
0.3	-150.416	-0.065
0.3	-71.4156	-0.065
0.3	160.213	-0.065
0.3	-161.955	-0.065
0.3	-73.6193	-0.065
0.3	-114.532	-0.065
0.3	6.89103	-0.065
0.3	101.637	-0.065
0.3	-134.354	-0.065
0.3	-71.1719	-0.065
0.3	-41.4218	-0.065
0.3	76.7183	-0.065
0.3	-166.788	-0.065
0.3	-115.229	-0.065
0.3	142.44	-0.065
0.3	42.9194	-0.065
0.3	-156.144	-0.065
0.3	89.5334	-0.065
0.3	146.778	-0.065
0.3	-31.1128	-0.065
0.3	13.3649	-0.065
0.3	-131.153	-0.065
0.3	108.277	-0.065
0.3	23.0667	-0.065
0.3	5.27901	-0.065
0.3	47.651	-0.065
0.3	-26.908	-0.065
0.3	30.4865	-0.065
0.3	164.512	-0.065
0.3	168.215	-0.065
0.3	154.683	-0.065
0.3	-127.361	-0.065
0.3	61.0917	-0.065
0.3	43.794	-0.065
0.3	75.3703	-0.065
0.3	103.024	-0.065
0.3	-19.3963	-0.065
0.3	-120.876	-0.065
0.3	-97.6909	-0.065
0.3	116.592	-0.065
0.3	-81.6358	-0.065
0.3	90.9808	-0.065
0.3	101.283	-0.065
0.3	119.952	-0.065
0.3	-105.543	-0.065
0.3	-35.6263	-0.065
0.3	56.513	-0.065
0.3	99.7893	-0.065
0.3	-0.0442442	-0.065
0.3	5.9248	-0.065
0.3	-92.2294	-0.065
0.3	100.622	-0.065
0.3	-0.572031	-0.065
0.3	64.5306	-0.065
0.3	25.0013	-0.065
0.3	-132.285	-0.065
0.3	104.178	-0.065
0.3	-1.02664	-0.065
0.3	71.9751	-0.065
0.3	-152.128	-0.065
0.3	-163.295	-0.065
0.3	-86.0716	-0.065
0.3	103.289	-0.065
0.3	120.165	-0.065
0.3	109.031	-0.065
0.3	41.2959	-0.065
0.3	64.4363	-0.065
0.3	114.118	-0.065
0.3	45.8502	-0.065
0.3	-58.449	-0.065
0.3	-31.6956	-0.065
-0.3	50.3004	1
-0.3	-136.044	1
-0.3	-47.3997	1
-0.3	52.818	1
-0.3	-78.4949	1
-0.3	136.947	1
-0.3	-67.5893	1
-0.3	102.59	1
-0.3	-22.2627	1
-0.3	-135.617	1
-0.3	41.3051	1
-0.3	170.954	1
-0.3	70.7259	1
-0.3	80.8551	1
-0.3	49.3521	1
-0.3	138.604	1
-0.3	20.1956	1
-0.3	-35.7833	1
-0.3	45.1767	1
-0.3	171.588	1
-0.3	89.5475	1
-0.3	-34.7817	1
-0.3	-10.7675	1
-0.3	-52.5329	1
-0.3	60.0665	1
-0.3	140.364	1
-0.3	-118.027	1
-0.3	103.15	1
-0.3	-36.8205	1
-0.3	-93.5297	1
-0.3	27.0723	1
-0.3	-91.5275	1
-0.3	97.6663	1
-0.3	25.3149	1
-0.3	-173.527	1
-0.3	36.1373	1
-0.3	120.638	1
-0.3	-133.907	1
-0.3	92.9228	1
-0.3	-119.337	1
-0.3	146.016	1
-0.3	71.7345	1
-0.3	84.5596	1
-0.3	-136.578	1
-0.3	154.6	1
-0.3	-172.696	1
-0.3	70.9198	1
-0.3	-107.789	1
-0.3	168.732	1
-0.3	-14.3136	1
-0.3	72.3154	1
-0.3	-153.189	1
-0.3	138.22	1
-0.3	39.3666	1
-0.3	61.5997	1
-0.3	-135.617	1
-0.3	21.0007	1
-0.3	69.2464	1
-0.3	11.6846	1
-0.3	-131.651	1
-0.3	-56.5227	1
-0.3	19.1823	1
-0.3	136.98	1
-0.3	7.87817	1
-0.3	-125.764	1
-0.3	-67.6705	1
-0.3	-53.5612	1
-0.3	-146.177	1
-0.3	116.109	1
-0.3	-41.9918	1
-0.3	-114.604	1
-0.3	91.7034	1
-0.3	176.545	1
-0.3	-68.6665	1
-0.3	3.08091	1
-0.3	1.80765	1
-0.3	-149.797	1
-0.3	-18.2258	1
-0.3	-76.7319	1
-0.3	35.2857	1
-0.3	-126.34	1
-0.3	124.88	1
-0.3	-41.655	1
-0.3	-127.049	1
-0.3	159.584	1
-0.3	121.459	1
-0.3	69.9822	1
-0.3	39.9365	1
-0.3	2.31239	1
-0.3	-150.958	1
-0.3	17.9325	1
-0.3	-32.6023	1
-0.3	49.0055	1
-0.3	-176.393	1
-0.3	-123.422	1
-0.3	-134.866	1
-0.3	148.535	1
-0.3	-175.602	1
-0.3	-98.3986	1
-0.3	-142.691	1
-0.3	-76.3056	1
-0.3	66.2963	1
-0.3	104.214	1
-0.3	108.378	1
-0.3	104.501	1
-0.3	62.0663	1
-0.3	93.667	1
-0.3	151.338	1
-0.3	-43.8691	1
-0.3	10.3103	1
-0.3	-65.3854	1
-0.3	-94.8239	1
-0.3	114.524	1
-0.3	-132.087	1
-0.3	-15.3523	1
-0.3	132.47	1
-0.3	-19.9321	1
-0.3	143.143	1
-0.3	-23.9685	1
-0.3	-177.309	1
-0.3	-58.9263	1
-0.3	16.7266	1
-0.3	-140.516	1
-0.3	-41.4489	1
-0.3	89.1045	1
-0.3	178.356	1
-0.3	2.63324	1
-0.3	134.614	1
-0.3	156.348	1
-0.3	-174.947	1
-0.3	10.9504	1
-0.3	62.1047	1
-0.3	-81.453	1
-0.3	29.2284	1
-0.3	-167.133	1
-0.3	69.4566	1
-0.3	35.2612	1
-0.3	-118.256	1
-0.3	-93.2937	1
-0.3	80.8189	1
-0.3	-132.343	1
-0.3	138.004	1
-0.3	-135.118	1
-0.3	175.367	1
-0.3	-32.4094	1
-0.3	29.9686	1
-0.3	-22.024	1
-0.3	-46.1052	1
-0.3	-5.84424	1
-0.3	-134.212	1
-0.3	88.34	1
-0.3	101.499	1
-0.3	107.944	1
-0.3	-62.0886	1
-0.3	-63.4178	1
-0.3	-132.498	1
-0.3	80.4565	1
-0.3	87.4516	1
-0.3	-88.5754	1
-0.3	-150.906	1
-0.3	120.835	1
-0.3	68.8159	1
-0.3	-1.86773	1
-0.3	127.104	1
-0.3	-46.67	1
-0.3	-107.343	1
-0.3	135.697	1
-0.3	68.1767	1
-0.3	43.8156	1
-0.3	17.2881	1
-0.3	-21.8594	1
-0.3	37.1639	1
-0.3	-120.643	1
-0.3	-46.4807	1
-0.3	-123.789	1
-0.3	-100.725	1
-0.3	24.8507	1
-0.3	-104.836	1
-0.3	139.924	1
-0.3	-57.4948	1
-0.3	100.982	1
-0.3	-175.31	1
-0.3	49.901	1
-0.3	20.3654	1
-0.3	107.163	1
-0.3	132.073	1
-0.3	-47.8392	1
-0.3	108.526	1
-0.3	92.6962	1
-0.3	-60.0079	1
-0.3	-37.2523	1
-0.3	35.0751	1
-0.3	-118.859	1
-0.3	-99.1111	1
-0.3	-26.97	1
-0.3	160.306	-0.065
-0.3	18.0018	-0.065
-0.3	-32.251	-0.065
-0.3	-79.085	-0.065
-0.3	-61.2816	-0.065
-0.3	-44.4792	-0.065
-0.3	121.707	-0.065
-0.3	-168.468	-0.065
-0.3	-150.392	-0.065
-0.3	-120.438	-0.065
-0.3	-22.1634	-0.065
-0.3	-43.6849	-0.065
-0.3	87.4491	-0.065
-0.3	86.6881	-0.065
-0.3	156.127	-0.065
-0.3	15.9417	-0.065
-0.3	76.187	-0.065
-0.3	10.2938	-0.065
-0.3	130.137	-0.065
-0.3	-9.53399	-0.065
-0.3	11.6581	-0.065
-0.3	103.335	-0.065
-0.3	177.221	-0.065
-0.3	161.811	-0.065
-0.3	-81.17	-0.065
-0.3	-96.1249	-0.065
-0.3	-161.411	-0.065
-0.3	8.04742	-0.065
-0.3	-82.9375	-0.065
-0.3	-25.0524	-0.065
-0.3	-14.9858	-0.065
-0.3	124.455	-0.065
-0.3	-133.595	-0.065
-0.3	102.479	-0.065
-0.3	-18.7833	-0.065
-0.3	-71.4287	-0.065
-0.3	47.2928	-0.065
-0.3	-172.643	-0.065
-0.3	-74.2074	-0.065
-0.3	121.304	-0.065
-0.3	-43.352	-0.065
-0.3	-111.648	-0.065
-0.3	71.6453	-0.065
-0.3	-66.4772	-0.065
-0.3	117.547	-0.065
-0.3	-3.7386	-0.065
-0.3	-65.5752	-0.065
-0.3	-56.7128	-0.065
-0.3	-128.074	-0.065
-0.3	43.638	-0.065
-0.3	133.431	-0.065
-0.3	78.939	-0.065
-0.3	55.6392	-0.065
-0.3	-132.372	-0.065
-0.3	146.053	-0.065
-0.3	-99.9408	-0.065
-0.3	106.936	-0.065
-0.3	4.85728	-0.065
-0.3	-106.249	-0.065
-0.3	126.273	-0.065
-0.3	-71.1878	-0.065
-0.3	-98.0225	-0.065
-0.3	85.5578	-0.065
-0.3	1.31714	-0.065
-0.3	163.086	-0.065
-0.3	89.9852	-0.065
-0.3	55.5173	-0.065
-0.3	142.153	-0.065
-0.3	129.009	-0.065
-0.3	-87.7384	-0.065
-0.3	-24.1272	-0.065
-0.3	-9.80622	-0.065
-0.3	97.1907	-0.065
-0.3	89.6755	-0.065
-0.3	-159.703	-0.065
-0.3	-78.5404	-0.065
-0.3	133.826	-0.065
-0.3	161.436	-0.065
-0.3	-147.035	-0.065
-0.3	127.718	-0.065
-0.3	30.4423	-0.065
-0.3	-16.6765	-0.065
-0.3	-34.9445	-0.065
-0.3	-95.0885	-0.065
-0.3	150.248	-0.065
-0.3	74.8441	-0.065
-0.3	115.549	-0.065
-0.3	-34.9797	-0.065
-0.3	3.35547	-0.065
-0.3	150.294	-0.065
-0.3	-89.3305	-0.065
-0.3	-158.859	-0.065
-0.3	-67.0208	-0.065
-0.3	60.0797	-0.065
-0.3	14.8605	-0.065
-0.3	-79.0988	-0.065
-0.3	-80.6325	-0.065
-0.3	125.581	-0.065
-0.3	-52.2835	-0.065
-0.3	52.6254	-0.065
-0.3	137.369	-0.065
-0.3	63.9085	-0.065
-0.3	114.495	-0.065
-0.3	-156.109	-0.065
-0.3	-61.2834	-0.065
-0.3	48.9513	-0.065
-0.3	165.617	-0.065
-0.3	26.3446	-0.065
-0.3	90.1752	-0.065
-0.3	144.91	-0.065
-0.3	118.119	-0.065
-0.3	-120.52	-0.065
-0.3	13.2664	-0.065
-0.3	37.5042	-0.065
-0.3	-59.3653	-0.065
-0.3	32.5144	-0.065
-0.3	105.488	-0.065
-0.3	-175.917	-0.065
-0.3	-126.805	-0.065
-0.3	-114.843	-0.065
-0.3	-158.427	-0.065
-0.3	85.3148	-0.065
-0.3	72.7482	-0.065
-0.3	-84.4259	-0.065
-0.3	-9.29778	-0.065
-0.3	73.7362	-0.065
-0.3	-145.629	-0.065
-0.3	167.915	-0.065
-0.3	-42.0514	-0.065
-0.3	-155.544	-0.065
-0.3	-104.303	-0.065
-0.3	-12.0812	-0.065
-0.3	-43.7981	-0.065
-0.3	174.817	-0.065
-0.3	101.435	-0.065
-0.3	-111.228	-0.065
-0.3	167.912	-0.065
-0.3	172.508	-0.065
-0.3	81.3479	-0.065
-0.3	6.25966	-0.065
-0.3	-73.9438	-0.065
-0.3	-167.214	-0.065
-0.3	-160.598	-0.065
-0.3	158.539	-0.065
-0.3	146.442	-0.065
-0.3	-175.509	-0.065
-0.3	99.3314	-0.065
-0.3	-152.214	-0.065
-0.3	133.078	-0.065
-0.3	37.0863	-0.065
-0.3	111.929	-0.065
