pol.	phi	weight
0.3	-150.694	1
0.3	-94.849	1
0.3	118.737	1
0.3	31.0496	1
0.3	-163.784	1
0.3	-170.977	1
0.3	-107.384	1
0.3	41.7615	1
0.3	166.193	1
0.3	-54.2542	1
0.3	-31.5272	1
0.3	102.628	1
0.3	85.129	1
0.3	-2.00384	1
0.3	53.1974	1
0.3	-143.344	1
0.3	-28.6722	1
0.3	9.90033	1
0.3	165.473	1
0.3	-99.2526	1
0.3	99.8607	1
0.3	139.278	1
0.3	-43.4108	1
0.3	-110.1	1
0.3	92.4679	1
0.3	-53.7868	1
0.3	87.7254	1
0.3	-124.382	1
0.3	-170.294	1
0.3	-98.3046	1
0.3	-125.797	1
0.3	-13.1903	1
0.3	148.29	1
0.3	153.557	1
0.3	-47.5061	1
0.3	-73.712	1
0.3	132.984	1
0.3	-50.297	1
0.3	-92.2155	1
0.3	-11.2468	1
0.3	100.158	1
0.3	-77.3031	1
0.3	-165.014	1
0.3	-128.781	1
0.3	104.431	1
0.3	147.266	1
0.3	-66.4813	1
0.3	56.3871	1
0.3	-164.246	1
0.3	110.261	1
0.3	84.0007	1
0.3	-138.819	1
0.3	18.6107	1
0.3	119.879	1
0.3	121.775	1
0.3	70.5389	1
0.3	77.6147	1
0.3	-152.534	1
0.3	-149.966	1
0.3	167.143	1
0.3	164.172	1
0.3	-140.015	1
0.3	94.5084	1
0.3	-69.6672	1
0.3	159.907	1
0.3	-151.822	1
0.3	18.9481	1
0.3	105.577	1
0.3	135.675	1
0.3	-112.37	1
0.3	49.3892	1
0.3	-92.3689	1
0.3	167.788	1
0.3	68.2407	1
0.3	111.783	1
0.3	-141.996	1
0.3	-99.9349	1
0.3	117.16	1
0.3	-66.2724	1
0.3	123.795	1
0.3	54.2594	1
0.3	-43.2891	1
0.3	-102.525	1
0.3	111.816	1
0.3	173.562	1
0.3	30.4499	1
0.3	120.576	1
0.3	24.8717	1
0.3	8.47455	1
0.3	-67.4309	1
0.3	-42.2863	1
0.3	-51.1131	1
0.3	-176.422	1
0.3	52.301	1
0.3	153.077	1
0.3	150.149	1
0.3	-60.5117	1
0.3	-77.2867	1
0.3	48.4637	1
0.3	38.0261	1
0.3	149.621	1
0.3	53.9075	1
0.3	4.28087	1
0.3	76.5798	1
0.3	-149.656	1
0.3	25.5411	1
0.3	130.872	1
0.3	-70.9766	1
0.3	-16.1732	1
0.3	94.0345	1
0.3	-36.6055	1
0.3	94.5849	1
0.3	156.711	1
0.3	144.996	1
0.3	76.7358	1
0.3	9.11326	1
0.3	-101.927	1
0.3	132.557	1
0.3	-68.1415	1
0.3	87.3521	1
0.3	98.5108	1
0.3	-47.8421	1
0.3	-18.2838	1
0.3	-116.098	1
0.3	-76.7493	1
0.3	3.62016	1
0.3	157.67	1
0.3	69.9658	1
0.3	66.6189	1
0.3	-161.256	1
0.3	105.597	1
0.3	-81.8445	1
0.3	-123.515	1
0.3	-164.947	1
0.3	-63.6001	1
0.3	140.415	1
0.3	-56.4725	1
0.3	-170.85	1
0.3	-35.9234	1
0.3	-67.7933	1
0.3	45.1085	1
0.3	-82.2371	1
0.3	-76.6875	1
0.3	-177.455	1
0.3	-14.1485	1
0.3	87.453	1
0.3	-8.47792	1
0.3	-103.046	1
0.3	18.1955	1
0.3	-118.288	1
0.3	-137.684	1
0.3	-138.994	1
0.3	-21.8347	1
0.3	-102.539	1
0.3	-19.0529	1
0.3	-20.0858	1
0.3	103.899	1
0.3	11.2457	1
0.3	-106.09	1
0.3	-49.0791	1
0.3	45.79	1
0.3	-154.115	1
0.3	-24.5613	1
0.3	-129.511	1
0.3	-19.0381	1
0.3	-13.7607	1
0.3	-152.367	1
0.3	-73.7888	1
0.3	73.875	1
0.3	156.475	1
0.3	-38.1374	1
0.3	-143.925	1
0.3	99.4792	1
0.3	-120.393	1
0.3	-107.82	1
0.3	167.712	1
0.3	-1.61875	1
0.3	10.7711	1
0.3	-131.498	1
0.3	-42.1148	1
0.3	73.9994	1
0.3	131.579	1
0.3	43.8427	1
0.3	-18.8774	1
0.3	156.279	1
0.3	-79.2753	1
0.3	24.0592	1
0.3	-7.54683	1
0.3	-72.5161	1
0.3	125.683	1
0.3	-171.223	1
0.3	-163.262	1
0.3	-99.5124	1
0.3	-8.53177	1
0.3	16.866	1
0.3	-127.632	-0.065
0.3	43.6065	-0.065
0.3	91.1614	-0.065
0.3	-131.415	-0.065
0.3	-175.56	-0.065
0.3	169.185	-0.065
0.3	147.261	-0.065
0.3	-35.4989	-0.065
0.3	101.231	-0.065
0.3	101.806	-0.065
0.3	-153.174	-0.065
0.3	101.112	-0.065
0.3	-153.882	-0.065
0.3	106.123	-0.065
0.3	28.6066	-0.065
0.3	145.723	-0.065
0.3	-127.611	-0.065
0.3	-166.923	-0.065
0.3	-145.912	-0.065
0.3	9.03722	-0.065
0.3	-26.5119	-0.065
0.3	56.9986	-0.065
0.3	41.7777	-0.065
0.3	-122.634	-0.065
0.3	125.045	-0.065
0.3	-177.89	-0.065
0.3	-172.052	-0.065
0.3	-142.596	-0.065
0.3	-104.449	-0.065
0.3	-37.354	-0.065
0.3	8.31499	-0.065
0.3	24.3879	-0.065
0.3	176.956	-0.065
0.3	-5.67381	-0.065
0.3	53.5505	-0.065
0.3	169.972	-0.065
0.3	28.8949	-0.065
0.3	-47.8746	-0.065
0.3	141.636	-0.065
0.3	-108.854	-0.065
0.3	64.3863	-0.065
0.3	-103.802	-0.065
0.3	-175.025	-0.065
0.3	-81.0648	-0.065
0.3	97.4696	-0.065
0.3	-7.20179	-0.065
0.3	103.511	-0.065
0.3	-79.321	-0.065
0.3	83.8159	-0.065
0.3	111.621	-0.065
0.3	34.4196	-0.065
0.3	169.595	-0.065
0.3	-13.9697	-0.065
0.3	105.152	-0.065
0.3	119.921	-0.065
0.3	-23.8718	-0.065
0.3	36.3227	-0.065
0.3	81.611	-0.065
0.3	8.67509	-0.065
0.3	60.4459	-0.065
0.3	53.6412	-0.065
0.3	65.9829	-0.065
0.3	-84.4966	-0.065
0.3	54.3874	-0.065
0.3	44.8446	-0.065
0.3	28.3847	-0.065
0.3	25.9876	-0.065
0.3	-104.504	-0.065
0.3	9.32975	-0.065
0.3	89.7359	-0.065
0.3	-70.6619	-0.065
0.3	130.375	-0.065
0.3	-83.6751	-0.065
0.3	-97.5529	-0.065
0.3	14.084	-0.065
0.3	-83.1344	-0.065
0.3	102.745	-0.065
0.3	61.0716	-0.065
0.3	-91.2518	-0.065
0.3	-109.062	-0.065
0.3	118.903	-0.065
0.3	84.0877	-0.065
0.3	24.7065	-0.065
0.3	-103.9	-0.065
0.3	-82.6428	-0.065
0.3	11.1459	-0.065
0.3	-157.106	-0.065
0.3	117.297	-0.065
0.3	-129.36	-0.065
0.3	48.4447	-0.065
0.3	-141.308	-0.065
0.3	-142.061	-0.065
0.3	-166.551	-0.065
0.3	152.831	-0.065
0.3	160.876	-0.065
0.3	-150.435	-0.065
0.3	-95.0913	-0.065
0.3	-105.515	-0.065
0.3	68.2399	-0.065
0.3	52.8094	-0.065
0.3	-175.492	-0.065
0.3	-71.7939	-0.065
0.3	106.655	-0.065
0.3	2.14362	-0.065
0.3	-102.064	-0.065
0.3	-71.9818	-0.065
0.3	92.5951	-0.065
0.3	14.8067	-0.065
0.3	-109.138	-0.065
0.3	-54.4904	-0.065
0.3	123.914	-0.065
0.3	15.7306	-0.065
0.3	175.406	-0.065
0.3	-57.401	-0.065
0.3	138.563	-0.065
0.3	-176.434	-0.065
0.3	169.991	-0.065
0.3	151.803	-0.065
0.3	-13.4126	-0.065
0.3	-116.213	-0.065
0.3	-86.6345	-0.065
0.3	140.369	-0.065
0.3	-31.0075	-0.065
0.3	134.575	-0.065
0.3	155.202	-0.065
0.3	76.9254	-0.065
0.3	69.0385	-0.065
0.3	115.008	-0.065
0.3	136.85	-0.065
0.3	-114.191	-0.065
0.3	-146.831	-0.065
0.3	170.338	-0.065
0.3	53.3054	-0.065
0.3	-80.4945	-0.065
0.3	-87.0539	-0.065
0.3	142.334	-0.065
0.3	-1.27965	-0.065
0.3	-149.862	-0.065
0.3	124.138	-0.065
0.3	148.978	-0.065
0.3	103.127	-0.065
0.3	-107.829	-0.065
0.3	159.096	-0.065
0.3	-158.371	-0.065
0.3	-146.88	-0.065
0.3	177.788	-0.065
0.3	-13.5465	-0.065
0.3	12.1389	-0.065
0.3	75.108	-0.065
0.3	-141.908	-0.065
0.3	168.587	-0.065
-0.3	2.67526	1
-0.3	-86.2908	1
-0.3	73.5639	1
-0.3	-128.56	1
-0.3	-55.7433	1
-0.3	38.9893	1
-0.3	-179.877	1
-0.3	-98.5534	1
-0.3	-105.036	1
-0.3	-179.676	1
-0.3	-24.5057	1
-0.3	-157.462	1
-0.3	-114.284	1
-0.3	7.48668	1
-0.3	6.38061	1
-0.3	-40.5126	1
-0.3	28.2346	1
-0.3	-47.334	1
-0.3	69.8957	1
-0.3	162.595	1
-0.3	-68.0843	1
-0.3	44.661	1
-0.3	46.1272	1
-0.3	7.20396	1
-0.3	-130.835	1
-0.3	-5.25186	1
-0.3	-16.9023	1
-0.3	74.7947	1
-0.3	108.82	1
-0.3	-62.5006	1
-0.3	82.9384	1
-0.3	-101.998	1
-0.3	-65.3547	1
-0.3	36.2225	1
-0.3	50.1796	1
-0.3	149.472	1
-0.3	-24.6166	1
-0.3	-158.443	1
-0.3	-13.404	1
-0.3	-88.6259	1
-0.3	116.599	1
-0.3	119.503	1
-0.3	53.459	1
-0.3	50.9812	1
-0.3	140.741	1
-0.3	-48.9586	1
-0.3	-40.9393	1
-0.3	-52.3088	1
-0.3	-4.25831	1
-0.3	11.9343	1
-0.3	-144.396	1
-0.3	-0.301586	1
-0.3	-144.816	1
-0.3	20.1387	1
-0.3	10.5114	1
-0.3	66.5867	1
-0.3	85.731	1
-0.3	-68.3791	1
-0.3	5.77321	1
-0.3	109.992	1
-0.3	175.354	1
-0.3	-148.609	1
-0.3	98.3281	1
-0.3	45.9128	1
-0.3	115.128	1
-0.3	104.069	1
-0.3	-110.562	1
-0.3	-157.519	1
-0.3	-7.03031	1
-0.3	-27.9675	1
-0.3	-93.3219	1
-0.3	55.9327	1
-0.3	33.2222	1
-0.3	146.148	1
-0.3	-119.573	1
-0.3	2.83151	1
-0.3	91.5261	1
-0.3	-137.065	1
-0.3	80.9906	1
-0.3	5.04438	1
-0.3	-123.083	1
-0.3	-84.8464	1
-0.3	150.073	1
-0.3	-177.433	1
-0.3	-163.964	1
-0.3	50.0769	1
-0.3	-89.771	1
-0.3	94.956	1
-0.3	-158.931	1
-0.3	108.111	1
-0.3	-100.966	1
-0.3	27.2285	1
-0.3	92.102	1
-0.3	-20.9245	1
-0.3	-22.8434	1
-0.3	-156.291	1
-0.3	163.904	1
-0.3	130.438	1
-0.3	30.9769	1
-0.3	-47.6446	1
-0.3	45.8558	1
-0.3	-44.4419	1
-0.3	86.4144	1
-0.3	-138.045	1
-0.3	168.755	1
-0.3	99.7246	1
-0.3	94.0837	1
-0.3	-143.357	1
-0.3	172.708	1
-0.3	146.091	1
-0.3	-155.2	1
-0.3	64.0189	1
-0.3	-2.5727	1
-0.3	-158.592	1
-0.3	-53.7655	1
-0.3	-54.2638	1
-0.3	165.758	1
-0.3	-154.826	1
-0.3	-151.243	1
-0.3	-81.088	1
-0.3	101.582	1
-0.3	139.503	1
-0.3	150.077	1
-0.3	85.5289	1
-0.3	57.9735	1
-0.3	166.636	1
-0.3	4.07595	1
-0.3	-123.208	1
-0.3	-160.677	1
-0.3	72.0599	1
-0.3	41.1964	1
-0.3	16.4593	1
-0.3	82.9898	1
-0.3	-54.4098	1
-0.3	-151.617	1
-0.3	49.4285	1
-0.3	110.457	1
-0.3	9.63159	1
-0.3	94.7668	1
-0.3	-47.6761	1
-0.3	-170.378	1
-0.3	-134.115	1
-0.3	-145.461	1
-0.3	104.73	1
-0.3	26.3181	1
-0.3	-168.229	1
-0.3	141.165	1
-0.3	-113.97	1
-0.3	159.827	1
-0.3	-153.339	1
-0.3	1.15621	1
-0.3	152.001	1
-0.3	133.541	1
-0.3	-32.8809	1
-0.3	-140.963	1
-0.3	-10.1934	1
-0.3	-45.15	1
-0.3	162.837	1
-0.3	-121.916	1
-0.3	113.056	1
-0.3	-26.5563	1
-0.3	116.111	1
-0.3	-128.703	1
-0.3	143.457	1
-0.3	-135.145	1
-0.3	169.407	1
-0.3	45.9248	1
-0.3	56.3633	1
-0.3	-159.477	1
-0.3	128.332	1
-0.3	-148.891	1
-0.3	161.469	1
-0.3	-42.9147	1
-0.3	29.3264	1
-0.3	-168.739	1
-0.3	-65.7287	1
-0.3	-29.2118	1
-0.3	-132.165	1
-0.3	92.4914	1
-0.3	-133.232	1
-0.3	-114.403	1
-0.3	-19.7451	1
-0.3	71.7752	1
-0.3	81.4761	1
-0.3	144.633	1
-0.3	-120.711	1
-0.3	-48.3191	1
-0.3	-90.4721	1
-0.3	72.854	1
-0.3	-162.091	1
-0.3	-161.473	-0.065
-0.3	-51.8266	-0.065
-0.3	-44.6829	-0.065
-0.3	-100.999	-0.065
-0.3	-136.282	-0.065
-0.3	138.386	-0.065
-0.3	-119.516	-0.065
-0.3	-50.8369	-0.065
-0.3	-8.7434	-0.065
-0.3	-61.2034	-0.065
-0.3	-85.5996	-0.065
-0.3	-97.1342	-0.065
-0.3	148.741	-0.065
-0.3	156.791	-0.065
-0.3	-36.4611	-0.065
-0.3	-110.03	-0.065
-0.3	149.415	-0.065
-0.3	103.414	-0.065
-0.3	92.9252	-0.065
-0.3	118.307	-0.065
-0.3	76.461	-0.065
-0.3	-122.639	-0.065
-0.3	96.7863	-0.065
-0.3	152.931	-0.065
-0.3	-73.4166	-0.065
-0.3	-64.0128	-0.065
-0.3	-159.757	-0.065
-0.3	50.661	-0.065
-0.3	-9.80355	-0.065
-0.3	92.7747	-0.065
-0.3	-135.833	-0.065
-0.3	-104.004	-0.065
-0.3	139.986	-0.065
-0.3	85.8007	-0.065
-0.3	148.819	-0.065
-0.3	-79.2514	-0.065
-0.3	99.1566	-0.065
-0.3	24.3158	-0.065
-0.3	-158.096	-0.065
-0.3	-138.42	-0.065
-0.3	-105.209	-0.065
-0.3	-23.4842	-0.065
-0.3	101.424	-0.065
-0.3	-53.1101	-0.065
-0.3	58.4711	-0.065
-0.3	130.296	-0.065
-0.3	-134.941	-0.065
-0.3	160.592	-0.065
-0.3	127.557	-0.065
-0.3	141.692	-0.065
-0.3	-96.4922	-0.065
-0.3	153.358	-0.065
-0.3	142.169	-0.065
-0.3	-146.081	-0.065
-0.3	50.9851	-0.065
-0.3	4.46139	-0.065
-0.3	-57.0318	-0.065
-0.3	122.145	-0.065
-0.3	66.0953	-0.065
-0.3	115.457	-0.065
-0.3	8.45626	-0.065
-0.3	-66.9713	-0.065
-0.3	85.5702	-0.065
-0.3	141.713	-0.065
-0.3	-165.62	-0.065
-0.3	-71.2278	-0.065
-0.3	49.3565	-0.065
-0.3	57.4072	-0.065
-0.3	63.1207	-0.065
-0.3	-158.206	-0.065
-0.3	59.0361	-0.065
-0.3	132.625	-0.065
-0.3	171.095	-0.065
-0.3	-94.1464	-0.065
-0.3	-132.235	-0.065
-0.3	135.521	-0.065
-0.3	167.728	-0.065
-0.3	-117.745	-0.065
-0.3	70.3156	-0.065
-0.3	-63.389	-0.065
-0.3	42.7363	-0.065
-0.3	8.97247	-0.065
-0.3	161.768	-0.065
-0.3	-116.259	-0.065
-0.3	-168.541	-0.065
-0.3	159.081	-0.065
-0.3	179.63	-0.065
-0.3	-6.44144	-0.065
-0.3	80.3008	-0.065
-0.3	28.852	-0.065
-0.3	178.486	-0.065
-0.3	94.7623	-0.065
-0.3	115.598	-0.065
-0.3	160.179	-0.065
-0.3	-30.3333	-0.065
-0.3	66.9363	-0.065
-0.3	151.842	-0.065
-0.3	-37.9009	-0.065
-0.3	-107.789	-0.065
-0.3	143.801	-0.065
-0.3	137.58	-0.065
-0.3	130.076	-0.065
-0.3	120.584	-0.065
-0.3	151.541	-0.065
-0.3	-18.3825	-0.065
-0.3	-38.7608	-0.065
-0.3	-66.9696	-0.065
-0.3	49.334	-0.065
-0.3	-7.26918	-0.065
-0.3	42.9854	-0.065
-0.3	-11.1733	-0.065
-0.3	-151.098	-0.065
-0.3	-52.0394	-0.065
-0.3	-16.7493	-0.065
-0.3	81.5456	-0.065
-0.3	142.489	-0.065
-0.3	-91.7392	-0.065
-0.3	-169.029	-0.065
-0.3	-33.1306	-0.065
-0.3	139.8	-0.065
-0.3	-63.3173	-0.065
-0.3	-155.628	-0.065
-0.3	-170.732	-0.065
-0.3	53.625	-0.065
-0.3	124.429	-0.065
-0.3	-36.4518	-0.065
-0.3	-76.8028	-0.065
-0.3	145.739	-0.065
-0.3	-12.0267	-0.065
-0.3	-125.428	-0.065
-0.3	-152.312	-0.065
-0.3	161.511	-0.065
-0.3	-141.023	-0.065
-0.3	-150.769	-0.065
-0.3	-55.3592	-0.065
-0.3	56.6724	-0.065
-0.3	-17.9688	-0.065
-0.3	-53.3337	-0.065
-0.3	152.761	-0.065
-0.3	70.7717	-0.065
-0.3	-67.2861	-0.065
-0.3	-18.6633	-0.065
-0.3	140.993	-0.065
-0.3	-77.9454	-0.065
-0.3	-76.6614	-0.065
-0.3	79.99	-0.065
-0.3	148.268	-0.065
