pol.	phi	weight
0.3	-113.283	1
0.3	109.289	1
0.3	128.931	1
0.3	-54.1514	1
0.3	7.1783	1
0.3	43.2111	1
0.3	-0.231405	1
0.3	78.9567	1
0.3	42.3688	1
0.3	-95.6804	1
0.3	84.376	1
0.3	-126.126	1
0.3	114.327	1
0.3	-105.88	1
0.3	154.661	1
0.3	28.307	1
0.3	-97.6176	1
0.3	75.6125	1
0.3	-2.44731	1
0.3	-129.306	1
0.3	-57.3626	1
0.3	99.9503	1
0.3	145.285	1
0.3	71.7214	1
0.3	177.233	1
0.3	141.676	1
0.3	-42.5401	1
0.3	177.255	1
0.3	-145.268	1
0.3	-89.3286	1
0.3	-150.464	1
0.3	123.906	1
0.3	56.3382	1
0.3	-11.1847	1
0.3	148.937	1
0.3	41.003	1
0.3	157.801	1
0.3	-157.705	1
0.3	160.34	1
0.3	170.036	1
0.3	-74.2409	1
0.3	-99.9101	1
0.3	151.971	1
0.3	117.444	1
0.3	127.811	1
0.3	152.141	1
0.3	142.243	1
0.3	172.232	1
0.3	-4.58288	1
0.3	-23.1213	1
0.3	-143.423	1
0.3	140.943	1
0.3	-89.2243	1
0.3	-90.2328	1
0.3	-144.303	1
0.3	104.499	1
0.3	131.859	1
0.3	76.5608	1
0.3	-76.4982	1
0.3	-97.3411	1
0.3	172.767	1
0.3	-153.851	1
0.3	164.813	1
0.3	130.491	1
0.3	155.307	1
0.3	112.789	1
0.3	-116.161	1
0.3	3.76962	1
0.3	-51.7631	1
0.3	31.8218	1
0.3	-144.486	1
0.3	71.3862	1
0.3	146.175	1
0.3	-151.223	1
0.3	-112.815	1
0.3	95.0164	1
0.3	174.133	1
0.3	-133.205	1
0.3	157.247	1
0.3	-5.56663	1
0.3	-38.3276	1
0.3	-45.7371	1
0.3	48.1105	1
0.3	-85.7847	1
0.3	117.314	1
0.3	82.5928	1
0.3	163.346	1
0.3	117.552	1
0.3	-148.644	1
0.3	19.1324	1
0.3	160.274	1
0.3	-45.5079	1
0.3	-26.2024	1
0.3	107.855	1
0.3	105.794	1
0.3	-39.1656	1
0.3	56.3689	1
0.3	-69.3154	1
0.3	98.7043	1
0.3	-78.3161	1
0.3	129.998	1
0.3	94.9816	1
0.3	-20.2463	1
0.3	-77.792	1
0.3	-49.9275	1
0.3	159.666	1
0.3	171.598	1
0.3	134.77	1
0.3	144.514	1
0.3	-53.8954	1
0.3	24.1968	1
0.3	-163.057	1
0.3	-137.439	1
0.3	35.7689	1
0.3	-147.667	1
0.3	-142.588	1
0.3	161.932	1
0.3	127.826	1
0.3	-52.1721	1
0.3	0.240357	1
0.3	114.163	1
0.3	-87.475	1
0.3	66.9704	1
0.3	164.57	1
0.3	-58.1751	1
0.3	30.4089	1
0.3	144.91	1
0.3	-175.576	1
0.3	50.3427	1
0.3	-9.56048	1
0.3	-38.3778	1
0.3	33.1951	1
0.3	-99.6895	1
0.3	-75.991	1
0.3	-58.5505	1
0.3	-87.7559	1
0.3	-71.5476	1
0.3	96.0994	1
0.3	40.7198	1
0.3	-115.307	1
0.3	-6.72863	1
0.3	-94.0308	1
0.3	-61.8825	1
0.3	-93.9677	1
0.3	-145.197	1
0.3	-66.817	1
0.3	-94.4241	1
0.3	-12.119	1
0.3	112.09	1
0.3	-85.496	1
0.3	88.7596	1
0.3	146.371	1
0.3	-80.5076	1
0.3	22.8882	1
0.3	26.6214	1
0.3	164.182	1
0.3	158.308	1
0.3	-140.315	1
0.3	23.8141	1
0.3	-157.441	1
0.3	128.039	1
0.3	-93.576	1
0.3	49.9441	1
0.3	28.4927	1
0.3	144.865	1
0.3	-85.6358	1
0.3	36.8764	1
0.3	-148.91	1
0.3	-63.3023	1
0.3	90.7905	1
0.3	123.394	1
0.3	51.3459	1
0.3	22.4706	1
0.3	-33.4792	1
0.3	-170.055	1
0.3	0.559736	1
0.3	-50.1425	1
0.3	90.3059	1
0.3	76.1283	1
0.3	-43.8895	1
0.3	124.525	1
0.3	176.718	1
0.3	-13.362	1
0.3	45.2129	1
0.3	132.98	1
0.3	172.416	1
0.3	67.4007	1
0.3	-16.0626	1
0.3	-100.67	1
0.3	-27.993	1
0.3	-97.6281	1
0.3	20.0879	1
0.3	-166.332	1
0.3	-114.882	1
0.3	-28.5437	1
0.3	-108.086	1
0.3	-62.3429	1
0.3	-16.8913	-0.065
0.3	34.8664	-0.065
0.3	179.165	-0.065
0.3	20.4289	-0.065
0.3	-174.799	-0.065
0.3	68.1865	-0.065
0.3	81.964	-0.065
0.3	96.0281	-0.065
0.3	32.9825	-0.065
0.3	50.9878	-0.065
0.3	-121.315	-0.065
0.3	77.2959	-0.065
0.3	29.164	-0.065
0.3	-26.4486	-0.065
0.3	-145.181	-0.065
0.3	-45.3445	-0.065
0.3	-120.096	-0.065
0.3	-174.264	-0.065
0.3	52.2847	-0.065
0.3	142.146	-0.065
0.3	-33.836	-0.065
0.3	35.3333	-0.065
0.3	-31.9436	-0.065
0.3	-112.193	-0.065
0.3	-134.594	-0.065
0.3	46.8074	-0.065
0.3	60.5197	-0.065
0.3	-62.6632	-0.065
0.3	-122.79	-0.065
0.3	22.4438	-0.065
0.3	50.52	-0.065
0.3	45.6804	-0.065
0.3	81.353	-0.065
0.3	-75.3355	-0.065
0.3	69.9407	-0.065
0.3	164.213	-0.065
0.3	-165.327	-0.065
0.3	-58.7029	-0.065
0.3	40.2883	-0.065
0.3	-79.8465	-0.065
0.3	-39.5905	-0.065
0.3	-26.2301	-0.065
0.3	-130.399	-0.065
0.3	-92.2484	-0.065
0.3	-86.8966	-0.065
0.3	-176.473	-0.065
0.3	-35.7944	-0.065
0.3	-128.926	-0.065
0.3	-109.709	-0.065
0.3	69.735	-0.065
0.3	110.209	-0.065
0.3	-1.54497	-0.065
0.3	-117.888	-0.065
0.3	90.0342	-0.065
0.3	-132.12	-0.065
0.3	129.7	-0.065
0.3	-8.12539	-0.065
0.3	136.752	-0.065
0.3	58.7494	-0.065
0.3	139.566	-0.065
0.3	122.642	-0.065
0.3	-83.7611	-0.065
0.3	-53.5349	-0.065
0.3	-146.418	-0.065
0.3	2.31014	-0.065
0.3	-167.048	-0.065
0.3	88.3815	-0.065
0.3	11.1533	-0.065
0.3	136.351	-0.065
0.3	173.287	-0.065
0.3	-62.9497	-0.065
0.3	2.5293	-0.065
0.3	75.6131	-0.065
0.3	-66.1885	-0.065
0.3	147.834	-0.065
0.3	84.199	-0.065
0.3	65.8324	-0.065
0.3	-89.7469	-0.065
0.3	51.0886	-0.065
0.3	-154.299	-0.065
0.3	-67.5426	-0.065
0.3	-126.68	-0.065
0.3	169.049	-0.065
0.3	19.1995	-0.065
0.3	19.3867	-0.065
0.3	115.202	-0.065
0.3	152.387	-0.065
0.3	36.8746	-0.065
0.3	-26.115	-0.065
0.3	87.572	-0.065
0.3	-26.5367	-0.065
0.3	-35.4752	-0.065
0.3	-120.233	-0.065
0.3	-174.247	-0.065
0.3	164.282	-0.065
0.3	-17.4021	-0.065
0.3	-138.787	-0.065
0.3	-155.873	-0.065
0.3	67.0926	-0.065
0.3	-26.4111	-0.065
0.3	-52.5775	-0.065
0.3	44.6708	-0.065
0.3	-175.824	-0.065
0.3	170.695	-0.065
0.3	-110.888	-0.065
0.3	-4.92357	-0.065
0.3	-71.0614	-0.065
0.3	3.73224	-0.065
0.3	68.0024	-0.065
0.3	-104.285	-0.065
0.3	-4.96199	-0.065
0.3	-169.508	-0.065
0.3	69.3899	-0.065
0.3	-66.484	-0.065
0.3	33.0556	-0.065
0.3	-127.672	-0.065
0.3	-18.8364	-0.065
0.3	175.667	-0.065
0.3	77.4498	-0.065
0.3	-23.1848	-0.065
0.3	-46.5677	-0.065
0.3	85.853	-0.065
0.3	56.1247	-0.065
0.3	-131.221	-0.065
0.3	-179.925	-0.065
0.3	-111.126	-0.065
0.3	105.578	-0.065
0.3	-129.023	-0.065
0.3	-80.039	-0.065
0.3	-143.67	-0.065
0.3	-167.574	-0.065
0.3	-149.22	-0.065
0.3	-110.232	-0.065
0.3	57.1128	-0.065
0.3	65.6968	-0.065
0.3	-88.8365	-0.065
0.3	55.0794	-0.065
0.3	17.7756	-0.065
0.3	147.041	-0.065
0.3	167.689	-0.065
0.3	171.075	-0.065
0.3	129.678	-0.065
0.3	81.3168	-0.065
0.3	10.1442	-0.065
0.3	20.7236	-0.065
0.3	-138.129	-0.065
0.3	77.892	-0.065
0.3	-129.147	-0.065
0.3	151.659	-0.065
0.3	95.974	-0.065
0.3	171.237	-0.065
0.3	-126.075	-0.065
0.3	-169.031	-0.065
-0.3	76.8319	1
-0.3	-88.68	1
-0.3	8.59948	1
-0.3	94.0265	1
-0.3	33.8579	1
-0.3	49.1098	1
-0.3	-112.59	1
-0.3	1.954	1
-0.3	145.437	1
-0.3	-20.0995	1
-0.3	34.3898	1
-0.3	-165.992	1
-0.3	-160.119	1
-0.3	122.532	1
-0.3	-67.3547	1
-0.3	141.279	1
-0.3	-53.7373	1
-0.3	-48.5087	1
-0.3	-6.87815	1
-0.3	-4.23458	1
-0.3	12.9911	1
-0.3	-133.445	1
-0.3	-50.6012	1
-0.3	-167.421	1
-0.3	91.8457	1
-0.3	-9.72078	1
-0.3	-152.989	1
-0.3	-172.875	1
-0.3	-170.201	1
-0.3	21.8459	1
-0.3	-131.337	1
-0.3	71.5677	1
-0.3	96.5943	1
-0.3	-116.967	1
-0.3	-174.134	1
-0.3	33.554	1
-0.3	-2.81444	1
-0.3	18.0169	1
-0.3	-135.176	1
-0.3	-45.4776	1
-0.3	-82.9878	1
-0.3	34.0409	1
-0.3	-74.8243	1
-0.3	-9.19626	1
-0.3	-21.8716	1
-0.3	128.436	1
-0.3	-52.0492	1
-0.3	157.915	1
-0.3	0.354569	1
-0.3	52.8797	1
-0.3	49.378	1
-0.3	3.96173	1
-0.3	-108.772	1
-0.3	79.4453	1
-0.3	23.9157	1
-0.3	-2.85769	1
-0.3	-118.875	1
-0.3	-126.596	1
-0.3	-3.94335	1
-0.3	-174.46	1
-0.3	48.4063	1
-0.3	19.6822	1
-0.3	130.183	1
-0.3	-22.9546	1
-0.3	-126.447	1
-0.3	138.902	1
-0.3	10.0868	1
-0.3	24.7891	1
-0.3	-133.537	1
-0.3	16.0631	1
-0.3	168.341	1
-0.3	3.02896	1
-0.3	98.2973	1
-0.3	-77.3593	1
-0.3	-55.7241	1
-0.3	-156.124	1
-0.3	-112.176	1
-0.3	34.2647	1
-0.3	81.3893	1
-0.3	-62.6177	1
-0.3	-115.727	1
-0.3	106.315	1
-0.3	-17.0534	1
-0.3	-148.62	1
-0.3	150.032	1
-0.3	20.4324	1
-0.3	89.9501	1
-0.3	140.594	1
-0.3	59.0308	1
-0.3	103.196	1
-0.3	-137.024	1
-0.3	61.2698	1
-0.3	-82.8657	1
-0.3	125.576	1
-0.3	120.391	1
-0.3	86.8211	1
-0.3	-80.8931	1
-0.3	-133.46	1
-0.3	5.15211	1
-0.3	108.998	1
-0.3	-145.888	1
-0.3	-28.3922	1
-0.3	-138.481	1
-0.3	66.8243	1
-0.3	134.1	1
-0.3	-19.3066	1
-0.3	-14.1535	1
-0.3	81.0676	1
-0.3	-174.947	1
-0.3	42.5901	1
-0.3	-134.307	1
-0.3	56.2916	1
-0.3	-69.9086	1
-0.3	59.51	1
-0.3	-105.496	1
-0.3	-12.8395	1
-0.3	-22.8566	1
-0.3	-36.585	1
-0.3	-67.0573	1
-0.3	-16.4383	1
-0.3	59.6838	1
-0.3	54.4745	1
-0.3	-107.259	1
-0.3	-166.787	1
-0.3	94.4134	1
-0.3	-8.55673	1
-0.3	-111.172	1
-0.3	4.55321	1
-0.3	-169.1	1
-0.3	-40.4044	1
-0.3	173.826	1
-0.3	-136.984	1
-0.3	134.324	1
-0.3	-133.01	1
-0.3	-9.06195	1
-0.3	-3.45758	1
-0.3	-119.64	1
-0.3	93.8303	1
-0.3	-145.721	1
-0.3	85.3606	1
-0.3	-4.13489	1
-0.3	-174.438	1
-0.3	155.297	1
-0.3	-35.5892	1
-0.3	77.6138	1
-0.3	41.7856	1
-0.3	87.2898	1
-0.3	-96.8078	1
-0.3	-150.84	1
-0.3	113.351	1
-0.3	99.1172	1
-0.3	40.056	1
-0.3	19.4646	1
-0.3	14.9576	1
-0.3	-151.246	1
-0.3	37.7613	1
-0.3	-101.536	1
-0.3	-121.263	1
-0.3	-179.912	1
-0.3	-34.8461	1
-0.3	-82.9045	1
-0.3	63.6869	1
-0.3	41.3739	1
-0.3	-37.5455	1
-0.3	-20.7406	1
-0.3	-43.8858	1
-0.3	-34.6164	1
-0.3	72.886	1
-0.3	-105.281	1
-0.3	161.687	1
-0.3	-2.12608	1
-0.3	162.728	1
-0.3	15.1777	1
-0.3	-52.0402	1
-0.3	9.91805	1
-0.3	17.7942	1
-0.3	-97.9859	1
-0.3	80.6979	1
-0.3	100.193	1
-0.3	148.178	1
-0.3	-14.0641	1
-0.3	41.077	1
-0.3	-34.7014	1
-0.3	-69.0341	1
-0.3	-24.1562	1
-0.3	-56.8498	1
-0.3	142.344	1
-0.3	168.36	1
-0.3	84.4216	1
-0.3	136.039	1
-0.3	74.4623	1
-0.3	74.8366	1
-0.3	-55.8632	1
-0.3	56.6825	1
-0.3	-172.854	1
-0.3	-138.643	1
-0.3	-82.7441	1
-0.3	-19.4211	1
-0.3	52.3048	1
-0.3	134.134	1
-0.3	-163.554	1
-0.3	167.082	1
-0.3	-24.7515	1
-0.3	71.9865	1
-0.3	-4.97952	1
-0.3	121.203	1
-0.3	30.1954	1
-0.3	19.8983	1
-0.3	176.665	1
-0.3	28.9443	1
-0.3	-26.1335	1
-0.3	81.3779	-0.065
-0.3	-133.932	-0.065
-0.3	-90.7908	-0.065
-0.3	168.97	-0.065
-0.3	167.436	-0.065
-0.3	-168.477	-0.065
-0.3	-70.9814	-0.065
-0.3	163.714	-0.065
-0.3	77.4819	-0.065
-0.3	-78.3526	-0.065
-0.3	159.929	-0.065
-0.3	113.375	-0.065
-0.3	84.545	-0.065
-0.3	-93.5985	-0.065
-0.3	-38.3535	-0.065
-0.3	77.6654	-0.065
-0.3	72.624	-0.065
-0.3	101.218	-0.065
-0.3	-176.188	-0.065
-0.3	-77.8873	-0.065
-0.3	19.5189	-0.065
-0.3	-165.575	-0.065
-0.3	158.962	-0.065
-0.3	26.5609	-0.065
-0.3	122.622	-0.065
-0.3	-143.834	-0.065
-0.3	-65.7298	-0.065
-0.3	55.89	-0.065
-0.3	137.917	-0.065
-0.3	93.7126	-0.065
-0.3	92.0028	-0.065
-0.3	121.896	-0.065
-0.3	71.5865	-0.065
-0.3	-171.52	-0.065
-0.3	140.771	-0.065
-0.3	46.3017	-0.065
-0.3	-106.015	-0.065
-0.3	-48.2544	-0.065
-0.3	-67.8703	-0.065
-0.3	-159.024	-0.065
-0.3	101.343	-0.065
-0.3	-70.574	-0.065
-0.3	-135.607	-0.065
-0.3	123.455	-0.065
-0.3	172.543	-0.065
-0.3	-14.1792	-0.065
-0.3	111.229	-0.065
-0.3	-134.077	-0.065
-0.3	-119.734	-0.065
-0.3	-177.876	-0.065
-0.3	-73.8649	-0.065
-0.3	-62.6542	-0.065
-0.3	-86.6988	-0.065
-0.3	-16.6307	-0.065
-0.3	84.0348	-0.065
-0.3	106.957	-0.065
-0.3	-15.943	-0.065
-0.3	-82.2306	-0.065
-0.3	112.252	-0.065
-0.3	145.754	-0.065
-0.3	78.6217	-0.065
-0.3	145.828	-0.065
-0.3	56.1432	-0.065
-0.3	-172.334	-0.065
-0.3	-14.8042	-0.065
-0.3	-42.4999	-0.065
-0.3	-93.0565	-0.065
-0.3	-31.1865	-0.065
-0.3	162.116	-0.065
-0.3	58.5595	-0.065
-0.3	-141.372	-0.065
-0.3	-117.395	-0.065
-0.3	158.917	-0.065
-0.3	81.5646	-0.065
-0.3	59.8025	-0.065
-0.3	-37.2249	-0.065
-0.3	146.514	-0.065
-0.3	155.163	-0.065
-0.3	-26.8081	-0.065
-0.3	-121.165	-0.065
-0.3	-18.939	-0.065
-0.3	-54.4684	-0.065
-0.3	79.8089	-0.065
-0.3	79.38	-0.065
-0.3	-55.7204	-0.065
-0.3	19.2701	-0.065
-0.3	73.7088	-0.065
-0.3	116.166	-0.065
-0.3	124.965	-0.065
-0.3	-109.618	-0.065
-0.3	-169.845	-0.065
-0.3	-39.8892	-0.065
-0.3	-62.4372	-0.065
-0.3	145.208	-0.065
-0.3	-6.51472	-0.065
-0.3	-30.0134	-0.065
-0.3	-92.1296	-0.065
-0.3	-22.2841	-0.065
-0.3	61.4389	-0.065
-0.3	65.2597	-0.065
-0.3	-90.4526	-0.065
-0.3	87.3286	-0.065
-0.3	-70.0638	-0.065
-0.3	-21.693	-0.065
-0.3	10.9344	-0.065
-0.3	-142.91	-0.065
-0.3	-10.9	-0.065
-0.3	117.28	-0.065
-0.3	-92.9932	-0.065
-0.3	68.0982	-0.065
-0.3	117.695	-0.065
-0.3	-131.15	-0.065
-0.3	10.6279	-0.065
-0.3	109.368	-0.065
-0.3	-86.1114	-0.065
-0.3	-163.036	-0.065
-0.3	-15.157	-0.065
-0.3	-13.4732	-0.065
-0.3	-19.4527	-0.065
-0.3	-65.8822	-0.065
-0.3	-144.254	-0.065
-0.3	106.376	-0.065
-0.3	75.2571	-0.065
-0.3	-106.737	-0.065
-0.3	57.7857	-0.065
-0.3	100.869	-0.065
-0.3	-49.2737	-0.065
-0.3	-164.048	-0.065
-0.3	-117.882	-0.065
-0.3	35.717	-0.065
-0.3	166.241	-0.065
-0.3	-166.724	-0.065
-0.3	-12.1667	-0.065
-0.3	-124.778	-0.065
-0.3	17.8995	-0.065
-0.3	158.692	-0.065
-0.3	-12.1086	-0.065
-0.3	-130.308	-0.065
-0.3	93.8903	-0.065
-0.3	-29.835	-0.065
-0.3	-83.4031	-0.065
-0.3	-155.755	-0.065
-0.3	-15.2036	-0.065
-0.3	-116.188	-0.065
-0.3	131.417	-0.065
-0.3	60.3828	-0.065
-0.3	-73.7965	-0.065
-0.3	65.8201	-0.065
-0.3	-101.568	-0.065
-0.3	-91.1153	-0.065
-0.3	-14.062	-0.065
-0.3	161.563	-0.065
-0.3	8.70524	-0.065
-0.3	66.1741	-0.065
-0.3	109.176	-0.065
-0.3	82.6939	-0.065
-0.3	75.2913	-0.065
-0.3	-92.047	-0.065
-0.3	-168.82	-0.065
-0.3	74.6902	-0.065
-0.3	-40.1604	-0.065
-0.3	73.2631	-0.065
-0.3	13.8495	-0.065
