pol.	phi	weight
0.3	84.9012	1
0.3	80.0922	1
0.3	112.575	1
0.3	-86.6472	1
0.3	152.09	1
0.3	28.5624	1
0.3	14.3259	1
0.3	137.504	1
0.3	-45.5228	1
0.3	23.6781	1
0.3	-53.1162	1
0.3	32.9493	1
0.3	-57.9946	1
0.3	-160.799	1
0.3	139.843	1
0.3	150.598	1
0.3	46.0599	1
0.3	-56.9564	1
0.3	-25.262	1
0.3	-59.0488	1
0.3	20.377	1
0.3	-78.2964	1
0.3	175.495	1
0.3	4.22273	1
0.3	27.7168	1
0.3	-15.2101	1
0.3	153.243	1
0.3	-149.609	1
0.3	129.258	1
0.3	-67.4866	1
0.3	85.8142	1
0.3	90.8717	1
0.3	159.195	1
0.3	-3.16208	1
0.3	103.436	1
0.3	-65.2523	1
0.3	-171.34	1
0.3	7.22045	1
0.3	0.684306	1
0.3	26.4576	1
0.3	-168.52	1
0.3	35.2442	1
0.3	-41.9271	1
0.3	-163.816	1
0.3	-79.0745	1
0.3	-13.854	1
0.3	-94.0555	1
0.3	-35.5383	1
0.3	-14.9929	1
0.3	-68.1128	1
0.3	8.33097	1
0.3	153.935	1
0.3	-98.9642	1
0.3	-39.38	1
0.3	-39.8968	1
0.3	63.7119	1
0.3	142.258	1
0.3	128.005	1
0.3	-66.0707	1
0.3	-126.366	1
0.3	65.4349	1
0.3	-34.3513	1
0.3	41.4311	1
0.3	-122.084	1
0.3	149.728	1
0.3	84.1488	1
0.3	51.2752	1
0.3	163.377	1
0.3	-89.7266	1
0.3	-75.6564	1
0.3	-62.5822	1
0.3	-46.2538	1
0.3	88.3649	1
0.3	96.164	1
0.3	-69.5145	1
0.3	145.584	1
0.3	21.7086	1
0.3	-37.9239	1
0.3	175.805	1
0.3	78.096	1
0.3	-96.607	1
0.3	-65.3752	1
0.3	160.47	1
0.3	20.0874	1
0.3	138.924	1
0.3	-8.60434	1
0.3	40.692	1
0.3	48.1053	1
0.3	-128.099	1
0.3	-117.785	1
0.3	101.561	1
0.3	21.3361	1
0.3	-24.2404	1
0.3	117.612	1
0.3	160.79	1
0.3	85.1243	1
0.3	-61.8818	1
0.3	90.0691	1
0.3	162.91	1
0.3	60.7881	1
0.3	92.0418	1
0.3	-35.3772	1
0.3	120.946	1
0.3	83.5715	1
0.3	-94.2154	1
0.3	4.74549	1
0.3	-20.2283	1
0.3	-153.019	1
0.3	10.5698	1
0.3	-133.223	1
0.3	-26.9851	1
0.3	-18.1862	1
0.3	44.2683	1
0.3	-97.1146	1
0.3	47.9575	1
0.3	64.7033	1
0.3	179.793	1
0.3	-164.26	1
0.3	-31.3331	1
0.3	9.34853	1
0.3	39.1827	1
0.3	23.458	1
0.3	-109.972	1
0.3	-48.0458	1
0.3	45.9961	1
0.3	-44.1677	1
0.3	-138.875	1
0.3	-6.41839	1
0.3	-94.3414	1
0.3	121.325	1
0.3	46.4977	1
0.3	33.6097	1
0.3	-114.771	1
0.3	8.71463	1
0.3	36.4837	1
0.3	49.8467	1
0.3	171.301	1
0.3	-103.812	1
0.3	77.1728	1
0.3	171.145	1
0.3	175.887	1
0.3	29.9568	1
0.3	-111.347	1
0.3	27.3628	1
0.3	24.2005	1
0.3	67.0668	1
0.3	150.7	1
0.3	100.637	1
0.3	87.8822	1
0.3	126.174	1
0.3	102.743	1
0.3	-61.2788	1
0.3	176.658	1
0.3	-171.449	1
0.3	-22.9497	1
0.3	-132.761	1
0.3	52.2437	1
0.3	55.2972	1
0.3	35.1547	1
0.3	-126.153	1
0.3	-47.9862	1
0.3	122.219	1
0.3	-17.6341	1
0.3	70.1675	1
0.3	25.4163	1
0.3	-160.129	1
0.3	106.148	-0.065
0.3	-5.21643	-0.065
0.3	47.6972	-0.065
0.3	45.7185	-0.065
0.3	146.364	-0.065
0.3	168	-0.065
0.3	-141.825	-0.065
0.3	0.135264	-0.065
0.3	-145.891	-0.065
0.3	-74.773	-0.065
0.3	-5.4923	-0.065
0.3	-160.286	-0.065
0.3	148.858	-0.065
0.3	-100.398	-0.065
0.3	-119.606	-0.065
0.3	149.916	-0.065
0.3	-111.332	-0.065
0.3	-53.034	-0.065
0.3	176.556	-0.065
0.3	-131.897	-0.065
0.3	128.033	-0.065
0.3	145.467	-0.065
0.3	-31.4578	-0.065
0.3	138.126	-0.065
0.3	-144.925	-0.065
0.3	7.28279	-0.065
0.3	174.884	-0.065
0.3	55.4938	-0.065
0.3	-76.8741	-0.065
0.3	96.2335	-0.065
0.3	36.4077	-0.065
0.3	118.507	-0.065
0.3	82.2981	-0.065
0.3	145.381	-0.065
0.3	167.994	-0.065
0.3	-132.708	-0.065
0.3	13.0502	-0.065
0.3	158.744	-0.065
0.3	68.797	-0.065
0.3	48.9062	-0.065
0.3	91.3703	-0.065
0.3	70.9948	-0.065
0.3	76.5502	-0.065
0.3	-161.732	-0.065
0.3	119.511	-0.065
0.3	-1.28757	-0.065
0.3	-148.563	-0.065
0.3	-82.6374	-0.065
0.3	-12.0978	-0.065
0.3	-13.7611	-0.065
0.3	38.5817	-0.065
0.3	-0.395973	-0.065
0.3	-160.366	-0.065
0.3	-96.1745	-0.065
0.3	-172.911	-0.065
0.3	22.8178	-0.065
0.3	5.44711	-0.065
0.3	22.1337	-0.065
0.3	-153.667	-0.065
0.3	-42.7556	-0.065
0.3	-2.63474	-0.065
0.3	6.69637	-0.065
0.3	172.158	-0.065
0.3	-2.0276	-0.065
0.3	109.047	-0.065
0.3	-121.883	-0.065
0.3	167.986	-0.065
0.3	76.256	-0.065
0.3	-25.0802	-0.065
0.3	29.004	-0.065
0.3	-68.8919	-0.065
0.3	116.574	-0.065
0.3	90.9339	-0.065
0.3	-35.4071	-0.065
0.3	89.7385	-0.065
0.3	25.8169	-0.065
0.3	28.7179	-0.065
0.3	-119.973	-0.065
0.3	-156.47	-0.065
0.3	-134.389	-0.065
0.3	-5.86305	-0.065
0.3	5.03353	-0.065
0.3	-175.441	-0.065
0.3	-31.8534	-0.065
0.3	106.355	-0.065
0.3	-123.943	-0.065
0.3	-35.8071	-0.065
0.3	-143.436	-0.065
0.3	175.334	-0.065
0.3	65.089	-0.065
0.3	-176.004	-0.065
0.3	33.7492	-0.065
0.3	-4.83065	-0.065
0.3	-61.6634	-0.065
0.3	-97.2714	-0.065
0.3	-104.93	-0.065
0.3	24.273	-0.065
0.3	-174.617	-0.065
0.3	96.52	-0.065
0.3	21.7516	-0.065
0.3	53.0607	-0.065
0.3	-143.078	-0.065
0.3	16.141	-0.065
0.3	115.778	-0.065
0.3	-117.428	-0.065
0.3	60.7461	-0.065
0.3	46.861	-0.065
0.3	93.5999	-0.065
0.3	-148.147	-0.065
0.3	-130.644	-0.065
0.3	51.9214	-0.065
0.3	-80.6637	-0.065
0.3	120.052	-0.065
0.3	-98.7142	-0.065
0.3	0.723035	-0.065
0.3	-53.9328	-0.065
0.3	-165.809	-0.065
0.3	82.4834	-0.065
0.3	164.261	-0.065
0.3	-34.7581	-0.065
0.3	69.3212	-0.065
0.3	-51.2942	-0.065
0.3	-47.7323	-0.065
0.3	10.2949	-0.065
0.3	-79.6619	-0.065
0.3	-146.201	-0.065
0.3	-120.604	-0.065
0.3	-174.709	-0.065
0.3	-132.149	-0.065
-0.3	105.797	1
-0.3	-18.8233	1
-0.3	77.6155	1
-0.3	97.0783	1
-0.3	-13.3334	1
-0.3	-174.669	1
-0.3	-27.4271	1
-0.3	-60.1115	1
-0.3	-26.1152	1
-0.3	-172.113	1
-0.3	117.142	1
-0.3	139.782	1
-0.3	-175.792	1
-0.3	-121.449	1
-0.3	-6.70286	1
-0.3	2.90876	1
-0.3	148.52	1
-0.3	49.3226	1
-0.3	4.24695	1
-0.3	93.7967	1
-0.3	134.206	1
-0.3	148.063	1
-0.3	-153.622	1
-0.3	-50.7471	1
-0.3	-165.165	1
-0.3	-152.182	1
-0.3	-7.47664	1
-0.3	-107.456	1
-0.3	50.4934	1
-0.3	163.405	1
-0.3	-124.437	1
-0.3	-129.268	1
-0.3	175.58	1
-0.3	38.5056	1
-0.3	-19.507	1
-0.3	-149.775	1
-0.3	57.1776	1
-0.3	70.1758	1
-0.3	114.665	1
-0.3	31.2138	1
-0.3	-72.2939	1
-0.3	-99.1362	1
-0.3	-32.8619	1
-0.3	-116.878	1
-0.3	75.2534	1
-0.3	21.7425	1
-0.3	-104.667	1
-0.3	-67.2318	1
-0.3	176.223	1
-0.3	-34.5052	1
-0.3	20.9909	1
-0.3	52.0279	1
-0.3	61.8389	1
-0.3	109.569	1
-0.3	-3.90614	1
-0.3	6.2404	1
-0.3	-28.9032	1
-0.3	30.3399	1
-0.3	-102.511	1
-0.3	-137.943	1
-0.3	71.3903	1
-0.3	-167.731	1
-0.3	60.3193	1
-0.3	-75.4287	1
-0.3	142.661	1
-0.3	-46.5719	1
-0.3	56.4189	1
-0.3	55.9359	1
-0.3	-12.2541	1
-0.3	-85.2473	1
-0.3	32.802	1
-0.3	106.501	1
-0.3	-100.369	1
-0.3	109.533	1
-0.3	56.1315	1
-0.3	101.378	1
-0.3	-100.625	1
-0.3	-3.66146	1
-0.3	-155.169	1
-0.3	109.535	1
-0.3	83.1175	1
-0.3	-120.335	1
-0.3	54.3527	1
-0.3	48.823	1
-0.3	57.4132	1
-0.3	172.968	1
-0.3	-124.486	1
-0.3	-53.2675	1
-0.3	-120.329	1
-0.3	52.6626	1
-0.3	-85.2799	1
-0.3	-151.509	1
-0.3	-7.47151	1
-0.3	55.2681	1
-0.3	-88.0356	1
-0.3	48.7386	1
-0.3	-111.864	1
-0.3	-126.417	1
-0.3	-157.01	1
-0.3	12.0569	1
-0.3	159.084	1
-0.3	154.659	1
-0.3	24.2551	1
-0.3	-96.7145	1
-0.3	17.1498	1
-0.3	104.499	1
-0.3	11.0115	1
-0.3	-166.18	1
-0.3	-87.1476	1
-0.3	-178.888	1
-0.3	42.0137	1
-0.3	37.3229	1
-0.3	-16.3304	1
-0.3	-112.612	1
-0.3	74.653	1
-0.3	65.4399	1
-0.3	-135.453	1
-0.3	-146.635	1
-0.3	169.603	1
-0.3	-173.376	1
-0.3	29.9753	1
-0.3	-52.5574	1
-0.3	-14.9521	1
-0.3	-70.448	1
-0.3	-82.8497	1
-0.3	-144.062	1
-0.3	-149.062	1
-0.3	-166.874	1
-0.3	89.4064	1
-0.3	129.999	1
-0.3	82.2879	1
-0.3	13.7264	1
-0.3	-141.54	1
-0.3	2.86566	1
-0.3	14.1078	1
-0.3	-105.394	1
-0.3	40.3356	1
-0.3	38.426	1
-0.3	130.749	1
-0.3	-152.88	1
-0.3	38.6317	1
-0.3	103.883	1
-0.3	15.4531	1
-0.3	-176.99	1
-0.3	160.675	1
-0.3	46.7636	1
-0.3	136.705	1
-0.3	127.407	1
-0.3	140.678	1
-0.3	-34.5859	1
-0.3	-143.723	1
-0.3	-139.845	1
-0.3	-123.354	1
-0.3	173.771	1
-0.3	-129.867	1
-0.3	-8.37725	1
-0.3	164.545	1
-0.3	-153.495	1
-0.3	150.803	1
-0.3	-115.509	1
-0.3	71.6775	1
-0.3	-3.88692	1
-0.3	-89.1343	1
-0.3	-118.963	1
-0.3	20.7252	1
-0.3	147.243	1
-0.3	-71.0301	1
-0.3	121.314	1
-0.3	-168.177	1
-0.3	41.4058	1
-0.3	-96.7423	1
-0.3	-74.9067	1
-0.3	79.4496	1
-0.3	48.8606	1
-0.3	88.6534	1
-0.3	-99.5733	1
-0.3	154.904	1
-0.3	4.37813	1
-0.3	110.257	1
-0.3	-117.947	1
-0.3	-129.112	1
-0.3	-148.175	1
-0.3	179.719	1
-0.3	11.6042	1
-0.3	-142.629	1
-0.3	176.785	-0.065
-0.3	106.217	-0.065
-0.3	50.8448	-0.065
-0.3	120.72	-0.065
-0.3	-35.7023	-0.065
-0.3	75.193	-0.065
-0.3	-109.482	-0.065
-0.3	-87.931	-0.065
-0.3	157.284	-0.065
-0.3	-109.991	-0.065
-0.3	72.203	-0.065
-0.3	-38.7123	-0.065
-0.3	96.4128	-0.065
-0.3	37.9218	-0.065
-0.3	-34.0021	-0.065
-0.3	103.421	-0.065
-0.3	-82.6966	-0.065
-0.3	139.389	-0.065
-0.3	-34.9634	-0.065
-0.3	23.4992	-0.065
-0.3	-52.0466	-0.065
-0.3	-44.5348	-0.065
-0.3	-51.668	-0.065
-0.3	162.08	-0.065
-0.3	32.9596	-0.065
-0.3	-138.814	-0.065
-0.3	-133.267	-0.065
-0.3	175.867	-0.065
-0.3	-125.792	-0.065
-0.3	15.4074	-0.065
-0.3	74.1671	-0.065
-0.3	144.701	-0.065
-0.3	-94.1886	-0.065
-0.3	-24.5562	-0.065
-0.3	131.736	-0.065
-0.3	114.912	-0.065
-0.3	-90.6996	-0.065
-0.3	21.8246	-0.065
-0.3	150.071	-0.065
-0.3	-49.4273	-0.065
-0.3	113.782	-0.065
-0.3	-128.884	-0.065
-0.3	177.414	-0.065
-0.3	-53.5774	-0.065
-0.3	45.0353	-0.065
-0.3	97.5098	-0.065
-0.3	159.719	-0.065
-0.3	79.833	-0.065
-0.3	-137.057	-0.065
-0.3	-89.2922	-0.065
-0.3	-70.1566	-0.065
-0.3	-154.372	-0.065
-0.3	80.3167	-0.065
-0.3	122.345	-0.065
-0.3	15.5335	-0.065
-0.3	-178.276	-0.065
-0.3	-101.74	-0.065
-0.3	-64.977	-0.065
-0.3	75.4435	-0.065
-0.3	42.7698	-0.065
-0.3	-34.5525	-0.065
-0.3	155.993	-0.065
-0.3	-99.3378	-0.065
-0.3	-26.1008	-0.065
-0.3	101.545	-0.065
-0.3	-15.2467	-0.065
-0.3	-69.8487	-0.065
-0.3	-12.1198	-0.065
-0.3	176.579	-0.065
-0.3	-23.8068	-0.065
-0.3	54.2659	-0.065
-0.3	65.9785	-0.065
-0.3	-43.2167	-0.065
-0.3	106.993	-0.065
-0.3	179.603	-0.065
-0.3	170.447	-0.065
-0.3	78.2248	-0.065
-0.3	-81.7057	-0.065
-0.3	-14.4394	-0.065
-0.3	-41.0966	-0.065
-0.3	-61.6692	-0.065
-0.3	-77.6587	-0.065
-0.3	-116.604	-0.065
-0.3	-154.646	-0.065
-0.3	135.629	-0.065
-0.3	16.4148	-0.065
-0.3	125.456	-0.065
-0.3	4.15499	-0.065
-0.3	27.8719	-0.065
-0.3	124.302	-0.065
-0.3	70.3713	-0.065
-0.3	53.4368	-0.065
-0.3	-4.44989	-0.065
-0.3	-83.0162	-0.065
-0.3	119.411	-0.065
-0.3	-166.965	-0.065
-0.3	113.996	-0.065
-0.3	-118.845	-0.065
-0.3	150.266	-0.065
-0.3	-86.9701	-0.065
-0.3	-0.764386	-0.065
-0.3	-104.489	-0.065
-0.3	107.155	-0.065
-0.3	56.75	-0.065
-0.3	150.067	-0.065
-0.3	-88.5981	-0.065
-0.3	125.87	-0.065
-0.3	-153.162	-0.065
-0.3	126.576	-0.065
-0.3	6.09723	-0.065
-0.3	-38.1663	-0.065
-0.3	90.5157	-0.065
-0.3	56.515	-0.065
-0.3	-92.2466	-0.065
-0.3	132.149	-0.065
-0.3	177.072	-0.065
-0.3	153.837	-0.065
-0.3	94.3097	-0.065
-0.3	-24.3036	-0.065
-0.3	-70.0258	-0.065
-0.3	97.9111	-0.065
-0.3	-77.0345	-0.065
-0.3	45.6274	-0.065
-0.3	-73.936	-0.065
-0.3	178.893	-0.065
-0.3	14.9759	-0.065
-0.3	-139.986	-0.065
-0.3	-55.5671	-0.065
-0.3	54.9631	-0.065
-0.3	75.5149	-0.065
-0.3	2.85364	-0.065
-0.3	169.383	-0.065
-0.3	20.5402	-0.065
-0.3	-177.208	-0.065
-0.3	28.9335	-0.065
-0.3	92.7408	-0.065
-0.3	117.239	-0.065
-0.3	-117.409	-0.065
-0.3	-127.319	-0.065
-0.3	-132.154	-0.065
-0.3	-116.257	-0.065
-0.3	74.9775	-0.065
-0.3	-104.132	-0.065
