pol.	phi	weight
0.3	137.767	1
0.3	5.27755	1
0.3	15.5496	1
0.3	-41.6355	1
0.3	132.696	1
0.3	28.3989	1
0.3	-80.9996	1
0.3	-121.89	1
0.3	-21.0408	1
0.3	-96.3844	1
0.3	90.4945	1
0.3	-5.10213	1
0.3	-119.976	1
0.3	-139.795	1
0.3	30.9656	1
0.3	15.4157	1
0.3	-94.3241	1
0.3	73.0113	1
0.3	21.1683	1
0.3	99.969	1
0.3	97.1905	1
0.3	122.099	1
0.3	81.1268	1
0.3	-96.5357	1
0.3	-8.88131	1
0.3	-162.807	1
0.3	103.966	1
0.3	135.233	1
0.3	12.556	1
0.3	0.109754	1
0.3	43.2129	1
0.3	-126.246	1
0.3	140.317	1
0.3	-159.92	1
0.3	-113.162	1
0.3	-178.64	1
0.3	-135.799	1
0.3	18.0485	1
0.3	-55.1235	1
0.3	-78.9674	1
0.3	-60.1177	1
0.3	-3.30845	1
0.3	-62.7302	1
0.3	86.3934	1
0.3	47.1249	1
0.3	-17.4301	1
0.3	68.6283	1
0.3	-25.0869	1
0.3	96.7459	1
0.3	47.8527	1
0.3	-31.8653	1
0.3	-53.1978	1
0.3	71.195	1
0.3	-114.206	1
0.3	-135.954	1
0.3	-73.7099	1
0.3	63.4038	1
0.3	93.2834	1
0.3	77.9269	1
0.3	-34.7025	1
0.3	123.923	1
0.3	39.4364	1
0.3	-67.1454	1
0.3	94.8618	1
0.3	95.5737	1
0.3	131.652	1
0.3	-43.6886	1
0.3	23.133	1
0.3	-30.4928	1
0.3	152.064	1
0.3	39.4923	1
0.3	162.528	1
0.3	161.109	1
0.3	79.4387	1
0.3	70.6526	1
0.3	142.136	1
0.3	-62.5623	1
0.3	-68.7703	1
0.3	-89.7265	1
0.3	45.894	1
0.3	34.8748	1
0.3	-21.2519	1
0.3	-77.6782	1
0.3	80.7735	1
0.3	-31.5157	1
0.3	160.539	1
0.3	-80.8256	1
0.3	66.2449	1
0.3	173.025	1
0.3	173.286	1
0.3	115.414	1
0.3	-13.0626	1
0.3	-41.709	1
0.3	-13.8186	1
0.3	-125.587	1
0.3	46.6052	1
0.3	166.542	1
0.3	92.8434	1
0.3	101.309	1
0.3	44.798	1
0.3	-11.5249	1
0.3	-94.4757	1
0.3	152.755	1
0.3	112.665	1
0.3	-176.326	1
0.3	-1.5807	1
0.3	-169.252	1
0.3	-29.9072	1
0.3	-72.8026	1
0.3	122.963	1
0.3	-140.44	1
0.3	-133.037	1
0.3	40.6183	1
0.3	14.2603	1
0.3	162.474	1
0.3	-71.1958	1
0.3	-32.8862	1
0.3	-40.9677	1
0.3	140.321	1
0.3	84.7738	1
0.3	-31.155	1
0.3	-46.7041	1
0.3	102.215	1
0.3	119.965	1
0.3	-114.133	1
0.3	-154.692	1
0.3	166.897	1
0.3	147.586	1
0.3	-125.25	1
0.3	98.1007	1
0.3	161.87	1
0.3	-25.6152	1
0.3	145.76	1
0.3	-158.94	1
0.3	60.4179	1
0.3	-13.6841	1
0.3	29.9202	1
0.3	163.114	1
0.3	-77.3607	1
0.3	-64.2911	1
0.3	142.186	1
0.3	-20.692	1
0.3	-38.9604	1
0.3	2.29138	1
0.3	-145.713	1
0.3	-24.3574	1
0.3	16.3303	1
0.3	-60.5679	1
0.3	-107.334	1
0.3	14.0316	1
0.3	-3.5605	1
0.3	-90.5413	1
0.3	171.15	1
0.3	114.103	1
0.3	59.1128	1
0.3	92.336	1
0.3	-31.9754	1
0.3	148.599	1
0.3	137.856	1
0.3	52.8777	1
0.3	24.513	1
0.3	34.3363	1
0.3	-170.498	1
0.3	-101.148	1
0.3	124.172	1
0.3	-31.6052	1
0.3	-88.5699	1
0.3	137.116	1
0.3	140.249	1
0.3	154.433	1
0.3	-90.9291	1
0.3	158.375	1
0.3	-41.245	1
0.3	-125.186	1
0.3	-98.4093	1
0.3	-159.117	1
0.3	44.1468	1
0.3	51.009	1
0.3	143.432	1
0.3	36.127	1
0.3	-84.567	1
0.3	105.187	1
0.3	13.4716	1
0.3	-164.465	1
0.3	110.823	1
0.3	7.15932	1
0.3	28.5694	1
0.3	4.06301	1
0.3	-71.3175	1
0.3	6.34253	1
0.3	-172.304	1
0.3	-165.688	1
0.3	-119.215	1
0.3	-133.022	1
0.3	52.4429	1
0.3	-134.653	1
0.3	-117.611	1
0.3	54.396	-0.065
0.3	165.037	-0.065
0.3	40.0506	-0.065
0.3	163.549	-0.065
0.3	92.7194	-0.065
0.3	23.2894	-0.065
0.3	-156.868	-0.065
0.3	154.619	-0.065
0.3	-128.032	-0.065
0.3	-159.343	-0.065
0.3	134.92	-0.065
0.3	72.8167	-0.065
0.3	-86.4255	-0.065
0.3	171.051	-0.065
0.3	-79.25	-0.065
0.3	-75.1907	-0.065
0.3	83.895	-0.065
0.3	161.446	-0.065
0.3	-92.094	-0.065
0.3	-85.6714	-0.065
0.3	62.0823	-0.065
0.3	90.7093	-0.065
0.3	-149.342	-0.065
0.3	87.4119	-0.065
0.3	56.0734	-0.065
0.3	-15.5669	-0.065
0.3	67.6266	-0.065
0.3	-24.5813	-0.065
0.3	96.7722	-0.065
0.3	174.593	-0.065
0.3	-99.7388	-0.065
0.3	114.988	-0.065
0.3	77.1783	-0.065
0.3	-70.0446	-0.065
0.3	-80.9784	-0.065
0.3	121.004	-0.065
0.3	47.4515	-0.065
0.3	-85.9798	-0.065
0.3	-96.9742	-0.065
0.3	-172.6	-0.065
0.3	-59.4369	-0.065
0.3	-77.1439	-0.065
0.3	5.23181	-0.065
0.3	144.626	-0.065
0.3	-3.70149	-0.065
0.3	-74.3532	-0.065
0.3	148.573	-0.065
0.3	-82.9083	-0.065
0.3	-129.984	-0.065
0.3	-83.9079	-0.065
0.3	-127.961	-0.065
0.3	74.4509	-0.065
0.3	-115.013	-0.065
0.3	118.978	-0.065
0.3	99.869	-0.065
0.3	-124.479	-0.065
0.3	81.12	-0.065
0.3	-127.359	-0.065
0.3	-104.61	-0.065
0.3	-63.0642	-0.065
0.3	154.041	-0.065
0.3	-74.3573	-0.065
0.3	-51.0738	-0.065
0.3	-119.56	-0.065
0.3	32.4612	-0.065
0.3	-101.965	-0.065
0.3	-135.025	-0.065
0.3	-148.726	-0.065
0.3	64.0524	-0.065
0.3	-28.8927	-0.065
0.3	11.9125	-0.065
0.3	-136.175	-0.065
0.3	44.2846	-0.065
0.3	55.1532	-0.065
0.3	55.3684	-0.065
0.3	39.4566	-0.065
0.3	50.8117	-0.065
0.3	147.5	-0.065
0.3	-166.398	-0.065
0.3	-27.29	-0.065
0.3	61.0912	-0.065
0.3	-132.904	-0.065
0.3	138.76	-0.065
0.3	57.8495	-0.065
0.3	96.2858	-0.065
0.3	-117.964	-0.065
0.3	113.097	-0.065
0.3	134.342	-0.065
0.3	-19.2407	-0.065
0.3	-0.301351	-0.065
0.3	-128.629	-0.065
0.3	-119.257	-0.065
0.3	65.8083	-0.065
0.3	-117.131	-0.065
0.3	125.67	-0.065
0.3	-53.3558	-0.065
0.3	5.30022	-0.065
0.3	-106.229	-0.065
0.3	-40.8919	-0.065
0.3	-41.11	-0.065
0.3	137.16	-0.065
0.3	94.5673	-0.065
0.3	-114.63	-0.065
0.3	-3.22333	-0.065
0.3	79.2028	-0.065
0.3	-47.5239	-0.065
0.3	1.83174	-0.065
0.3	-46.6813	-0.065
0.3	176.366	-0.065
0.3	-0.23518	-0.065
0.3	89.1861	-0.065
0.3	124.279	-0.065
0.3	174.657	-0.065
0.3	152.852	-0.065
0.3	-49.3052	-0.065
0.3	13.1172	-0.065
0.3	-27.6072	-0.065
0.3	-158.38	-0.065
0.3	129.661	-0.065
0.3	-94.2987	-0.065
0.3	-38.1937	-0.065
0.3	134.52	-0.065
0.3	102.537	-0.065
0.3	21.0421	-0.065
0.3	149.48	-0.065
0.3	-32.6614	-0.065
0.3	-12.8453	-0.065
0.3	-14.33	-0.065
0.3	44.2639	-0.065
0.3	-83.2873	-0.065
0.3	173.749	-0.065
0.3	-38.1106	-0.065
0.3	-104.536	-0.065
0.3	-89.7408	-0.065
0.3	47.1076	-0.065
0.3	86.3746	-0.065
0.3	164.223	-0.065
0.3	-50.9353	-0.065
0.3	45.714	-0.065
0.3	-134.486	-0.065
0.3	-129.373	-0.065
0.3	-130.515	-0.065
0.3	-52.4217	-0.065
0.3	-113.176	-0.065
0.3	106.095	-0.065
0.3	65.1188	-0.065
0.3	-110.009	-0.065
0.3	-118.711	-0.065
0.3	-126.247	-0.065
0.3	3.36118	-0.065
0.3	93.8584	-0.065
0.3	70.9542	-0.065
0.3	-36.6806	-0.065
-0.3	25.1356	1
-0.3	155.192	1
-0.3	-90.4358	1
-0.3	68.7611	1
-0.3	105.232	1
-0.3	83.3846	1
-0.3	-106.034	1
-0.3	-134.696	1
-0.3	-131.462	1
-0.3	-154.309	1
-0.3	139.605	1
-0.3	-22.452	1
-0.3	-111.538	1
-0.3	27.1275	1
-0.3	-76.5134	1
-0.3	-143.056	1
-0.3	66.2235	1
-0.3	148.733	1
-0.3	79.2118	1
-0.3	173.29	1
-0.3	-169.601	1
-0.3	-10.2127	1
-0.3	127.16	1
-0.3	-150.673	1
-0.3	60.4253	1
-0.3	-138.81	1
-0.3	15.1996	1
-0.3	8.51255	1
-0.3	-135.704	1
-0.3	102.502	1
-0.3	87.929	1
-0.3	-96.7888	1
-0.3	-32.9305	1
-0.3	90.0545	1
-0.3	-109.113	1
-0.3	-131.663	1
-0.3	-89.235	1
-0.3	140.331	1
-0.3	-111.075	1
-0.3	23.7678	1
-0.3	77.5451	1
-0.3	-144.567	1
-0.3	13.2958	1
-0.3	101.643	1
-0.3	-156.144	1
-0.3	-58.4897	1
-0.3	-91.9605	1
-0.3	-7.48376	1
-0.3	112.669	1
-0.3	-110.406	1
-0.3	158.123	1
-0.3	24.0881	1
-0.3	71.5568	1
-0.3	13.2519	1
-0.3	118.422	1
-0.3	-85.7718	1
-0.3	-30.5718	1
-0.3	115.948	1
-0.3	32.4852	1
-0.3	-146.043	1
-0.3	125.735	1
-0.3	-3.76028	1
-0.3	-151.011	1
-0.3	45.5386	1
-0.3	65.1094	1
-0.3	-18.9714	1
-0.3	43.0562	1
-0.3	174.692	1
-0.3	57.2948	1
-0.3	73.4369	1
-0.3	177.33	1
-0.3	98.6729	1
-0.3	-60.8338	1
-0.3	-121.497	1
-0.3	103.756	1
-0.3	-14.2122	1
-0.3	95.7667	1
-0.3	-86.1387	1
-0.3	5.38939	1
-0.3	-177.494	1
-0.3	-53.7461	1
-0.3	-144.907	1
-0.3	-178.829	1
-0.3	38.0607	1
-0.3	-124.412	1
-0.3	38.9265	1
-0.3	29.576	1
-0.3	-96.5257	1
-0.3	124.434	1
-0.3	-114.531	1
-0.3	-149.534	1
-0.3	149.358	1
-0.3	-162.484	1
-0.3	-51.5786	1
-0.3	38.0633	1
-0.3	58.7324	1
-0.3	50.3744	1
-0.3	112.45	1
-0.3	91.7254	1
-0.3	15.6597	1
-0.3	-9.00041	1
-0.3	18.2908	1
-0.3	-174.772	1
-0.3	131.672	1
-0.3	9.79206	1
-0.3	66.2873	1
-0.3	121.509	1
-0.3	-1.66063	1
-0.3	106.662	1
-0.3	25.128	1
-0.3	-35.7615	1
-0.3	-156.414	1
-0.3	-109.292	1
-0.3	-39.616	1
-0.3	-34.4287	1
-0.3	-8.37453	1
-0.3	-177.692	1
-0.3	104.939	1
-0.3	-71.0332	1
-0.3	137.142	1
-0.3	-92.5515	1
-0.3	-124.991	1
-0.3	-55.0825	1
-0.3	-50.7559	1
-0.3	-115.511	1
-0.3	129.413	1
-0.3	-115.536	1
-0.3	126.826	1
-0.3	64.6683	1
-0.3	-17.8807	1
-0.3	-105.243	1
-0.3	8.26564	1
-0.3	77.4083	1
-0.3	155.626	1
-0.3	38.1228	1
-0.3	154.158	1
-0.3	114.005	1
-0.3	99.1295	1
-0.3	-154.396	1
-0.3	-174.492	1
-0.3	-13.6868	1
-0.3	31.174	1
-0.3	25.6361	1
-0.3	-104.613	1
-0.3	-131.689	1
-0.3	41.2556	1
-0.3	28.421	1
-0.3	-95.6717	1
-0.3	142.553	1
-0.3	-153.101	1
-0.3	27.0593	1
-0.3	-0.0894621	1
-0.3	71.1529	1
-0.3	44.3008	1
-0.3	-95.5968	1
-0.3	173.811	1
-0.3	-56.0243	1
-0.3	-165.507	1
-0.3	-88.8778	1
-0.3	-122.217	1
-0.3	162.504	1
-0.3	31.5741	1
-0.3	61.9373	1
-0.3	169.783	1
-0.3	166.596	1
-0.3	41.7467	1
-0.3	40.5679	1
-0.3	125.659	1
-0.3	-99.294	1
-0.3	56.927	1
-0.3	-126.689	1
-0.3	-40.4056	1
-0.3	-0.272522	1
-0.3	-146.822	1
-0.3	8.45103	1
-0.3	174.72	1
-0.3	109.926	1
-0.3	173.056	1
-0.3	-160.052	1
-0.3	-179.27	1
-0.3	2.95474	1
-0.3	-6.21965	1
-0.3	93.9407	1
-0.3	-30.2368	1
-0.3	88.3252	1
-0.3	85.7245	1
-0.3	-18.4995	1
-0.3	-48.6529	1
-0.3	142.784	1
-0.3	-142.51	1
-0.3	-149.72	1
-0.3	-64.6868	1
-0.3	-167.273	1
-0.3	66.2174	1
-0.3	146.931	1
-0.3	-108.12	1
-0.3	-86.192	1
-0.3	-19.0126	1
-0.3	169.681	1
-0.3	47.1616	1
-0.3	-86.1367	-0.065
-0.3	-0.960434	-0.065
-0.3	164.007	-0.065
-0.3	-66.0902	-0.065
-0.3	66.3752	-0.065
-0.3	-96.8542	-0.065
-0.3	-26.992	-0.065
-0.3	-158.485	-0.065
-0.3	161.398	-0.065
-0.3	-77.693	-0.065
-0.3	-54.3146	-0.065
-0.3	156.911	-0.065
-0.3	128.218	-0.065
-0.3	123.715	-0.065
-0.3	-93.0738	-0.065
-0.3	-154.515	-0.065
-0.3	-43.5988	-0.065
-0.3	-108.403	-0.065
-0.3	-43.7517	-0.065
-0.3	-173.016	-0.065
-0.3	137.419	-0.065
-0.3	1.07332	-0.065
-0.3	0.718399	-0.065
-0.3	-83.9439	-0.065
-0.3	55.079	-0.065
-0.3	-51.416	-0.065
-0.3	133.626	-0.065
-0.3	26.3211	-0.065
-0.3	154.509	-0.065
-0.3	144.397	-0.065
-0.3	158.402	-0.065
-0.3	136.701	-0.065
-0.3	96.8996	-0.065
-0.3	99.0792	-0.065
-0.3	-65.9714	-0.065
-0.3	-176.257	-0.065
-0.3	-1.54712	-0.065
-0.3	-31.009	-0.065
-0.3	-36.9275	-0.065
-0.3	71.3669	-0.065
-0.3	121.054	-0.065
-0.3	-81.1465	-0.065
-0.3	97.5766	-0.065
-0.3	-106.028	-0.065
-0.3	169.437	-0.065
-0.3	-58.1503	-0.065
-0.3	140.6	-0.065
-0.3	101.858	-0.065
-0.3	178.02	-0.065
-0.3	-133.885	-0.065
-0.3	-93.1304	-0.065
-0.3	67.794	-0.065
-0.3	178.939	-0.065
-0.3	153.425	-0.065
-0.3	7.9373	-0.065
-0.3	25.8452	-0.065
-0.3	-75.2187	-0.065
-0.3	-162.515	-0.065
-0.3	13.4417	-0.065
-0.3	25.3908	-0.065
-0.3	-174.002	-0.065
-0.3	-69.2761	-0.065
-0.3	157.445	-0.065
-0.3	-177.865	-0.065
-0.3	11.4891	-0.065
-0.3	-40.3076	-0.065
-0.3	152.557	-0.065
-0.3	115.156	-0.065
-0.3	-5.17926	-0.065
-0.3	151.626	-0.065
-0.3	-82.507	-0.065
-0.3	125.621	-0.065
-0.3	100.931	-0.065
-0.3	-89.2522	-0.065
-0.3	-33.8687	-0.065
-0.3	-113.751	-0.065
-0.3	-116.478	-0.065
-0.3	83.8585	-0.065
-0.3	136.826	-0.065
-0.3	-24.9002	-0.065
-0.3	-54.3246	-0.065
-0.3	50.3251	-0.065
-0.3	118.205	-0.065
-0.3	-94.8439	-0.065
-0.3	-32.8963	-0.065
-0.3	-36.8693	-0.065
-0.3	-83.4151	-0.065
-0.3	29.4832	-0.065
-0.3	89.978	-0.065
-0.3	178.162	-0.065
-0.3	-144.783	-0.065
-0.3	-54.434	-0.065
-0.3	107.807	-0.065
-0.3	133.119	-0.065
-0.3	-62.0422	-0.065
-0.3	-10.7043	-0.065
-0.3	-168.993	-0.065
-0.3	176.543	-0.065
-0.3	-62.1557	-0.065
-0.3	-86.5316	-0.065
-0.3	-67.5033	-0.065
-0.3	62.8475	-0.065
-0.3	-28.445	-0.065
-0.3	132.987	-0.065
-0.3	-95.7894	-0.065
-0.3	150.639	-0.065
-0.3	174.854	-0.065
-0.3	-59.2159	-0.065
-0.3	-45.4141	-0.065
-0.3	158.964	-0.065
-0.3	166.436	-0.065
-0.3	138.367	-0.065
-0.3	-171.837	-0.065
-0.3	-76.3978	-0.065
-0.3	-133.173	-0.065
-0.3	109.516	-0.065
-0.3	137.897	-0.065
-0.3	76.9577	-0.065
-0.3	159.371	-0.065
-0.3	68.1646	-0.065
-0.3	-11.1998	-0.065
-0.3	-159.518	-0.065
-0.3	-124.022	-0.065
-0.3	-44.9237	-0.065
-0.3	-0.884369	-0.065
-0.3	-36.8403	-0.065
-0.3	168.53	-0.065
-0.3	-83.8341	-0.065
-0.3	-16.9932	-0.065
-0.3	-10.8459	-0.065
-0.3	151.908	-0.065
-0.3	148.626	-0.065
-0.3	-17.3061	-0.065
-0.3	142.9	-0.065
-0.3	-2.64876	-0.065
-0.3	29.7219	-0.065
-0.3	166.195	-0.065
-0.3	16.912	-0.065
-0.3	-98.9888	-0.065
-0.3	156.544	-0.065
-0.3	-103.3	-0.065
-0.3	76.2495	-0.065
-0.3	33.2741	-0.065
-0.3	63.2428	-0.065
-0.3	29.0909	-0.065
-0.3	-45.7858	-0.065
-0.3	-120.398	-0.065
-0.3	-75.896	-0.065
-0.3	-97.0054	-0.065
-0.3	-160.47	-0.065
-0.3	-152.753	-0.065
-0.3	-133.074	-0.065
-0.3	158.767	-0.065
-0.3	-166.686	-0.065
