pol.	phi	weight
0.3	-151.498	1
0.3	-33.5204	1
0.3	80.1542	1
0.3	-136.397	1
0.3	-53.7263	1
0.3	114.487	1
0.3	158.735	1
0.3	93.9834	1
0.3	42.1098	1
0.3	93.3378	1
0.3	46.7479	1
0.3	159.874	1
0.3	-106.626	1
0.3	-161.276	1
0.3	22.8606	1
0.3	178.626	1
0.3	-130.199	1
0.3	-179.44	1
0.3	95.1821	1
0.3	-19.7926	1
0.3	134.039	1
0.3	-4.43565	1
0.3	163.682	1
0.3	0.704097	1
0.3	-134.322	1
0.3	119.624	1
0.3	-175.205	1
0.3	9.78445	1
0.3	59.6423	1
0.3	97.7277	1
0.3	92.9248	1
0.3	-31.515	1
0.3	-15.4034	1
0.3	-21.7817	1
0.3	138.464	1
0.3	-49.0111	1
0.3	-98.8254	1
0.3	-99.6613	1
0.3	16.9334	1
0.3	-162.951	1
0.3	-132.385	1
0.3	-162.052	1
0.3	-82.4894	1
0.3	-105.594	1
0.3	-77.4094	1
0.3	-145.006	1
0.3	-60.6732	1
0.3	-44.3551	1
0.3	-52.6126	1
0.3	-92.0062	1
0.3	-38.5544	1
0.3	-72.5377	1
0.3	-163.779	1
0.3	-156.648	1
0.3	154.757	1
0.3	166.278	1
0.3	-59.6148	1
0.3	27.3624	1
0.3	-172.428	1
0.3	-72.1575	1
0.3	78.8161	1
0.3	27.1352	1
0.3	4.4646	1
0.3	70.5413	1
0.3	141.279	1
0.3	94.0141	1
0.3	-36.4005	1
0.3	-121.049	1
0.3	-160.364	1
0.3	64.8875	1
0.3	113.625	1
0.3	-99.6005	1
0.3	-79.3831	1
0.3	-16.6899	1
0.3	-130.711	1
0.3	109.53	1
0.3	-69.3978	1
0.3	-160.528	1
0.3	-135.39	1
0.3	93.3753	1
0.3	-94.1085	1
0.3	-35.6708	1
0.3	-30.9225	1
0.3	-172.561	1
0.3	-173.223	1
0.3	-81.5615	1
0.3	-152.341	1
0.3	137.491	1
0.3	-92.9787	1
0.3	-62.5705	1
0.3	-74.7333	1
0.3	-126.171	1
0.3	-160.434	1
0.3	-149.365	1
0.3	-127.346	1
0.3	21.1651	1
0.3	45.2903	1
0.3	-113.126	1
0.3	121.355	1
0.3	-110.991	1
0.3	140.068	1
0.3	-140.698	1
0.3	65.7197	1
0.3	149.4	1
0.3	3.20177	1
0.3	-28.7471	1
0.3	-117.628	1
0.3	55.4332	1
0.3	109.888	1
0.3	163.399	1
0.3	172.003	1
0.3	-146.451	1
0.3	-47.7089	1
0.3	-68.6854	1
0.3	172.978	1
0.3	34.8459	1
0.3	-20.751	1
0.3	8.51025	1
0.3	-106.975	1
0.3	160.291	1
0.3	-161.772	1
0.3	49.0638	1
0.3	-81.1992	1
0.3	58.547	1
0.3	-67.3219	1
0.3	-79.6758	1
0.3	-173.506	1
0.3	28.145	1
0.3	-17.6653	1
0.3	152.94	1
0.3	-117.26	1
0.3	-84.3941	1
0.3	-74.7583	1
0.3	-60.5985	1
0.3	-166.34	1
0.3	171.937	1
0.3	47.3032	1
0.3	-103.139	1
0.3	35.1236	1
0.3	72.9017	1
0.3	42.5186	1
0.3	-45.393	1
0.3	158.095	1
0.3	14.2376	1
0.3	-2.01098	1
0.3	13.7459	1
0.3	-160.924	1
0.3	5.4438	1
0.3	-102.626	1
0.3	168.661	1
0.3	-73.3397	1
0.3	-90.717	1
0.3	25.3459	1
0.3	-164.01	1
0.3	17.8727	1
0.3	-65.9477	1
0.3	-81.2386	1
0.3	-94.1333	1
0.3	-132.058	1
0.3	18.8282	1
0.3	-0.0099898	1
0.3	-103.591	1
0.3	60.3798	1
0.3	83.426	1
0.3	-3.89634	1
0.3	-63.6917	1
0.3	-61.7402	1
0.3	22.7899	1
0.3	48.283	1
0.3	0.273588	1
0.3	-65.2196	1
0.3	29.5892	1
0.3	-19.6486	1
0.3	70.0114	1
0.3	121.518	1
0.3	161.642	1
0.3	49.9475	1
0.3	-66.5846	1
0.3	-51.4201	1
0.3	-165.687	1
0.3	-79.7115	1
0.3	-73.5173	1
0.3	20.2691	1
0.3	-76.1561	1
0.3	-34.1833	1
0.3	107.67	1
0.3	128.333	1
0.3	-77.6461	1
0.3	-17.5818	1
0.3	39.3724	1
0.3	-146.539	1
0.3	168.841	1
0.3	-143.494	1
0.3	-27.4659	1
0.3	-165.597	1
0.3	3.97921	1
0.3	-85.0965	1
0.3	164.363	1
0.3	-82.0417	1
0.3	67.2559	1
0.3	-46.7601	1
0.3	-30.3376	1
0.3	157.405	1
0.3	-85.0308	1
0.3	-166.057	1
0.3	-92.7348	1
0.3	31.1454	1
0.3	-139.192	1
0.3	-73.6434	-0.065
0.3	140.679	-0.065
0.3	165.03	-0.065
0.3	40.8889	-0.065
0.3	179.713	-0.065
0.3	31.4867	-0.065
0.3	46.7014	-0.065
0.3	-79.1552	-0.065
0.3	0.114188	-0.065
0.3	-177.022	-0.065
0.3	163.061	-0.065
0.3	-139.335	-0.065
0.3	137.713	-0.065
0.3	68.5208	-0.065
0.3	171.02	-0.065
0.3	-115.341	-0.065
0.3	160.727	-0.065
0.3	-139.01	-0.065
0.3	24.1132	-0.065
0.3	31.197	-0.065
0.3	-177.036	-0.065
0.3	-95.6865	-0.065
0.3	-6.69701	-0.065
0.3	37.1854	-0.065
0.3	11.6595	-0.065
0.3	-49.1507	-0.065
0.3	-59.5994	-0.065
0.3	-64.3146	-0.065
0.3	-30.8902	-0.065
0.3	0.704534	-0.065
0.3	54.2831	-0.065
0.3	27.7248	-0.065
0.3	32.9004	-0.065
0.3	76.8352	-0.065
0.3	-132.563	-0.065
0.3	16.3229	-0.065
0.3	35.388	-0.065
0.3	15.019	-0.065
0.3	35.5743	-0.065
0.3	47.6747	-0.065
0.3	-107.152	-0.065
0.3	-0.767091	-0.065
0.3	162.305	-0.065
0.3	-157.546	-0.065
0.3	178.769	-0.065
0.3	-166.419	-0.065
0.3	115.962	-0.065
0.3	-113.71	-0.065
0.3	84.7879	-0.065
0.3	-116.722	-0.065
0.3	116.966	-0.065
0.3	-173.806	-0.065
0.3	-147.676	-0.065
0.3	-140.812	-0.065
0.3	119.143	-0.065
0.3	-136.789	-0.065
0.3	-52.6065	-0.065
0.3	-96.7146	-0.065
0.3	-117.033	-0.065
0.3	94.2034	-0.065
0.3	86.8065	-0.065
0.3	-115.923	-0.065
0.3	-151.233	-0.065
0.3	-51.957	-0.065
0.3	175.833	-0.065
0.3	65.123	-0.065
0.3	56.9486	-0.065
0.3	38.4495	-0.065
0.3	-27.0308	-0.065
0.3	-70.0288	-0.065
0.3	-12.8974	-0.065
0.3	-40.7383	-0.065
0.3	-151.617	-0.065
0.3	50.9463	-0.065
0.3	-66.7332	-0.065
0.3	156.891	-0.065
0.3	161.189	-0.065
0.3	-141.122	-0.065
0.3	73.7065	-0.065
0.3	-11.0782	-0.065
0.3	-32.6348	-0.065
0.3	66.7514	-0.065
0.3	31.9475	-0.065
0.3	131.157	-0.065
0.3	79.3995	-0.065
0.3	-172.794	-0.065
0.3	-91.3681	-0.065
0.3	68.5497	-0.065
0.3	-59.9003	-0.065
0.3	176.945	-0.065
0.3	150.406	-0.065
0.3	173.119	-0.065
0.3	114.184	-0.065
0.3	71.0169	-0.065
0.3	86.9404	-0.065
0.3	150.841	-0.065
0.3	-146.819	-0.065
0.3	-79.78	-0.065
0.3	-136.536	-0.065
0.3	-4.2428	-0.065
0.3	-105.916	-0.065
0.3	109.72	-0.065
0.3	-13.5077	-0.065
0.3	161.162	-0.065
0.3	152.113	-0.065
0.3	127.55	-0.065
0.3	79.0405	-0.065
0.3	-130.003	-0.065
0.3	130.518	-0.065
0.3	39.4557	-0.065
0.3	105.543	-0.065
0.3	162.434	-0.065
0.3	-93.6833	-0.065
0.3	39.33	-0.065
0.3	160.32	-0.065
0.3	-21.6598	-0.065
0.3	122.233	-0.065
0.3	-133.084	-0.065
0.3	141.649	-0.065
0.3	141.469	-0.065
0.3	21.6451	-0.065
0.3	103.714	-0.065
0.3	-49.3405	-0.065
0.3	-99.2021	-0.065
0.3	-40.6442	-0.065
0.3	-177.119	-0.065
0.3	-138.874	-0.065
0.3	-100.446	-0.065
0.3	13.9818	-0.065
0.3	101.642	-0.065
0.3	-144.912	-0.065
0.3	49.4945	-0.065
0.3	19.7343	-0.065
0.3	-159.741	-0.065
0.3	99.3115	-0.065
0.3	-107.207	-0.065
0.3	121.021	-0.065
0.3	41.6912	-0.065
0.3	-149.878	-0.065
0.3	65.9647	-0.065
0.3	-121.917	-0.065
0.3	-84.5548	-0.065
0.3	86.0632	-0.065
0.3	40.1564	-0.065
0.3	-8.89306	-0.065
0.3	-151.154	-0.065
0.3	-64.6658	-0.065
0.3	126.709	-0.065
0.3	95.3789	-0.065
0.3	130.076	-0.065
0.3	-85.2502	-0.065
0.3	99.8885	-0.065
0.3	-168.434	-0.065
0.3	53.9332	-0.065
0.3	-134.401	-0.065
0.3	165.985	-0.065
0.3	-127.499	-0.065
0.3	6.97271	-0.065
0.3	-12.2446	-0.065
0.3	37.4893	-0.065
-0.3	-167.123	1
-0.3	42.406	1
-0.3	-120.321	1
-0.3	-118.295	1
-0.3	-168.954	1
-0.3	-0.0434531	1
-0.3	35.5457	1
-0.3	-100.461	1
-0.3	-100.859	1
-0.3	-7.75601	1
-0.3	140.881	1
-0.3	162.022	1
-0.3	-17.3727	1
-0.3	45.2987	1
-0.3	7.82551	1
-0.3	130.05	1
-0.3	45.9161	1
-0.3	64.7294	1
-0.3	106.404	1
-0.3	100.45	1
-0.3	-176.722	1
-0.3	-82.6111	1
-0.3	136.036	1
-0.3	143.101	1
-0.3	-132.418	1
-0.3	32.281	1
-0.3	-88.8511	1
-0.3	-36.0763	1
-0.3	-62.4964	1
-0.3	-69.5291	1
-0.3	-33.7285	1
-0.3	-40.4981	1
-0.3	4.52895	1
-0.3	66.0286	1
-0.3	-3.26944	1
-0.3	-165.768	1
-0.3	51.7528	1
-0.3	-7.14098	1
-0.3	-12.9985	1
-0.3	179.941	1
-0.3	-6.39053	1
-0.3	53.9259	1
-0.3	123.26	1
-0.3	44.0654	1
-0.3	-173.283	1
-0.3	43.997	1
-0.3	117.69	1
-0.3	112.869	1
-0.3	58.2829	1
-0.3	-94.9193	1
-0.3	-52.4114	1
-0.3	-127.194	1
-0.3	-107.732	1
-0.3	-146.071	1
-0.3	31.0259	1
-0.3	-60.7442	1
-0.3	19.4265	1
-0.3	-79.0509	1
-0.3	18.9595	1
-0.3	50.703	1
-0.3	-81.6947	1
-0.3	-16.8146	1
-0.3	-5.26412	1
-0.3	-109.176	1
-0.3	-31.0253	1
-0.3	-16.0596	1
-0.3	-139.489	1
-0.3	95.7462	1
-0.3	68.9184	1
-0.3	166.176	1
-0.3	-168.2	1
-0.3	36.2638	1
-0.3	8.22238	1
-0.3	-69.4108	1
-0.3	-155.138	1
-0.3	27.739	1
-0.3	22.9382	1
-0.3	171.751	1
-0.3	-52.9807	1
-0.3	143.108	1
-0.3	-52.6077	1
-0.3	147.955	1
-0.3	-95.3566	1
-0.3	171.871	1
-0.3	-139.709	1
-0.3	-150.858	1
-0.3	-171.516	1
-0.3	76.869	1
-0.3	-176.901	1
-0.3	-19.2009	1
-0.3	117.435	1
-0.3	12.4344	1
-0.3	-163.499	1
-0.3	-92.0595	1
-0.3	36.2213	1
-0.3	125.709	1
-0.3	-50.9685	1
-0.3	110.334	1
-0.3	92.4199	1
-0.3	-6.75762	1
-0.3	-117.74	1
-0.3	179.294	1
-0.3	71.9317	1
-0.3	103.761	1
-0.3	74.0961	1
-0.3	48.3526	1
-0.3	-39.3088	1
-0.3	-22.9509	1
-0.3	-34.9886	1
-0.3	121.292	1
-0.3	114.671	1
-0.3	-166.723	1
-0.3	-69.7218	1
-0.3	-156.314	1
-0.3	137.508	1
-0.3	-17.7953	1
-0.3	-143.055	1
-0.3	23.9256	1
-0.3	82.7604	1
-0.3	167.235	1
-0.3	-134.561	1
-0.3	-109.626	1
-0.3	114.795	1
-0.3	-121.332	1
-0.3	-37.5156	1
-0.3	116.538	1
-0.3	152.504	1
-0.3	-139.117	1
-0.3	137.531	1
-0.3	72.4895	1
-0.3	-99.035	1
-0.3	-113.073	1
-0.3	-164.001	1
-0.3	167.482	1
-0.3	-179.499	1
-0.3	-61.2005	1
-0.3	-118.034	1
-0.3	8.78631	1
-0.3	148.357	1
-0.3	-0.754693	1
-0.3	-146.136	1
-0.3	170.59	1
-0.3	78.0856	1
-0.3	58.147	1
-0.3	17.5265	1
-0.3	170.24	1
-0.3	-71.0011	1
-0.3	146.036	1
-0.3	-177.508	1
-0.3	-41.8896	1
-0.3	-137.657	1
-0.3	76.2273	1
-0.3	-128.781	1
-0.3	-31.3468	1
-0.3	147.701	1
-0.3	49.3633	1
-0.3	-39.5152	1
-0.3	-131.931	1
-0.3	-146.585	1
-0.3	-99.0997	1
-0.3	11.3724	1
-0.3	164.795	1
-0.3	138.603	1
-0.3	46.8993	1
-0.3	-76.8351	1
-0.3	-36.4414	1
-0.3	135.257	1
-0.3	34.8705	1
-0.3	57.1229	1
-0.3	97.4272	1
-0.3	-78.3571	1
-0.3	-97.2996	1
-0.3	-126.334	1
-0.3	-117.76	1
-0.3	-52.1854	1
-0.3	-154.389	1
-0.3	-124.738	1
-0.3	57.1838	1
-0.3	121.402	1
-0.3	128.512	1
-0.3	25.3727	1
-0.3	-116.415	1
-0.3	167.883	1
-0.3	-63.9198	1
-0.3	88.2891	1
-0.3	47.0443	1
-0.3	38.1529	1
-0.3	65.2507	1
-0.3	37.8366	1
-0.3	102.448	1
-0.3	-152.522	1
-0.3	31.61	1
-0.3	-128.057	1
-0.3	-163.936	1
-0.3	175.311	1
-0.3	127.124	1
-0.3	-117.153	1
-0.3	-74.847	1
-0.3	-51.6134	1
-0.3	159.103	1
-0.3	-115.6	1
-0.3	41.9627	1
-0.3	147.298	1
-0.3	-171.593	1
-0.3	-39.2957	1
-0.3	-141.599	1
-0.3	-108.783	1
-0.3	52.0022	1
-0.3	1.81679	1
-0.3	39.3344	1
-0.3	62.9096	1
-0.3	-8.18841	1
-0.3	-134.445	1
-0.3	-76.0452	-0.065
-0.3	154.119	-0.065
-0.3	34.5442	-0.065
-0.3	-170.848	-0.065
-0.3	179.415	-0.065
-0.3	6.32177	-0.065
-0.3	90.1627	-0.065
-0.3	-60.3941	-0.065
-0.3	3.19267	-0.065
-0.3	-107.777	-0.065
-0.3	126.788	-0.065
-0.3	110.779	-0.065
-0.3	-124.599	-0.065
-0.3	158.2	-0.065
-0.3	-55.0418	-0.065
-0.3	-24.1972	-0.065
-0.3	167.156	-0.065
-0.3	108.505	-0.065
-0.3	40.3512	-0.065
-0.3	-174.912	-0.065
-0.3	-29.1611	-0.065
-0.3	-58.1426	-0.065
-0.3	123.584	-0.065
-0.3	6.98325	-0.065
-0.3	135.205	-0.065
-0.3	-175.583	-0.065
-0.3	-109.676	-0.065
-0.3	-25.4909	-0.065
-0.3	-88.7162	-0.065
-0.3	101.577	-0.065
-0.3	114.236	-0.065
-0.3	-3.48733	-0.065
-0.3	4.61104	-0.065
-0.3	-80.1947	-0.065
-0.3	-130.768	-0.065
-0.3	13.7236	-0.065
-0.3	59.7112	-0.065
-0.3	-99.3616	-0.065
-0.3	-105.445	-0.065
-0.3	-9.81427	-0.065
-0.3	74.5151	-0.065
-0.3	110.271	-0.065
-0.3	-138.369	-0.065
-0.3	139.688	-0.065
-0.3	-176.129	-0.065
-0.3	32.9361	-0.065
-0.3	-39.3953	-0.065
-0.3	88.0683	-0.065
-0.3	-92.948	-0.065
-0.3	141.263	-0.065
-0.3	82.2644	-0.065
-0.3	-7.53764	-0.065
-0.3	-97.9066	-0.065
-0.3	-39.7615	-0.065
-0.3	-23.1032	-0.065
-0.3	104.887	-0.065
-0.3	-22.8034	-0.065
-0.3	29.5654	-0.065
-0.3	99.5232	-0.065
-0.3	31.0857	-0.065
-0.3	74.111	-0.065
-0.3	-38.1014	-0.065
-0.3	96.3454	-0.065
-0.3	73.2909	-0.065
-0.3	-55.0605	-0.065
-0.3	-62.3595	-0.065
-0.3	-19.8057	-0.065
-0.3	-28.5021	-0.065
-0.3	113.437	-0.065
-0.3	-103.167	-0.065
-0.3	72.9759	-0.065
-0.3	-38.0736	-0.065
-0.3	-14.4256	-0.065
-0.3	-64.9632	-0.065
-0.3	117.654	-0.065
-0.3	149.112	-0.065
-0.3	-67.3703	-0.065
-0.3	-23.7077	-0.065
-0.3	107.563	-0.065
-0.3	-40.1611	-0.065
-0.3	-102.775	-0.065
-0.3	-62.6168	-0.065
-0.3	67.479	-0.065
-0.3	-142.719	-0.065
-0.3	165.956	-0.065
-0.3	-61.5166	-0.065
-0.3	153.544	-0.065
-0.3	112.805	-0.065
-0.3	-73.7652	-0.065
-0.3	-89.8541	-0.065
-0.3	128.327	-0.065
-0.3	171.957	-0.065
-0.3	-116.01	-0.065
-0.3	102.252	-0.065
-0.3	117.24	-0.065
-0.3	-103.913	-0.065
-0.3	-49.5402	-0.065
-0.3	175.105	-0.065
-0.3	-46.0678	-0.065
-0.3	-152.658	-0.065
-0.3	111.216	-0.065
-0.3	-23.9686	-0.065
-0.3	120.356	-0.065
-0.3	147.601	-0.065
-0.3	-101.613	-0.065
-0.3	129.916	-0.065
-0.3	-61.6268	-0.065
-0.3	71.6976	-0.065
-0.3	-66.5194	-0.065
-0.3	-114.232	-0.065
-0.3	-140.4	-0.065
-0.3	108.988	-0.065
-0.3	113.778	-0.065
-0.3	173.162	-0.065
-0.3	-6.3743	-0.065
-0.3	-41.0786	-0.065
-0.3	-133.864	-0.065
-0.3	-105.048	-0.065
-0.3	109.123	-0.065
-0.3	-93.4361	-0.065
-0.3	-175.802	-0.065
-0.3	115.428	-0.065
-0.3	-47.5051	-0.065
-0.3	167.499	-0.065
-0.3	73.9763	-0.065
-0.3	-38.5966	-0.065
-0.3	35.6652	-0.065
-0.3	59.0462	-0.065
-0.3	67.0535	-0.065
-0.3	-94.5424	-0.065
-0.3	-55.5711	-0.065
-0.3	156.595	-0.065
-0.3	46.1443	-0.065
-0.3	-72.2625	-0.065
-0.3	88.6053	-0.065
-0.3	-156.958	-0.065
-0.3	75.7365	-0.065
-0.3	-54.3197	-0.065
-0.3	-96.3936	-0.065
-0.3	16.0402	-0.065
-0.3	-118.01	-0.065
-0.3	122.283	-0.065
-0.3	-120.459	-0.065
-0.3	-70.2779	-0.065
-0.3	15.0596	-0.065
-0.3	-29.3884	-0.065
-0.3	113.838	-0.065
-0.3	15.9045	-0.065
-0.3	158.527	-0.065
-0.3	174.208	-0.065
-0.3	-160.443	-0.065
-0.3	81.5677	-0.065
-0.3	-158.794	-0.065
-0.3	138.82	-0.065
-0.3	111.671	-0.065
-0.3	153.191	-0.065
-0.3	108.08	-0.065
-0.3	127.01	-0.065
-0.3	-105.414	-0.065
-0.3	16.2831	-0.065
-0.3	62.2711	-0.065
-0.3	28.0919	-0.065
-0.3	-77.789	-0.065
-0.3	65.9213	-0.065
