pol.	phi	weight
0.3	80.7678	1
0.3	121.188	1
0.3	66.5606	1
0.3	-109.279	1
0.3	-11.4202	1
0.3	-124.13	1
0.3	52.2687	1
0.3	-79.9229	1
0.3	51.6069	1
0.3	113.863	1
0.3	121.309	1
0.3	135.687	1
0.3	-163.843	1
0.3	-162.47	1
0.3	-20.9647	1
0.3	-57.5052	1
0.3	112.138	1
0.3	-162.235	1
0.3	-52.8254	1
0.3	44.7571	1
0.3	88.4353	1
0.3	142.963	1
0.3	-102.389	1
0.3	-166.484	1
0.3	-178.238	1
0.3	120.358	1
0.3	170.171	1
0.3	155.746	1
0.3	-169.864	1
0.3	-88.5543	1
0.3	-122.533	1
0.3	22.1196	1
0.3	172.018	1
0.3	-128.991	1
0.3	-94.1622	1
0.3	43.6316	1
0.3	140.324	1
0.3	-163.949	1
0.3	107.303	1
0.3	-133.358	1
0.3	-70.4974	1
0.3	-170.62	1
0.3	28.8685	1
0.3	1.71837	1
0.3	-148.218	1
0.3	-1.19258	1
0.3	147.131	1
0.3	26.2498	1
0.3	-119.566	1
0.3	-57.8835	1
0.3	-102.367	1
0.3	-39.9926	1
0.3	108.383	1
0.3	-164.545	1
0.3	-1.94157	1
0.3	-66.3846	1
0.3	14.6422	1
0.3	131.199	1
0.3	77.803	1
0.3	-45.0914	1
0.3	147.972	1
0.3	173.802	1
0.3	-97.0451	1
0.3	-18.2331	1
0.3	-65.9176	1
0.3	-87.3624	1
0.3	105.156	1
0.3	-39.8226	1
0.3	69.0223	1
0.3	-55.9459	1
0.3	32.5644	1
0.3	150.573	1
0.3	-72.3859	1
0.3	29.6802	1
0.3	25.217	1
0.3	-67.4665	1
0.3	11.5676	1
0.3	-83.8115	1
0.3	34.6044	1
0.3	11.452	1
0.3	47.958	1
0.3	130.413	1
0.3	-21.1002	1
0.3	13.351	1
0.3	-170.681	1
0.3	165.555	1
0.3	-126.78	1
0.3	-162.35	1
0.3	20.4455	1
0.3	9.93148	1
0.3	-31.7907	1
0.3	-61.6463	1
0.3	-11.2721	1
0.3	-24.1305	1
0.3	-107.528	1
0.3	-106.934	1
0.3	-3.48232	1
0.3	-126.811	1
0.3	2.29399	1
0.3	-89.9231	1
0.3	-133.683	1
0.3	138.239	1
0.3	67.4937	1
0.3	-138.057	1
0.3	75.6884	1
0.3	-80.9739	1
0.3	93.3128	1
0.3	10.4819	1
0.3	53.2138	1
0.3	79.2276	1
0.3	170.242	1
0.3	-76.4057	1
0.3	-84.7854	1
0.3	134.088	1
0.3	-88.804	1
0.3	96.0522	1
0.3	-10.1289	1
0.3	130.505	1
0.3	25.7061	1
0.3	-95.1545	1
0.3	0.352141	1
0.3	177.786	1
0.3	-141.639	1
0.3	-174.78	1
0.3	143.15	1
0.3	-100.071	1
0.3	114.473	1
0.3	-157.337	1
0.3	-17.1498	1
0.3	110.681	1
0.3	113.955	1
0.3	114.008	1
0.3	-67.0532	1
0.3	-132.61	1
0.3	-133.401	1
0.3	50.9802	1
0.3	23.0656	1
0.3	71.8643	1
0.3	-50.6967	1
0.3	12.4239	1
0.3	-4.02325	1
0.3	-173.057	1
0.3	95.1877	1
0.3	-100.231	1
0.3	-110.425	1
0.3	-82.151	1
0.3	-124.153	1
0.3	118.984	1
0.3	112.16	1
0.3	28.8654	1
0.3	14.2566	1
0.3	14.3245	1
0.3	-123.755	1
0.3	126.947	1
0.3	-51.655	1
0.3	172.026	1
0.3	35.6792	1
0.3	-158.477	1
0.3	-41.702	1
0.3	43.9833	1
0.3	40.4773	1
0.3	-154.72	1
0.3	-141.283	1
0.3	60.1989	1
0.3	-124.756	1
0.3	92.5511	1
0.3	-139.424	1
0.3	43.529	1
0.3	47.5838	1
0.3	-65.9529	1
0.3	134.033	1
0.3	-69.2926	1
0.3	155.516	1
0.3	87.8237	1
0.3	-116.04	1
0.3	-156.306	1
0.3	-171.458	1
0.3	109.741	1
0.3	99.3753	1
0.3	-100.195	1
0.3	-25.9788	1
0.3	10.2788	1
0.3	39.844	-0.065
0.3	31.6029	-0.065
0.3	101.957	-0.065
0.3	-105.549	-0.065
0.3	113.652	-0.065
0.3	-113.924	-0.065
0.3	-143.728	-0.065
0.3	-2.60077	-0.065
0.3	-154.14	-0.065
0.3	167.154	-0.065
0.3	51.4688	-0.065
0.3	170.22	-0.065
0.3	-165.819	-0.065
0.3	-27.4479	-0.065
0.3	97.0513	-0.065
0.3	-142.803	-0.065
0.3	103.35	-0.065
0.3	17.3178	-0.065
0.3	50.876	-0.065
0.3	-27.639	-0.065
0.3	-18.833	-0.065
0.3	73.1507	-0.065
0.3	-146.163	-0.065
0.3	-68.9347	-0.065
0.3	65.5818	-0.065
0.3	-169.874	-0.065
0.3	151.631	-0.065
0.3	-117.999	-0.065
0.3	-139.38	-0.065
0.3	75.8474	-0.065
0.3	175.185	-0.065
0.3	178.039	-0.065
0.3	-121.432	-0.065
0.3	-49.3524	-0.065
0.3	-149.018	-0.065
0.3	-154.31	-0.065
0.3	127.8	-0.065
0.3	162.229	-0.065
0.3	-11.514	-0.065
0.3	148.401	-0.065
0.3	-85.4604	-0.065
0.3	-74.5426	-0.065
0.3	-177.091	-0.065
0.3	64.2323	-0.065
0.3	-2.39099	-0.065
0.3	155.493	-0.065
0.3	-119.928	-0.065
0.3	-89.7822	-0.065
0.3	-123.703	-0.065
0.3	38.9429	-0.065
0.3	-90.572	-0.065
0.3	129.606	-0.065
0.3	56.8746	-0.065
0.3	152.159	-0.065
0.3	-19.8128	-0.065
0.3	134.438	-0.065
0.3	47.0716	-0.065
0.3	-73.2463	-0.065
0.3	-174.87	-0.065
0.3	-156.774	-0.065
0.3	-93.131	-0.065
0.3	169.18	-0.065
0.3	-77.1097	-0.065
0.3	-104.284	-0.065
0.3	-63.4395	-0.065
0.3	-179.578	-0.065
0.3	157.934	-0.065
0.3	175.427	-0.065
0.3	-152.403	-0.065
0.3	110.416	-0.065
0.3	-45.9193	-0.065
0.3	-119.403	-0.065
0.3	49.8185	-0.065
0.3	-113.735	-0.065
0.3	13.6478	-0.065
0.3	116.29	-0.065
0.3	98.7172	-0.065
0.3	165.343	-0.065
0.3	-88.9319	-0.065
0.3	87.2855	-0.065
0.3	144.15	-0.065
0.3	105.845	-0.065
0.3	52.1311	-0.065
0.3	-92.5088	-0.065
0.3	-59.3249	-0.065
0.3	144.766	-0.065
0.3	-73.5269	-0.065
0.3	140.773	-0.065
0.3	-4.99297	-0.065
0.3	-55.1169	-0.065
0.3	-157.667	-0.065
0.3	-130.547	-0.065
0.3	25.7592	-0.065
0.3	139.806	-0.065
0.3	-55.0992	-0.065
0.3	152.754	-0.065
0.3	7.83984	-0.065
0.3	169.887	-0.065
0.3	49.0474	-0.065
0.3	-30.7262	-0.065
0.3	-66.0989	-0.065
0.3	0.480868	-0.065
0.3	53.9884	-0.065
0.3	-2.62961	-0.065
0.3	-13.5325	-0.065
0.3	-137.258	-0.065
0.3	-63.3457	-0.065
0.3	-128.207	-0.065
0.3	-71.667	-0.065
0.3	-128.364	-0.065
0.3	9.73278	-0.065
0.3	-111.46	-0.065
0.3	-72.2185	-0.065
0.3	40.09	-0.065
0.3	68.2038	-0.065
0.3	128.396	-0.065
0.3	105.761	-0.065
0.3	45.5864	-0.065
0.3	158.82	-0.065
0.3	144.612	-0.065
0.3	60.8257	-0.065
0.3	38.0548	-0.065
0.3	73.4818	-0.065
0.3	-19.329	-0.065
0.3	-61.372	-0.065
0.3	-161.713	-0.065
0.3	80.0678	-0.065
0.3	32.2872	-0.065
0.3	73.8415	-0.065
0.3	-32.9066	-0.065
0.3	-157.09	-0.065
0.3	66.0039	-0.065
0.3	-70.2974	-0.065
0.3	21.6984	-0.065
0.3	13.5033	-0.065
0.3	48.1079	-0.065
0.3	-14.0775	-0.065
0.3	-85.0012	-0.065
0.3	112.034	-0.065
0.3	156.201	-0.065
-0.3	3.19031	1
-0.3	54.5022	1
-0.3	-174.185	1
-0.3	-4.29285	1
-0.3	15.3838	1
-0.3	41.9324	1
-0.3	87.7783	1
-0.3	-173.714	1
-0.3	-128.063	1
-0.3	110.229	1
-0.3	-77.3623	1
-0.3	-4.18901	1
-0.3	162.278	1
-0.3	143.757	1
-0.3	170.034	1
-0.3	-74.2112	1
-0.3	76.9549	1
-0.3	-155.138	1
-0.3	-90.2478	1
-0.3	139.834	1
-0.3	-132.541	1
-0.3	-109.674	1
-0.3	-88.1498	1
-0.3	-105.411	1
-0.3	-4.21469	1
-0.3	126.726	1
-0.3	108.488	1
-0.3	-118.336	1
-0.3	-95.7972	1
-0.3	40.2482	1
-0.3	-137.427	1
-0.3	-87.1194	1
-0.3	-4.84896	1
-0.3	-166.17	1
-0.3	176.054	1
-0.3	54.2664	1
-0.3	-43.6915	1
-0.3	-4.74595	1
-0.3	-93.8685	1
-0.3	-119.88	1
-0.3	153.448	1
-0.3	-92.2376	1
-0.3	51.3198	1
-0.3	165.555	1
-0.3	37.6025	1
-0.3	-130.568	1
-0.3	146.808	1
-0.3	57.4156	1
-0.3	-21.0468	1
-0.3	-85.4177	1
-0.3	57.4411	1
-0.3	115.13	1
-0.3	174.185	1
-0.3	76.9691	1
-0.3	-147.998	1
-0.3	-169.21	1
-0.3	-140.228	1
-0.3	-62.5832	1
-0.3	72.827	1
-0.3	-150.674	1
-0.3	175.542	1
-0.3	-153.849	1
-0.3	-65.3941	1
-0.3	-126.929	1
-0.3	43.1452	1
-0.3	-16.9165	1
-0.3	-177.935	1
-0.3	139.615	1
-0.3	55.1434	1
-0.3	-60.7685	1
-0.3	-30.796	1
-0.3	40.5762	1
-0.3	67.8672	1
-0.3	166.014	1
-0.3	-103.444	1
-0.3	-139.121	1
-0.3	169.492	1
-0.3	-71.7813	1
-0.3	-59.0478	1
-0.3	98.0678	1
-0.3	66.2454	1
-0.3	15.6708	1
-0.3	-7.04179	1
-0.3	-78.0812	1
-0.3	58.08	1
-0.3	14.1237	1
-0.3	149.525	1
-0.3	-67.3334	1
-0.3	-164.691	1
-0.3	-85.2761	1
-0.3	17.8377	1
-0.3	-143.402	1
-0.3	-155.271	1
-0.3	-174.41	1
-0.3	140.394	1
-0.3	-171.406	1
-0.3	-169.809	1
-0.3	56.889	1
-0.3	-50.1941	1
-0.3	16.55	1
-0.3	-91.7353	1
-0.3	65.546	1
-0.3	-12.1034	1
-0.3	38.172	1
-0.3	-28.2799	1
-0.3	171.964	1
-0.3	-18.0469	1
-0.3	-11.5558	1
-0.3	-90.1414	1
-0.3	-131.165	1
-0.3	-42.4778	1
-0.3	-29.7018	1
-0.3	-31.2233	1
-0.3	-52.8065	1
-0.3	84.5975	1
-0.3	-154.887	1
-0.3	-88.5576	1
-0.3	-83.4418	1
-0.3	142.447	1
-0.3	39.7299	1
-0.3	-39.9258	1
-0.3	-77.5232	1
-0.3	106.637	1
-0.3	-94.5628	1
-0.3	58.4509	1
-0.3	136.407	1
-0.3	-84.2078	1
-0.3	-140.701	1
-0.3	118.191	1
-0.3	32.899	1
-0.3	-75.735	1
-0.3	-48.1329	1
-0.3	57.877	1
-0.3	154.279	1
-0.3	78.3164	1
-0.3	1.34976	1
-0.3	-29.8688	1
-0.3	-83.7155	1
-0.3	79.0488	1
-0.3	142.179	1
-0.3	-157.236	1
-0.3	-104.599	1
-0.3	43.9049	1
-0.3	146.313	1
-0.3	-127.703	1
-0.3	163.889	1
-0.3	149.7	1
-0.3	-22.5274	1
-0.3	41.4003	1
-0.3	2.29886	1
-0.3	116.282	1
-0.3	-100.777	1
-0.3	-84.3021	1
-0.3	-80.1072	1
-0.3	-118.368	1
-0.3	-155.176	1
-0.3	-147.026	1
-0.3	-23.8145	1
-0.3	65.62	1
-0.3	161.28	1
-0.3	68.0292	1
-0.3	-78.4558	1
-0.3	150.953	1
-0.3	-175.925	1
-0.3	144.845	1
-0.3	11.0533	1
-0.3	106.53	1
-0.3	139.29	1
-0.3	-9.05376	1
-0.3	50.623	1
-0.3	-44.7124	1
-0.3	114.792	1
-0.3	147.007	1
-0.3	103.46	1
-0.3	-101.407	1
-0.3	167.44	1
-0.3	-104.924	1
-0.3	-17.9521	1
-0.3	-154.038	1
-0.3	-54.8525	1
-0.3	-57.6025	1
-0.3	-3.1971	1
-0.3	2.0063	1
-0.3	132.731	1
-0.3	-52.2925	1
-0.3	37.6692	1
-0.3	154.853	1
-0.3	-164.971	1
-0.3	126.891	1
-0.3	82.6373	1
-0.3	147.914	1
-0.3	-4.77247	1
-0.3	79.5156	1
-0.3	7.74502	1
-0.3	172.375	1
-0.3	-53.0115	1
-0.3	84.6529	1
-0.3	159.016	1
-0.3	-63.6855	1
-0.3	37.8485	1
-0.3	-78.6987	1
-0.3	-56.5327	1
-0.3	168.096	1
-0.3	169.954	1
-0.3	100.086	1
-0.3	60.9288	1
-0.3	78.3975	1
-0.3	168.613	1
-0.3	-113.283	1
-0.3	-18.9328	1
-0.3	-37.9944	1
-0.3	-27.2752	1
-0.3	171.412	-0.065
-0.3	-174.229	-0.065
-0.3	-1.84763	-0.065
-0.3	94.7377	-0.065
-0.3	23.0473	-0.065
-0.3	72.8345	-0.065
-0.3	29.9767	-0.065
-0.3	-135.717	-0.065
-0.3	27.2345	-0.065
-0.3	-9.8176	-0.065
-0.3	59.9526	-0.065
-0.3	157.516	-0.065
-0.3	54.6543	-0.065
-0.3	-55.3328	-0.065
-0.3	-73.6141	-0.065
-0.3	41.1927	-0.065
-0.3	-98.0135	-0.065
-0.3	-156.197	-0.065
-0.3	0.496643	-0.065
-0.3	-76.1603	-0.065
-0.3	45.4853	-0.065
-0.3	-96.2422	-0.065
-0.3	-167.018	-0.065
-0.3	119.926	-0.065
-0.3	150.089	-0.065
-0.3	124.999	-0.065
-0.3	-80.9797	-0.065
-0.3	-127.238	-0.065
-0.3	-21.881	-0.065
-0.3	156.043	-0.065
-0.3	-16.4914	-0.065
-0.3	-97.82	-0.065
-0.3	147.124	-0.065
-0.3	95.1718	-0.065
-0.3	4.71666	-0.065
-0.3	176.011	-0.065
-0.3	93.4971	-0.065
-0.3	168.992	-0.065
-0.3	50.6445	-0.065
-0.3	-124.775	-0.065
-0.3	36.0017	-0.065
-0.3	-99.3731	-0.065
-0.3	6.97316	-0.065
-0.3	176.756	-0.065
-0.3	-74.6693	-0.065
-0.3	80.6133	-0.065
-0.3	-72.4103	-0.065
-0.3	57.0499	-0.065
-0.3	109.87	-0.065
-0.3	97.9016	-0.065
-0.3	-65.6915	-0.065
-0.3	-179.355	-0.065
-0.3	136.546	-0.065
-0.3	-65.1803	-0.065
-0.3	-82.2572	-0.065
-0.3	-46.6093	-0.065
-0.3	145.716	-0.065
-0.3	-66.1362	-0.065
-0.3	59.1663	-0.065
-0.3	-76.1708	-0.065
-0.3	-76.5586	-0.065
-0.3	-112.881	-0.065
-0.3	-53.4409	-0.065
-0.3	-2.78004	-0.065
-0.3	135.359	-0.065
-0.3	111.789	-0.065
-0.3	57.4964	-0.065
-0.3	13.0954	-0.065
-0.3	-153.649	-0.065
-0.3	128.884	-0.065
-0.3	-26.6286	-0.065
-0.3	11.1744	-0.065
-0.3	-143.32	-0.065
-0.3	-143.559	-0.065
-0.3	-63.1292	-0.065
-0.3	-99.7195	-0.065
-0.3	48.9328	-0.065
-0.3	-155.149	-0.065
-0.3	-1.89642	-0.065
-0.3	-69.5153	-0.065
-0.3	-89.7352	-0.065
-0.3	102.223	-0.065
-0.3	4.28994	-0.065
-0.3	156.388	-0.065
-0.3	-76.0068	-0.065
-0.3	154.611	-0.065
-0.3	-92.4458	-0.065
-0.3	145.955	-0.065
-0.3	135.758	-0.065
-0.3	-119.76	-0.065
-0.3	20.5451	-0.065
-0.3	124.689	-0.065
-0.3	68.6217	-0.065
-0.3	-172.692	-0.065
-0.3	-74.7683	-0.065
-0.3	27.6563	-0.065
-0.3	-160.068	-0.065
-0.3	70.997	-0.065
-0.3	-45.1616	-0.065
-0.3	80.9557	-0.065
-0.3	85.2966	-0.065
-0.3	161.276	-0.065
-0.3	-39.85	-0.065
-0.3	75.1672	-0.065
-0.3	82.9694	-0.065
-0.3	-156.966	-0.065
-0.3	91.5828	-0.065
-0.3	-91.9877	-0.065
-0.3	-175.608	-0.065
-0.3	-59.8021	-0.065
-0.3	119.532	-0.065
-0.3	2.70965	-0.065
-0.3	-124.167	-0.065
-0.3	-103.347	-0.065
-0.3	71.7503	-0.065
-0.3	-40.8669	-0.065
-0.3	-172.171	-0.065
-0.3	176.768	-0.065
-0.3	-116.666	-0.065
-0.3	-49.9685	-0.065
-0.3	-95.1984	-0.065
-0.3	-24.3927	-0.065
-0.3	-10.4364	-0.065
-0.3	89.2156	-0.065
-0.3	-99.3336	-0.065
-0.3	-129.46	-0.065
-0.3	-52.3266	-0.065
-0.3	-50.3463	-0.065
-0.3	-30.5757	-0.065
-0.3	144.773	-0.065
-0.3	119.297	-0.065
-0.3	-33.6718	-0.065
-0.3	-106.793	-0.065
-0.3	129.919	-0.065
-0.3	136.706	-0.065
-0.3	136.056	-0.065
-0.3	-91.1824	-0.065
-0.3	-28.646	-0.065
-0.3	61.3506	-0.065
-0.3	38.791	-0.065
-0.3	31.422	-0.065
-0.3	-7.33604	-0.065
-0.3	37.2869	-0.065
-0.3	36.3036	-0.065
-0.3	-117.081	-0.065
-0.3	-179.551	-0.065
-0.3	80.3959	-0.065
-0.3	-179.724	-0.065
-0.3	-2.30171	-0.065
-0.3	-178.029	-0.065
-0.3	-61.6579	-0.065
-0.3	-30.3173	-0.065
-0.3	-104.528	-0.065
-0.3	-146.972	-0.065
-0.3	-23.1547	-0.065
-0.3	-145.431	-0.065
-0.3	28.4964	-0.065
-0.3	35.2982	-0.065
-0.3	4.61214	-0.065
-0.3	46.154	-0.065
-0.3	77.5523	-0.065
-0.3	-141.552	-0.065
-0.3	-10.0489	-0.065
-0.3	56.2482	-0.065
