pol.	phi	weight
0.3	-64.2003	1
0.3	103.24	1
0.3	28.3941	1
0.3	-56.0819	1
0.3	-130.603	1
0.3	22.4767	1
0.3	-35.8041	1
0.3	-175.135	1
0.3	-23.6344	1
0.3	5.06395	1
0.3	136.626	1
0.3	-53.123	1
0.3	166.111	1
0.3	-5.61993	1
0.3	-124.407	1
0.3	-95.4586	1
0.3	-37.233	1
0.3	78.7785	1
0.3	-127.978	1
0.3	149.642	1
0.3	-175.049	1
0.3	-122.55	1
0.3	108.519	1
0.3	11.6231	1
0.3	77.7447	1
0.3	-2.88749	1
0.3	120.373	1
0.3	-97.5834	1
0.3	163.68	1
0.3	-37.3043	1
0.3	43.1392	1
0.3	21.9275	1
0.3	89.5556	1
0.3	82.8625	1
0.3	-17.1531	1
0.3	-20.2155	1
0.3	-44.1225	1
0.3	-126.704	1
0.3	3.23116	1
0.3	145.083	1
0.3	56.5938	1
0.3	99.5257	1
0.3	156.121	1
0.3	-131.895	1
0.3	-40.1346	1
0.3	-94.0289	1
0.3	136.465	1
0.3	150.812	1
0.3	-69.8101	1
0.3	63.5239	1
0.3	-90.4387	1
0.3	78.025	1
0.3	42.4939	1
0.3	-129.369	1
0.3	78.9282	1
0.3	76.064	1
0.3	68.935	1
0.3	69.2815	1
0.3	167.105	1
0.3	-148.081	1
0.3	-87.3983	1
0.3	174.415	1
0.3	-79.465	1
0.3	-53.5627	1
0.3	-175.465	1
0.3	-78.7057	1
0.3	28.9521	1
0.3	-23.89	1
0.3	31.2615	1
0.3	-117.883	1
0.3	163.676	1
0.3	104.916	1
0.3	105.604	1
0.3	-38.5458	1
0.3	171.832	1
0.3	-111.44	1
0.3	45.0322	1
0.3	146.018	1
0.3	64.7925	1
0.3	-101.667	1
0.3	-178.331	1
0.3	136.567	1
0.3	57.7905	1
0.3	7.12732	1
0.3	-88.4456	1
0.3	107.913	1
0.3	166.492	1
0.3	-135.291	1
0.3	76.0458	1
0.3	-142.392	1
0.3	-73.3745	1
0.3	120.048	1
0.3	-101.872	1
0.3	80.0117	1
0.3	80.3772	1
0.3	-57.8634	1
0.3	-113.525	1
0.3	-61.1738	1
0.3	-152.382	1
0.3	48.5609	1
0.3	4.96805	1
0.3	-69.1799	1
0.3	125.643	1
0.3	47.8455	1
0.3	56.3486	1
0.3	-33.6718	1
0.3	147.255	1
0.3	145.992	1
0.3	4.94402	1
0.3	-75.2932	1
0.3	70.2228	1
0.3	-24.1702	1
0.3	65.0743	1
0.3	-57.8016	1
0.3	144.949	1
0.3	-104.443	1
0.3	24.6634	1
0.3	100.098	1
0.3	-13.4244	1
0.3	126.326	1
0.3	-33.5439	1
0.3	-1.00621	1
0.3	3.43605	1
0.3	-65.5615	1
0.3	68.5391	1
0.3	77.0264	1
0.3	152.947	1
0.3	145.68	1
0.3	120.606	1
0.3	-32.6959	1
0.3	156.179	1
0.3	7.70692	1
0.3	25.1251	1
0.3	-2.47494	1
0.3	80.5112	1
0.3	-18.3934	1
0.3	6.10444	1
0.3	-82.0366	1
0.3	59.7286	1
0.3	133.976	1
0.3	120.607	1
0.3	140.924	1
0.3	46.929	1
0.3	-100.234	1
0.3	-77.6764	1
0.3	36.2012	1
0.3	-97.982	1
0.3	33.4397	1
0.3	-70.3246	1
0.3	20.855	1
0.3	129.427	1
0.3	-58.9542	1
0.3	-84.8103	1
0.3	90.74	1
0.3	69.0028	1
0.3	-102.549	1
0.3	130.035	1
0.3	8.354	1
0.3	117.006	1
0.3	-139.067	1
0.3	73.9971	1
0.3	101.188	1
0.3	61.1664	1
0.3	83.6736	1
0.3	35.8504	1
0.3	-169.247	1
0.3	-136.311	1
0.3	-57.8577	1
0.3	25.7157	1
0.3	16.7698	1
0.3	-145.207	1
0.3	-165.998	1
0.3	2.70857	1
0.3	97.8776	1
0.3	135.225	1
0.3	53.1135	1
0.3	-8.13126	1
0.3	-95.9527	1
0.3	56.698	1
0.3	157.465	1
0.3	-84.5503	1
0.3	-67.7178	1
0.3	-49.0568	1
0.3	76.4299	1
0.3	-111.497	1
0.3	44.3718	1
0.3	91.567	1
0.3	-33.6488	1
0.3	-33.37	1
0.3	-41.2928	1
0.3	175.866	1
0.3	4.78639	1
0.3	157.636	1
0.3	-58.0783	1
0.3	-38.4573	1
0.3	55.5821	1
0.3	-148.898	1
0.3	-113.116	-0.065
0.3	84.094	-0.065
0.3	140.137	-0.065
0.3	61.0299	-0.065
0.3	-79.5786	-0.065
0.3	-79.8633	-0.065
0.3	87.9182	-0.065
0.3	72.5151	-0.065
0.3	-147.19	-0.065
0.3	-143.176	-0.065
0.3	106.912	-0.065
0.3	-101.569	-0.065
0.3	101.669	-0.065
0.3	-120.5	-0.065
0.3	-9.65108	-0.065
0.3	-73.8611	-0.065
0.3	-123.524	-0.065
0.3	-135.358	-0.065
0.3	-38.6706	-0.065
0.3	113.522	-0.065
0.3	56.8691	-0.065
0.3	-59.4657	-0.065
0.3	132.173	-0.065
0.3	-103.222	-0.065
0.3	72.9794	-0.065
0.3	41.0237	-0.065
0.3	-53.9057	-0.065
0.3	-26.1078	-0.065
0.3	26.1958	-0.065
0.3	-74.819	-0.065
0.3	148.978	-0.065
0.3	-77.309	-0.065
0.3	-59.6893	-0.065
0.3	-105.418	-0.065
0.3	153.26	-0.065
0.3	-83.5783	-0.065
0.3	-176.586	-0.065
0.3	98.4618	-0.065
0.3	61.017	-0.065
0.3	40.9954	-0.065
0.3	-102.764	-0.065
0.3	-176.095	-0.065
0.3	124.684	-0.065
0.3	-96.9518	-0.065
0.3	-106.58	-0.065
0.3	52.1668	-0.065
0.3	-27.2474	-0.065
0.3	-83.0556	-0.065
0.3	-0.093841	-0.065
0.3	24.2011	-0.065
0.3	-135.001	-0.065
0.3	19.9965	-0.065
0.3	154.112	-0.065
0.3	161.446	-0.065
0.3	22.9267	-0.065
0.3	71.1413	-0.065
0.3	114.674	-0.065
0.3	74.2667	-0.065
0.3	-177.917	-0.065
0.3	-29.8789	-0.065
0.3	-172.352	-0.065
0.3	-171.519	-0.065
0.3	38.3549	-0.065
0.3	11.2307	-0.065
0.3	24.9191	-0.065
0.3	12.1271	-0.065
0.3	-48.2501	-0.065
0.3	61.5735	-0.065
0.3	145.46	-0.065
0.3	140.103	-0.065
0.3	81.3563	-0.065
0.3	139.793	-0.065
0.3	-129.901	-0.065
0.3	19.9331	-0.065
0.3	165.149	-0.065
0.3	-24.7348	-0.065
0.3	-109.686	-0.065
0.3	-129.224	-0.065
0.3	-143.354	-0.065
0.3	168.139	-0.065
0.3	54.8252	-0.065
0.3	161.719	-0.065
0.3	-160.307	-0.065
0.3	95.6425	-0.065
0.3	-164.976	-0.065
0.3	-42.6774	-0.065
0.3	-54.0448	-0.065
0.3	-59.0826	-0.065
0.3	109.346	-0.065
0.3	-121.749	-0.065
0.3	-74.2934	-0.065
0.3	-99.0512	-0.065
0.3	-110.551	-0.065
0.3	-15.7204	-0.065
0.3	44.9593	-0.065
0.3	52.3991	-0.065
0.3	16.6597	-0.065
0.3	21.5956	-0.065
0.3	109.55	-0.065
0.3	-159.686	-0.065
0.3	-50.2109	-0.065
0.3	-87.1628	-0.065
0.3	-61.9638	-0.065
0.3	-156.39	-0.065
0.3	-136.237	-0.065
0.3	60.6093	-0.065
0.3	-148.971	-0.065
0.3	105.84	-0.065
0.3	-109.297	-0.065
0.3	48.0701	-0.065
0.3	171.811	-0.065
0.3	-127.148	-0.065
0.3	-1.05314	-0.065
0.3	99.3828	-0.065
0.3	37.9558	-0.065
0.3	-79.8677	-0.065
0.3	-109.998	-0.065
0.3	86.5502	-0.065
0.3	163.7	-0.065
0.3	177.007	-0.065
0.3	-53.6215	-0.065
0.3	174.573	-0.065
0.3	-130.361	-0.065
0.3	155.32	-0.065
0.3	67.7824	-0.065
0.3	-104.705	-0.065
0.3	60.8312	-0.065
0.3	-9.14546	-0.065
0.3	35.7855	-0.065
0.3	57.8106	-0.065
0.3	-53.8617	-0.065
0.3	-152.985	-0.065
0.3	11.7729	-0.065
0.3	159.171	-0.065
0.3	-93.1114	-0.065
0.3	-147.435	-0.065
0.3	99.4439	-0.065
0.3	-71.0535	-0.065
0.3	-56.0683	-0.065
0.3	-76.9356	-0.065
0.3	91.9963	-0.065
0.3	-78.3586	-0.065
0.3	-41.8773	-0.065
0.3	34.3126	-0.065
0.3	-6.8326	-0.065
0.3	42.5262	-0.065
0.3	87.6829	-0.065
0.3	-122.191	-0.065
0.3	-92.8442	-0.065
0.3	-86.9791	-0.065
0.3	22.6755	-0.065
0.3	-75.45	-0.065
0.3	6.54272	-0.065
-0.3	89.5547	1
-0.3	135.901	1
-0.3	-0.177416	1
-0.3	147.5	1
-0.3	31.5245	1
-0.3	-107.534	1
-0.3	-104.571	1
-0.3	38.8342	1
-0.3	113.382	1
-0.3	92.0168	1
-0.3	176.891	1
-0.3	-104.838	1
-0.3	7.59712	1
-0.3	38.967	1
-0.3	-6.91663	1
-0.3	95.475	1
-0.3	153.43	1
-0.3	81.979	1
-0.3	60.6488	1
-0.3	-123.22	1
-0.3	89.4249	1
-0.3	13.1549	1
-0.3	-4.15079	1
-0.3	14.2027	1
-0.3	169.747	1
-0.3	0.778008	1
-0.3	137.186	1
-0.3	69.5602	1
-0.3	34.9515	1
-0.3	118.808	1
-0.3	105.411	1
-0.3	105.206	1
-0.3	176.045	1
-0.3	132.415	1
-0.3	-122.977	1
-0.3	100.303	1
-0.3	135.493	1
-0.3	72.2153	1
-0.3	59.9676	1
-0.3	12.7436	1
-0.3	-45.8675	1
-0.3	-45.4762	1
-0.3	-130.478	1
-0.3	51.8217	1
-0.3	-39.4204	1
-0.3	-43.8618	1
-0.3	147.938	1
-0.3	46.5619	1
-0.3	129.824	1
-0.3	152.14	1
-0.3	-89.9733	1
-0.3	-64.9496	1
-0.3	-119.25	1
-0.3	-37.0517	1
-0.3	-5.4111	1
-0.3	154.557	1
-0.3	-75.0402	1
-0.3	-49.2848	1
-0.3	-81.3969	1
-0.3	143.239	1
-0.3	156.756	1
-0.3	-0.156998	1
-0.3	-138.209	1
-0.3	-86.0589	1
-0.3	-2.25605	1
-0.3	56.6134	1
-0.3	157.486	1
-0.3	-125.991	1
-0.3	-29.6353	1
-0.3	23.9975	1
-0.3	-32.1823	1
-0.3	109.813	1
-0.3	174.424	1
-0.3	177.531	1
-0.3	-52.2149	1
-0.3	-93.3575	1
-0.3	-3.95553	1
-0.3	125.846	1
-0.3	8.75215	1
-0.3	-116.371	1
-0.3	88.8835	1
-0.3	-72.5656	1
-0.3	-121.48	1
-0.3	-73.2091	1
-0.3	-106.503	1
-0.3	-163.478	1
-0.3	149.753	1
-0.3	-77.4805	1
-0.3	-58.6024	1
-0.3	53.5015	1
-0.3	-57.7491	1
-0.3	69.1636	1
-0.3	-41.862	1
-0.3	-58.9365	1
-0.3	-64.1395	1
-0.3	21.0225	1
-0.3	65.1974	1
-0.3	144.034	1
-0.3	-170.878	1
-0.3	-100.344	1
-0.3	-145.2	1
-0.3	39.8344	1
-0.3	148.506	1
-0.3	-130.918	1
-0.3	117.502	1
-0.3	-30.6601	1
-0.3	115.842	1
-0.3	150.77	1
-0.3	-67.1314	1
-0.3	70.783	1
-0.3	-113.399	1
-0.3	-35.3963	1
-0.3	-154.093	1
-0.3	12.4375	1
-0.3	50.8801	1
-0.3	-150.843	1
-0.3	145.173	1
-0.3	-117.981	1
-0.3	-12.4223	1
-0.3	-149.07	1
-0.3	-27.2188	1
-0.3	-47.7347	1
-0.3	-89.9833	1
-0.3	-52.9003	1
-0.3	19.63	1
-0.3	34.1945	1
-0.3	-5.21756	1
-0.3	99.0629	1
-0.3	-122.035	1
-0.3	-107.706	1
-0.3	-115.038	1
-0.3	78.3869	1
-0.3	-165.728	1
-0.3	-114.145	1
-0.3	-115.823	1
-0.3	-167.38	1
-0.3	33.5028	1
-0.3	-77.4369	1
-0.3	-70.571	1
-0.3	-176.853	1
-0.3	-18.2136	1
-0.3	-43.1936	1
-0.3	-141.957	1
-0.3	130.894	1
-0.3	-12.3219	1
-0.3	55.9848	1
-0.3	97.8608	1
-0.3	177.707	1
-0.3	103.634	1
-0.3	-62.8765	1
-0.3	80.8444	1
-0.3	6.15732	1
-0.3	-165.138	1
-0.3	-119.359	1
-0.3	83.4722	1
-0.3	-59.1924	1
-0.3	-67.1133	1
-0.3	63.2805	1
-0.3	98.92	1
-0.3	-91.2384	1
-0.3	172.821	1
-0.3	43.7079	1
-0.3	33.6512	1
-0.3	-171.982	1
-0.3	-88.4165	1
-0.3	-47.8064	1
-0.3	71.8738	1
-0.3	-72.0312	1
-0.3	133.974	1
-0.3	-42.9842	1
-0.3	58.14	1
-0.3	-14.1783	1
-0.3	-49.0014	1
-0.3	24.3976	1
-0.3	12.0317	1
-0.3	-154.317	1
-0.3	-4.61633	1
-0.3	-144.792	1
-0.3	74.8303	1
-0.3	-138.465	1
-0.3	-134.499	1
-0.3	105.041	1
-0.3	84.7291	1
-0.3	152.903	1
-0.3	84.4734	1
-0.3	-64.1678	1
-0.3	63.813	1
-0.3	162.453	1
-0.3	-31.0985	1
-0.3	26.6523	1
-0.3	151.383	1
-0.3	-105.484	1
-0.3	-15.1408	1
-0.3	-22.6082	1
-0.3	-120.148	1
-0.3	-175.893	1
-0.3	91.1137	1
-0.3	116.355	1
-0.3	-45.0838	1
-0.3	57.1853	1
-0.3	14.0136	1
-0.3	135.774	1
-0.3	36.2218	1
-0.3	-48.611	1
-0.3	-106.209	1
-0.3	-27.3322	1
-0.3	-9.7754	1
-0.3	86.0253	1
-0.3	-157.326	1
-0.3	-103.361	1
-0.3	-153.145	1
-0.3	127.064	1
-0.3	-164.066	-0.065
-0.3	157.506	-0.065
-0.3	60.2753	-0.065
-0.3	110.088	-0.065
-0.3	117.293	-0.065
-0.3	62.6511	-0.065
-0.3	14.405	-0.065
-0.3	60.518	-0.065
-0.3	-54.1675	-0.065
-0.3	133.705	-0.065
-0.3	77.0906	-0.065
-0.3	52.566	-0.065
-0.3	-6.84711	-0.065
-0.3	91.089	-0.065
-0.3	-149.259	-0.065
-0.3	179.047	-0.065
-0.3	64.3316	-0.065
-0.3	-35.0811	-0.065
-0.3	-128.764	-0.065
-0.3	-139.031	-0.065
-0.3	113.055	-0.065
-0.3	-71.3089	-0.065
-0.3	92.0578	-0.065
-0.3	-139.088	-0.065
-0.3	101.064	-0.065
-0.3	175.653	-0.065
-0.3	148.006	-0.065
-0.3	148.138	-0.065
-0.3	-81.8832	-0.065
-0.3	0.0463681	-0.065
-0.3	-12.8817	-0.065
-0.3	-78.3302	-0.065
-0.3	176.265	-0.065
-0.3	-39.1763	-0.065
-0.3	-35.0866	-0.065
-0.3	16.0975	-0.065
-0.3	42.0549	-0.065
-0.3	168.932	-0.065
-0.3	-39.127	-0.065
-0.3	128.757	-0.065
-0.3	-81.9424	-0.065
-0.3	114.57	-0.065
-0.3	-10.8044	-0.065
-0.3	-44.2944	-0.065
-0.3	-7.46786	-0.065
-0.3	108.458	-0.065
-0.3	-64.1054	-0.065
-0.3	174.521	-0.065
-0.3	58.1771	-0.065
-0.3	141.14	-0.065
-0.3	-78.8404	-0.065
-0.3	150.45	-0.065
-0.3	-103.53	-0.065
-0.3	-96.2441	-0.065
-0.3	130.023	-0.065
-0.3	57.0045	-0.065
-0.3	-152.954	-0.065
-0.3	-102.425	-0.065
-0.3	-64.748	-0.065
-0.3	90.6512	-0.065
-0.3	-9.97258	-0.065
-0.3	100.376	-0.065
-0.3	130.282	-0.065
-0.3	111.243	-0.065
-0.3	-108.317	-0.065
-0.3	3.32923	-0.065
-0.3	91.979	-0.065
-0.3	63.6907	-0.065
-0.3	57.3343	-0.065
-0.3	-38.2559	-0.065
-0.3	-53.4574	-0.065
-0.3	-167.895	-0.065
-0.3	34.9267	-0.065
-0.3	-43.7252	-0.065
-0.3	-55.3684	-0.065
-0.3	165.913	-0.065
-0.3	108.219	-0.065
-0.3	-39.0284	-0.065
-0.3	8.06314	-0.065
-0.3	139.691	-0.065
-0.3	111.602	-0.065
-0.3	129.225	-0.065
-0.3	-75.0869	-0.065
-0.3	-66.4012	-0.065
-0.3	-59.8362	-0.065
-0.3	1.76758	-0.065
-0.3	81.2167	-0.065
-0.3	163.563	-0.065
-0.3	-28.7947	-0.065
-0.3	-72.9815	-0.065
-0.3	-99.1585	-0.065
-0.3	33.8283	-0.065
-0.3	-52.0305	-0.065
-0.3	179.643	-0.065
-0.3	-77.5913	-0.065
-0.3	-150.061	-0.065
-0.3	162.396	-0.065
-0.3	-142.786	-0.065
-0.3	58.336	-0.065
-0.3	164.696	-0.065
-0.3	-53.6454	-0.065
-0.3	-66.1788	-0.065
-0.3	9.42872	-0.065
-0.3	156.358	-0.065
-0.3	-113.039	-0.065
-0.3	-103.72	-0.065
-0.3	-45.8129	-0.065
-0.3	-8.33858	-0.065
-0.3	4.5532	-0.065
-0.3	-117.489	-0.065
-0.3	-11.4025	-0.065
-0.3	-34.5588	-0.065
-0.3	65.1682	-0.065
-0.3	-34.1712	-0.065
-0.3	-79.2057	-0.065
-0.3	61.4642	-0.065
-0.3	-157.031	-0.065
-0.3	91.2655	-0.065
-0.3	35.9416	-0.065
-0.3	-72.6673	-0.065
-0.3	124.303	-0.065
-0.3	-95.2337	-0.065
-0.3	-39.9013	-0.065
-0.3	-88.2065	-0.065
-0.3	-37.1672	-0.065
-0.3	121.459	-0.065
-0.3	-146.146	-0.065
-0.3	147.051	-0.065
-0.3	45.6385	-0.065
-0.3	103.83	-0.065
-0.3	-103.556	-0.065
-0.3	77.51	-0.065
-0.3	-92.3694	-0.065
-0.3	31.4229	-0.065
-0.3	112.83	-0.065
-0.3	87.1067	-0.065
-0.3	-12.5346	-0.065
-0.3	157.347	-0.065
-0.3	131.902	-0.065
-0.3	-60.8784	-0.065
-0.3	36.2593	-0.065
-0.3	-1.02204	-0.065
-0.3	-109.795	-0.065
-0.3	55.7976	-0.065
-0.3	-75.9501	-0.065
-0.3	59.4067	-0.065
-0.3	122.623	-0.065
-0.3	93.5927	-0.065
-0.3	96.3963	-0.065
-0.3	-60.3165	-0.065
-0.3	139.003	-0.065
-0.3	-129.705	-0.065
-0.3	172.468	-0.065
-0.3	115.074	-0.065
-0.3	104.704	-0.065
-0.3	-168.225	-0.065
-0.3	170.725	-0.065
-0.3	-149.653	-0.065
-0.3	115.695	-0.065
-0.3	153.055	-0.065
-0.3	-28.6953	-0.065
-0.3	-45.2134	-0.065
-0.3	54.4352	-0.065
-0.3	-133.194	-0.065
