pol.	phi	weight
0.3	75.4171	1
0.3	78.2386	1
0.3	-72.809	1
0.3	-149.14	1
0.3	137.287	1
0.3	109.486	1
0.3	-110.109	1
0.3	-151.831	1
0.3	-119.347	1
0.3	-75.8417	1
0.3	0.884612	1
0.3	-169.177	1
0.3	53.2626	1
0.3	147.829	1
0.3	69.5626	1
0.3	37.5623	1
0.3	136.865	1
0.3	-106.041	1
0.3	163.909	1
0.3	60.5992	1
0.3	34.0545	1
0.3	-166.446	1
0.3	-35.3298	1
0.3	89.8681	1
0.3	50.2217	1
0.3	77.0676	1
0.3	-144.471	1
0.3	-81.3789	1
0.3	139.711	1
0.3	1.8031	1
0.3	-74.4908	1
0.3	-22.2655	1
0.3	-150.715	1
0.3	149.709	1
0.3	-90.985	1
0.3	159.167	1
0.3	-85.559	1
0.3	-166.747	1
0.3	-28.8775	1
0.3	128.274	1
0.3	37.9352	1
0.3	97.9415	1
0.3	-153.874	1
0.3	-62.5322	1
0.3	-4.93689	1
0.3	131.794	1
0.3	-127.926	1
0.3	-93.4834	1
0.3	36.9684	1
0.3	132.228	1
0.3	-106.409	1
0.3	58.6386	1
0.3	-157.394	1
0.3	153.689	1
0.3	109.122	1
0.3	63.639	1
0.3	8.82138	1
0.3	53.2974	1
0.3	29.7326	1
0.3	-105.644	1
0.3	4.10846	1
0.3	-127.789	1
0.3	11.4697	1
0.3	-167.684	1
0.3	-22.4229	1
0.3	-152.609	1
0.3	-156.176	1
0.3	3.64375	1
0.3	-72.1674	1
0.3	15.5487	1
0.3	-45.3727	1
0.3	-36.143	1
0.3	36.1516	1
0.3	16.3593	1
0.3	34.3484	1
0.3	116.33	1
0.3	122.114	1
0.3	149.993	1
0.3	-155.274	1
0.3	-164.935	1
0.3	-162.854	1
0.3	136.493	1
0.3	-84.4777	1
0.3	156.017	1
0.3	67.7112	1
0.3	1.52737	1
0.3	-47.1316	1
0.3	-6.83728	1
0.3	106.711	1
0.3	84.1534	1
0.3	-150.207	1
0.3	176.233	1
0.3	-139.578	1
0.3	165.864	1
0.3	-69.0376	1
0.3	169.589	1
0.3	-129.703	1
0.3	1.37491	1
0.3	-20.423	1
0.3	-56.0579	1
0.3	-81.9522	1
0.3	8.28413	1
0.3	10.6837	1
0.3	-34.5197	1
0.3	67.3679	1
0.3	133.101	1
0.3	-92.4629	1
0.3	-24.9936	1
0.3	96.2226	1
0.3	178.645	1
0.3	121.575	1
0.3	-26.513	1
0.3	-87.1231	1
0.3	-116.794	1
0.3	127.8	1
0.3	-98.645	1
0.3	106.393	1
0.3	-117.396	1
0.3	148.705	1
0.3	26.2966	1
0.3	36.9512	1
0.3	-16.7062	1
0.3	12.7131	1
0.3	-84.4056	1
0.3	-100.529	1
0.3	164.386	1
0.3	76.7796	1
0.3	-0.196132	1
0.3	-84.4171	1
0.3	26.1977	1
0.3	19.417	1
0.3	-61.3341	1
0.3	110.605	1
0.3	57.6325	1
0.3	177.87	1
0.3	-139.453	1
0.3	-41.6286	1
0.3	-118.424	1
0.3	121.766	1
0.3	71.9918	1
0.3	97.994	1
0.3	-13.9103	1
0.3	89.9898	1
0.3	-90.8634	1
0.3	-78.0468	1
0.3	39.3232	1
0.3	37.0057	1
0.3	108.713	1
0.3	-85.575	1
0.3	104.674	1
0.3	77.94	1
0.3	-176.978	1
0.3	86.7168	1
0.3	-22.9316	1
0.3	-72.1565	1
0.3	163.201	1
0.3	10.9498	1
0.3	172.223	1
0.3	-164.456	1
0.3	27.3308	1
0.3	143.757	1
0.3	-111.282	1
0.3	-58.8668	1
0.3	62.4414	1
0.3	95.4552	1
0.3	-103.819	1
0.3	48.7591	1
0.3	132.832	1
0.3	-89.1303	1
0.3	47.6843	1
0.3	-146.166	1
0.3	-161.706	1
0.3	-175.694	1
0.3	-6.68633	1
0.3	29.1288	1
0.3	13.9885	1
0.3	163.547	1
0.3	-117.424	1
0.3	24.0129	1
0.3	-42.7403	1
0.3	-67.858	1
0.3	-87.0853	1
0.3	116.011	1
0.3	-41.8473	1
0.3	33.9798	1
0.3	96.5473	1
0.3	80.0261	1
0.3	-119.575	1
0.3	-155.776	1
0.3	-13.2433	1
0.3	-40.1783	1
0.3	27.5063	1
0.3	-157.552	1
0.3	119.288	1
0.3	-30.3726	1
0.3	-126.482	1
0.3	-121.321	1
0.3	-36.0494	1
0.3	144.652	1
0.3	153.673	1
0.3	-40.6035	1
0.3	-167.185	1
0.3	-90.3267	1
0.3	-24.2521	1
0.3	46.5986	1
0.3	47.323	1
0.3	39.6798	1
0.3	10.6087	1
0.3	9.32156	1
0.3	-139.817	1
0.3	-13.9817	1
0.3	-60.9235	1
0.3	-175.272	-0.065
0.3	-99.2796	-0.065
0.3	-11.2105	-0.065
0.3	131.746	-0.065
0.3	104.675	-0.065
0.3	147.096	-0.065
0.3	-129.597	-0.065
0.3	-151.355	-0.065
0.3	-139.437	-0.065
0.3	-90.4345	-0.065
0.3	-81.3663	-0.065
0.3	173.623	-0.065
0.3	-92.0456	-0.065
0.3	-104.838	-0.065
0.3	107.368	-0.065
0.3	-139.261	-0.065
0.3	-159.912	-0.065
0.3	-67.0859	-0.065
0.3	-6.87486	-0.065
0.3	146.996	-0.065
0.3	171.647	-0.065
0.3	-167.623	-0.065
0.3	-169.469	-0.065
0.3	-65.9944	-0.065
0.3	-47.2777	-0.065
0.3	41.019	-0.065
0.3	100.674	-0.065
0.3	33.0566	-0.065
0.3	107.448	-0.065
0.3	-128.386	-0.065
0.3	-7.28841	-0.065
0.3	-69.3079	-0.065
0.3	-58.8442	-0.065
0.3	-87.2838	-0.065
0.3	45.7351	-0.065
0.3	70.7521	-0.065
0.3	34.9213	-0.065
0.3	-113.847	-0.065
0.3	-33.3273	-0.065
0.3	80.7023	-0.065
0.3	-62.0561	-0.065
0.3	-71.544	-0.065
0.3	-144.774	-0.065
0.3	-61.9011	-0.065
0.3	9.25978	-0.065
0.3	66.2394	-0.065
0.3	87.9186	-0.065
0.3	107.004	-0.065
0.3	150.331	-0.065
0.3	-39.6741	-0.065
0.3	147.516	-0.065
0.3	-110.581	-0.065
0.3	45.2077	-0.065
0.3	-21.8021	-0.065
0.3	128.633	-0.065
0.3	-3.53789	-0.065
0.3	-34.411	-0.065
0.3	-41.7153	-0.065
0.3	166.13	-0.065
0.3	-83.3054	-0.065
0.3	20.831	-0.065
0.3	168.77	-0.065
0.3	-144.354	-0.065
0.3	30.0873	-0.065
0.3	-30.8739	-0.065
0.3	166.96	-0.065
0.3	118.546	-0.065
0.3	37.8794	-0.065
0.3	87.0979	-0.065
0.3	-114.196	-0.065
0.3	94.7546	-0.065
0.3	92.1998	-0.065
0.3	-121.122	-0.065
0.3	26.471	-0.065
0.3	83.6564	-0.065
0.3	-69.8955	-0.065
0.3	101.498	-0.065
0.3	6.59166	-0.065
0.3	10.3938	-0.065
0.3	113.885	-0.065
0.3	9.37501	-0.065
0.3	-91.8535	-0.065
0.3	-120.891	-0.065
0.3	77.6157	-0.065
0.3	-103.538	-0.065
0.3	82.352	-0.065
0.3	-113.166	-0.065
0.3	-108.538	-0.065
0.3	59.0092	-0.065
0.3	-148.541	-0.065
0.3	76.0933	-0.065
0.3	-52.6453	-0.065
0.3	58.3371	-0.065
0.3	79.405	-0.065
0.3	86.4753	-0.065
0.3	6.76355	-0.065
0.3	60.9939	-0.065
0.3	164.436	-0.065
0.3	-6.46357	-0.065
0.3	61.3517	-0.065
0.3	-160.278	-0.065
0.3	71.6002	-0.065
0.3	177.922	-0.065
0.3	128.045	-0.065
0.3	-177.421	-0.065
0.3	-18.5918	-0.065
0.3	-7.93522	-0.065
0.3	-154.369	-0.065
0.3	168.15	-0.065
0.3	58.4587	-0.065
0.3	-9.76807	-0.065
0.3	-147.681	-0.065
0.3	-153.643	-0.065
0.3	175.662	-0.065
0.3	-8.72169	-0.065
0.3	106.014	-0.065
0.3	10.369	-0.065
0.3	-57.9313	-0.065
0.3	-106.078	-0.065
0.3	-136.154	-0.065
0.3	119.8	-0.065
0.3	-1.32619	-0.065
0.3	-113.845	-0.065
0.3	-3.21148	-0.065
0.3	135.841	-0.065
0.3	33.2923	-0.065
0.3	-97.9524	-0.065
0.3	108.556	-0.065
0.3	48.6616	-0.065
0.3	36.1834	-0.065
0.3	4.93967	-0.065
0.3	112.107	-0.065
0.3	101.117	-0.065
0.3	165.653	-0.065
0.3	47.7162	-0.065
0.3	-3.2307	-0.065
0.3	-127.5	-0.065
0.3	-129.717	-0.065
0.3	54.7661	-0.065
0.3	-90.5269	-0.065
0.3	117.956	-0.065
0.3	9.72084	-0.065
0.3	122.687	-0.065
0.3	73.8198	-0.065
0.3	47.4026	-0.065
0.3	149.701	-0.065
0.3	-135.574	-0.065
0.3	-101.492	-0.065
0.3	-130.447	-0.065
0.3	93.5093	-0.065
0.3	159.473	-0.065
0.3	-109.862	-0.065
0.3	-8.57822	-0.065
0.3	120.312	-0.065
0.3	-101.222	-0.065
0.3	66.3587	-0.065
0.3	-37.5975	-0.065
0.3	-134.781	-0.065
0.3	-129.496	-0.065
0.3	-102.977	-0.065
0.3	110.583	-0.065
0.3	44.0165	-0.065
0.3	112.517	-0.065
0.3	-84.1332	-0.065
-0.3	-84.9607	1
-0.3	-169.154	1
-0.3	107.52	1
-0.3	-137.657	1
-0.3	173.851	1
-0.3	-122.08	1
-0.3	-137.372	1
-0.3	-65.4049	1
-0.3	-17.7129	1
-0.3	-147.538	1
-0.3	79.4494	1
-0.3	136.006	1
-0.3	-46.7483	1
-0.3	93.2086	1
-0.3	-122.707	1
-0.3	20.422	1
-0.3	21.4918	1
-0.3	-84.4177	1
-0.3	-48.7035	1
-0.3	-130.22	1
-0.3	40.7425	1
-0.3	6.26546	1
-0.3	-84.072	1
-0.3	-5.91606	1
-0.3	-84.9939	1
-0.3	-173.426	1
-0.3	90.2782	1
-0.3	125.246	1
-0.3	-159.555	1
-0.3	155.399	1
-0.3	21.7879	1
-0.3	54.6358	1
-0.3	-155.692	1
-0.3	109.861	1
-0.3	-93.8504	1
-0.3	-133.374	1
-0.3	-174.953	1
-0.3	-85.8798	1
-0.3	-111.903	1
-0.3	-67.9882	1
-0.3	-85.953	1
-0.3	79.894	1
-0.3	157.546	1
-0.3	136.936	1
-0.3	115.533	1
-0.3	141.188	1
-0.3	-45.4543	1
-0.3	39.9561	1
-0.3	139.277	1
-0.3	171.705	1
-0.3	22.3627	1
-0.3	-36.0057	1
-0.3	-103.817	1
-0.3	-112.986	1
-0.3	-23.9926	1
-0.3	37.5639	1
-0.3	-45.4955	1
-0.3	95.1042	1
-0.3	-142.296	1
-0.3	15.1313	1
-0.3	-37.0689	1
-0.3	21.9287	1
-0.3	62.4818	1
-0.3	137.977	1
-0.3	-28.1985	1
-0.3	136.213	1
-0.3	46.6372	1
-0.3	154.901	1
-0.3	71.1041	1
-0.3	14.8852	1
-0.3	-45.1307	1
-0.3	-53.4866	1
-0.3	145.33	1
-0.3	75.0873	1
-0.3	51.4156	1
-0.3	139.27	1
-0.3	-176.996	1
-0.3	-172.936	1
-0.3	-6.07134	1
-0.3	35.0609	1
-0.3	-97.3825	1
-0.3	-40.3694	1
-0.3	-6.3127	1
-0.3	126.661	1
-0.3	-114.669	1
-0.3	90.6627	1
-0.3	0.566096	1
-0.3	-72.1361	1
-0.3	-38.8798	1
-0.3	-57.7165	1
-0.3	126.973	1
-0.3	-124.311	1
-0.3	32.7392	1
-0.3	15.2491	1
-0.3	-23.5502	1
-0.3	73.9557	1
-0.3	-66.0014	1
-0.3	-143.691	1
-0.3	-110.25	1
-0.3	72.0819	1
-0.3	38.6044	1
-0.3	146.732	1
-0.3	73.9665	1
-0.3	-104.543	1
-0.3	14.032	1
-0.3	-32.5482	1
-0.3	-55.8709	1
-0.3	-29.4903	1
-0.3	49.6284	1
-0.3	139.194	1
-0.3	7.94178	1
-0.3	98.5995	1
-0.3	-25.1772	1
-0.3	14.3882	1
-0.3	-174.635	1
-0.3	87.2175	1
-0.3	43.5001	1
-0.3	168.42	1
-0.3	-129.393	1
-0.3	26.7266	1
-0.3	164.2	1
-0.3	18.9975	1
-0.3	99.6015	1
-0.3	167.105	1
-0.3	-45.7763	1
-0.3	-31.0575	1
-0.3	-160.19	1
-0.3	-171.635	1
-0.3	-103.723	1
-0.3	121.943	1
-0.3	72.5332	1
-0.3	-159.17	1
-0.3	49.9011	1
-0.3	-118.926	1
-0.3	59.4221	1
-0.3	-135.181	1
-0.3	-54.2017	1
-0.3	-104.491	1
-0.3	-116.448	1
-0.3	172.629	1
-0.3	149.584	1
-0.3	163.016	1
-0.3	117.004	1
-0.3	-167.456	1
-0.3	-78.5933	1
-0.3	132.349	1
-0.3	-162.583	1
-0.3	26.4776	1
-0.3	60.0095	1
-0.3	28.091	1
-0.3	92.0428	1
-0.3	-12.5178	1
-0.3	39.5951	1
-0.3	-101.195	1
-0.3	-81.6838	1
-0.3	13.4628	1
-0.3	-174.955	1
-0.3	76.1027	1
-0.3	67.2619	1
-0.3	-126.044	1
-0.3	-91.5749	1
-0.3	1.18256	1
-0.3	-102.469	1
-0.3	-46.5275	1
-0.3	161.291	1
-0.3	-83.5974	1
-0.3	-20.2187	1
-0.3	-133.175	1
-0.3	-65.2161	1
-0.3	158.706	1
-0.3	-122.232	1
-0.3	130.756	1
-0.3	-49.2138	1
-0.3	152.61	1
-0.3	-51.9544	1
-0.3	-51.4969	1
-0.3	2.41834	1
-0.3	-16.8918	1
-0.3	101.747	1
-0.3	-140.142	1
-0.3	-153.179	1
-0.3	81.1715	1
-0.3	163.674	1
-0.3	-101.907	1
-0.3	131.746	1
-0.3	109.073	1
-0.3	35.702	1
-0.3	-106.402	1
-0.3	21.5361	1
-0.3	173.571	1
-0.3	18.6912	1
-0.3	-36.0038	1
-0.3	136.907	1
-0.3	79.578	1
-0.3	-60.8908	1
-0.3	96.488	1
-0.3	99.6012	1
-0.3	-172.243	1
-0.3	52.9472	1
-0.3	-157.977	1
-0.3	-96.6591	1
-0.3	-50.3966	1
-0.3	-47.4115	1
-0.3	-147.689	1
-0.3	-61.5637	1
-0.3	54.347	1
-0.3	-74.4308	1
-0.3	128.783	1
-0.3	-51.9943	1
-0.3	151.555	1
-0.3	-30.1684	1
-0.3	16.3446	-0.065
-0.3	-72.2161	-0.065
-0.3	-92.4612	-0.065
-0.3	-64.8837	-0.065
-0.3	25.4641	-0.065
-0.3	-63.8081	-0.065
-0.3	67.0479	-0.065
-0.3	-93.4548	-0.065
-0.3	71.3697	-0.065
-0.3	-87.6289	-0.065
-0.3	55.125	-0.065
-0.3	31.7097	-0.065
-0.3	14.5379	-0.065
-0.3	32.3549	-0.065
-0.3	-43.6137	-0.065
-0.3	141.271	-0.065
-0.3	21.7964	-0.065
-0.3	-62.5968	-0.065
-0.3	-22.7587	-0.065
-0.3	-56.7192	-0.065
-0.3	-10.4116	-0.065
-0.3	-148.412	-0.065
-0.3	20.2379	-0.065
-0.3	132.547	-0.065
-0.3	-137.492	-0.065
-0.3	156.758	-0.065
-0.3	-82.9849	-0.065
-0.3	-79.3585	-0.065
-0.3	52.2112	-0.065
-0.3	102.77	-0.065
-0.3	130.915	-0.065
-0.3	58.0038	-0.065
-0.3	-121.677	-0.065
-0.3	-30.0842	-0.065
-0.3	-46.1194	-0.065
-0.3	-163.328	-0.065
-0.3	30.1492	-0.065
-0.3	-19.8394	-0.065
-0.3	-143.559	-0.065
-0.3	-47.8221	-0.065
-0.3	146.282	-0.065
-0.3	-33.3127	-0.065
-0.3	-69.9021	-0.065
-0.3	-22.8735	-0.065
-0.3	-1.41303	-0.065
-0.3	-75.3593	-0.065
-0.3	165.238	-0.065
-0.3	80.6246	-0.065
-0.3	162.31	-0.065
-0.3	67.7265	-0.065
-0.3	119.912	-0.065
-0.3	166.363	-0.065
-0.3	164.173	-0.065
-0.3	-90.3812	-0.065
-0.3	119.856	-0.065
-0.3	-60.1544	-0.065
-0.3	121.045	-0.065
-0.3	13.901	-0.065
-0.3	-110.279	-0.065
-0.3	2.93919	-0.065
-0.3	150.985	-0.065
-0.3	-8.7567	-0.065
-0.3	-17.4269	-0.065
-0.3	11.2785	-0.065
-0.3	-28.2748	-0.065
-0.3	45.5712	-0.065
-0.3	-153.285	-0.065
-0.3	84.6646	-0.065
-0.3	176.054	-0.065
-0.3	10.8213	-0.065
-0.3	88.5371	-0.065
-0.3	-50.5609	-0.065
-0.3	-151.194	-0.065
-0.3	140.267	-0.065
-0.3	77.8872	-0.065
-0.3	62.8046	-0.065
-0.3	91.1363	-0.065
-0.3	51.6566	-0.065
-0.3	-119.381	-0.065
-0.3	155.427	-0.065
-0.3	-148.782	-0.065
-0.3	65.6879	-0.065
-0.3	-99.8091	-0.065
-0.3	-85.6228	-0.065
-0.3	-11.1783	-0.065
-0.3	-179.611	-0.065
-0.3	-145.941	-0.065
-0.3	90.5484	-0.065
-0.3	-125.504	-0.065
-0.3	59.2767	-0.065
-0.3	-26.2921	-0.065
-0.3	8.62263	-0.065
-0.3	-22.9748	-0.065
-0.3	129.516	-0.065
-0.3	-93.1832	-0.065
-0.3	-123.647	-0.065
-0.3	-119.098	-0.065
-0.3	17.3934	-0.065
-0.3	138.008	-0.065
-0.3	135.728	-0.065
-0.3	140.107	-0.065
-0.3	129.435	-0.065
-0.3	126.826	-0.065
-0.3	156.408	-0.065
-0.3	7.34194	-0.065
-0.3	-144.149	-0.065
-0.3	79.2087	-0.065
-0.3	-71.2189	-0.065
-0.3	-50.3629	-0.065
-0.3	-64.403	-0.065
-0.3	-69.283	-0.065
-0.3	-29.0273	-0.065
-0.3	14.9299	-0.065
-0.3	-157.979	-0.065
-0.3	-15.6421	-0.065
-0.3	125.735	-0.065
-0.3	-41.2951	-0.065
-0.3	100.272	-0.065
-0.3	140.898	-0.065
-0.3	-22.9707	-0.065
-0.3	22.0892	-0.065
-0.3	65.8034	-0.065
-0.3	59.7591	-0.065
-0.3	55.4544	-0.065
-0.3	-106.392	-0.065
-0.3	-137.205	-0.065
-0.3	-80.2161	-0.065
-0.3	-49.0981	-0.065
-0.3	155.607	-0.065
-0.3	118.425	-0.065
-0.3	171.053	-0.065
-0.3	110.632	-0.065
-0.3	151.655	-0.065
-0.3	-27.7773	-0.065
-0.3	1.17777	-0.065
-0.3	119.047	-0.065
-0.3	96.0255	-0.065
-0.3	-72.3876	-0.065
-0.3	44.7189	-0.065
-0.3	-5.91303	-0.065
-0.3	-47.6266	-0.065
-0.3	148.68	-0.065
-0.3	62.3653	-0.065
-0.3	-50.3314	-0.065
-0.3	115.975	-0.065
-0.3	-61.9258	-0.065
-0.3	135.209	-0.065
-0.3	-152.318	-0.065
-0.3	-178.086	-0.065
-0.3	-22.923	-0.065
-0.3	137.739	-0.065
-0.3	-86.4821	-0.065
-0.3	57.735	-0.065
-0.3	36.5668	-0.065
-0.3	-153.728	-0.065
-0.3	110.072	-0.065
-0.3	157.596	-0.065
-0.3	-43.1785	-0.065
-0.3	-121.459	-0.065
-0.3	-29.9339	-0.065
-0.3	34.6269	-0.065
-0.3	152.616	-0.065
-0.3	164.283	-0.065
