pol.	phi	weight
0.3	-71.9536	1
0.3	77.3447	1
0.3	66.8005	1
0.3	169.922	1
0.3	133.261	1
0.3	-17.3486	1
0.3	169.642	1
0.3	-52.1429	1
0.3	-174.243	1
0.3	92.6546	1
0.3	-145.296	1
0.3	-41.7843	1
0.3	71.1968	1
0.3	-74.483	1
0.3	-32.243	1
0.3	-166.974	1
0.3	164.117	1
0.3	-43.9032	1
0.3	-145.784	1
0.3	61.1675	1
0.3	147.338	1
0.3	-39.1348	1
0.3	-109.026	1
0.3	49.0993	1
0.3	-83.1289	1
0.3	152.54	1
0.3	174.645	1
0.3	-131.488	1
0.3	79.7839	1
0.3	-87.602	1
0.3	89.0796	1
0.3	-98.1146	1
0.3	109.212	1
0.3	-95.5094	1
0.3	-30.0006	1
0.3	113.496	1
0.3	-53.5147	1
0.3	155.291	1
0.3	86.3617	1
0.3	147.956	1
0.3	132.288	1
0.3	-87.3093	1
0.3	-179.462	1
0.3	-74.0741	1
0.3	-147.299	1
0.3	-51.3062	1
0.3	110.997	1
0.3	99.7605	1
0.3	116.003	1
0.3	23.2687	1
0.3	-40.8984	1
0.3	108.04	1
0.3	59.4784	1
0.3	-98.826	1
0.3	-139.812	1
0.3	16.2464	1
0.3	90.5799	1
0.3	64.9275	1
0.3	44.3208	1
0.3	93.6271	1
0.3	169.016	1
0.3	87.2036	1
0.3	113.254	1
0.3	93.5434	1
0.3	-160.635	1
0.3	156.313	1
0.3	-172.026	1
0.3	12.2272	1
0.3	160.82	1
0.3	-92.0196	1
0.3	-30.3142	1
0.3	-9.00951	1
0.3	97.456	1
0.3	-24.153	1
0.3	100.367	1
0.3	34.2679	1
0.3	-85.5002	1
0.3	80.4792	1
0.3	44.8463	1
0.3	-84.0197	1
0.3	84.9403	1
0.3	136.894	1
0.3	116.688	1
0.3	-108.581	1
0.3	-18.2591	1
0.3	-89.1092	1
0.3	106.893	1
0.3	8.81619	1
0.3	-131.362	1
0.3	-148.728	1
0.3	-0.082456	1
0.3	137.789	1
0.3	62.8005	1
0.3	101.898	1
0.3	-24.2443	1
0.3	125.65	1
0.3	114.047	1
0.3	-170.352	1
0.3	-8.28125	1
0.3	-77.2721	1
0.3	-166.932	1
0.3	154.19	1
0.3	143.79	1
0.3	147.776	1
0.3	13.1541	1
0.3	-92.4627	1
0.3	60.9548	1
0.3	-34.9251	1
0.3	115.029	1
0.3	158.655	1
0.3	-44.9774	1
0.3	85.1083	1
0.3	-14.5886	1
0.3	-54.359	1
0.3	-162.93	1
0.3	-56.1451	1
0.3	138.346	1
0.3	86.2591	1
0.3	-47.792	1
0.3	174.329	1
0.3	170.122	1
0.3	83.5687	1
0.3	77.2185	1
0.3	-78.0218	1
0.3	127.535	1
0.3	122.702	1
0.3	157.211	1
0.3	-47.9602	1
0.3	174.691	1
0.3	148.045	1
0.3	-176.634	1
0.3	-6.70858	1
0.3	157.694	1
0.3	51.3171	1
0.3	-38.0437	1
0.3	32.3081	1
0.3	80.6595	1
0.3	-113.679	1
0.3	82.3577	1
0.3	-74.6435	1
0.3	-28.3415	1
0.3	171.444	1
0.3	175.188	1
0.3	49.301	1
0.3	136.557	1
0.3	-57.3944	1
0.3	-123.681	1
0.3	37.3201	1
0.3	-16.1098	1
0.3	167.009	1
0.3	147.509	1
0.3	-27.7702	1
0.3	-176.55	1
0.3	178.751	1
0.3	64.0464	1
0.3	62.139	1
0.3	-151.13	1
0.3	-147.298	1
0.3	-178.709	1
0.3	81.6921	1
0.3	96.6302	1
0.3	-24.8856	1
0.3	58.7108	1
0.3	138.898	1
0.3	122.411	1
0.3	96.198	1
0.3	-111.075	1
0.3	104.474	1
0.3	-9.8565	1
0.3	-178.707	1
0.3	36.6394	1
0.3	-11.0149	1
0.3	10.3911	1
0.3	52.2322	1
0.3	-70.8429	1
0.3	176.573	1
0.3	166.605	1
0.3	155.59	1
0.3	25.4122	1
0.3	134.894	1
0.3	-142.99	1
0.3	-154.973	1
0.3	-164.534	1
0.3	51.3877	1
0.3	165.144	1
0.3	-166.221	1
0.3	-84.2401	1
0.3	27.2741	1
0.3	-138.483	1
0.3	-102.152	1
0.3	-178.894	1
0.3	-133.884	1
0.3	-91.661	1
0.3	25.1686	1
0.3	-133.478	-0.065
0.3	115.493	-0.065
0.3	64.2736	-0.065
0.3	-158.739	-0.065
0.3	44.3248	-0.065
0.3	-165.011	-0.065
0.3	-91.0424	-0.065
0.3	110.951	-0.065
0.3	-173.267	-0.065
0.3	-132.782	-0.065
0.3	-26.4536	-0.065
0.3	-36.611	-0.065
0.3	40.5916	-0.065
0.3	61.3947	-0.065
0.3	100.242	-0.065
0.3	-124.263	-0.065
0.3	-111.971	-0.065
0.3	-154.744	-0.065
0.3	5.93117	-0.065
0.3	126.926	-0.065
0.3	-98.8059	-0.065
0.3	153.852	-0.065
0.3	-153.26	-0.065
0.3	97.7769	-0.065
0.3	8.31512	-0.065
0.3	74.476	-0.065
0.3	157.601	-0.065
0.3	35.9423	-0.065
0.3	120.052	-0.065
0.3	-39.4685	-0.065
0.3	111.933	-0.065
0.3	175.508	-0.065
0.3	-96.079	-0.065
0.3	174.154	-0.065
0.3	33.1864	-0.065
0.3	-120.078	-0.065
0.3	178.505	-0.065
0.3	-159	-0.065
0.3	-91.4272	-0.065
0.3	36.2774	-0.065
0.3	37.465	-0.065
0.3	70.881	-0.065
0.3	-156.46	-0.065
0.3	98.259	-0.065
0.3	149.76	-0.065
0.3	138.781	-0.065
0.3	-46.9649	-0.065
0.3	-69.3874	-0.065
0.3	19.6626	-0.065
0.3	159.681	-0.065
0.3	-87.907	-0.065
0.3	-142.605	-0.065
0.3	-168.318	-0.065
0.3	111.263	-0.065
0.3	-63.0488	-0.065
0.3	-154.212	-0.065
0.3	-140.341	-0.065
0.3	70.1493	-0.065
0.3	-141.576	-0.065
0.3	-16.5609	-0.065
0.3	11.53	-0.065
0.3	-117.496	-0.065
0.3	13.1769	-0.065
0.3	-23.6739	-0.065
0.3	40.0172	-0.065
0.3	14.48	-0.065
0.3	-36.4701	-0.065
0.3	143.755	-0.065
0.3	0.175077	-0.065
0.3	-128.208	-0.065
0.3	46.507	-0.065
0.3	7.47955	-0.065
0.3	52.1778	-0.065
0.3	-63.8181	-0.065
0.3	168.969	-0.065
0.3	18.3478	-0.065
0.3	150.819	-0.065
0.3	124.52	-0.065
0.3	41.6531	-0.065
0.3	-36.0457	-0.065
0.3	71.7331	-0.065
0.3	96.9359	-0.065
0.3	61.0696	-0.065
0.3	18.1637	-0.065
0.3	-113.643	-0.065
0.3	21.4896	-0.065
0.3	-91.7574	-0.065
0.3	112.403	-0.065
0.3	-82.8462	-0.065
0.3	-136.611	-0.065
0.3	-174.681	-0.065
0.3	115.405	-0.065
0.3	-155.872	-0.065
0.3	140.75	-0.065
0.3	20.7439	-0.065
0.3	100.954	-0.065
0.3	6.08896	-0.065
0.3	35.477	-0.065
0.3	-177.351	-0.065
0.3	91.711	-0.065
0.3	13.706	-0.065
0.3	-85.2022	-0.065
0.3	75.109	-0.065
0.3	-76.2204	-0.065
0.3	-33.1537	-0.065
0.3	51.2949	-0.065
0.3	10.8121	-0.065
0.3	-156.208	-0.065
0.3	-86.0346	-0.065
0.3	53.7889	-0.065
0.3	43.5244	-0.065
0.3	-68.7666	-0.065
0.3	-162.622	-0.065
0.3	-117.502	-0.065
0.3	160.844	-0.065
0.3	-110.528	-0.065
0.3	146.994	-0.065
0.3	-50.4528	-0.065
0.3	-55.7375	-0.065
0.3	53.2182	-0.065
0.3	76.2247	-0.065
0.3	-112.226	-0.065
0.3	107.178	-0.065
0.3	120.592	-0.065
0.3	146.834	-0.065
0.3	-55.082	-0.065
0.3	-34.1669	-0.065
0.3	-142.666	-0.065
0.3	-118.635	-0.065
0.3	-88.0288	-0.065
0.3	-10.2302	-0.065
0.3	5.9417	-0.065
0.3	-76.6418	-0.065
0.3	-74.0451	-0.065
0.3	158.191	-0.065
0.3	-145.773	-0.065
0.3	17.2604	-0.065
0.3	-57.865	-0.065
0.3	-134.83	-0.065
0.3	-120.326	-0.065
0.3	-176.847	-0.065
0.3	1.07165	-0.065
0.3	38.2587	-0.065
0.3	-1.75179	-0.065
0.3	13.3476	-0.065
0.3	-166.174	-0.065
0.3	9.14238	-0.065
0.3	109.61	-0.065
0.3	51.4479	-0.065
0.3	-104.132	-0.065
-0.3	87.9089	1
-0.3	-19.0179	1
-0.3	123.336	1
-0.3	-103.081	1
-0.3	148.696	1
-0.3	-176.501	1
-0.3	7.88657	1
-0.3	-133.026	1
-0.3	-42.7818	1
-0.3	58.6047	1
-0.3	-90.838	1
-0.3	-34.0359	1
-0.3	-13.9122	1
-0.3	2.16937	1
-0.3	23.0258	1
-0.3	-11.3009	1
-0.3	113.345	1
-0.3	89.4019	1
-0.3	58.967	1
-0.3	157.858	1
-0.3	115.257	1
-0.3	-178.09	1
-0.3	37.1192	1
-0.3	139.512	1
-0.3	112.873	1
-0.3	79.0006	1
-0.3	33.3566	1
-0.3	27.2512	1
-0.3	-111.226	1
-0.3	-150.736	1
-0.3	-170.607	1
-0.3	65.4549	1
-0.3	-103.074	1
-0.3	21.0316	1
-0.3	162.533	1
-0.3	7.5762	1
-0.3	-154.624	1
-0.3	-6.63229	1
-0.3	173.15	1
-0.3	83.9423	1
-0.3	102.354	1
-0.3	98.4305	1
-0.3	57.7082	1
-0.3	17.1495	1
-0.3	144.936	1
-0.3	38.3142	1
-0.3	-82.2313	1
-0.3	-109.763	1
-0.3	128.724	1
-0.3	-85.9971	1
-0.3	90.3305	1
-0.3	50.5419	1
-0.3	-54.6716	1
-0.3	-79.2975	1
-0.3	-122.31	1
-0.3	-128.594	1
-0.3	113.382	1
-0.3	109.362	1
-0.3	-9.40876	1
-0.3	84.1782	1
-0.3	108.053	1
-0.3	141.094	1
-0.3	60.9695	1
-0.3	37.3196	1
-0.3	-119.376	1
-0.3	96.7502	1
-0.3	-148.284	1
-0.3	146.771	1
-0.3	-175.959	1
-0.3	-84.1643	1
-0.3	55.8756	1
-0.3	-139.886	1
-0.3	-29.5382	1
-0.3	-6.04241	1
-0.3	140.382	1
-0.3	-140.848	1
-0.3	30.4416	1
-0.3	42.6505	1
-0.3	-149.024	1
-0.3	-6.33168	1
-0.3	126.678	1
-0.3	-142.356	1
-0.3	11.6094	1
-0.3	-107.209	1
-0.3	134.429	1
-0.3	72.6608	1
-0.3	162.203	1
-0.3	100.823	1
-0.3	135.629	1
-0.3	-48.1122	1
-0.3	-28.6858	1
-0.3	16.6584	1
-0.3	22.2329	1
-0.3	104.803	1
-0.3	160.951	1
-0.3	-55.3968	1
-0.3	74.5123	1
-0.3	-63.0905	1
-0.3	5.07427	1
-0.3	-25.2852	1
-0.3	-176.701	1
-0.3	-66.2347	1
-0.3	-146.379	1
-0.3	-100.654	1
-0.3	-3.06922	1
-0.3	129.957	1
-0.3	-167.027	1
-0.3	105.223	1
-0.3	-115.061	1
-0.3	4.84756	1
-0.3	-78.9047	1
-0.3	-78.8539	1
-0.3	106.98	1
-0.3	6.73567	1
-0.3	-32.9537	1
-0.3	-8.56474	1
-0.3	34.9382	1
-0.3	56.0645	1
-0.3	-125.598	1
-0.3	150.026	1
-0.3	93.1728	1
-0.3	136.72	1
-0.3	13.2551	1
-0.3	101.738	1
-0.3	109.285	1
-0.3	-95.2158	1
-0.3	-134.493	1
-0.3	-140.989	1
-0.3	39.5628	1
-0.3	-178.672	1
-0.3	55.4627	1
-0.3	-37.8637	1
-0.3	107.255	1
-0.3	-171.627	1
-0.3	-176.284	1
-0.3	-147.823	1
-0.3	54.7035	1
-0.3	162.264	1
-0.3	143.952	1
-0.3	66.6284	1
-0.3	96.8809	1
-0.3	38.9031	1
-0.3	3.20687	1
-0.3	154.041	1
-0.3	154.694	1
-0.3	25.1418	1
-0.3	-101.583	1
-0.3	-48.5015	1
-0.3	16.2679	1
-0.3	65.7596	1
-0.3	69.6426	1
-0.3	-112.352	1
-0.3	-90.4228	1
-0.3	-93.7185	1
-0.3	47.5848	1
-0.3	-51.5705	1
-0.3	-144.63	1
-0.3	63.3445	1
-0.3	131.181	1
-0.3	139.968	1
-0.3	35.544	1
-0.3	-179.98	1
-0.3	-163.263	1
-0.3	-132.024	1
-0.3	-76.8491	1
-0.3	99.8502	1
-0.3	171.941	1
-0.3	-113.66	1
-0.3	143.667	1
-0.3	61.8107	1
-0.3	-142.17	1
-0.3	-78.032	1
-0.3	107.003	1
-0.3	-56.0401	1
-0.3	11.7986	1
-0.3	-3.86882	1
-0.3	74.1638	1
-0.3	-63.5497	1
-0.3	82.1005	1
-0.3	114.803	1
-0.3	141.166	1
-0.3	-18.4985	1
-0.3	116.012	1
-0.3	-159.92	1
-0.3	138.883	1
-0.3	-30.1388	1
-0.3	-120.594	1
-0.3	52.4691	1
-0.3	98.94	1
-0.3	-48.0679	1
-0.3	160.995	1
-0.3	-135.652	1
-0.3	9.00779	1
-0.3	-94.3544	1
-0.3	-45.4326	1
-0.3	-69.2928	1
-0.3	167.052	1
-0.3	-123.265	1
-0.3	141.983	1
-0.3	57.6291	1
-0.3	-156.806	1
-0.3	-83.9542	1
-0.3	-40.7403	1
-0.3	130.42	-0.065
-0.3	99.1362	-0.065
-0.3	-125.51	-0.065
-0.3	-38.716	-0.065
-0.3	167.843	-0.065
-0.3	-82.0041	-0.065
-0.3	-136.734	-0.065
-0.3	-162.127	-0.065
-0.3	114.602	-0.065
-0.3	73.4756	-0.065
-0.3	-148.543	-0.065
-0.3	42.9953	-0.065
-0.3	-23.6065	-0.065
-0.3	98.3117	-0.065
-0.3	77.446	-0.065
-0.3	139.756	-0.065
-0.3	57.0982	-0.065
-0.3	16.8365	-0.065
-0.3	-55.7533	-0.065
-0.3	-142.876	-0.065
-0.3	31.8405	-0.065
-0.3	-17.1985	-0.065
-0.3	-49.2736	-0.065
-0.3	33.3998	-0.065
-0.3	-134.669	-0.065
-0.3	-175.785	-0.065
-0.3	-153.779	-0.065
-0.3	44.4514	-0.065
-0.3	80.0734	-0.065
-0.3	160.451	-0.065
-0.3	-86.3216	-0.065
-0.3	-36.8111	-0.065
-0.3	88.3344	-0.065
-0.3	8.09701	-0.065
-0.3	45.0392	-0.065
-0.3	34.8051	-0.065
-0.3	104.275	-0.065
-0.3	-32.48	-0.065
-0.3	3.40158	-0.065
-0.3	-149.845	-0.065
-0.3	163.713	-0.065
-0.3	175.067	-0.065
-0.3	-156.586	-0.065
-0.3	164.851	-0.065
-0.3	-161.944	-0.065
-0.3	-84.8928	-0.065
-0.3	118.439	-0.065
-0.3	138.538	-0.065
-0.3	-71.6077	-0.065
-0.3	-102.335	-0.065
-0.3	-74.8855	-0.065
-0.3	-38.5063	-0.065
-0.3	-100.953	-0.065
-0.3	-82.2615	-0.065
-0.3	44.1111	-0.065
-0.3	80.6479	-0.065
-0.3	9.09125	-0.065
-0.3	76.1445	-0.065
-0.3	-67.19	-0.065
-0.3	-29.7616	-0.065
-0.3	-62.6029	-0.065
-0.3	-73.5437	-0.065
-0.3	-92.5391	-0.065
-0.3	-57.5317	-0.065
-0.3	-13.1762	-0.065
-0.3	-177.581	-0.065
-0.3	-156.181	-0.065
-0.3	136.818	-0.065
-0.3	-8.76225	-0.065
-0.3	-51.0816	-0.065
-0.3	17.5679	-0.065
-0.3	160.488	-0.065
-0.3	154.406	-0.065
-0.3	-84.8422	-0.065
-0.3	140.237	-0.065
-0.3	85.9002	-0.065
-0.3	-165.899	-0.065
-0.3	16.3159	-0.065
-0.3	8.46119	-0.065
-0.3	12.7256	-0.065
-0.3	-176.684	-0.065
-0.3	56.5306	-0.065
-0.3	-123.741	-0.065
-0.3	-54.1661	-0.065
-0.3	-4.96707	-0.065
-0.3	12.0732	-0.065
-0.3	117.626	-0.065
-0.3	-79.5739	-0.065
-0.3	-72.1507	-0.065
-0.3	92.1259	-0.065
-0.3	-50.2883	-0.065
-0.3	-158.572	-0.065
-0.3	-121.911	-0.065
-0.3	-46.631	-0.065
-0.3	-9.23766	-0.065
-0.3	157.829	-0.065
-0.3	173.285	-0.065
-0.3	133.937	-0.065
-0.3	-91.6066	-0.065
-0.3	-24.8652	-0.065
-0.3	76.5378	-0.065
-0.3	51.8257	-0.065
-0.3	-14.5866	-0.065
-0.3	-30.7633	-0.065
-0.3	-141.289	-0.065
-0.3	-7.04639	-0.065
-0.3	-48.9861	-0.065
-0.3	-119.301	-0.065
-0.3	-159.368	-0.065
-0.3	162.205	-0.065
-0.3	157.408	-0.065
-0.3	108.001	-0.065
-0.3	-104.53	-0.065
-0.3	-142.189	-0.065
-0.3	156.367	-0.065
-0.3	-49.3125	-0.065
-0.3	-89.8585	-0.065
-0.3	-63.7188	-0.065
-0.3	-85.1523	-0.065
-0.3	104.694	-0.065
-0.3	166.369	-0.065
-0.3	139.573	-0.065
-0.3	-169.204	-0.065
-0.3	-107.124	-0.065
-0.3	94.0427	-0.065
-0.3	-131.587	-0.065
-0.3	146.361	-0.065
-0.3	-83.0862	-0.065
-0.3	-27.3776	-0.065
-0.3	-67.0575	-0.065
-0.3	153.477	-0.065
-0.3	-143.901	-0.065
-0.3	-46.2041	-0.065
-0.3	-8.68673	-0.065
-0.3	132.315	-0.065
-0.3	127.421	-0.065
-0.3	173.189	-0.065
-0.3	5.09965	-0.065
-0.3	-112.094	-0.065
-0.3	-9.41496	-0.065
-0.3	-46.7445	-0.065
-0.3	136.318	-0.065
-0.3	-173.042	-0.065
-0.3	145.845	-0.065
-0.3	-115.548	-0.065
-0.3	-97.8814	-0.065
-0.3	70.942	-0.065
-0.3	130.575	-0.065
-0.3	-23.6095	-0.065
-0.3	62.9037	-0.065
-0.3	-36.9194	-0.065
-0.3	-140.882	-0.065
-0.3	-41.0964	-0.065
-0.3	139.932	-0.065
-0.3	137.138	-0.065
-0.3	-105.095	-0.065
