pol.	phi	weight
0.3	-31.0169	1
0.3	177.329	1
0.3	25.1477	1
0.3	-25.3158	1
0.3	-55.7986	1
0.3	125.312	1
0.3	-127.333	1
0.3	-43.6163	1
0.3	69.0206	1
0.3	74.9512	1
0.3	-19.5081	1
0.3	-158.025	1
0.3	-4.41777	1
0.3	-169.393	1
0.3	-138.343	1
0.3	-26.8089	1
0.3	11.1639	1
0.3	147.03	1
0.3	135.513	1
0.3	-54.5047	1
0.3	-178.9	1
0.3	-156.575	1
0.3	-8.89845	1
0.3	-39.7285	1
0.3	12.4055	1
0.3	-178.253	1
0.3	-136.682	1
0.3	141.589	1
0.3	77.2701	1
0.3	-15.4998	1
0.3	-119.76	1
0.3	-153.005	1
0.3	-88.3588	1
0.3	-135.144	1
0.3	-33.219	1
0.3	46.2492	1
0.3	-5.07186	1
0.3	167.168	1
0.3	74.7963	1
0.3	96.7266	1
0.3	-30.2966	1
0.3	96.6959	1
0.3	-100.248	1
0.3	14.9967	1
0.3	-73.7458	1
0.3	-95.1721	1
0.3	-151.383	1
0.3	93.4001	1
0.3	-74.892	1
0.3	48.762	1
0.3	-4.11353	1
0.3	-29.6541	1
0.3	32.379	1
0.3	106.897	1
0.3	55.3879	1
0.3	62.0686	1
0.3	-45.5114	1
0.3	111.565	1
0.3	-54.1693	1
0.3	-135.862	1
0.3	-160.387	1
0.3	47.5045	1
0.3	-14.9496	1
0.3	-97.7139	1
0.3	-152.022	1
0.3	-52.7685	1
0.3	-125.814	1
0.3	45.4976	1
0.3	144.025	1
0.3	173.009	1
0.3	-123.124	1
0.3	-64.9843	1
0.3	-16.4344	1
0.3	-70.0014	1
0.3	-75.3255	1
0.3	-53.5058	1
0.3	-71.4734	1
0.3	20.893	1
0.3	118.513	1
0.3	153.16	1
0.3	142.003	1
0.3	67.4804	1
0.3	-110.809	1
0.3	-92.7738	1
0.3	-80.7269	1
0.3	-18.8579	1
0.3	43.1525	1
0.3	118.435	1
0.3	-2.06551	1
0.3	-0.202665	1
0.3	138.151	1
0.3	2.40487	1
0.3	-65.2323	1
0.3	-127.263	1
0.3	27.2967	1
0.3	-78.2833	1
0.3	-44.6776	1
0.3	-34.8	1
0.3	-22.5702	1
0.3	-119.686	1
0.3	135.765	1
0.3	-134.34	1
0.3	-153.323	1
0.3	57.2569	1
0.3	-18.7952	1
0.3	81.5487	1
0.3	53.3937	1
0.3	-158.614	1
0.3	59.8966	1
0.3	154.19	1
0.3	114.274	1
0.3	173.603	1
0.3	68.2882	1
0.3	-7.24903	1
0.3	127.899	1
0.3	-69.7817	1
0.3	12.3133	1
0.3	-96.718	1
0.3	80.6938	1
0.3	111.28	1
0.3	-28.7371	1
0.3	27.3387	1
0.3	74.9776	1
0.3	173.859	1
0.3	-78.9716	1
0.3	-116.289	1
0.3	-14.16	1
0.3	-31.1917	1
0.3	66.6932	1
0.3	-52.7872	1
0.3	-132.819	1
0.3	11.5254	1
0.3	2.64986	1
0.3	59.5955	1
0.3	159.033	1
0.3	165.068	1
0.3	0.337744	1
0.3	113.629	1
0.3	34.6708	1
0.3	172.837	1
0.3	-28.1811	1
0.3	-62.6	1
0.3	-44.5474	1
0.3	-87.5642	1
0.3	-91.8488	1
0.3	106.29	1
0.3	-35.4346	1
0.3	86.4299	1
0.3	72.2068	1
0.3	-73.8983	1
0.3	58.016	1
0.3	158.851	1
0.3	35.3411	1
0.3	-34.3174	1
0.3	-65.3944	1
0.3	-99.0123	1
0.3	-101.442	1
0.3	-142.43	1
0.3	158.336	1
0.3	-14.5264	1
0.3	112.516	1
0.3	-77.4066	1
0.3	-87.5468	1
0.3	-8.96383	1
0.3	-101.772	1
0.3	-120.644	1
0.3	-44.7429	1
0.3	156.08	1
0.3	140.883	1
0.3	-65.7737	1
0.3	-89.763	1
0.3	-4.62119	1
0.3	169.886	1
0.3	-161.867	1
0.3	-127.754	1
0.3	-40.4368	1
0.3	-34.6126	1
0.3	-16.1349	1
0.3	-34.8154	1
0.3	-119.352	1
0.3	5.8139	1
0.3	41.5502	1
0.3	17.4333	1
0.3	135.349	1
0.3	-87.0477	1
0.3	157.598	1
0.3	-139.808	1
0.3	122.061	1
0.3	125.067	1
0.3	85.3623	1
0.3	28.382	1
0.3	41.8334	1
0.3	-104.925	1
0.3	16.2135	1
0.3	32.7333	1
0.3	9.17071	1
0.3	-179.051	1
0.3	62.9975	1
0.3	160.528	1
0.3	104.496	1
0.3	126.048	1
0.3	-50.9839	1
0.3	58.092	1
0.3	68.8244	1
0.3	178.086	1
0.3	52.4369	1
0.3	45.8251	1
0.3	64.4511	1
0.3	163.559	1
0.3	69.4766	1
0.3	-7.97802	1
0.3	125.875	1
0.3	168.528	1
0.3	94.124	1
0.3	-104.88	1
0.3	-55.7623	-0.065
0.3	30.6612	-0.065
0.3	-139.77	-0.065
0.3	177.861	-0.065
0.3	32.3685	-0.065
0.3	134.293	-0.065
0.3	25.4159	-0.065
0.3	165.697	-0.065
0.3	83.6026	-0.065
0.3	-76.118	-0.065
0.3	21.929	-0.065
0.3	43.1581	-0.065
0.3	-158.877	-0.065
0.3	107.878	-0.065
0.3	-27.1445	-0.065
0.3	-146.887	-0.065
0.3	170.077	-0.065
0.3	-148.302	-0.065
0.3	-123.028	-0.065
0.3	159.671	-0.065
0.3	-49.3155	-0.065
0.3	94.1748	-0.065
0.3	-85.606	-0.065
0.3	100.489	-0.065
0.3	47.6856	-0.065
0.3	107.042	-0.065
0.3	-158.857	-0.065
0.3	-101.127	-0.065
0.3	26.5029	-0.065
0.3	67.0336	-0.065
0.3	-68.7312	-0.065
0.3	-55.5516	-0.065
0.3	-179.844	-0.065
0.3	33.5855	-0.065
0.3	-26.4901	-0.065
0.3	-104.554	-0.065
0.3	143.701	-0.065
0.3	99.2262	-0.065
0.3	69.7938	-0.065
0.3	-170.377	-0.065
0.3	96.7094	-0.065
0.3	67.156	-0.065
0.3	-110.424	-0.065
0.3	-22.2681	-0.065
0.3	85.6156	-0.065
0.3	140.555	-0.065
0.3	-115.523	-0.065
0.3	72.0373	-0.065
0.3	176.445	-0.065
0.3	84.456	-0.065
0.3	70.7407	-0.065
0.3	121.459	-0.065
0.3	158.861	-0.065
0.3	-42.5317	-0.065
0.3	-73.5559	-0.065
0.3	-59.9338	-0.065
0.3	72.3932	-0.065
0.3	-30.0424	-0.065
0.3	179.269	-0.065
0.3	118.567	-0.065
0.3	-83.5124	-0.065
0.3	60.439	-0.065
0.3	124.463	-0.065
0.3	-97.438	-0.065
0.3	-18.9527	-0.065
0.3	-11.4808	-0.065
0.3	79.2405	-0.065
0.3	57.378	-0.065
0.3	126.392	-0.065
0.3	-161.454	-0.065
0.3	-178.538	-0.065
0.3	142.015	-0.065
0.3	174.419	-0.065
0.3	-174.055	-0.065
0.3	-157.61	-0.065
0.3	-162.35	-0.065
0.3	109.56	-0.065
0.3	62.2744	-0.065
0.3	-172.922	-0.065
0.3	-172.937	-0.065
0.3	91.1087	-0.065
0.3	-178.322	-0.065
0.3	-134.44	-0.065
0.3	137.881	-0.065
0.3	122.286	-0.065
0.3	-3.38026	-0.065
0.3	7.65708	-0.065
0.3	38.3182	-0.065
0.3	39.8881	-0.065
0.3	109.646	-0.065
0.3	-139.862	-0.065
0.3	69.1172	-0.065
0.3	-16.4322	-0.065
0.3	-83.0059	-0.065
0.3	-105.755	-0.065
0.3	53.8737	-0.065
0.3	19.8617	-0.065
0.3	-76.373	-0.065
0.3	52.3014	-0.065
0.3	-170.16	-0.065
0.3	-109.609	-0.065
0.3	-72.2581	-0.065
0.3	-77.6716	-0.065
0.3	-105.822	-0.065
0.3	123.47	-0.065
0.3	153.149	-0.065
0.3	-59.0837	-0.065
0.3	74.9122	-0.065
0.3	92.63	-0.065
0.3	-118.243	-0.065
0.3	5.08294	-0.065
0.3	-42.3433	-0.065
0.3	-102.692	-0.065
0.3	-140.832	-0.065
0.3	-172.888	-0.065
0.3	150.977	-0.065
0.3	7.6598	-0.065
0.3	-132.184	-0.065
0.3	-135.014	-0.065
0.3	103.875	-0.065
0.3	99.4858	-0.065
0.3	75.1607	-0.065
0.3	-27.6312	-0.065
0.3	-7.48963	-0.065
0.3	91.5768	-0.065
0.3	35.9183	-0.065
0.3	34.822	-0.065
0.3	24.2152	-0.065
0.3	22.432	-0.065
0.3	92.9139	-0.065
0.3	-171.482	-0.065
0.3	60.8033	-0.065
0.3	-94.7252	-0.065
0.3	-113.405	-0.065
0.3	-55.3645	-0.065
0.3	-106.081	-0.065
0.3	31.9825	-0.065
0.3	134.271	-0.065
0.3	-9.13479	-0.065
0.3	118.26	-0.065
0.3	-121.639	-0.065
0.3	153.476	-0.065
0.3	173.931	-0.065
0.3	155.511	-0.065
0.3	-15.801	-0.065
0.3	163.523	-0.065
0.3	15.0974	-0.065
0.3	-8.86198	-0.065
0.3	128.427	-0.065
0.3	-2.08653	-0.065
0.3	177.183	-0.065
0.3	179.264	-0.065
0.3	-126.397	-0.065
0.3	-49.0543	-0.065
0.3	146.075	-0.065
0.3	-67.2222	-0.065
0.3	3.07485	-0.065
0.3	43.6647	-0.065
0.3	-19.072	-0.065
0.3	-178.628	-0.065
0.3	91.19	-0.065
0.3	47.9723	-0.065
0.3	173.163	-0.065
0.3	-111.966	-0.065
0.3	-141.653	-0.065
0.3	-62.1179	-0.065
-0.3	-7.43763	1
-0.3	6.87252	1
-0.3	107.247	1
-0.3	18.3402	1
-0.3	-85.7637	1
-0.3	-18.8879	1
-0.3	18.3086	1
-0.3	-118.761	1
-0.3	165.264	1
-0.3	-58.1543	1
-0.3	-14.2275	1
-0.3	-149.563	1
-0.3	-38.1949	1
-0.3	156.906	1
-0.3	110.153	1
-0.3	87.3503	1
-0.3	-84.0843	1
-0.3	127.897	1
-0.3	105.325	1
-0.3	66.5263	1
-0.3	-10.7652	1
-0.3	-86.4223	1
-0.3	-174.046	1
-0.3	116.474	1
-0.3	58.1534	1
-0.3	-169.399	1
-0.3	37.4561	1
-0.3	170.658	1
-0.3	156.906	1
-0.3	-179.838	1
-0.3	53.4699	1
-0.3	103.322	1
-0.3	-145.908	1
-0.3	-67.1214	1
-0.3	-44.1005	1
-0.3	106.096	1
-0.3	96.2809	1
-0.3	18.7596	1
-0.3	-109.536	1
-0.3	-3.28848	1
-0.3	-151.862	1
-0.3	58.6721	1
-0.3	84.9533	1
-0.3	-173.376	1
-0.3	96.7983	1
-0.3	-68.1035	1
-0.3	16.1476	1
-0.3	88.5288	1
-0.3	-60.7007	1
-0.3	15.203	1
-0.3	-27.3028	1
-0.3	4.64641	1
-0.3	101.53	1
-0.3	-95.9811	1
-0.3	-120.115	1
-0.3	-92.5526	1
-0.3	28.6893	1
-0.3	-78.6816	1
-0.3	5.56882	1
-0.3	-129.484	1
-0.3	-163.074	1
-0.3	2.22241	1
-0.3	109.549	1
-0.3	-131.033	1
-0.3	145.977	1
-0.3	135.885	1
-0.3	170.982	1
-0.3	-15.4857	1
-0.3	22.0511	1
-0.3	-91.2968	1
-0.3	-110.638	1
-0.3	-79.6681	1
-0.3	4.21097	1
-0.3	177.823	1
-0.3	-34.2772	1
-0.3	161.243	1
-0.3	-177.19	1
-0.3	71.7012	1
-0.3	-88.3473	1
-0.3	-133.54	1
-0.3	-155.396	1
-0.3	-14.474	1
-0.3	155.64	1
-0.3	167.807	1
-0.3	77.2349	1
-0.3	178.279	1
-0.3	-68.2415	1
-0.3	-144.153	1
-0.3	142.085	1
-0.3	-176.921	1
-0.3	-72.4147	1
-0.3	-142.695	1
-0.3	-55.6127	1
-0.3	-84.6397	1
-0.3	115.875	1
-0.3	-117.24	1
-0.3	168.801	1
-0.3	78.1337	1
-0.3	69.696	1
-0.3	-175.179	1
-0.3	11.5934	1
-0.3	-178.805	1
-0.3	73.0819	1
-0.3	-152.649	1
-0.3	59.7894	1
-0.3	121.593	1
-0.3	-36.1913	1
-0.3	-0.480179	1
-0.3	-39.8085	1
-0.3	66.3008	1
-0.3	29.7702	1
-0.3	7.58599	1
-0.3	146.928	1
-0.3	3.33204	1
-0.3	18.7694	1
-0.3	136.592	1
-0.3	-158.258	1
-0.3	65.1666	1
-0.3	-55.245	1
-0.3	118.166	1
-0.3	-171	1
-0.3	-58.6635	1
-0.3	-17.2356	1
-0.3	-137.82	1
-0.3	19.3963	1
-0.3	-118.522	1
-0.3	36.6231	1
-0.3	148.41	1
-0.3	-122.943	1
-0.3	-18.9321	1
-0.3	-122.306	1
-0.3	-120.291	1
-0.3	80.0601	1
-0.3	56.8267	1
-0.3	-17.3149	1
-0.3	55.0456	1
-0.3	161.524	1
-0.3	-155.399	1
-0.3	-135.198	1
-0.3	-115.346	1
-0.3	35.6655	1
-0.3	118.484	1
-0.3	-81.2994	1
-0.3	-100.578	1
-0.3	155.621	1
-0.3	169.752	1
-0.3	155.771	1
-0.3	16.4081	1
-0.3	-88.2949	1
-0.3	108.038	1
-0.3	-144.235	1
-0.3	-26.7469	1
-0.3	45.4597	1
-0.3	-129.178	1
-0.3	29.3825	1
-0.3	-29.5337	1
-0.3	-130.056	1
-0.3	176.302	1
-0.3	142.74	1
-0.3	126.33	1
-0.3	116.973	1
-0.3	21.9408	1
-0.3	-105.231	1
-0.3	18.2366	1
-0.3	-76.7154	1
-0.3	-1.17512	1
-0.3	-116.287	1
-0.3	154.154	1
-0.3	43.0897	1
-0.3	-178.057	1
-0.3	-43.8748	1
-0.3	166.11	1
-0.3	-169.305	1
-0.3	-167.923	1
-0.3	61.8373	1
-0.3	-86.3277	1
-0.3	89.6156	1
-0.3	-131.07	1
-0.3	-1.14521	1
-0.3	-11.6703	1
-0.3	-137.05	1
-0.3	-62.8913	1
-0.3	86.7401	1
-0.3	-59.5129	1
-0.3	0.942515	1
-0.3	45.3929	1
-0.3	-130.011	1
-0.3	82.5041	1
-0.3	-9.94764	1
-0.3	36.8735	1
-0.3	162.456	1
-0.3	115.823	1
-0.3	-167.465	1
-0.3	-62.7546	1
-0.3	97.7973	1
-0.3	-121.534	1
-0.3	-33.1605	1
-0.3	-23.3454	1
-0.3	130.239	1
-0.3	-23.7681	1
-0.3	-81.9543	1
-0.3	-44.9425	1
-0.3	-145.842	1
-0.3	-52.6686	1
-0.3	10.3359	1
-0.3	-129.255	1
-0.3	32.3882	1
-0.3	-149.256	1
-0.3	-71.9323	1
-0.3	108.197	1
-0.3	149.643	1
-0.3	9.73577	1
-0.3	-3.53267	1
-0.3	103.614	1
-0.3	-70.3113	1
-0.3	-13.888	1
-0.3	172.141	1
-0.3	-95.0258	1
-0.3	117.098	1
-0.3	-103.389	1
-0.3	88.887	1
-0.3	-76.2402	1
-0.3	-43.5461	1
-0.3	-73.8784	1
-0.3	-58.1559	1
-0.3	143.668	1
-0.3	-83.7588	-0.065
-0.3	-166.235	-0.065
-0.3	-87.4484	-0.065
-0.3	50.9486	-0.065
-0.3	162.79	-0.065
-0.3	154.429	-0.065
-0.3	159.198	-0.065
-0.3	57.2571	-0.065
-0.3	62.5274	-0.065
-0.3	-118.024	-0.065
-0.3	-173.655	-0.065
-0.3	-18.4581	-0.065
-0.3	7.93127	-0.065
-0.3	109.405	-0.065
-0.3	161.902	-0.065
-0.3	127.822	-0.065
-0.3	136.37	-0.065
-0.3	35.5999	-0.065
-0.3	93.5098	-0.065
-0.3	129.307	-0.065
-0.3	-50.9627	-0.065
-0.3	24.0237	-0.065
-0.3	160.679	-0.065
-0.3	155.826	-0.065
-0.3	-99.3397	-0.065
-0.3	-18.2816	-0.065
-0.3	131.332	-0.065
-0.3	-25.1589	-0.065
-0.3	-168.318	-0.065
-0.3	1.37028	-0.065
-0.3	-27.9516	-0.065
-0.3	88.6812	-0.065
-0.3	-92.2948	-0.065
-0.3	-30.2466	-0.065
-0.3	152.021	-0.065
-0.3	-168.869	-0.065
-0.3	39.398	-0.065
-0.3	60.4323	-0.065
-0.3	-105.695	-0.065
-0.3	50.0214	-0.065
-0.3	-9.85167	-0.065
-0.3	-12.5734	-0.065
-0.3	-144.311	-0.065
-0.3	-125.003	-0.065
-0.3	4.89656	-0.065
-0.3	-156.395	-0.065
-0.3	-138.51	-0.065
-0.3	168.229	-0.065
-0.3	-54.6602	-0.065
-0.3	-61.7675	-0.065
-0.3	-126.575	-0.065
-0.3	135.426	-0.065
-0.3	38.6817	-0.065
-0.3	-57.8264	-0.065
-0.3	-4.71966	-0.065
-0.3	153.889	-0.065
-0.3	56.3715	-0.065
-0.3	-105.256	-0.065
-0.3	87.5908	-0.065
-0.3	29.9645	-0.065
-0.3	-132.8	-0.065
-0.3	-179.917	-0.065
-0.3	-48.7088	-0.065
-0.3	116.751	-0.065
-0.3	-76.8587	-0.065
-0.3	-43.276	-0.065
-0.3	-38.7663	-0.065
-0.3	87.4297	-0.065
-0.3	-93.7191	-0.065
-0.3	-163.909	-0.065
-0.3	81.1514	-0.065
-0.3	-66.8139	-0.065
-0.3	-14.5866	-0.065
-0.3	5.05207	-0.065
-0.3	-104.808	-0.065
-0.3	143.378	-0.065
-0.3	-162.478	-0.065
-0.3	144.369	-0.065
-0.3	-94.7769	-0.065
-0.3	-58.8306	-0.065
-0.3	179.518	-0.065
-0.3	168.087	-0.065
-0.3	-38.3434	-0.065
-0.3	-127.226	-0.065
-0.3	-24.42	-0.065
-0.3	-171.27	-0.065
-0.3	-2.98564	-0.065
-0.3	137.252	-0.065
-0.3	44.2748	-0.065
-0.3	53.9512	-0.065
-0.3	90.917	-0.065
-0.3	-6.46948	-0.065
-0.3	6.86296	-0.065
-0.3	-137.739	-0.065
-0.3	-2.31242	-0.065
-0.3	127.146	-0.065
-0.3	148.187	-0.065
-0.3	-74.1396	-0.065
-0.3	173.719	-0.065
-0.3	-61.3781	-0.065
-0.3	-29.0557	-0.065
-0.3	136.844	-0.065
-0.3	113.06	-0.065
-0.3	168.389	-0.065
-0.3	-72.1318	-0.065
-0.3	-44.9881	-0.065
-0.3	-19.0838	-0.065
-0.3	-177.035	-0.065
-0.3	-96.4058	-0.065
-0.3	-88.9792	-0.065
-0.3	129.344	-0.065
-0.3	-135.678	-0.065
-0.3	-178.264	-0.065
-0.3	103.961	-0.065
-0.3	-69.0669	-0.065
-0.3	-88.6009	-0.065
-0.3	-26.7221	-0.065
-0.3	-73.5262	-0.065
-0.3	116.925	-0.065
-0.3	-79.2487	-0.065
-0.3	-94.9934	-0.065
-0.3	29.7268	-0.065
-0.3	163.35	-0.065
-0.3	74.9718	-0.065
-0.3	32.1794	-0.065
-0.3	-47.1463	-0.065
-0.3	37.4519	-0.065
-0.3	-98.9041	-0.065
-0.3	132.69	-0.065
-0.3	134.699	-0.065
-0.3	137.043	-0.065
-0.3	-107.44	-0.065
-0.3	137.969	-0.065
-0.3	133.868	-0.065
-0.3	9.97825	-0.065
-0.3	36.9043	-0.065
-0.3	146.403	-0.065
-0.3	-135.181	-0.065
-0.3	141.894	-0.065
-0.3	-149.917	-0.065
-0.3	22.5009	-0.065
-0.3	142.381	-0.065
-0.3	92.5159	-0.065
-0.3	175.024	-0.065
-0.3	-110.814	-0.065
-0.3	-20.9503	-0.065
-0.3	144.433	-0.065
-0.3	-28.7069	-0.065
-0.3	-25.488	-0.065
-0.3	156.955	-0.065
-0.3	111.097	-0.065
-0.3	-90.9913	-0.065
-0.3	-140.592	-0.065
-0.3	138.455	-0.065
-0.3	164.358	-0.065
-0.3	61.5384	-0.065
-0.3	81.5651	-0.065
-0.3	-112.113	-0.065
-0.3	-67.7183	-0.065
-0.3	166.823	-0.065
-0.3	36.0943	-0.065
-0.3	77.6386	-0.065
-0.3	-164.255	-0.065
-0.3	172.417	-0.065
-0.3	154.544	-0.065
-0.3	92.0634	-0.065
-0.3	-15.1431	-0.065
-0.3	-13.3561	-0.065
-0.3	121.671	-0.065
-0.3	-42.1889	-0.065
-0.3	-90.8899	-0.065
-0.3	-155.037	-0.065
-0.3	80.6124	-0.065
-0.3	-126.457	-0.065
