pol.	phi	weight
0.3	121.398	1
0.3	-159.611	1
0.3	156.017	1
0.3	-89.5572	1
0.3	89.2363	1
0.3	87.2693	1
0.3	149.333	1
0.3	98.2465	1
0.3	101.158	1
0.3	-23.3192	1
0.3	44.9027	1
0.3	-66.6491	1
0.3	-80.0494	1
0.3	-92.6997	1
0.3	112.69	1
0.3	32.5753	1
0.3	-89.1887	1
0.3	-44.244	1
0.3	-154.095	1
0.3	177.829	1
0.3	-19.4393	1
0.3	127.756	1
0.3	72.6584	1
0.3	-141.62	1
0.3	113.496	1
0.3	61.0028	1
0.3	-99.7274	1
0.3	74.217	1
0.3	132.648	1
0.3	-88.0318	1
0.3	-114.83	1
0.3	99.035	1
0.3	1.27051	1
0.3	167.513	1
0.3	14.6624	1
0.3	-140.662	1
0.3	166.968	1
0.3	-135.369	1
0.3	-84.9785	1
0.3	178.359	1
0.3	-168.762	1
0.3	121.265	1
0.3	132.955	1
0.3	43.4048	1
0.3	-30.7557	1
0.3	19.8389	1
0.3	-176.888	1
0.3	-97.0962	1
0.3	-111.276	1
0.3	-50.3648	1
0.3	87.9454	1
0.3	-59.3363	1
0.3	144.974	1
0.3	-9.11854	1
0.3	-97.4004	1
0.3	17.6598	1
0.3	146.625	1
0.3	-96.4297	1
0.3	-31.3767	1
0.3	8.8997	1
0.3	157.877	1
0.3	-123.768	1
0.3	159.106	1
0.3	-125.32	1
0.3	95.3864	1
0.3	22.0783	1
0.3	-165.684	1
0.3	-22.9468	1
0.3	10.4409	1
0.3	-125.267	1
0.3	-6.78529	1
0.3	85.76	1
0.3	-141.11	1
0.3	115.161	1
0.3	-164.236	1
0.3	167.11	1
0.3	91.3831	1
0.3	151.488	1
0.3	68.9618	1
0.3	-173.733	1
0.3	151.37	1
0.3	121.268	1
0.3	-7.79709	1
0.3	36.9855	1
0.3	136.471	1
0.3	-25.3935	1
0.3	-122.008	1
0.3	52.6	1
0.3	51.0166	1
0.3	112.691	1
0.3	-177.973	1
0.3	-171.529	1
0.3	-75.0292	1
0.3	79.7029	1
0.3	-7.38997	1
0.3	-56.6584	1
0.3	-62.6582	1
0.3	93.9105	1
0.3	115.495	1
0.3	-20.5831	1
0.3	-175.745	1
0.3	-150.346	1
0.3	-5.64005	1
0.3	-162.363	1
0.3	28.4288	1
0.3	7.26296	1
0.3	-31.8305	1
0.3	-72.6028	1
0.3	162.326	1
0.3	-64.6636	1
0.3	-126.043	1
0.3	-171.52	1
0.3	55.0406	1
0.3	90.8064	1
0.3	37.2666	1
0.3	-141.992	1
0.3	-48.6059	1
0.3	-18.8444	1
0.3	-33.6594	1
0.3	-20.3673	1
0.3	-150.026	1
0.3	133.888	1
0.3	14.4334	1
0.3	-36.5408	1
0.3	15.4934	1
0.3	9.13541	1
0.3	-102.287	1
0.3	-66.0861	1
0.3	9.40547	1
0.3	-163.977	1
0.3	45.3142	1
0.3	-71.7127	1
0.3	62.6101	1
0.3	-175.011	1
0.3	-67.1309	1
0.3	12.3069	1
0.3	173.564	1
0.3	-160.021	1
0.3	170.904	1
0.3	51.1002	1
0.3	97.0594	1
0.3	-50.2003	1
0.3	98.0896	1
0.3	-83.6382	1
0.3	171.735	1
0.3	32.4869	1
0.3	140.129	1
0.3	-79.3604	1
0.3	-52.9705	1
0.3	-61.8488	1
0.3	-68.2582	1
0.3	-178.445	1
0.3	-51.6075	1
0.3	73.2896	1
0.3	105.879	1
0.3	155.453	1
0.3	15.4279	1
0.3	47.6699	1
0.3	-57.2797	1
0.3	141.684	1
0.3	-68.2786	1
0.3	12.6878	1
0.3	12.855	1
0.3	10.0733	1
0.3	80.8917	1
0.3	-104.736	1
0.3	177.292	1
0.3	2.10973	1
0.3	-87.0021	1
0.3	101.687	1
0.3	-135.675	1
0.3	-66.5634	1
0.3	-152.489	1
0.3	-42.7148	1
0.3	-61.7507	1
0.3	178.602	1
0.3	1.33811	1
0.3	54.7384	1
0.3	26.8651	1
0.3	48.8223	1
0.3	42.7153	1
0.3	-137.079	1
0.3	164.165	1
0.3	-27.4517	1
0.3	176.864	1
0.3	79.4765	1
0.3	13.4146	1
0.3	100.439	1
0.3	36.8374	1
0.3	87.6723	1
0.3	83.7999	1
0.3	35.9897	1
0.3	94.6194	1
0.3	140.665	1
0.3	-74.8654	1
0.3	94.2468	1
0.3	9.1477	1
0.3	13.1363	1
0.3	-153.764	1
0.3	-155.051	1
0.3	36.6995	1
0.3	-18.0696	1
0.3	128.039	1
0.3	-99.5202	1
0.3	-68.401	1
0.3	-73.5231	1
0.3	57.5266	1
0.3	11.881	1
0.3	46.5769	1
0.3	-166.012	1
0.3	0.468435	1
0.3	152.248	-0.065
0.3	-163.768	-0.065
0.3	58.2794	-0.065
0.3	-16.6662	-0.065
0.3	-50.2441	-0.065
0.3	-40.4403	-0.065
0.3	-105.192	-0.065
0.3	64.9323	-0.065
0.3	-39.8239	-0.065
0.3	118.747	-0.065
0.3	-7.55402	-0.065
0.3	-139.196	-0.065
0.3	-151.768	-0.065
0.3	105.748	-0.065
0.3	-21.1013	-0.065
0.3	175.52	-0.065
0.3	28.3171	-0.065
0.3	10.699	-0.065
0.3	164.901	-0.065
0.3	-30.1938	-0.065
0.3	-120.594	-0.065
0.3	67.1594	-0.065
0.3	94.5324	-0.065
0.3	83.4865	-0.065
0.3	39.3899	-0.065
0.3	-170.841	-0.065
0.3	-53.1776	-0.065
0.3	83.1653	-0.065
0.3	-161.143	-0.065
0.3	43.9302	-0.065
0.3	-175.348	-0.065
0.3	-119.144	-0.065
0.3	88.6236	-0.065
0.3	45.1086	-0.065
0.3	162.42	-0.065
0.3	179.15	-0.065
0.3	-47.8675	-0.065
0.3	5.65432	-0.065
0.3	49.0568	-0.065
0.3	178.57	-0.065
0.3	82.2547	-0.065
0.3	26.7836	-0.065
0.3	-15.0111	-0.065
0.3	29.301	-0.065
0.3	-104.095	-0.065
0.3	-117.293	-0.065
0.3	109.49	-0.065
0.3	-79.6644	-0.065
0.3	-11.6779	-0.065
0.3	116.389	-0.065
0.3	144.316	-0.065
0.3	178.29	-0.065
0.3	168.669	-0.065
0.3	-59.9954	-0.065
0.3	27.225	-0.065
0.3	162.966	-0.065
0.3	135.812	-0.065
0.3	56.0737	-0.065
0.3	71.776	-0.065
0.3	46.5274	-0.065
0.3	163.936	-0.065
0.3	-176.267	-0.065
0.3	-34.9629	-0.065
0.3	175.557	-0.065
0.3	-5.89523	-0.065
0.3	-97.913	-0.065
0.3	79.2018	-0.065
0.3	89.7415	-0.065
0.3	154.2	-0.065
0.3	-35.5589	-0.065
0.3	-26.8904	-0.065
0.3	-164.011	-0.065
0.3	45.3274	-0.065
0.3	-158.56	-0.065
0.3	-153.197	-0.065
0.3	-112.053	-0.065
0.3	-3.60218	-0.065
0.3	67.8179	-0.065
0.3	4.99811	-0.065
0.3	-130.333	-0.065
0.3	2.46888	-0.065
0.3	-92.2469	-0.065
0.3	121.776	-0.065
0.3	45.167	-0.065
0.3	-86.1892	-0.065
0.3	159.922	-0.065
0.3	55.8154	-0.065
0.3	33.5696	-0.065
0.3	97.5611	-0.065
0.3	133.352	-0.065
0.3	30.481	-0.065
0.3	14.6945	-0.065
0.3	-110.418	-0.065
0.3	-111.917	-0.065
0.3	172	-0.065
0.3	97.3453	-0.065
0.3	-31.2424	-0.065
0.3	136.182	-0.065
0.3	48.2064	-0.065
0.3	50.1001	-0.065
0.3	47.4459	-0.065
0.3	-30.0127	-0.065
0.3	-122.47	-0.065
0.3	54.2492	-0.065
0.3	103.86	-0.065
0.3	-109.082	-0.065
0.3	103.172	-0.065
0.3	136.003	-0.065
0.3	-135.582	-0.065
0.3	145.58	-0.065
0.3	-67.2932	-0.065
0.3	-177.159	-0.065
0.3	-94.0921	-0.065
0.3	34.9647	-0.065
0.3	-148.571	-0.065
0.3	98.9508	-0.065
0.3	-105.785	-0.065
0.3	33.5016	-0.065
0.3	-175.632	-0.065
0.3	-99.0254	-0.065
0.3	-67.6322	-0.065
0.3	60.2768	-0.065
0.3	-100.738	-0.065
0.3	-99.1655	-0.065
0.3	139.03	-0.065
0.3	-46.6148	-0.065
0.3	-50.2072	-0.065
0.3	-52.5467	-0.065
0.3	-115.72	-0.065
0.3	-23.5101	-0.065
0.3	-150.135	-0.065
0.3	159.504	-0.065
0.3	65.6301	-0.065
0.3	1.46716	-0.065
0.3	-104.748	-0.065
0.3	4.1996	-0.065
0.3	34.9267	-0.065
0.3	144.619	-0.065
0.3	59.5049	-0.065
0.3	179.233	-0.065
0.3	85.2982	-0.065
0.3	41.2296	-0.065
0.3	-2.59109	-0.065
0.3	135.796	-0.065
0.3	11.4911	-0.065
0.3	-165.349	-0.065
0.3	22.968	-0.065
0.3	23.8792	-0.065
0.3	53.1693	-0.065
0.3	-109.445	-0.065
0.3	70.7363	-0.065
0.3	137.337	-0.065
0.3	117.836	-0.065
0.3	-56.106	-0.065
0.3	22.8502	-0.065
0.3	-87.4921	-0.065
0.3	-127.174	-0.065
0.3	72.0832	-0.065
0.3	62.3591	-0.065
0.3	155.092	-0.065
0.3	130.104	-0.065
0.3	-30.4718	-0.065
0.3	-138.64	-0.065
-0.3	108.308	1
-0.3	87.0403	1
-0.3	12.9508	1
-0.3	145.668	1
-0.3	-111.6	1
-0.3	-113.785	1
-0.3	-76.8122	1
-0.3	-65.5011	1
-0.3	-69.6158	1
-0.3	5.28112	1
-0.3	-49.5105	1
-0.3	-157.564	1
-0.3	49.2226	1
-0.3	42.1674	1
-0.3	28.8235	1
-0.3	98.7818	1
-0.3	37.6771	1
-0.3	68.4826	1
-0.3	-133.632	1
-0.3	-0.0969682	1
-0.3	13.6535	1
-0.3	-73.2301	1
-0.3	-83.0186	1
-0.3	-8.86434	1
-0.3	-94.2495	1
-0.3	-19.1428	1
-0.3	-94.7226	1
-0.3	-74.7747	1
-0.3	-56.6857	1
-0.3	158.774	1
-0.3	-85.7409	1
-0.3	-22.0239	1
-0.3	-39.0599	1
-0.3	-145.446	1
-0.3	59.2523	1
-0.3	19.2846	1
-0.3	44.5317	1
-0.3	-77.6291	1
-0.3	-134.957	1
-0.3	-178.427	1
-0.3	-50.2813	1
-0.3	92.0138	1
-0.3	174.794	1
-0.3	-150.215	1
-0.3	53.2293	1
-0.3	-115.128	1
-0.3	30.609	1
-0.3	113.546	1
-0.3	-133.981	1
-0.3	117.95	1
-0.3	-53.8038	1
-0.3	67.0044	1
-0.3	-158.177	1
-0.3	83.3967	1
-0.3	89.1973	1
-0.3	74.873	1
-0.3	-75.9729	1
-0.3	25.2359	1
-0.3	-172.841	1
-0.3	-123.879	1
-0.3	129.204	1
-0.3	109.08	1
-0.3	-17.9818	1
-0.3	122.612	1
-0.3	-144.67	1
-0.3	-118.11	1
-0.3	-57.5829	1
-0.3	-146.557	1
-0.3	179.271	1
-0.3	69.3896	1
-0.3	-106.698	1
-0.3	-53.8763	1
-0.3	-166.488	1
-0.3	22.3211	1
-0.3	33.7554	1
-0.3	-58.4222	1
-0.3	95.6772	1
-0.3	-134.031	1
-0.3	-11.7135	1
-0.3	106.129	1
-0.3	74.7878	1
-0.3	82.0959	1
-0.3	-16.1392	1
-0.3	60.2847	1
-0.3	160.925	1
-0.3	-142.173	1
-0.3	-95.4072	1
-0.3	-150.223	1
-0.3	-36.8076	1
-0.3	-55.3192	1
-0.3	41.9564	1
-0.3	88.1164	1
-0.3	-87.3221	1
-0.3	91.3135	1
-0.3	-37.6743	1
-0.3	-179.212	1
-0.3	-45.8016	1
-0.3	-44.4224	1
-0.3	-90.0151	1
-0.3	8.17147	1
-0.3	-94.8074	1
-0.3	22.5194	1
-0.3	-34.3765	1
-0.3	-125.645	1
-0.3	-46.1051	1
-0.3	88.5697	1
-0.3	-172.043	1
-0.3	-108.492	1
-0.3	13.2188	1
-0.3	1.75049	1
-0.3	154.195	1
-0.3	-107.599	1
-0.3	173.624	1
-0.3	-102.36	1
-0.3	-95.5841	1
-0.3	-24.2043	1
-0.3	87.0772	1
-0.3	-7.04767	1
-0.3	-163.397	1
-0.3	-142.127	1
-0.3	-14.5302	1
-0.3	80.1253	1
-0.3	125.647	1
-0.3	104.147	1
-0.3	168.295	1
-0.3	-65.3074	1
-0.3	-54.9228	1
-0.3	57.871	1
-0.3	142.657	1
-0.3	-130.503	1
-0.3	72.4734	1
-0.3	35.7435	1
-0.3	124.242	1
-0.3	106.677	1
-0.3	-111.809	1
-0.3	112.066	1
-0.3	116.071	1
-0.3	77.1971	1
-0.3	-0.532805	1
-0.3	19.2432	1
-0.3	179.784	1
-0.3	-135.148	1
-0.3	-113.936	1
-0.3	-117.795	1
-0.3	-68.0472	1
-0.3	-97.4327	1
-0.3	133.363	1
-0.3	-172.862	1
-0.3	-38.0066	1
-0.3	-105.179	1
-0.3	111.131	1
-0.3	-146.65	1
-0.3	5.63848	1
-0.3	66.1509	1
-0.3	-10.4288	1
-0.3	-107.294	1
-0.3	-61.5944	1
-0.3	140.476	1
-0.3	-85.9001	1
-0.3	156.111	1
-0.3	12.7542	1
-0.3	164.552	1
-0.3	13.0268	1
-0.3	12.4742	1
-0.3	-11.7743	1
-0.3	-40.1617	1
-0.3	129.519	1
-0.3	-54.3827	1
-0.3	-90.6579	1
-0.3	63.7588	1
-0.3	79.8928	1
-0.3	144.821	1
-0.3	176.534	1
-0.3	169.128	1
-0.3	-138.099	1
-0.3	-168.17	1
-0.3	-71.6361	1
-0.3	137.965	1
-0.3	1.0353	1
-0.3	-12.2322	1
-0.3	161.177	1
-0.3	-22.3109	1
-0.3	-7.17848	1
-0.3	87.8781	1
-0.3	-161.571	1
-0.3	96.8929	1
-0.3	-4.63714	1
-0.3	-65.9324	1
-0.3	143.339	1
-0.3	-85.6857	1
-0.3	79.8407	1
-0.3	113.243	1
-0.3	-38.5467	1
-0.3	143.25	1
-0.3	-93.0243	1
-0.3	-58.339	1
-0.3	63.6123	1
-0.3	-24.8693	1
-0.3	-73.1078	1
-0.3	143.036	1
-0.3	-168.562	-0.065
-0.3	-93.1943	-0.065
-0.3	92.2884	-0.065
-0.3	130.316	-0.065
-0.3	116.803	-0.065
-0.3	-140.186	-0.065
-0.3	-9.49553	-0.065
-0.3	55.8564	-0.065
-0.3	111.985	-0.065
-0.3	-11.4472	-0.065
-0.3	34.2814	-0.065
-0.3	-41.4638	-0.065
-0.3	26.6798	-0.065
-0.3	28.6618	-0.065
-0.3	-4.85166	-0.065
-0.3	87.7409	-0.065
-0.3	-79.9318	-0.065
-0.3	-90.3391	-0.065
-0.3	-117.579	-0.065
-0.3	-144.645	-0.065
-0.3	153.855	-0.065
-0.3	38.7967	-0.065
-0.3	-41.0008	-0.065
-0.3	-7.08253	-0.065
-0.3	-17.0561	-0.065
-0.3	163.253	-0.065
-0.3	139.76	-0.065
-0.3	-8.87301	-0.065
-0.3	168.701	-0.065
-0.3	-143.346	-0.065
-0.3	110.021	-0.065
-0.3	69.8507	-0.065
-0.3	95.8816	-0.065
-0.3	19.0432	-0.065
-0.3	-125.203	-0.065
-0.3	-179.552	-0.065
-0.3	4.28433	-0.065
-0.3	-13.8159	-0.065
-0.3	-82.9406	-0.065
-0.3	-154.967	-0.065
-0.3	-158.185	-0.065
-0.3	-22.3873	-0.065
-0.3	-170.55	-0.065
-0.3	-35.6783	-0.065
-0.3	-173.471	-0.065
-0.3	-94.7891	-0.065
-0.3	-74.4724	-0.065
-0.3	-1.01752	-0.065
-0.3	-118.621	-0.065
-0.3	-163.522	-0.065
-0.3	-23.4016	-0.065
-0.3	-158.313	-0.065
-0.3	-10.7277	-0.065
-0.3	117.497	-0.065
-0.3	-127.204	-0.065
-0.3	137.095	-0.065
-0.3	-143.487	-0.065
-0.3	122.588	-0.065
-0.3	-54.932	-0.065
-0.3	150.528	-0.065
-0.3	-47.2384	-0.065
-0.3	162.979	-0.065
-0.3	-74.9745	-0.065
-0.3	-138.935	-0.065
-0.3	-72.7185	-0.065
-0.3	-38.2646	-0.065
-0.3	-127.785	-0.065
-0.3	-43.2132	-0.065
-0.3	-177.651	-0.065
-0.3	123.101	-0.065
-0.3	162.928	-0.065
-0.3	-61.1136	-0.065
-0.3	51.4819	-0.065
-0.3	19.0177	-0.065
-0.3	-138.285	-0.065
-0.3	-59.9151	-0.065
-0.3	-171.441	-0.065
-0.3	-17.6417	-0.065
-0.3	-10.4766	-0.065
-0.3	-30.5045	-0.065
-0.3	19.6229	-0.065
-0.3	84.1637	-0.065
-0.3	-1.26897	-0.065
-0.3	-61.264	-0.065
-0.3	22.1365	-0.065
-0.3	5.71373	-0.065
-0.3	-142.103	-0.065
-0.3	-173.594	-0.065
-0.3	-101.493	-0.065
-0.3	-48.3694	-0.065
-0.3	140.971	-0.065
-0.3	9.27469	-0.065
-0.3	-37.6799	-0.065
-0.3	-36.3497	-0.065
-0.3	-112.274	-0.065
-0.3	151.823	-0.065
-0.3	8.29405	-0.065
-0.3	-114.808	-0.065
-0.3	-88.557	-0.065
-0.3	-8.1715	-0.065
-0.3	-145.334	-0.065
-0.3	103.238	-0.065
-0.3	-173.192	-0.065
-0.3	-5.72911	-0.065
-0.3	-55.5751	-0.065
-0.3	-14.9892	-0.065
-0.3	-144.575	-0.065
-0.3	83.3146	-0.065
-0.3	42.9008	-0.065
-0.3	-56.7026	-0.065
-0.3	-69.994	-0.065
-0.3	-2.35164	-0.065
-0.3	90.4196	-0.065
-0.3	-60.6156	-0.065
-0.3	-80.9084	-0.065
-0.3	69.9675	-0.065
-0.3	-20.2007	-0.065
-0.3	-151.415	-0.065
-0.3	-53.444	-0.065
-0.3	-63.0741	-0.065
-0.3	-86.4526	-0.065
-0.3	106.146	-0.065
-0.3	137.023	-0.065
-0.3	-162.663	-0.065
-0.3	109.424	-0.065
-0.3	-5.84412	-0.065
-0.3	1.65772	-0.065
-0.3	75.0991	-0.065
-0.3	27.878	-0.065
-0.3	-34.339	-0.065
-0.3	11.373	-0.065
-0.3	51.8001	-0.065
-0.3	142.504	-0.065
-0.3	-34.8699	-0.065
-0.3	-55.6001	-0.065
-0.3	67.3479	-0.065
-0.3	-97.4739	-0.065
-0.3	-7.4724	-0.065
-0.3	33.9358	-0.065
-0.3	88.1867	-0.065
-0.3	122.646	-0.065
-0.3	124.261	-0.065
-0.3	108.4	-0.065
-0.3	-149.251	-0.065
-0.3	-102.434	-0.065
-0.3	128.326	-0.065
-0.3	56.0147	-0.065
-0.3	114.139	-0.065
-0.3	-29.3958	-0.065
-0.3	152.03	-0.065
-0.3	-126.758	-0.065
-0.3	40.2758	-0.065
-0.3	114.576	-0.065
-0.3	-55.1205	-0.065
