pol.	phi	weight
0.3	0.852408	1
0.3	70.7034	1
0.3	158.263	1
0.3	159.906	1
0.3	-122.707	1
0.3	-65.6551	1
0.3	-35.634	1
0.3	-46.7169	1
0.3	-21.1971	1
0.3	157.574	1
0.3	126.817	1
0.3	-11.47	1
0.3	4.92188	1
0.3	126.809	1
0.3	-67.6033	1
0.3	-31.3528	1
0.3	85.4352	1
0.3	-52.782	1
0.3	-104.061	1
0.3	135.626	1
0.3	-44.0329	1
0.3	143.483	1
0.3	-53.0377	1
0.3	-59.2611	1
0.3	169.688	1
0.3	101.575	1
0.3	55.4604	1
0.3	114.496	1
0.3	168.353	1
0.3	-52.5943	1
0.3	156.401	1
0.3	-95.9744	1
0.3	-137.031	1
0.3	-65.3395	1
0.3	-139.626	1
0.3	52.5852	1
0.3	105.946	1
0.3	-123.571	1
0.3	6.66198	1
0.3	48.5738	1
0.3	101.324	1
0.3	-166.957	1
0.3	-110.345	1
0.3	13.0712	1
0.3	-101.423	1
0.3	25.8902	1
0.3	13.0021	1
0.3	76.376	1
0.3	-114.095	1
0.3	75.6711	1
0.3	157.625	1
0.3	6.1187	1
0.3	-167.201	1
0.3	-39.4979	1
0.3	80.3902	1
0.3	-16.0183	1
0.3	-85.5956	1
0.3	-91.4352	1
0.3	88.2871	1
0.3	149.987	1
0.3	163.531	1
0.3	146.468	1
0.3	130.112	1
0.3	-20.0323	1
0.3	90.3077	1
0.3	148.638	1
0.3	-103.986	1
0.3	5.8513	1
0.3	-133.435	1
0.3	-128.811	1
0.3	-151.524	1
0.3	-38.2344	1
0.3	-7.92655	1
0.3	151.069	1
0.3	-18.6455	1
0.3	111.997	1
0.3	-147.727	1
0.3	94.2174	1
0.3	-15.4857	1
0.3	-162.213	1
0.3	104.738	1
0.3	127.434	1
0.3	-29.4657	1
0.3	29.301	1
0.3	-41.5327	1
0.3	-104.884	1
0.3	-149.216	1
0.3	-9.30431	1
0.3	-16.4703	1
0.3	48.4617	1
0.3	-57.2566	1
0.3	-14.3899	1
0.3	142.699	1
0.3	-8.62746	1
0.3	-71.0329	1
0.3	-40.9084	1
0.3	-114.692	1
0.3	59.5421	1
0.3	48.1034	1
0.3	140.367	1
0.3	100.636	1
0.3	-112.771	1
0.3	-145.819	1
0.3	-76.4762	1
0.3	-12.6436	1
0.3	-38.8154	1
0.3	-13.1158	1
0.3	14.3858	1
0.3	162.786	1
0.3	74.8222	1
0.3	-90.0597	1
0.3	16.7257	1
0.3	-59.8954	1
0.3	-58.1474	1
0.3	35.0878	1
0.3	-89.4231	1
0.3	81.0764	1
0.3	55.3516	1
0.3	10.7617	1
0.3	95.7504	1
0.3	-115.236	1
0.3	-146.31	1
0.3	148.984	1
0.3	-3.34588	1
0.3	-46.7606	1
0.3	-55.2252	1
0.3	-140.589	1
0.3	-87.8854	1
0.3	-166.307	1
0.3	-131.008	1
0.3	110.707	1
0.3	-10.1355	1
0.3	48.2519	1
0.3	173.829	1
0.3	-179.883	1
0.3	76.7247	1
0.3	-5.61329	1
0.3	-94.532	1
0.3	-179.04	1
0.3	139.273	1
0.3	147.387	1
0.3	-0.352554	1
0.3	-67.4423	1
0.3	-162.658	1
0.3	150.408	1
0.3	-55.47	1
0.3	-55.1479	1
0.3	66.2073	1
0.3	136.225	1
0.3	27.3097	1
0.3	-47.366	1
0.3	-65.9069	1
0.3	-80.3663	1
0.3	-95.4019	1
0.3	-46.923	1
0.3	156.013	1
0.3	58.7829	1
0.3	-33.4783	1
0.3	51.1071	1
0.3	-94.7662	1
0.3	98.2155	1
0.3	-92.3253	1
0.3	32.2739	1
0.3	93.7551	1
0.3	-23.667	1
0.3	123.751	1
0.3	-56.1194	1
0.3	-44.2789	1
0.3	-46.224	1
0.3	89.4217	1
0.3	-150.921	1
0.3	56.4362	1
0.3	14.2617	1
0.3	71.6644	1
0.3	-79.669	1
0.3	-46.5156	1
0.3	-24.5847	1
0.3	124.581	1
0.3	102.147	1
0.3	47.5378	1
0.3	-35.5784	1
0.3	139.103	1
0.3	15.5722	1
0.3	-45.4515	1
0.3	-174.051	1
0.3	-151.552	1
0.3	-76.2651	1
0.3	68.9627	1
0.3	173.628	1
0.3	69.5932	1
0.3	-119.419	1
0.3	-22.1237	1
0.3	-43.1847	1
0.3	126.743	1
0.3	175.388	1
0.3	-138.739	1
0.3	-128.599	1
0.3	-17.6885	1
0.3	-67.792	1
0.3	71.9146	1
0.3	-97.8628	1
0.3	119.788	1
0.3	27.2877	1
0.3	-177.682	1
0.3	42.6985	1
0.3	63.3513	1
0.3	-8.2361	1
0.3	-46.1688	1
0.3	110.125	1
0.3	-39.3151	1
0.3	-32.4035	1
0.3	-82.4617	1
0.3	-114.768	1
0.3	-84.8077	-0.065
0.3	139.177	-0.065
0.3	-162.199	-0.065
0.3	-30.2912	-0.065
0.3	-114.398	-0.065
0.3	1.58065	-0.065
0.3	-173.624	-0.065
0.3	-173.427	-0.065
0.3	-124.206	-0.065
0.3	138.152	-0.065
0.3	23.2757	-0.065
0.3	11.2701	-0.065
0.3	-105.049	-0.065
0.3	161.059	-0.065
0.3	-4.82034	-0.065
0.3	-74.2784	-0.065
0.3	15.14	-0.065
0.3	-89.2867	-0.065
0.3	142.187	-0.065
0.3	-131.535	-0.065
0.3	95.0537	-0.065
0.3	-74.4502	-0.065
0.3	173.96	-0.065
0.3	-113.352	-0.065
0.3	81.9764	-0.065
0.3	26.3164	-0.065
0.3	146.544	-0.065
0.3	-166.76	-0.065
0.3	-152.596	-0.065
0.3	-81.0482	-0.065
0.3	-117.841	-0.065
0.3	120.345	-0.065
0.3	-176.939	-0.065
0.3	-38.8568	-0.065
0.3	-110.958	-0.065
0.3	167.425	-0.065
0.3	-117.512	-0.065
0.3	-129.512	-0.065
0.3	-161.076	-0.065
0.3	-9.84786	-0.065
0.3	57.3145	-0.065
0.3	-111.377	-0.065
0.3	22.0558	-0.065
0.3	26.8411	-0.065
0.3	-177.452	-0.065
0.3	-8.61303	-0.065
0.3	-135.997	-0.065
0.3	-149.062	-0.065
0.3	-160.637	-0.065
0.3	-119.165	-0.065
0.3	5.12084	-0.065
0.3	-140.31	-0.065
0.3	81.7884	-0.065
0.3	13.9484	-0.065
0.3	-152.503	-0.065
0.3	4.26529	-0.065
0.3	16.9888	-0.065
0.3	117.524	-0.065
0.3	11.3919	-0.065
0.3	-174.725	-0.065
0.3	75.2148	-0.065
0.3	-71.5706	-0.065
0.3	38.6114	-0.065
0.3	84.64	-0.065
0.3	-66.058	-0.065
0.3	-136.295	-0.065
0.3	-65.6639	-0.065
0.3	77.8945	-0.065
0.3	-139.974	-0.065
0.3	-176.141	-0.065
0.3	5.71655	-0.065
0.3	-74.7593	-0.065
0.3	-135.805	-0.065
0.3	82.0981	-0.065
0.3	-36.4319	-0.065
0.3	151.867	-0.065
0.3	-168.359	-0.065
0.3	111.304	-0.065
0.3	-141.932	-0.065
0.3	-135.402	-0.065
0.3	10.4521	-0.065
0.3	-11.5639	-0.065
0.3	-91.3472	-0.065
0.3	156.359	-0.065
0.3	86.5396	-0.065
0.3	-135.395	-0.065
0.3	110.679	-0.065
0.3	-73.0355	-0.065
0.3	-89.1065	-0.065
0.3	-79.3033	-0.065
0.3	160.425	-0.065
0.3	82.9263	-0.065
0.3	-167.137	-0.065
0.3	-153.411	-0.065
0.3	95.2113	-0.065
0.3	-99.3231	-0.065
0.3	-18.6315	-0.065
0.3	-102.449	-0.065
0.3	95.6126	-0.065
0.3	45.4305	-0.065
0.3	-65.6802	-0.065
0.3	23.0657	-0.065
0.3	146.753	-0.065
0.3	129.278	-0.065
0.3	71.6227	-0.065
0.3	-53.2778	-0.065
0.3	-12.3867	-0.065
0.3	-94.3682	-0.065
0.3	14.5798	-0.065
0.3	-149.206	-0.065
0.3	92.3481	-0.065
0.3	-22.6424	-0.065
0.3	-80.0511	-0.065
0.3	6.51449	-0.065
0.3	-161.215	-0.065
0.3	39.5816	-0.065
0.3	-121.926	-0.065
0.3	41.0328	-0.065
0.3	27.5004	-0.065
0.3	78.8417	-0.065
0.3	-122.348	-0.065
0.3	-178.572	-0.065
0.3	80.5155	-0.065
0.3	-88.7768	-0.065
0.3	-81.6639	-0.065
0.3	-152.381	-0.065
0.3	-154.729	-0.065
0.3	30.3996	-0.065
0.3	-176.826	-0.065
0.3	106.364	-0.065
0.3	162.566	-0.065
0.3	166.12	-0.065
0.3	-175.284	-0.065
0.3	-4.72809	-0.065
0.3	-28.6928	-0.065
0.3	-173.74	-0.065
0.3	6.0424	-0.065
0.3	31.9289	-0.065
0.3	-40.5877	-0.065
0.3	-87.8399	-0.065
0.3	50.4086	-0.065
0.3	2.83055	-0.065
0.3	-164.156	-0.065
0.3	-158.025	-0.065
0.3	-45.1988	-0.065
0.3	-95.2915	-0.065
0.3	38.7784	-0.065
0.3	61.4293	-0.065
0.3	87.845	-0.065
0.3	-107.148	-0.065
0.3	74.7572	-0.065
0.3	3.24528	-0.065
0.3	76.1595	-0.065
0.3	-33.4604	-0.065
0.3	128.021	-0.065
0.3	-141.159	-0.065
0.3	103.467	-0.065
0.3	-132.214	-0.065
0.3	112.384	-0.065
0.3	66.9518	-0.065
0.3	-110.78	-0.065
0.3	130.49	-0.065
0.3	-54.2567	-0.065
0.3	-14.2062	-0.065
0.3	-99.2117	-0.065
-0.3	67.6461	1
-0.3	-21.3599	1
-0.3	-130.656	1
-0.3	65.785	1
-0.3	-138.155	1
-0.3	53.5378	1
-0.3	177.678	1
-0.3	133.111	1
-0.3	110.391	1
-0.3	40.6816	1
-0.3	-147.006	1
-0.3	109.994	1
-0.3	-70.1589	1
-0.3	51.9381	1
-0.3	-11.6279	1
-0.3	111.893	1
-0.3	114.535	1
-0.3	-25.0241	1
-0.3	20.2022	1
-0.3	169.266	1
-0.3	167.443	1
-0.3	40.1864	1
-0.3	45.1962	1
-0.3	19.1115	1
-0.3	90.056	1
-0.3	-92.871	1
-0.3	174.971	1
-0.3	-169.826	1
-0.3	98.7237	1
-0.3	-179.163	1
-0.3	155.15	1
-0.3	-128.184	1
-0.3	69.7855	1
-0.3	-148.796	1
-0.3	112.593	1
-0.3	50.8291	1
-0.3	-26.172	1
-0.3	159.235	1
-0.3	-146.798	1
-0.3	45.8692	1
-0.3	-150.103	1
-0.3	100.962	1
-0.3	-47.6622	1
-0.3	-105.941	1
-0.3	-9.71274	1
-0.3	-157.704	1
-0.3	-150.126	1
-0.3	47.0836	1
-0.3	66.1153	1
-0.3	-7.81783	1
-0.3	134.877	1
-0.3	-118.835	1
-0.3	43.4372	1
-0.3	-106.939	1
-0.3	72.1625	1
-0.3	118.267	1
-0.3	167.178	1
-0.3	8.7122	1
-0.3	-137.873	1
-0.3	-105.078	1
-0.3	157.454	1
-0.3	92.8789	1
-0.3	46.5275	1
-0.3	-167.139	1
-0.3	-26.9099	1
-0.3	-150.092	1
-0.3	-90.2936	1
-0.3	82.1775	1
-0.3	-40.089	1
-0.3	41.3182	1
-0.3	1.88405	1
-0.3	141.273	1
-0.3	-45.7325	1
-0.3	148.118	1
-0.3	65.7332	1
-0.3	-153.506	1
-0.3	67.9337	1
-0.3	49.2973	1
-0.3	-84.9674	1
-0.3	-34.0314	1
-0.3	73.9424	1
-0.3	42.3364	1
-0.3	165.387	1
-0.3	-158.259	1
-0.3	-80.4919	1
-0.3	153.767	1
-0.3	-139.51	1
-0.3	-52.022	1
-0.3	33.356	1
-0.3	-155.667	1
-0.3	57.6422	1
-0.3	85.4041	1
-0.3	-0.547509	1
-0.3	-118.814	1
-0.3	-60.9322	1
-0.3	34.5991	1
-0.3	-41.963	1
-0.3	-76.8051	1
-0.3	-138.776	1
-0.3	-122.688	1
-0.3	-131.075	1
-0.3	-162.859	1
-0.3	-1.79925	1
-0.3	-108.175	1
-0.3	28.0984	1
-0.3	28.5509	1
-0.3	54.8246	1
-0.3	-103.625	1
-0.3	-159.162	1
-0.3	-155.249	1
-0.3	151.631	1
-0.3	-3.39658	1
-0.3	-42.6043	1
-0.3	-148.068	1
-0.3	80.1367	1
-0.3	81.9577	1
-0.3	-170.563	1
-0.3	-169.738	1
-0.3	135.068	1
-0.3	48.107	1
-0.3	-148.426	1
-0.3	-25.8921	1
-0.3	-55.372	1
-0.3	-160.03	1
-0.3	-12.3899	1
-0.3	-117.873	1
-0.3	-163.509	1
-0.3	-21.3471	1
-0.3	127.065	1
-0.3	57.0938	1
-0.3	-105.368	1
-0.3	3.59509	1
-0.3	163.029	1
-0.3	97.7278	1
-0.3	-160.089	1
-0.3	164.65	1
-0.3	-75.7344	1
-0.3	-77.3416	1
-0.3	-91.9194	1
-0.3	-9.10315	1
-0.3	-163.147	1
-0.3	-95.086	1
-0.3	130.871	1
-0.3	25.4769	1
-0.3	149.086	1
-0.3	-81.3203	1
-0.3	-122.635	1
-0.3	-31.6782	1
-0.3	83.7614	1
-0.3	-85.369	1
-0.3	133.679	1
-0.3	43.8925	1
-0.3	70.6803	1
-0.3	153.253	1
-0.3	-106.857	1
-0.3	-147.445	1
-0.3	126.433	1
-0.3	131.691	1
-0.3	-112.569	1
-0.3	160.767	1
-0.3	-136.383	1
-0.3	34.2272	1
-0.3	163.547	1
-0.3	27.9192	1
-0.3	168.783	1
-0.3	116.979	1
-0.3	16.2065	1
-0.3	107.84	1
-0.3	-69.7163	1
-0.3	119.226	1
-0.3	111.561	1
-0.3	-60.9344	1
-0.3	-176.353	1
-0.3	173.322	1
-0.3	123.151	1
-0.3	-88.8735	1
-0.3	-85.0846	1
-0.3	109.472	1
-0.3	-129.042	1
-0.3	-77.2889	1
-0.3	-53.4488	1
-0.3	109.026	1
-0.3	-143.376	-0.065
-0.3	-115.486	-0.065
-0.3	169.301	-0.065
-0.3	139.412	-0.065
-0.3	164.96	-0.065
-0.3	173.098	-0.065
-0.3	-84.5725	-0.065
-0.3	132.784	-0.065
-0.3	-0.360137	-0.065
-0.3	-178.663	-0.065
-0.3	-148.472	-0.065
-0.3	-90.9601	-0.065
-0.3	-8.20889	-0.065
-0.3	125.265	-0.065
-0.3	-64.5373	-0.065
-0.3	-2.25575	-0.065
-0.3	-92.55	-0.065
-0.3	-155.094	-0.065
-0.3	157.884	-0.065
-0.3	65.4572	-0.065
-0.3	-99.9224	-0.065
-0.3	-109.818	-0.065
-0.3	60.4942	-0.065
-0.3	36.328	-0.065
-0.3	37.0909	-0.065
-0.3	-105.895	-0.065
-0.3	-0.00441877	-0.065
-0.3	-37.4456	-0.065
-0.3	137.478	-0.065
-0.3	5.27273	-0.065
-0.3	-49.7568	-0.065
-0.3	55.2094	-0.065
-0.3	49.3808	-0.065
-0.3	-82.4226	-0.065
-0.3	-18.1954	-0.065
-0.3	134.972	-0.065
-0.3	-48.6175	-0.065
-0.3	-4.87841	-0.065
-0.3	-25.7026	-0.065
-0.3	155.38	-0.065
-0.3	144.101	-0.065
-0.3	-57.1688	-0.065
-0.3	93.7103	-0.065
-0.3	104.504	-0.065
-0.3	21.1693	-0.065
-0.3	-124.78	-0.065
-0.3	110.748	-0.065
-0.3	-57.2628	-0.065
-0.3	53.9692	-0.065
-0.3	-21.556	-0.065
-0.3	152.72	-0.065
-0.3	9.99467	-0.065
-0.3	-44.1916	-0.065
-0.3	110.467	-0.065
-0.3	175.925	-0.065
-0.3	-77.7249	-0.065
-0.3	172.617	-0.065
-0.3	59.3783	-0.065
-0.3	-63.1575	-0.065
-0.3	1.651	-0.065
-0.3	-10.6223	-0.065
-0.3	162.843	-0.065
-0.3	-91.7135	-0.065
-0.3	-78.3584	-0.065
-0.3	71.0455	-0.065
-0.3	29.2113	-0.065
-0.3	125.812	-0.065
-0.3	-11.2931	-0.065
-0.3	-5.09654	-0.065
-0.3	138.538	-0.065
-0.3	29.2637	-0.065
-0.3	157.27	-0.065
-0.3	12.4558	-0.065
-0.3	-33.8005	-0.065
-0.3	-55.8198	-0.065
-0.3	153.266	-0.065
-0.3	-104.455	-0.065
-0.3	130.817	-0.065
-0.3	27.0445	-0.065
-0.3	94.0183	-0.065
-0.3	-163.457	-0.065
-0.3	86.4649	-0.065
-0.3	-174.265	-0.065
-0.3	-133.518	-0.065
-0.3	42.1881	-0.065
-0.3	-53.2266	-0.065
-0.3	110.778	-0.065
-0.3	81.1349	-0.065
-0.3	-93.2181	-0.065
-0.3	-93.9286	-0.065
-0.3	123.663	-0.065
-0.3	-163.21	-0.065
-0.3	21.8111	-0.065
-0.3	86.5294	-0.065
-0.3	9.9537	-0.065
-0.3	-179.345	-0.065
-0.3	13.365	-0.065
-0.3	-55.0574	-0.065
-0.3	79.1589	-0.065
-0.3	125.781	-0.065
-0.3	-155.847	-0.065
-0.3	3.67745	-0.065
-0.3	-72.614	-0.065
-0.3	173.404	-0.065
-0.3	102.344	-0.065
-0.3	-100.452	-0.065
-0.3	-78.5013	-0.065
-0.3	-74.4193	-0.065
-0.3	89.1728	-0.065
-0.3	172.629	-0.065
-0.3	93.4402	-0.065
-0.3	-91.7994	-0.065
-0.3	153.876	-0.065
-0.3	109.712	-0.065
-0.3	114.865	-0.065
-0.3	93.2477	-0.065
-0.3	137.989	-0.065
-0.3	26.3924	-0.065
-0.3	-97.231	-0.065
-0.3	133.539	-0.065
-0.3	93.4995	-0.065
-0.3	18.3711	-0.065
-0.3	167.369	-0.065
-0.3	161.557	-0.065
-0.3	120.237	-0.065
-0.3	151.296	-0.065
-0.3	25.7809	-0.065
-0.3	-64.2453	-0.065
-0.3	-114.937	-0.065
-0.3	72.8938	-0.065
-0.3	0.895446	-0.065
-0.3	-105.391	-0.065
-0.3	-17.7839	-0.065
-0.3	-59.3862	-0.065
-0.3	-68.2666	-0.065
-0.3	-92.1794	-0.065
-0.3	139.1	-0.065
-0.3	147.606	-0.065
-0.3	-136.812	-0.065
-0.3	57.036	-0.065
