pol.	phi	weight
0.3	68.9717	1
0.3	152.849	1
0.3	-77.5487	1
0.3	-2.01902	1
0.3	-50.3498	1
0.3	150.173	1
0.3	-34.2216	1
0.3	136.156	1
0.3	156.394	1
0.3	-87.2444	1
0.3	119.579	1
0.3	7.50586	1
0.3	-151.196	1
0.3	12.4877	1
0.3	47.0501	1
0.3	-132.014	1
0.3	-156.219	1
0.3	128.969	1
0.3	94.7537	1
0.3	-37.6676	1
0.3	18.687	1
0.3	-32.8213	1
0.3	52.7869	1
0.3	-95.9766	1
0.3	-48.179	1
0.3	88.1868	1
0.3	60.9709	1
0.3	-33.6591	1
0.3	29.2778	1
0.3	-84.1437	1
0.3	84.3655	1
0.3	133.197	1
0.3	41.3388	1
0.3	-57.4076	1
0.3	-172.621	1
0.3	95.9392	1
0.3	-31.4935	1
0.3	168.531	1
0.3	50.0735	1
0.3	-46.9268	1
0.3	-9.38517	1
0.3	-120.58	1
0.3	144.23	1
0.3	34.3312	1
0.3	103.848	1
0.3	37.788	1
0.3	-93.7372	1
0.3	99.0757	1
0.3	-115.136	1
0.3	-145.622	1
0.3	-8.97856	1
0.3	145.216	1
0.3	65.6236	1
0.3	132.24	1
0.3	-42.861	1
0.3	118.678	1
0.3	-11.3436	1
0.3	76.999	1
0.3	132.575	1
0.3	98.433	1
0.3	-161.627	1
0.3	135.657	1
0.3	-144.151	1
0.3	108.916	1
0.3	117.899	1
0.3	21.5556	1
0.3	41.9406	1
0.3	-159.046	1
0.3	72.4656	1
0.3	143.946	1
0.3	64.3149	1
0.3	-72.0713	1
0.3	68.5501	1
0.3	-85.3001	1
0.3	-45.3244	1
0.3	-69.5977	1
0.3	-100.56	1
0.3	56.0843	1
0.3	120.614	1
0.3	-123.212	1
0.3	-32.5436	1
0.3	-50.9922	1
0.3	7.61121	1
0.3	164.862	1
0.3	-48.1226	1
0.3	71.2134	1
0.3	-97.0257	1
0.3	-132.531	1
0.3	-53.2046	1
0.3	-147.276	1
0.3	53.2979	1
0.3	153.437	1
0.3	-87.8305	1
0.3	-18.6179	1
0.3	41.9616	1
0.3	-131.721	1
0.3	5.35967	1
0.3	56.4951	1
0.3	59.6876	1
0.3	-154.536	1
0.3	-60.3794	1
0.3	-36.3843	1
0.3	128.666	1
0.3	-165.916	1
0.3	-137.239	1
0.3	-137.233	1
0.3	-157.143	1
0.3	-98.5468	1
0.3	146.487	1
0.3	161.512	1
0.3	126.352	1
0.3	81.9304	1
0.3	-32.1157	1
0.3	109.981	1
0.3	-77.0764	1
0.3	-43.0852	1
0.3	158.186	1
0.3	-67.8642	1
0.3	28.5972	1
0.3	-150.234	1
0.3	-129.366	1
0.3	-67.3338	1
0.3	112.942	1
0.3	-152.802	1
0.3	-58.4637	1
0.3	-6.02528	1
0.3	16.4946	1
0.3	-29.8062	1
0.3	-24.7549	1
0.3	-76.7802	1
0.3	124.376	1
0.3	-130.413	1
0.3	136.657	1
0.3	61.6769	1
0.3	11.4041	1
0.3	-144.402	1
0.3	-115.748	1
0.3	-91.7902	1
0.3	-88.7087	1
0.3	-36.2821	1
0.3	79.2751	1
0.3	-83.779	1
0.3	34.6714	1
0.3	8.67246	1
0.3	101.685	1
0.3	97.4583	1
0.3	-151.516	1
0.3	-114.662	1
0.3	15.6779	1
0.3	163.022	1
0.3	-111.721	1
0.3	-139.085	1
0.3	39.4792	1
0.3	-22.1736	1
0.3	-152.866	1
0.3	42.2738	1
0.3	118.483	1
0.3	29.8232	1
0.3	-65.3774	1
0.3	-129.597	1
0.3	-35.298	1
0.3	-150.453	1
0.3	-148.575	1
0.3	-7.41485	1
0.3	147.436	1
0.3	22.2099	1
0.3	-52.0098	1
0.3	93.4733	1
0.3	-108.615	1
0.3	149.216	1
0.3	49.886	1
0.3	-76.1959	-0.065
0.3	-102.222	-0.065
0.3	-121.883	-0.065
0.3	5.17549	-0.065
0.3	40.6378	-0.065
0.3	176.118	-0.065
0.3	126.07	-0.065
0.3	44.7697	-0.065
0.3	-52.9407	-0.065
0.3	-29.5401	-0.065
0.3	-19.327	-0.065
0.3	99.6526	-0.065
0.3	96.0181	-0.065
0.3	-14.6142	-0.065
0.3	117.246	-0.065
0.3	-154.758	-0.065
0.3	54.8186	-0.065
0.3	-40.7571	-0.065
0.3	104.858	-0.065
0.3	161.819	-0.065
0.3	-77.0231	-0.065
0.3	-134.192	-0.065
0.3	169.012	-0.065
0.3	176.215	-0.065
0.3	84.4735	-0.065
0.3	-125.198	-0.065
0.3	-170.697	-0.065
0.3	-129.096	-0.065
0.3	159.344	-0.065
0.3	179.427	-0.065
0.3	87.0729	-0.065
0.3	140.452	-0.065
0.3	-101.982	-0.065
0.3	-147.867	-0.065
0.3	-115.944	-0.065
0.3	38.4565	-0.065
0.3	138.319	-0.065
0.3	-50.839	-0.065
0.3	32.9263	-0.065
0.3	-134.709	-0.065
0.3	130.405	-0.065
0.3	-31.1314	-0.065
0.3	-175.145	-0.065
0.3	117.74	-0.065
0.3	-2.59135	-0.065
0.3	119.907	-0.065
0.3	-73.2555	-0.065
0.3	-7.46587	-0.065
0.3	150.976	-0.065
0.3	78.2205	-0.065
0.3	82.0177	-0.065
0.3	72.7032	-0.065
0.3	-172.619	-0.065
0.3	-38.1982	-0.065
0.3	39.3649	-0.065
0.3	119.481	-0.065
0.3	117.798	-0.065
0.3	-8.48411	-0.065
0.3	-40.0274	-0.065
0.3	162.336	-0.065
0.3	124.567	-0.065
0.3	-62.2554	-0.065
0.3	-157.341	-0.065
0.3	107.515	-0.065
0.3	117.058	-0.065
0.3	-129.056	-0.065
0.3	163.208	-0.065
0.3	-26.1702	-0.065
0.3	26.7549	-0.065
0.3	52.6384	-0.065
0.3	48.2317	-0.065
0.3	94.1263	-0.065
0.3	-72.6359	-0.065
0.3	-128.14	-0.065
0.3	-145.207	-0.065
0.3	-114.342	-0.065
0.3	82.1871	-0.065
0.3	-133.756	-0.065
0.3	71.5162	-0.065
0.3	-97.1016	-0.065
0.3	166.507	-0.065
0.3	57.0143	-0.065
0.3	-142.858	-0.065
0.3	-47.6947	-0.065
0.3	-90.6857	-0.065
0.3	18.0864	-0.065
0.3	-125.23	-0.065
0.3	94.9386	-0.065
0.3	44.2866	-0.065
0.3	88.8176	-0.065
0.3	-90.059	-0.065
0.3	-111.814	-0.065
0.3	162.422	-0.065
0.3	-63.4055	-0.065
0.3	33.7872	-0.065
0.3	42.6612	-0.065
0.3	-109.423	-0.065
0.3	-35.8546	-0.065
0.3	137.954	-0.065
0.3	-102.999	-0.065
0.3	-132.443	-0.065
0.3	179.257	-0.065
0.3	-115.202	-0.065
0.3	50.2233	-0.065
0.3	-40.0561	-0.065
0.3	50.3132	-0.065
0.3	-26.6476	-0.065
0.3	-116.546	-0.065
0.3	68.4549	-0.065
0.3	-51.6812	-0.065
0.3	-106.954	-0.065
0.3	-48.849	-0.065
0.3	65.4338	-0.065
0.3	-73.8401	-0.065
0.3	51.2123	-0.065
0.3	-114.763	-0.065
0.3	92.408	-0.065
0.3	25.1285	-0.065
0.3	167.389	-0.065
0.3	66.6298	-0.065
0.3	-70.1921	-0.065
0.3	-81.9549	-0.065
0.3	-137.878	-0.065
0.3	-17.425	-0.065
0.3	-24.8204	-0.065
0.3	113.973	-0.065
0.3	66.7029	-0.065
0.3	-127.575	-0.065
0.3	-9.51207	-0.065
0.3	90.342	-0.065
0.3	83.59	-0.065
0.3	-122.497	-0.065
0.3	68.0994	-0.065
-0.3	157.393	1
-0.3	130.185	1
-0.3	81.6939	1
-0.3	-41.8696	1
-0.3	-132.664	1
-0.3	-164.734	1
-0.3	-14.0045	1
-0.3	130.102	1
-0.3	-0.902232	1
-0.3	49.1993	1
-0.3	-40.5428	1
-0.3	169.49	1
-0.3	91.1634	1
-0.3	53.691	1
-0.3	159.517	1
-0.3	-154.1	1
-0.3	65.6927	1
-0.3	-107.802	1
-0.3	-70.9045	1
-0.3	-88.122	1
-0.3	72.9089	1
-0.3	-131.009	1
-0.3	31.523	1
-0.3	-2.00756	1
-0.3	-122.006	1
-0.3	85.0496	1
-0.3	-132.201	1
-0.3	-58.7052	1
-0.3	48.4135	1
-0.3	-20.1744	1
-0.3	64.604	1
-0.3	-91.8257	1
-0.3	106.105	1
-0.3	59.6029	1
-0.3	-77.2066	1
-0.3	121.007	1
-0.3	-147.528	1
-0.3	3.54703	1
-0.3	96.0306	1
-0.3	-142.744	1
-0.3	17.8932	1
-0.3	-44.1639	1
-0.3	47.3714	1
-0.3	7.46193	1
-0.3	-118.368	1
-0.3	-173.799	1
-0.3	-175.337	1
-0.3	141.457	1
-0.3	-10.3069	1
-0.3	83.5896	1
-0.3	-3.44261	1
-0.3	58.9915	1
-0.3	-175.653	1
-0.3	-165.232	1
-0.3	46.0667	1
-0.3	-127.409	1
-0.3	109.564	1
-0.3	-153.324	1
-0.3	-106.928	1
-0.3	64.6066	1
-0.3	140.847	1
-0.3	59.943	1
-0.3	155.219	1
-0.3	-178.778	1
-0.3	-172.479	1
-0.3	-100.807	1
-0.3	-174.487	1
-0.3	53.2793	1
-0.3	-123.61	1
-0.3	-143.76	1
-0.3	-16.4849	1
-0.3	92.9294	1
-0.3	-87.2319	1
-0.3	117.431	1
-0.3	-83.8589	1
-0.3	120.139	1
-0.3	-23.6292	1
-0.3	166.75	1
-0.3	115.105	1
-0.3	-177.866	1
-0.3	111.293	1
-0.3	-36.2479	1
-0.3	132.186	1
-0.3	-107.624	1
-0.3	-102.295	1
-0.3	-37.5167	1
-0.3	41.2824	1
-0.3	128.601	1
-0.3	-63.3756	1
-0.3	-156.334	1
-0.3	-103.678	1
-0.3	-116.757	1
-0.3	-72.275	1
-0.3	-152.316	1
-0.3	-140.148	1
-0.3	96.5263	1
-0.3	154.152	1
-0.3	31.2712	1
-0.3	-60.5418	1
-0.3	-57.1733	1
-0.3	43.2657	1
-0.3	-166.755	1
-0.3	18.0644	1
-0.3	170.885	1
-0.3	50.1802	1
-0.3	-132.982	1
-0.3	-97.7583	1
-0.3	-57.423	1
-0.3	-55.6744	1
-0.3	-101.7	1
-0.3	-52.0896	1
-0.3	147.321	1
-0.3	-11.2902	1
-0.3	-149.905	1
-0.3	-16.0943	1
-0.3	12.2883	1
-0.3	52.8722	1
-0.3	142.798	1
-0.3	141.769	1
-0.3	-165.79	1
-0.3	22.8063	1
-0.3	173.111	1
-0.3	-128.767	1
-0.3	72.0942	1
-0.3	-83.3186	1
-0.3	-2.70093	1
-0.3	-24.4555	1
-0.3	31.6986	1
-0.3	91.113	1
-0.3	29.3689	1
-0.3	-174.722	1
-0.3	-38.8568	1
-0.3	-29.4031	1
-0.3	-37.646	1
-0.3	100.784	1
-0.3	-89.7469	1
-0.3	-159.396	1
-0.3	29.3903	1
-0.3	-124.206	1
-0.3	-20.7717	1
-0.3	-25.9922	1
-0.3	-112.489	1
-0.3	-97.5217	1
-0.3	138.246	1
-0.3	-4.08121	1
-0.3	50.7908	1
-0.3	-82.1545	1
-0.3	104.649	1
-0.3	179.199	1
-0.3	-120.446	1
-0.3	-143.23	1
-0.3	104.794	1
-0.3	-32.9905	1
-0.3	-42.6181	1
-0.3	1.26586	1
-0.3	179.977	1
-0.3	21.7656	1
-0.3	107.178	1
-0.3	66.6374	1
-0.3	84.6969	1
-0.3	114.374	1
-0.3	-146.357	1
-0.3	102.655	1
-0.3	51.1341	1
-0.3	-178.261	1
-0.3	-117.56	1
-0.3	-58.5723	1
-0.3	-166.572	1
-0.3	28.0215	1
-0.3	112.921	1
-0.3	-178.087	1
-0.3	-141.854	1
-0.3	-70.6292	1
-0.3	-38.5271	1
-0.3	61.3195	1
-0.3	-153.879	1
-0.3	59.9042	1
-0.3	55.6374	1
-0.3	169.245	1
-0.3	-29.6422	1
-0.3	-150.497	1
-0.3	43.8624	1
-0.3	37.7396	1
-0.3	131.533	1
-0.3	127.996	1
-0.3	75.5753	1
-0.3	23.5588	1
-0.3	-90.5583	1
-0.3	143.044	1
-0.3	-7.50176	1
-0.3	29.3951	1
-0.3	-101.664	1
-0.3	-16.6963	1
-0.3	-138.895	1
-0.3	101.428	1
-0.3	-63.7928	1
-0.3	-47.5867	1
-0.3	145.888	1
-0.3	76.0283	1
-0.3	-25.5257	1
-0.3	128.997	1
-0.3	176.803	1
-0.3	117.813	1
-0.3	-17.3296	1
-0.3	-114.654	1
-0.3	39.5508	1
-0.3	-175.323	1
-0.3	-13.7399	1
-0.3	-35.0308	1
-0.3	167.318	1
-0.3	99.0336	1
-0.3	109.238	1
-0.3	-73.5782	1
-0.3	15.1936	1
-0.3	37.9186	1
-0.3	99.1829	1
-0.3	54.1413	1
-0.3	67.4287	1
-0.3	-109.75	1
-0.3	-1.28795	-0.065
-0.3	25.9489	-0.065
-0.3	93.2928	-0.065
-0.3	-5.65639	-0.065
-0.3	-43.8963	-0.065
-0.3	163.714	-0.065
-0.3	-115.164	-0.065
-0.3	67.1741	-0.065
-0.3	-36.0125	-0.065
-0.3	158.508	-0.065
-0.3	-30.3315	-0.065
-0.3	-43.1544	-0.065
-0.3	0.0776412	-0.065
-0.3	-73.6244	-0.065
-0.3	-152.904	-0.065
-0.3	47.6582	-0.065
-0.3	-14.9864	-0.065
-0.3	36.1845	-0.065
-0.3	-144.076	-0.065
-0.3	-94.5322	-0.065
-0.3	-22.2512	-0.065
-0.3	88.0023	-0.065
-0.3	123.24	-0.065
-0.3	11.7399	-0.065
-0.3	44.9857	-0.065
-0.3	-33.9243	-0.065
-0.3	-100.119	-0.065
-0.3	-110.82	-0.065
-0.3	-101.431	-0.065
-0.3	-175.836	-0.065
-0.3	-1.13012	-0.065
-0.3	-84.5695	-0.065
-0.3	166.833	-0.065
-0.3	-151.056	-0.065
-0.3	-37.9407	-0.065
-0.3	171.177	-0.065
-0.3	-135.587	-0.065
-0.3	-155.686	-0.065
-0.3	173.499	-0.065
-0.3	-170.715	-0.065
-0.3	-93.2533	-0.065
-0.3	-13.9657	-0.065
-0.3	-67.0411	-0.065
-0.3	75.8656	-0.065
-0.3	-128.767	-0.065
-0.3	99.5468	-0.065
-0.3	-139.169	-0.065
-0.3	-81.0004	-0.065
-0.3	-36.6586	-0.065
-0.3	-37.741	-0.065
-0.3	-152.286	-0.065
-0.3	-169.575	-0.065
-0.3	105.694	-0.065
-0.3	134.186	-0.065
-0.3	48.6311	-0.065
-0.3	-88.85	-0.065
-0.3	63.33	-0.065
-0.3	10.8259	-0.065
-0.3	4.63613	-0.065
-0.3	-11.3023	-0.065
-0.3	-1.45201	-0.065
-0.3	172.123	-0.065
-0.3	129.495	-0.065
-0.3	59.3199	-0.065
-0.3	-130.853	-0.065
-0.3	90.3357	-0.065
-0.3	24.3438	-0.065
-0.3	169.389	-0.065
-0.3	56.0928	-0.065
-0.3	-75.6755	-0.065
-0.3	-5.47364	-0.065
-0.3	-100.223	-0.065
-0.3	-140.804	-0.065
-0.3	-11.1758	-0.065
-0.3	81.2207	-0.065
-0.3	45.0568	-0.065
-0.3	172.482	-0.065
-0.3	-86.417	-0.065
-0.3	175.907	-0.065
-0.3	-60.1442	-0.065
-0.3	69.2378	-0.065
-0.3	85.1295	-0.065
-0.3	54.3791	-0.065
-0.3	67.1602	-0.065
-0.3	-163.539	-0.065
-0.3	161.065	-0.065
-0.3	46.402	-0.065
-0.3	-63.1292	-0.065
-0.3	129.202	-0.065
-0.3	4.20736	-0.065
-0.3	-132.89	-0.065
-0.3	-110.74	-0.065
-0.3	78.8272	-0.065
-0.3	41.704	-0.065
-0.3	139.35	-0.065
-0.3	-79.5777	-0.065
-0.3	84.6751	-0.065
-0.3	-137.297	-0.065
-0.3	-62.4494	-0.065
-0.3	-10.9356	-0.065
-0.3	-59.1708	-0.065
-0.3	11.3997	-0.065
-0.3	-148.741	-0.065
-0.3	-139.142	-0.065
-0.3	28.3849	-0.065
-0.3	12.3928	-0.065
-0.3	139.57	-0.065
-0.3	9.24815	-0.065
-0.3	-72.74	-0.065
-0.3	-36.1713	-0.065
-0.3	24.5866	-0.065
-0.3	47.5881	-0.065
-0.3	-71.0712	-0.065
-0.3	106.341	-0.065
-0.3	74.8763	-0.065
-0.3	-56.1974	-0.065
-0.3	-22.3585	-0.065
-0.3	-70.3243	-0.065
-0.3	-9.94059	-0.065
-0.3	-68.0321	-0.065
-0.3	89.4281	-0.065
-0.3	-17.2275	-0.065
-0.3	-14.0338	-0.065
-0.3	0.448579	-0.065
-0.3	-172.205	-0.065
-0.3	161.844	-0.065
-0.3	62.9962	-0.065
-0.3	-81.4838	-0.065
-0.3	-136.217	-0.065
-0.3	79.385	-0.065
-0.3	-143.747	-0.065
-0.3	165.974	-0.065
-0.3	-177.719	-0.065
-0.3	97.5264	-0.065
-0.3	-8.62602	-0.065
-0.3	-52.5852	-0.065
-0.3	-39.1638	-0.065
-0.3	12.3473	-0.065
-0.3	137.166	-0.065
-0.3	134.65	-0.065
-0.3	-103.191	-0.065
-0.3	18.4129	-0.065
-0.3	99.0602	-0.065
-0.3	14.9691	-0.065
-0.3	-150.062	-0.065
-0.3	-5.91471	-0.065
-0.3	169.433	-0.065
-0.3	-174.798	-0.065
-0.3	-86.5767	-0.065
-0.3	-13.2692	-0.065
-0.3	-140.756	-0.065
-0.3	-151.658	-0.065
-0.3	-125.69	-0.065
-0.3	124.988	-0.065
-0.3	65.1791	-0.065
-0.3	73.4713	-0.065
-0.3	60.0372	-0.065
-0.3	167.966	-0.065
-0.3	66.0956	-0.065
-0.3	15.6371	-0.065
-0.3	101.952	-0.065
-0.3	126.838	-0.065
-0.3	-117.859	-0.065
-0.3	91.8017	-0.065
-0.3	27.3214	-0.065
-0.3	126.885	-0.065
-0.3	64.8408	-0.065
-0.3	-149.207	-0.065
-0.3	130.051	-0.065
-0.3	-170.861	-0.065
