pol.	phi	weight
0.3	150.725	1
0.3	-49.7428	1
0.3	143.085	1
0.3	138.877	1
0.3	-43.8433	1
0.3	54.4297	1
0.3	163.717	1
0.3	178.299	1
0.3	-95.7288	1
0.3	73.4983	1
0.3	-164.411	1
0.3	-69.0159	1
0.3	39.8899	1
0.3	-143.763	1
0.3	-145.238	1
0.3	-31.8751	1
0.3	113.608	1
0.3	-91.0225	1
0.3	-77.5965	1
0.3	173.385	1
0.3	141.26	1
0.3	137.69	1
0.3	-84.6952	1
0.3	154.369	1
0.3	-81.3304	1
0.3	146.209	1
0.3	-70.7547	1
0.3	42.9212	1
0.3	148.242	1
0.3	93.4634	1
0.3	36.7981	1
0.3	106.257	1
0.3	-106.854	1
0.3	112.397	1
0.3	79.1361	1
0.3	-176.129	1
0.3	42.0691	1
0.3	93.1353	1
0.3	87.7917	1
0.3	-47.9423	1
0.3	74.8899	1
0.3	-134.826	1
0.3	43.837	1
0.3	-141.475	1
0.3	-147.612	1
0.3	-20.1488	1
0.3	-72.329	1
0.3	-179.286	1
0.3	-36.57	1
0.3	-82.7084	1
0.3	47.9987	1
0.3	169.137	1
0.3	-133.551	1
0.3	-169.831	1
0.3	-73.8003	1
0.3	-52.8595	1
0.3	-169.571	1
0.3	56.8833	1
0.3	-107.424	1
0.3	33.3722	1
0.3	70.7726	1
0.3	136.013	1
0.3	-63.0995	1
0.3	42.5613	1
0.3	-31.1247	1
0.3	-17.1814	1
0.3	138.366	1
0.3	-40.6347	1
0.3	-113.655	1
0.3	53.9335	1
0.3	-75.465	1
0.3	169.686	1
0.3	-25.774	1
0.3	32.7313	1
0.3	-11.7771	1
0.3	43.3718	1
0.3	-23.4164	1
0.3	98.0421	1
0.3	-93.3293	1
0.3	39.6699	1
0.3	97.1628	1
0.3	-10.2639	1
0.3	9.74215	1
0.3	-33.8294	1
0.3	140.015	1
0.3	158.47	1
0.3	104.24	1
0.3	137.594	1
0.3	167.63	1
0.3	63.4306	1
0.3	-23.5453	1
0.3	-175.996	1
0.3	-86.0919	1
0.3	-133.913	1
0.3	-98.5282	1
0.3	175.412	1
0.3	156.682	1
0.3	149.607	1
0.3	133.232	1
0.3	-140.309	1
0.3	-179.876	1
0.3	-72.8422	1
0.3	-3.18838	1
0.3	-97.838	1
0.3	-84.7379	1
0.3	24.8483	1
0.3	45.524	1
0.3	-146.485	1
0.3	7.32909	1
0.3	18.8407	1
0.3	-94.3533	1
0.3	5.85098	1
0.3	-101.219	1
0.3	-108.641	1
0.3	-9.22303	1
0.3	153.448	1
0.3	-167.934	1
0.3	-162.626	1
0.3	128.764	1
0.3	-56.964	1
0.3	-41.9302	1
0.3	-15.8584	1
0.3	-168.378	1
0.3	156.981	1
0.3	76.6243	1
0.3	-52.1572	1
0.3	-17.2436	1
0.3	158.811	1
0.3	148.434	1
0.3	81.8722	1
0.3	-124.896	1
0.3	142.237	1
0.3	-71.6374	1
0.3	-138.011	1
0.3	-149.163	1
0.3	-13.7304	1
0.3	172.739	1
0.3	-3.00645	1
0.3	-9.78179	1
0.3	-153.403	1
0.3	-130.831	1
0.3	100.086	1
0.3	-23.8939	1
0.3	-174.587	1
0.3	-69.3976	1
0.3	66.534	1
0.3	-142.45	1
0.3	124.426	1
0.3	-128.036	1
0.3	103.42	1
0.3	-27.8132	1
0.3	179.195	1
0.3	25.2838	1
0.3	78.9301	1
0.3	-46.0776	1
0.3	112.475	1
0.3	-128.826	1
0.3	38.8784	1
0.3	-34.2232	1
0.3	-179.031	1
0.3	91.146	1
0.3	-96.7797	1
0.3	85.3744	1
0.3	-65.2504	1
0.3	-35.9913	1
0.3	-169.149	1
0.3	-111.866	1
0.3	-24.227	1
0.3	-71.5409	1
0.3	-148.58	1
0.3	-39.3231	1
0.3	5.28006	1
0.3	-86.6473	1
0.3	-102.574	1
0.3	-41.4914	1
0.3	175.114	1
0.3	141.28	1
0.3	42.6184	1
0.3	31.076	1
0.3	-61.6628	1
0.3	-150.245	1
0.3	44.1289	1
0.3	-4.702	1
0.3	137.411	1
0.3	21.3973	1
0.3	-119.012	1
0.3	39.6476	1
0.3	-153.393	1
0.3	-171.57	1
0.3	-1.18747	1
0.3	-34.0186	1
0.3	-1.02178	1
0.3	-145.868	1
0.3	-142.914	1
0.3	-140.777	1
0.3	67.3036	1
0.3	140.163	1
0.3	48.3965	1
0.3	-80.0733	1
0.3	-178.92	1
0.3	-109.101	1
0.3	165.658	1
0.3	12.6814	1
0.3	-135.862	1
0.3	125.018	1
0.3	-7.53299	1
0.3	14.2871	1
0.3	-150.769	1
0.3	-150.568	1
0.3	-129.001	1
0.3	67.1746	1
0.3	91.4725	-0.065
0.3	10.767	-0.065
0.3	-179.598	-0.065
0.3	-145.593	-0.065
0.3	3.05851	-0.065
0.3	-141.347	-0.065
0.3	57.4718	-0.065
0.3	-123.35	-0.065
0.3	-92.7159	-0.065
0.3	-70.0658	-0.065
0.3	-164.118	-0.065
0.3	145.471	-0.065
0.3	56.1714	-0.065
0.3	35.8462	-0.065
0.3	-148.942	-0.065
0.3	105.202	-0.065
0.3	-35.0128	-0.065
0.3	-46.2327	-0.065
0.3	84.3082	-0.065
0.3	-156.207	-0.065
0.3	-135.676	-0.065
0.3	-114.094	-0.065
0.3	171.008	-0.065
0.3	-109.718	-0.065
0.3	60.6039	-0.065
0.3	-125.689	-0.065
0.3	-88.8806	-0.065
0.3	-69.4391	-0.065
0.3	157.914	-0.065
0.3	-53.5085	-0.065
0.3	-137.898	-0.065
0.3	6.74761	-0.065
0.3	-104.874	-0.065
0.3	52.596	-0.065
0.3	-97.1913	-0.065
0.3	-151.169	-0.065
0.3	38.3193	-0.065
0.3	-6.52134	-0.065
0.3	102.297	-0.065
0.3	-88.3479	-0.065
0.3	59.942	-0.065
0.3	-67.9476	-0.065
0.3	89.0386	-0.065
0.3	108.64	-0.065
0.3	-153.448	-0.065
0.3	98.718	-0.065
0.3	-131.507	-0.065
0.3	-59.9822	-0.065
0.3	1.58057	-0.065
0.3	90.0356	-0.065
0.3	153.536	-0.065
0.3	-7.67541	-0.065
0.3	178.821	-0.065
0.3	165.595	-0.065
0.3	123.792	-0.065
0.3	-133.516	-0.065
0.3	68.7426	-0.065
0.3	49.5373	-0.065
0.3	33.983	-0.065
0.3	25.6078	-0.065
0.3	-26.0414	-0.065
0.3	-11.561	-0.065
0.3	-173.676	-0.065
0.3	-165.804	-0.065
0.3	22.9508	-0.065
0.3	-150.657	-0.065
0.3	-41.9563	-0.065
0.3	-39.4511	-0.065
0.3	159.21	-0.065
0.3	-175.639	-0.065
0.3	98.9151	-0.065
0.3	56.9962	-0.065
0.3	-77.9359	-0.065
0.3	99.2412	-0.065
0.3	144.532	-0.065
0.3	-51.9624	-0.065
0.3	169.13	-0.065
0.3	-8.21439	-0.065
0.3	125.452	-0.065
0.3	92.4054	-0.065
0.3	-42.5815	-0.065
0.3	-20.6089	-0.065
0.3	-28.4684	-0.065
0.3	124.982	-0.065
0.3	-153.743	-0.065
0.3	-103.003	-0.065
0.3	-175.554	-0.065
0.3	56.2573	-0.065
0.3	-169.712	-0.065
0.3	-159.766	-0.065
0.3	87.5402	-0.065
0.3	-11.7552	-0.065
0.3	170.018	-0.065
0.3	-147.089	-0.065
0.3	-7.33419	-0.065
0.3	72.0881	-0.065
0.3	20.7712	-0.065
0.3	131.869	-0.065
0.3	30.723	-0.065
0.3	-31.6985	-0.065
0.3	-120.961	-0.065
0.3	34.9463	-0.065
0.3	83.5919	-0.065
0.3	154.774	-0.065
0.3	-139.305	-0.065
0.3	170.549	-0.065
0.3	152.489	-0.065
0.3	29.5559	-0.065
0.3	-10.1778	-0.065
0.3	14.9857	-0.065
0.3	1.03418	-0.065
0.3	54.0288	-0.065
0.3	-27.1449	-0.065
0.3	-106.571	-0.065
0.3	-35.5724	-0.065
0.3	25.7634	-0.065
0.3	44.1627	-0.065
0.3	-88.6045	-0.065
0.3	146.481	-0.065
0.3	-72.1689	-0.065
0.3	108.923	-0.065
0.3	-137.888	-0.065
0.3	-51.4003	-0.065
0.3	-63.4182	-0.065
0.3	150.342	-0.065
0.3	106.77	-0.065
0.3	-5.1987	-0.065
0.3	-120.166	-0.065
0.3	44.8589	-0.065
0.3	173.113	-0.065
0.3	-112.851	-0.065
0.3	171.933	-0.065
0.3	135.45	-0.065
0.3	-101.988	-0.065
0.3	-43.6452	-0.065
0.3	-130.784	-0.065
0.3	20.7912	-0.065
0.3	-125.287	-0.065
0.3	89.98	-0.065
0.3	-168.45	-0.065
0.3	16.9247	-0.065
0.3	68.3283	-0.065
0.3	-116.925	-0.065
0.3	-47.3363	-0.065
0.3	97.7308	-0.065
0.3	36.913	-0.065
0.3	-152.752	-0.065
0.3	113.928	-0.065
0.3	-140.808	-0.065
0.3	103.771	-0.065
0.3	-104.912	-0.065
0.3	39.2039	-0.065
0.3	-9.47206	-0.065
0.3	168.772	-0.065
0.3	11.7772	-0.065
0.3	-60.009	-0.065
0.3	12.8567	-0.065
0.3	149.995	-0.065
0.3	138.29	-0.065
0.3	114.976	-0.065
0.3	50.2836	-0.065
0.3	-115.241	-0.065
0.3	146.41	-0.065
-0.3	-65.9809	1
-0.3	-15.7692	1
-0.3	178.199	1
-0.3	-59.5352	1
-0.3	150.285	1
-0.3	20.57	1
-0.3	96.5412	1
-0.3	-69.8566	1
-0.3	101.637	1
-0.3	-6.13626	1
-0.3	-115.236	1
-0.3	-63.8719	1
-0.3	144.769	1
-0.3	-34.2117	1
-0.3	-61.8413	1
-0.3	151.45	1
-0.3	82.7342	1
-0.3	-84.5696	1
-0.3	166.01	1
-0.3	177.898	1
-0.3	-100.485	1
-0.3	-93.4752	1
-0.3	-84.2847	1
-0.3	-72.6807	1
-0.3	31.5913	1
-0.3	-106.593	1
-0.3	-88.764	1
-0.3	106.782	1
-0.3	89.5857	1
-0.3	44.4837	1
-0.3	-0.0378171	1
-0.3	-43.9725	1
-0.3	157.447	1
-0.3	153.185	1
-0.3	102.336	1
-0.3	56.2073	1
-0.3	26.2742	1
-0.3	11.1942	1
-0.3	-118.215	1
-0.3	-155.377	1
-0.3	90.5658	1
-0.3	-100.782	1
-0.3	63.7487	1
-0.3	-62.042	1
-0.3	21.0336	1
-0.3	26.3398	1
-0.3	-92.5314	1
-0.3	-125.678	1
-0.3	86.4488	1
-0.3	-51.1239	1
-0.3	14.5263	1
-0.3	122.132	1
-0.3	-51.9512	1
-0.3	-104.507	1
-0.3	-85.9207	1
-0.3	-112.698	1
-0.3	-177.925	1
-0.3	-132.463	1
-0.3	7.27501	1
-0.3	38.731	1
-0.3	-152.87	1
-0.3	129.912	1
-0.3	13.1416	1
-0.3	33.8748	1
-0.3	-166.886	1
-0.3	-28.7107	1
-0.3	77.0142	1
-0.3	46.1557	1
-0.3	-41.7985	1
-0.3	-43.8005	1
-0.3	-63.8268	1
-0.3	108.045	1
-0.3	-81.5985	1
-0.3	-1.07301	1
-0.3	179.133	1
-0.3	172.4	1
-0.3	154.522	1
-0.3	-79.969	1
-0.3	120.772	1
-0.3	-102.503	1
-0.3	38.6192	1
-0.3	103.042	1
-0.3	53.8409	1
-0.3	-144.002	1
-0.3	-167.445	1
-0.3	-96.8576	1
-0.3	37.1007	1
-0.3	26.2931	1
-0.3	-174.782	1
-0.3	17.783	1
-0.3	7.23171	1
-0.3	-167.534	1
-0.3	160.062	1
-0.3	45.1142	1
-0.3	-34.9394	1
-0.3	-103.65	1
-0.3	-107.716	1
-0.3	44.4598	1
-0.3	82.7529	1
-0.3	-176.407	1
-0.3	154.722	1
-0.3	-179.67	1
-0.3	133.509	1
-0.3	-25.8444	1
-0.3	-71.7508	1
-0.3	-148.329	1
-0.3	86.5157	1
-0.3	-92.1738	1
-0.3	164.242	1
-0.3	169.424	1
-0.3	25.108	1
-0.3	118.915	1
-0.3	-46.3423	1
-0.3	156.534	1
-0.3	-32.7563	1
-0.3	158.578	1
-0.3	-5.13342	1
-0.3	70.8945	1
-0.3	123.848	1
-0.3	-145.895	1
-0.3	100.447	1
-0.3	75.7823	1
-0.3	157.695	1
-0.3	137.416	1
-0.3	-44.9728	1
-0.3	10.4296	1
-0.3	53.0803	1
-0.3	111.186	1
-0.3	156.805	1
-0.3	-172.395	1
-0.3	-19.4121	1
-0.3	24.0061	1
-0.3	106.423	1
-0.3	-127.858	1
-0.3	-162.687	1
-0.3	-11.8902	1
-0.3	-114.092	1
-0.3	124.093	1
-0.3	-126.125	1
-0.3	-154.652	1
-0.3	64.6791	1
-0.3	-112.306	1
-0.3	-99.3597	1
-0.3	-3.03796	1
-0.3	-158.535	1
-0.3	159.126	1
-0.3	159.759	1
-0.3	-96.4815	1
-0.3	-80.2307	1
-0.3	-12.9132	1
-0.3	-124.073	1
-0.3	-36.533	1
-0.3	163.239	1
-0.3	-52.4915	1
-0.3	-136.478	1
-0.3	116.307	1
-0.3	-176.572	1
-0.3	38.7278	1
-0.3	-29.1005	1
-0.3	-77.0138	1
-0.3	169.981	1
-0.3	129.982	1
-0.3	65.5335	1
-0.3	-172.989	1
-0.3	20.0851	1
-0.3	149.022	1
-0.3	-34.7062	1
-0.3	-6.75858	1
-0.3	-32.705	1
-0.3	-153.559	1
-0.3	-50.1184	1
-0.3	-143.574	1
-0.3	158.057	1
-0.3	134.356	1
-0.3	3.20108	1
-0.3	-104.369	1
-0.3	-17.4258	1
-0.3	-149.115	1
-0.3	84.2527	1
-0.3	31.8255	1
-0.3	-30.288	1
-0.3	-119.075	1
-0.3	-37.1897	1
-0.3	28.6558	1
-0.3	106.338	1
-0.3	-162.669	1
-0.3	-135.972	1
-0.3	175.343	1
-0.3	-101.566	1
-0.3	89.6466	1
-0.3	53.2625	1
-0.3	-52.898	1
-0.3	81.2248	1
-0.3	-128.179	1
-0.3	107.458	1
-0.3	-53.2454	1
-0.3	170.455	1
-0.3	-5.99078	1
-0.3	-59.9615	1
-0.3	67.2588	1
-0.3	-95.4496	1
-0.3	-153.361	1
-0.3	-81.4923	1
-0.3	100.173	1
-0.3	-78.1199	1
-0.3	116.034	1
-0.3	12.2244	1
-0.3	109.045	-0.065
-0.3	59.3728	-0.065
-0.3	53.2658	-0.065
-0.3	-78.2923	-0.065
-0.3	-20.6761	-0.065
-0.3	-75.0917	-0.065
-0.3	92.0665	-0.065
-0.3	92.9348	-0.065
-0.3	-168.821	-0.065
-0.3	-170.329	-0.065
-0.3	134.863	-0.065
-0.3	43.0854	-0.065
-0.3	-18.9842	-0.065
-0.3	20.9033	-0.065
-0.3	139.294	-0.065
-0.3	-51.127	-0.065
-0.3	-135.572	-0.065
-0.3	33.2681	-0.065
-0.3	-153.62	-0.065
-0.3	-131.676	-0.065
-0.3	12.986	-0.065
-0.3	-97.8138	-0.065
-0.3	140.847	-0.065
-0.3	-84.694	-0.065
-0.3	123.211	-0.065
-0.3	142.449	-0.065
-0.3	161.434	-0.065
-0.3	-97.6914	-0.065
-0.3	-4.55265	-0.065
-0.3	-13.6734	-0.065
-0.3	-70.218	-0.065
-0.3	-137.898	-0.065
-0.3	-100.635	-0.065
-0.3	51.2228	-0.065
-0.3	175.665	-0.065
-0.3	-97.3223	-0.065
-0.3	168.649	-0.065
-0.3	-56.0315	-0.065
-0.3	-126.342	-0.065
-0.3	-103.623	-0.065
-0.3	-11.2513	-0.065
-0.3	116.022	-0.065
-0.3	76.0629	-0.065
-0.3	-166.241	-0.065
-0.3	-151.981	-0.065
-0.3	-177.674	-0.065
-0.3	50.8528	-0.065
-0.3	70.3284	-0.065
-0.3	131.181	-0.065
-0.3	-6.7805	-0.065
-0.3	-27.8912	-0.065
-0.3	-90.5561	-0.065
-0.3	155.004	-0.065
-0.3	-92.4716	-0.065
-0.3	-177.13	-0.065
-0.3	119.766	-0.065
-0.3	139.466	-0.065
-0.3	90.2222	-0.065
-0.3	-157.805	-0.065
-0.3	-88.2529	-0.065
-0.3	70.3961	-0.065
-0.3	-68.8222	-0.065
-0.3	-47.8937	-0.065
-0.3	164.204	-0.065
-0.3	119.376	-0.065
-0.3	100.411	-0.065
-0.3	-171.133	-0.065
-0.3	-156.799	-0.065
-0.3	-117.428	-0.065
-0.3	44.9706	-0.065
-0.3	35.813	-0.065
-0.3	142.106	-0.065
-0.3	-82.8976	-0.065
-0.3	179.399	-0.065
-0.3	79.7422	-0.065
-0.3	-157.189	-0.065
-0.3	-113.126	-0.065
-0.3	164.476	-0.065
-0.3	90.8987	-0.065
-0.3	-73.2596	-0.065
-0.3	175.159	-0.065
-0.3	-139.806	-0.065
-0.3	-160.189	-0.065
-0.3	93.4753	-0.065
-0.3	37.2716	-0.065
-0.3	166.69	-0.065
-0.3	-135.214	-0.065
-0.3	4.6356	-0.065
-0.3	156.632	-0.065
-0.3	54.2014	-0.065
-0.3	-175.904	-0.065
-0.3	107.93	-0.065
-0.3	23.0598	-0.065
-0.3	59.6848	-0.065
-0.3	104.677	-0.065
-0.3	88.9854	-0.065
-0.3	70.8306	-0.065
-0.3	-139.248	-0.065
-0.3	125.161	-0.065
-0.3	151.016	-0.065
-0.3	-122.364	-0.065
-0.3	-79.0971	-0.065
-0.3	-60.073	-0.065
-0.3	121.98	-0.065
-0.3	127.126	-0.065
-0.3	-106.287	-0.065
-0.3	-113.466	-0.065
-0.3	162.917	-0.065
-0.3	149.459	-0.065
-0.3	107.779	-0.065
-0.3	-2.06273	-0.065
-0.3	-56.0506	-0.065
-0.3	-92.034	-0.065
-0.3	-149.775	-0.065
-0.3	-108.985	-0.065
-0.3	48.3259	-0.065
-0.3	-170.659	-0.065
-0.3	-122.196	-0.065
-0.3	-92.6419	-0.065
-0.3	71.5953	-0.065
-0.3	-103.154	-0.065
-0.3	-5.97713	-0.065
-0.3	-99.2772	-0.065
-0.3	129.715	-0.065
-0.3	112.074	-0.065
-0.3	100.302	-0.065
-0.3	80.3439	-0.065
-0.3	77.9568	-0.065
-0.3	140.172	-0.065
-0.3	104.823	-0.065
-0.3	145.796	-0.065
-0.3	57.2438	-0.065
-0.3	153.83	-0.065
-0.3	91.6188	-0.065
-0.3	-74.7587	-0.065
-0.3	-105.346	-0.065
-0.3	9.1415	-0.065
-0.3	-159.537	-0.065
-0.3	-142.354	-0.065
-0.3	-93.8534	-0.065
-0.3	-120.514	-0.065
-0.3	25.1962	-0.065
-0.3	160.935	-0.065
-0.3	-24.2958	-0.065
-0.3	-54.0775	-0.065
-0.3	121.402	-0.065
-0.3	-87.988	-0.065
-0.3	61.2682	-0.065
-0.3	115.919	-0.065
-0.3	102.986	-0.065
-0.3	-101.617	-0.065
-0.3	122.174	-0.065
-0.3	-123.294	-0.065
-0.3	-25.98	-0.065
-0.3	95.3073	-0.065
-0.3	59.2901	-0.065
-0.3	-4.93477	-0.065
-0.3	-137.108	-0.065
-0.3	-28.557	-0.065
-0.3	-95.7117	-0.065
