pol.	phi	weight
0.3	-36.9361	1
0.3	159.527	1
0.3	146.961	1
0.3	-123.636	1
0.3	-42.2526	1
0.3	-53.3426	1
0.3	145.999	1
0.3	-76.2765	1
0.3	-175.98	1
0.3	-96.2467	1
0.3	-29.089	1
0.3	-43.5029	1
0.3	-112.237	1
0.3	78.6904	1
0.3	28.6442	1
0.3	-54.0201	1
0.3	150.395	1
0.3	40.1379	1
0.3	104.677	1
0.3	-113.634	1
0.3	-66.6818	1
0.3	122.881	1
0.3	-78.4864	1
0.3	28.6561	1
0.3	-31.5181	1
0.3	-108.085	1
0.3	-64.0279	1
0.3	123.165	1
0.3	66.2786	1
0.3	-165.461	1
0.3	71.7376	1
0.3	160.087	1
0.3	50.355	1
0.3	96.111	1
0.3	-33.765	1
0.3	-31.005	1
0.3	9.62745	1
0.3	2.77702	1
0.3	-109.308	1
0.3	-50.0031	1
0.3	114.45	1
0.3	126.773	1
0.3	172.307	1
0.3	-34.212	1
0.3	57.9381	1
0.3	113.51	1
0.3	25.595	1
0.3	-88.9396	1
0.3	3.72273	1
0.3	98.6679	1
0.3	141.664	1
0.3	38.7275	1
0.3	-22.2792	1
0.3	151.643	1
0.3	48.7901	1
0.3	96.6383	1
0.3	27.2495	1
0.3	-17.0734	1
0.3	88.0201	1
0.3	101.171	1
0.3	-9.29942	1
0.3	19.7451	1
0.3	-123.038	1
0.3	-134.411	1
0.3	-125.92	1
0.3	-118.713	1
0.3	-28.0849	1
0.3	-170.149	1
0.3	27.6342	1
0.3	-178.774	1
0.3	141.923	1
0.3	-25.8169	1
0.3	-123.135	1
0.3	-153.206	1
0.3	-72.5367	1
0.3	137.094	1
0.3	52.7917	1
0.3	6.37891	1
0.3	-116.126	1
0.3	166.187	1
0.3	55.929	1
0.3	-24.4217	1
0.3	116.455	1
0.3	35.2449	1
0.3	141.539	1
0.3	59.6465	1
0.3	93.684	1
0.3	76.1233	1
0.3	-170.91	1
0.3	-138.847	1
0.3	-36.233	1
0.3	-28.5972	1
0.3	-90.1495	1
0.3	-73.9133	1
0.3	101.635	1
0.3	94.3265	1
0.3	55.6943	1
0.3	-157.424	1
0.3	141.501	1
0.3	23.0181	1
0.3	152.058	1
0.3	147.107	1
0.3	63.47	1
0.3	51.3745	1
0.3	170.524	1
0.3	-176.616	1
0.3	-91.5126	1
0.3	12.2568	1
0.3	-58.9335	1
0.3	5.69372	1
0.3	58.5656	1
0.3	105.536	1
0.3	36.6392	1
0.3	-133.773	1
0.3	97.526	1
0.3	29.9656	1
0.3	-99.6807	1
0.3	-101.015	1
0.3	-44.878	1
0.3	65.4792	1
0.3	-52.2103	1
0.3	37.4189	1
0.3	-175.478	1
0.3	-176.018	1
0.3	-25.3778	1
0.3	164.366	1
0.3	-50.1605	1
0.3	-114.902	1
0.3	51.1492	1
0.3	-131.655	1
0.3	-70.8884	1
0.3	-33.0029	1
0.3	-19.1726	1
0.3	13.1926	1
0.3	164.501	1
0.3	117.813	1
0.3	-50.7839	1
0.3	-166.403	1
0.3	177.865	1
0.3	-29.6265	1
0.3	91.6336	1
0.3	67.7895	1
0.3	-83.2494	1
0.3	171.826	1
0.3	153.197	1
0.3	-106.011	1
0.3	-34.7965	1
0.3	27.1069	1
0.3	96.9012	1
0.3	-66.1799	1
0.3	1.18296	1
0.3	37.0367	1
0.3	-67.1275	1
0.3	-116.703	1
0.3	151.262	1
0.3	-147.819	1
0.3	-17.2118	1
0.3	-118.505	1
0.3	97.2893	1
0.3	168.571	1
0.3	-56.601	1
0.3	160.933	1
0.3	-35.6202	1
0.3	-87.9645	1
0.3	8.53221	1
0.3	103.471	1
0.3	-15.4098	1
0.3	-50.8212	1
0.3	-135.61	1
0.3	-133.412	1
0.3	178.422	1
0.3	11.3974	1
0.3	-108.801	1
0.3	-77.018	1
0.3	-173.438	1
0.3	80.9343	1
0.3	88.48	1
0.3	137.152	1
0.3	-160.994	1
0.3	-6.60505	1
0.3	-157.667	1
0.3	-63.2125	1
0.3	-91.416	1
0.3	78.1715	1
0.3	69.347	1
0.3	161.76	1
0.3	-25.6751	1
0.3	179.414	1
0.3	-95.6513	1
0.3	78.3685	1
0.3	-82.7186	1
0.3	-150.605	1
0.3	-56.8059	1
0.3	135.57	1
0.3	-59.3685	1
0.3	13.6996	1
0.3	49.9087	1
0.3	-1.75985	1
0.3	112	1
0.3	62.4536	1
0.3	-77.3901	1
0.3	101.298	1
0.3	116.152	1
0.3	-99.8489	1
0.3	10.0055	1
0.3	75.8915	1
0.3	93.9499	1
0.3	164.378	1
0.3	-34.5166	1
0.3	-151.775	1
0.3	-145.633	1
0.3	-63.4298	1
0.3	-167.36	1
0.3	123.439	1
0.3	-129.79	1
0.3	-79.3113	1
0.3	56.3865	1
0.3	62.0323	1
0.3	25.4036	1
0.3	73.1684	-0.065
0.3	11.7404	-0.065
0.3	62.8828	-0.065
0.3	-122.566	-0.065
0.3	-31.1825	-0.065
0.3	-141.206	-0.065
0.3	13.8193	-0.065
0.3	-54.5778	-0.065
0.3	-93.7355	-0.065
0.3	-154.153	-0.065
0.3	-80.9458	-0.065
0.3	-138.452	-0.065
0.3	34.6357	-0.065
0.3	-120.166	-0.065
0.3	112.495	-0.065
0.3	160.519	-0.065
0.3	32.3137	-0.065
0.3	-18.9212	-0.065
0.3	2.15359	-0.065
0.3	-152.551	-0.065
0.3	152.574	-0.065
0.3	-41.5868	-0.065
0.3	-76.3404	-0.065
0.3	82.3063	-0.065
0.3	133.43	-0.065
0.3	16.278	-0.065
0.3	58.7168	-0.065
0.3	-126.651	-0.065
0.3	34.0851	-0.065
0.3	-13.5188	-0.065
0.3	107.369	-0.065
0.3	82.193	-0.065
0.3	90.0896	-0.065
0.3	-117.117	-0.065
0.3	-6.6942	-0.065
0.3	-173.948	-0.065
0.3	31.1667	-0.065
0.3	69.4161	-0.065
0.3	-72.3217	-0.065
0.3	-178	-0.065
0.3	-145.551	-0.065
0.3	108.724	-0.065
0.3	45.0841	-0.065
0.3	-139.631	-0.065
0.3	-19.653	-0.065
0.3	84.6038	-0.065
0.3	-101.786	-0.065
0.3	90.9004	-0.065
0.3	-104.929	-0.065
0.3	170.601	-0.065
0.3	-61.3155	-0.065
0.3	36.5402	-0.065
0.3	21.9156	-0.065
0.3	-174.847	-0.065
0.3	-170.73	-0.065
0.3	21.8219	-0.065
0.3	10.5241	-0.065
0.3	139.575	-0.065
0.3	123.03	-0.065
0.3	137.066	-0.065
0.3	-100.614	-0.065
0.3	77.7965	-0.065
0.3	-140.429	-0.065
0.3	-153.783	-0.065
0.3	27.8048	-0.065
0.3	-46.4967	-0.065
0.3	-3.46733	-0.065
0.3	41.0529	-0.065
0.3	14.1992	-0.065
0.3	-76.2025	-0.065
0.3	-137.656	-0.065
0.3	-167.895	-0.065
0.3	-116.868	-0.065
0.3	141.846	-0.065
0.3	71.3156	-0.065
0.3	-125.882	-0.065
0.3	5.3533	-0.065
0.3	-114.139	-0.065
0.3	157.834	-0.065
0.3	162.688	-0.065
0.3	-122.548	-0.065
0.3	77.7108	-0.065
0.3	-95.6558	-0.065
0.3	151.21	-0.065
0.3	48.918	-0.065
0.3	-124.299	-0.065
0.3	-28.1026	-0.065
0.3	125.29	-0.065
0.3	52.6979	-0.065
0.3	-159.935	-0.065
0.3	166.253	-0.065
0.3	-60.1498	-0.065
0.3	-5.65077	-0.065
0.3	-28.6943	-0.065
0.3	-78.0695	-0.065
0.3	-83.3055	-0.065
0.3	-0.208007	-0.065
0.3	-109.221	-0.065
0.3	1.07185	-0.065
0.3	85.7668	-0.065
0.3	-24.8098	-0.065
0.3	34.5547	-0.065
0.3	130.087	-0.065
0.3	-122.89	-0.065
0.3	-123.058	-0.065
0.3	-131.447	-0.065
0.3	-136.477	-0.065
0.3	-55.0894	-0.065
0.3	-108.474	-0.065
0.3	95.126	-0.065
0.3	-114.831	-0.065
0.3	95.7885	-0.065
0.3	64.1343	-0.065
0.3	137.712	-0.065
0.3	54.9959	-0.065
0.3	96.6944	-0.065
0.3	107.363	-0.065
0.3	-142.65	-0.065
0.3	-135.331	-0.065
0.3	-122.883	-0.065
0.3	69.291	-0.065
0.3	-168.123	-0.065
0.3	40.9741	-0.065
0.3	150.01	-0.065
0.3	-24.8314	-0.065
0.3	2.52545	-0.065
0.3	65.091	-0.065
0.3	46.7503	-0.065
0.3	-111.135	-0.065
0.3	178.05	-0.065
0.3	-130.839	-0.065
0.3	-61.4567	-0.065
0.3	58.8546	-0.065
0.3	89.5841	-0.065
0.3	70.4868	-0.065
0.3	-118.517	-0.065
0.3	146.637	-0.065
0.3	-104.762	-0.065
0.3	-102.634	-0.065
0.3	-94.1226	-0.065
0.3	-120.053	-0.065
0.3	7.1709	-0.065
0.3	147.164	-0.065
0.3	79.9715	-0.065
0.3	-49.0186	-0.065
0.3	-22.3031	-0.065
0.3	-167.895	-0.065
0.3	54.4602	-0.065
0.3	-64.0077	-0.065
0.3	-26.1502	-0.065
0.3	100.952	-0.065
0.3	63.6679	-0.065
0.3	-2.74869	-0.065
0.3	-81.0196	-0.065
0.3	116.167	-0.065
0.3	123.778	-0.065
0.3	147.619	-0.065
0.3	-78.8152	-0.065
0.3	76.297	-0.065
0.3	15.8426	-0.065
0.3	-34.6462	-0.065
0.3	-177.906	-0.065
0.3	39.5069	-0.065
0.3	55.8406	-0.065
0.3	73.2358	-0.065
0.3	-83.0682	-0.065
0.3	-141.813	-0.065
0.3	-163.049	-0.065
0.3	66.0721	-0.065
0.3	95.7428	-0.065
-0.3	14.6516	1
-0.3	26.937	1
-0.3	17.8741	1
-0.3	4.51797	1
-0.3	-71.2046	1
-0.3	-62.6671	1
-0.3	27.2126	1
-0.3	4.73983	1
-0.3	95.6446	1
-0.3	-140.348	1
-0.3	-167.062	1
-0.3	173.458	1
-0.3	86.1867	1
-0.3	163.064	1
-0.3	98.4198	1
-0.3	-64.1277	1
-0.3	48.2037	1
-0.3	-128.452	1
-0.3	169.535	1
-0.3	11.4013	1
-0.3	173.372	1
-0.3	54.9458	1
-0.3	-146.479	1
-0.3	130.642	1
-0.3	47.912	1
-0.3	68.744	1
-0.3	141.225	1
-0.3	-30.4032	1
-0.3	115.541	1
-0.3	163.56	1
-0.3	71.3683	1
-0.3	-117.121	1
-0.3	40.2818	1
-0.3	103.484	1
-0.3	157.374	1
-0.3	-87.5359	1
-0.3	-103.63	1
-0.3	125.828	1
-0.3	94.3984	1
-0.3	-116.116	1
-0.3	-170.062	1
-0.3	-84.9538	1
-0.3	131.473	1
-0.3	-158.901	1
-0.3	-115.591	1
-0.3	118.27	1
-0.3	108.655	1
-0.3	77.4823	1
-0.3	-89.1472	1
-0.3	-7.22971	1
-0.3	94.515	1
-0.3	-51.6001	1
-0.3	-113.227	1
-0.3	-92.2184	1
-0.3	-71.0537	1
-0.3	27.326	1
-0.3	60.256	1
-0.3	-165.851	1
-0.3	-101.005	1
-0.3	-62.416	1
-0.3	-92.5134	1
-0.3	-106.463	1
-0.3	-78.3959	1
-0.3	-157.362	1
-0.3	159.434	1
-0.3	51.0601	1
-0.3	-134.394	1
-0.3	-5.38477	1
-0.3	-72.0642	1
-0.3	148.805	1
-0.3	-149.193	1
-0.3	-113.328	1
-0.3	-27.9878	1
-0.3	-125.678	1
-0.3	2.47384	1
-0.3	-150.338	1
-0.3	7.57118	1
-0.3	-136.076	1
-0.3	-89.1061	1
-0.3	-179.803	1
-0.3	-161.735	1
-0.3	35.1379	1
-0.3	-174.416	1
-0.3	46.1285	1
-0.3	51.628	1
-0.3	-169.768	1
-0.3	63.6795	1
-0.3	-48.253	1
-0.3	-126.491	1
-0.3	-165.575	1
-0.3	-162.401	1
-0.3	117.543	1
-0.3	-154.558	1
-0.3	-16.8574	1
-0.3	-55.7103	1
-0.3	67.7498	1
-0.3	70.4619	1
-0.3	-141.344	1
-0.3	162.024	1
-0.3	67.1532	1
-0.3	-66.9284	1
-0.3	-84.1167	1
-0.3	90.4546	1
-0.3	53.5144	1
-0.3	110.724	1
-0.3	-128.212	1
-0.3	-24.3861	1
-0.3	-114.813	1
-0.3	-111.691	1
-0.3	23.2325	1
-0.3	-8.0853	1
-0.3	-121.399	1
-0.3	56.2019	1
-0.3	10.9059	1
-0.3	52.4298	1
-0.3	-135.494	1
-0.3	-74.8935	1
-0.3	109.719	1
-0.3	27.2799	1
-0.3	100.332	1
-0.3	-124.2	1
-0.3	174.487	1
-0.3	-120.595	1
-0.3	-147.975	1
-0.3	16.8372	1
-0.3	-44.8773	1
-0.3	-112.661	1
-0.3	-114.66	1
-0.3	105.741	1
-0.3	60.0162	1
-0.3	-6.21582	1
-0.3	-110.517	1
-0.3	179.911	1
-0.3	46.5458	1
-0.3	2.98667	1
-0.3	-40.8893	1
-0.3	-126.041	1
-0.3	163.421	1
-0.3	-177.037	1
-0.3	116.676	1
-0.3	19.2483	1
-0.3	-111.987	1
-0.3	-95.3872	1
-0.3	-174.269	1
-0.3	54.952	1
-0.3	-75.445	1
-0.3	15.3266	1
-0.3	63.6839	1
-0.3	-139.355	1
-0.3	24.637	1
-0.3	-49.1175	1
-0.3	33.9853	1
-0.3	-81.0564	1
-0.3	165.931	1
-0.3	46.3639	1
-0.3	63.3119	1
-0.3	84.8807	1
-0.3	-93.8713	1
-0.3	143.397	1
-0.3	24.4968	1
-0.3	178.362	1
-0.3	-35.5709	1
-0.3	-50.5912	1
-0.3	2.19151	1
-0.3	-109.308	1
-0.3	-179.552	1
-0.3	-165.73	1
-0.3	115.754	1
-0.3	89.9909	1
-0.3	139.066	1
-0.3	-64.7809	1
-0.3	68.8009	1
-0.3	37.2341	1
-0.3	90.2939	1
-0.3	-39.8083	1
-0.3	152.977	1
-0.3	-114.415	1
-0.3	-107.067	1
-0.3	86.5295	1
-0.3	146.048	1
-0.3	167.375	1
-0.3	-145.037	1
-0.3	-168.199	1
-0.3	-87.2264	1
-0.3	150.479	1
-0.3	19.0249	1
-0.3	58.6558	1
-0.3	-35.5312	1
-0.3	-95.2536	1
-0.3	-110.054	1
-0.3	-38.2102	1
-0.3	-42.5497	1
-0.3	-137.535	1
-0.3	-143.809	1
-0.3	-23.9017	1
-0.3	-2.90579	1
-0.3	-18.3596	1
-0.3	-109.734	1
-0.3	129.759	1
-0.3	31.7851	1
-0.3	-30.3314	1
-0.3	-37.0548	1
-0.3	43.7007	1
-0.3	171.433	1
-0.3	162.89	1
-0.3	28.6265	1
-0.3	176.786	1
-0.3	-133.399	1
-0.3	-18.2098	1
-0.3	120.182	1
-0.3	-167.119	1
-0.3	-87.5771	-0.065
-0.3	132.034	-0.065
-0.3	-43.4364	-0.065
-0.3	60.6309	-0.065
-0.3	-100.025	-0.065
-0.3	33.9764	-0.065
-0.3	-65.0841	-0.065
-0.3	12.7368	-0.065
-0.3	10.2815	-0.065
-0.3	-4.10322	-0.065
-0.3	167.109	-0.065
-0.3	-60.7411	-0.065
-0.3	-49.7742	-0.065
-0.3	151.219	-0.065
-0.3	-16.0797	-0.065
-0.3	162.913	-0.065
-0.3	97.7793	-0.065
-0.3	8.6848	-0.065
-0.3	168.761	-0.065
-0.3	53.3961	-0.065
-0.3	95.4383	-0.065
-0.3	-142.854	-0.065
-0.3	-71.9383	-0.065
-0.3	50.9702	-0.065
-0.3	-70.5367	-0.065
-0.3	179.795	-0.065
-0.3	3.69444	-0.065
-0.3	42.1616	-0.065
-0.3	176.994	-0.065
-0.3	140.563	-0.065
-0.3	129.252	-0.065
-0.3	155.328	-0.065
-0.3	121.216	-0.065
-0.3	145.89	-0.065
-0.3	-87.0184	-0.065
-0.3	-177.093	-0.065
-0.3	162.271	-0.065
-0.3	110.497	-0.065
-0.3	175.155	-0.065
-0.3	75.1801	-0.065
-0.3	-3.08698	-0.065
-0.3	-33.8707	-0.065
-0.3	102.575	-0.065
-0.3	-117.182	-0.065
-0.3	-177.308	-0.065
-0.3	15.965	-0.065
-0.3	125.62	-0.065
-0.3	-171.514	-0.065
-0.3	-12.484	-0.065
-0.3	-55.0086	-0.065
-0.3	-70.5941	-0.065
-0.3	148.312	-0.065
-0.3	133.602	-0.065
-0.3	-3.07341	-0.065
-0.3	-80.9195	-0.065
-0.3	137.13	-0.065
-0.3	13.36	-0.065
-0.3	-101.688	-0.065
-0.3	58.0157	-0.065
-0.3	-36.1878	-0.065
-0.3	-62.3649	-0.065
-0.3	-88.6292	-0.065
-0.3	-91.9056	-0.065
-0.3	133.277	-0.065
-0.3	118.244	-0.065
-0.3	-161.209	-0.065
-0.3	-71.408	-0.065
-0.3	145.183	-0.065
-0.3	130.29	-0.065
-0.3	-139.992	-0.065
-0.3	-177.18	-0.065
-0.3	-74.7366	-0.065
-0.3	40.1006	-0.065
-0.3	30.2622	-0.065
-0.3	-126.785	-0.065
-0.3	-17.6681	-0.065
-0.3	18.1779	-0.065
-0.3	-9.88363	-0.065
-0.3	174.001	-0.065
-0.3	39.5113	-0.065
-0.3	-68.8956	-0.065
-0.3	-65.2086	-0.065
-0.3	70.7271	-0.065
-0.3	-102.176	-0.065
-0.3	28.2224	-0.065
-0.3	105.218	-0.065
-0.3	-3.8016	-0.065
-0.3	53.1132	-0.065
-0.3	-62.5581	-0.065
-0.3	-27.5152	-0.065
-0.3	-67.5964	-0.065
-0.3	-31.1003	-0.065
-0.3	-169.068	-0.065
-0.3	43.2398	-0.065
-0.3	129.359	-0.065
-0.3	168.383	-0.065
-0.3	-126.122	-0.065
-0.3	-70.4534	-0.065
-0.3	-50.9818	-0.065
-0.3	44.767	-0.065
-0.3	96.0466	-0.065
-0.3	164.371	-0.065
-0.3	-63.2741	-0.065
-0.3	-115.504	-0.065
-0.3	77.8419	-0.065
-0.3	107.51	-0.065
-0.3	-152.861	-0.065
-0.3	-168.654	-0.065
-0.3	-35.5001	-0.065
-0.3	-62.391	-0.065
-0.3	97.5155	-0.065
-0.3	-67.8637	-0.065
-0.3	104.082	-0.065
-0.3	83.2323	-0.065
-0.3	5.5578	-0.065
-0.3	178.377	-0.065
-0.3	-118.139	-0.065
-0.3	136.76	-0.065
-0.3	-120.378	-0.065
-0.3	41.2213	-0.065
-0.3	-30.2859	-0.065
-0.3	65.5995	-0.065
-0.3	158.178	-0.065
-0.3	-44.1889	-0.065
-0.3	-44.4068	-0.065
-0.3	172.738	-0.065
-0.3	89.1829	-0.065
-0.3	-130.846	-0.065
-0.3	31.879	-0.065
-0.3	138.893	-0.065
-0.3	-142.027	-0.065
-0.3	-48.0707	-0.065
-0.3	-173.002	-0.065
-0.3	-169.377	-0.065
-0.3	-89.1571	-0.065
-0.3	-156.339	-0.065
-0.3	-38.0344	-0.065
-0.3	142.287	-0.065
-0.3	-67.1045	-0.065
-0.3	-95.9611	-0.065
-0.3	9.18202	-0.065
-0.3	-78.5333	-0.065
-0.3	30.5119	-0.065
-0.3	91.6022	-0.065
-0.3	-129.238	-0.065
-0.3	-85.0503	-0.065
-0.3	23.3834	-0.065
-0.3	28.9145	-0.065
-0.3	162.377	-0.065
-0.3	-103.031	-0.065
-0.3	-46.2621	-0.065
-0.3	-105.493	-0.065
-0.3	-77.4004	-0.065
-0.3	-83.1652	-0.065
-0.3	179.442	-0.065
-0.3	10.0887	-0.065
-0.3	-130.911	-0.065
-0.3	-177.048	-0.065
-0.3	163.802	-0.065
-0.3	-136.001	-0.065
-0.3	-8.4396	-0.065
-0.3	-10.1898	-0.065
-0.3	-93.4462	-0.065
