pol.	phi	weight
0.3	117.22	1
0.3	16.7594	1
0.3	-102.134	1
0.3	26.9705	1
0.3	141.877	1
0.3	42.7357	1
0.3	-69.0876	1
0.3	-30.5971	1
0.3	-66.0854	1
0.3	90.2981	1
0.3	108.626	1
0.3	-152.016	1
0.3	-112.816	1
0.3	-117.23	1
0.3	-178.443	1
0.3	14.2003	1
0.3	14.891	1
0.3	47.5202	1
0.3	-92.5729	1
0.3	-8.01911	1
0.3	129.693	1
0.3	-72.1691	1
0.3	-97.6372	1
0.3	85.4951	1
0.3	16.0649	1
0.3	80.1696	1
0.3	155.808	1
0.3	-165.551	1
0.3	-16.5897	1
0.3	102.046	1
0.3	162.88	1
0.3	-166.72	1
0.3	-99.5499	1
0.3	151.324	1
0.3	-115.212	1
0.3	-99.3228	1
0.3	-99.7257	1
0.3	124.342	1
0.3	15.7017	1
0.3	101.486	1
0.3	81.1626	1
0.3	-168.003	1
0.3	23.9802	1
0.3	-4.95143	1
0.3	4.00305	1
0.3	-52.2936	1
0.3	49.0486	1
0.3	-120.836	1
0.3	-141.33	1
0.3	29.9428	1
0.3	111.694	1
0.3	-16.1982	1
0.3	101.153	1
0.3	68.201	1
0.3	97.698	1
0.3	-117.358	1
0.3	-2.0024	1
0.3	-144.202	1
0.3	175.923	1
0.3	-111.487	1
0.3	106.1	1
0.3	-40.6945	1
0.3	-173.693	1
0.3	106.894	1
0.3	-10.36	1
0.3	-54.5756	1
0.3	-159.343	1
0.3	-165.393	1
0.3	-171.772	1
0.3	105.678	1
0.3	163.384	1
0.3	-60.2023	1
0.3	-152.138	1
0.3	-60.6703	1
0.3	40.3388	1
0.3	-178.215	1
0.3	10.3799	1
0.3	-86.2217	1
0.3	120.27	1
0.3	13.3672	1
0.3	12.1521	1
0.3	-13.8916	1
0.3	-161.52	1
0.3	38.3863	1
0.3	87.689	1
0.3	-70.4511	1
0.3	-140.52	1
0.3	62.9612	1
0.3	96.1145	1
0.3	-51.8332	1
0.3	-54.2263	1
0.3	-86.708	1
0.3	30.1379	1
0.3	99.0254	1
0.3	40.4637	1
0.3	56.236	1
0.3	126.55	1
0.3	-177.033	1
0.3	83.0269	1
0.3	-44.9238	1
0.3	150.663	1
0.3	145.861	1
0.3	-101.616	1
0.3	-20.8388	1
0.3	-31.7231	1
0.3	-81.903	1
0.3	8.74016	1
0.3	148.067	1
0.3	-53.8347	1
0.3	-20.6825	1
0.3	124.785	1
0.3	-92.7443	1
0.3	-115.237	1
0.3	52.5528	1
0.3	-95.2559	1
0.3	-82.1627	1
0.3	-159.648	1
0.3	123.534	1
0.3	-77.1354	1
0.3	7.56109	1
0.3	107.574	1
0.3	53.52	1
0.3	-61.1987	1
0.3	176.36	1
0.3	-178.439	1
0.3	-84.3664	1
0.3	89.5721	1
0.3	172.348	1
0.3	81.8204	1
0.3	-82.4315	1
0.3	-171.389	1
0.3	98.0702	1
0.3	-131.346	1
0.3	-66.1831	1
0.3	-17.9886	1
0.3	-61.8014	1
0.3	63.3938	1
0.3	104.738	1
0.3	130.354	1
0.3	177.824	1
0.3	24.1139	1
0.3	-66.434	1
0.3	61.5661	1
0.3	18.3375	1
0.3	-153.158	1
0.3	-74.9253	1
0.3	100.627	1
0.3	103.731	1
0.3	54.1384	1
0.3	90.0455	1
0.3	-114.316	1
0.3	-86.5572	1
0.3	154.136	1
0.3	113.982	1
0.3	172.702	1
0.3	148.124	1
0.3	21.1131	1
0.3	-78.0907	1
0.3	109.155	1
0.3	15.1151	1
0.3	-1.92212	1
0.3	-20.1017	1
0.3	-143.416	1
0.3	-93.3636	1
0.3	160.492	1
0.3	-159.252	1
0.3	-70.7957	1
0.3	-129.669	1
0.3	-3.45274	1
0.3	45.0153	1
0.3	176.125	1
0.3	130.731	1
0.3	159.91	1
0.3	132.549	1
0.3	-63.2013	1
0.3	148.951	1
0.3	-122.633	1
0.3	8.65917	1
0.3	-137.802	1
0.3	175.143	1
0.3	37.5401	1
0.3	-106.357	1
0.3	153.704	1
0.3	-14.7956	1
0.3	60.6245	1
0.3	67.9058	1
0.3	36.292	1
0.3	-104.11	1
0.3	53.7267	1
0.3	89.1072	1
0.3	-109.722	1
0.3	-13.2962	1
0.3	-2.7104	1
0.3	28.6725	1
0.3	77.6587	1
0.3	-150.376	1
0.3	173.941	1
0.3	21.2898	1
0.3	66.3471	1
0.3	178.924	1
0.3	-107.475	1
0.3	1.00974	1
0.3	-135.415	1
0.3	146.924	1
0.3	-108.71	1
0.3	-122.52	1
0.3	80.2969	1
0.3	51.802	-0.065
0.3	94.8434	-0.065
0.3	-138.26	-0.065
0.3	-62.5424	-0.065
0.3	-84.5444	-0.065
0.3	50.6605	-0.065
0.3	-25.319	-0.065
0.3	32.691	-0.065
0.3	70.2418	-0.065
0.3	-94.9559	-0.065
0.3	-163.461	-0.065
0.3	121.179	-0.065
0.3	-124.381	-0.065
0.3	-164.138	-0.065
0.3	-108.219	-0.065
0.3	-85.6899	-0.065
0.3	-112.435	-0.065
0.3	-36.2672	-0.065
0.3	103.957	-0.065
0.3	-64.2078	-0.065
0.3	-76.6803	-0.065
0.3	-75.7278	-0.065
0.3	6.7173	-0.065
0.3	-67.4114	-0.065
0.3	-120.543	-0.065
0.3	6.4073	-0.065
0.3	-151.537	-0.065
0.3	-76.006	-0.065
0.3	34.4798	-0.065
0.3	-147.937	-0.065
0.3	175.02	-0.065
0.3	-27.4734	-0.065
0.3	-62.9352	-0.065
0.3	141.779	-0.065
0.3	169.57	-0.065
0.3	25.9098	-0.065
0.3	-93.3411	-0.065
0.3	-64.6116	-0.065
0.3	-169.173	-0.065
0.3	17.677	-0.065
0.3	14.5334	-0.065
0.3	101.691	-0.065
0.3	-89.5733	-0.065
0.3	3.9963	-0.065
0.3	-89.9074	-0.065
0.3	-19.8189	-0.065
0.3	-0.855618	-0.065
0.3	-145.051	-0.065
0.3	-79.7815	-0.065
0.3	-122.212	-0.065
0.3	-105.789	-0.065
0.3	56.1698	-0.065
0.3	-70.6179	-0.065
0.3	5.73967	-0.065
0.3	-109.1	-0.065
0.3	-36.1723	-0.065
0.3	-171.557	-0.065
0.3	118.395	-0.065
0.3	49.0437	-0.065
0.3	-122.644	-0.065
0.3	-114.155	-0.065
0.3	177.342	-0.065
0.3	169.825	-0.065
0.3	-161.638	-0.065
0.3	-169.317	-0.065
0.3	95.7926	-0.065
0.3	-152.827	-0.065
0.3	79.3645	-0.065
0.3	76.6081	-0.065
0.3	84.1414	-0.065
0.3	88.1022	-0.065
0.3	-109.349	-0.065
0.3	-97.3553	-0.065
0.3	-162.247	-0.065
0.3	-56.5318	-0.065
0.3	-35.4399	-0.065
0.3	-88.7061	-0.065
0.3	-51.0879	-0.065
0.3	29.6233	-0.065
0.3	-129.447	-0.065
0.3	-131.209	-0.065
0.3	76.3486	-0.065
0.3	-143.717	-0.065
0.3	126.364	-0.065
0.3	162.487	-0.065
0.3	-54.1699	-0.065
0.3	168.765	-0.065
0.3	-29.5478	-0.065
0.3	133.483	-0.065
0.3	-122.421	-0.065
0.3	62.1192	-0.065
0.3	15.0942	-0.065
0.3	-169.11	-0.065
0.3	55.2177	-0.065
0.3	46.92	-0.065
0.3	94.0294	-0.065
0.3	-73.9756	-0.065
0.3	81.5989	-0.065
0.3	141.759	-0.065
0.3	118.698	-0.065
0.3	-57.5454	-0.065
0.3	79.4166	-0.065
0.3	-58.4943	-0.065
0.3	111.959	-0.065
0.3	52.7861	-0.065
0.3	-100.152	-0.065
0.3	-130.346	-0.065
0.3	-144.586	-0.065
0.3	-42.1805	-0.065
0.3	-1.86646	-0.065
0.3	141.604	-0.065
0.3	-132.099	-0.065
0.3	22.715	-0.065
0.3	175.887	-0.065
0.3	162.327	-0.065
0.3	141.925	-0.065
0.3	-142.435	-0.065
0.3	123.894	-0.065
0.3	-5.82313	-0.065
0.3	92.5616	-0.065
0.3	14.9966	-0.065
0.3	73.1119	-0.065
0.3	-42.0359	-0.065
0.3	57.6647	-0.065
0.3	72.6896	-0.065
0.3	-101.538	-0.065
0.3	67.2225	-0.065
0.3	179.765	-0.065
0.3	61.7539	-0.065
0.3	70.7281	-0.065
0.3	-142.022	-0.065
0.3	65.3887	-0.065
0.3	-151.551	-0.065
0.3	-41.3685	-0.065
0.3	92.2264	-0.065
0.3	35.1265	-0.065
0.3	-8.66218	-0.065
0.3	13.1487	-0.065
0.3	-88.4136	-0.065
0.3	-124.239	-0.065
0.3	45.1252	-0.065
0.3	-37.042	-0.065
0.3	94.9105	-0.065
0.3	-171.902	-0.065
0.3	172.177	-0.065
0.3	-175.588	-0.065
0.3	-49.3494	-0.065
0.3	111.097	-0.065
0.3	65.442	-0.065
0.3	-93.4258	-0.065
0.3	23.0293	-0.065
0.3	150.647	-0.065
0.3	-64.2565	-0.065
0.3	-84.332	-0.065
0.3	-153.882	-0.065
0.3	-38.7946	-0.065
0.3	44.4098	-0.065
0.3	-125.218	-0.065
0.3	0.655024	-0.065
0.3	112.074	-0.065
-0.3	112.556	1
-0.3	-104.222	1
-0.3	169.72	1
-0.3	47.2634	1
-0.3	147.425	1
-0.3	-162.014	1
-0.3	-157.901	1
-0.3	-66.9697	1
-0.3	-100.75	1
-0.3	145.234	1
-0.3	26.3138	1
-0.3	-63.3358	1
-0.3	-83.7686	1
-0.3	-52.0684	1
-0.3	80.0327	1
-0.3	118.015	1
-0.3	-23.781	1
-0.3	-145.118	1
-0.3	5.07172	1
-0.3	92.6883	1
-0.3	-96.0888	1
-0.3	163.679	1
-0.3	-5.73217	1
-0.3	-17.522	1
-0.3	17.1652	1
-0.3	-174.163	1
-0.3	134.711	1
-0.3	-110.415	1
-0.3	-33.973	1
-0.3	63.9485	1
-0.3	56.3558	1
-0.3	-18.4731	1
-0.3	88.7183	1
-0.3	49.3343	1
-0.3	-94.1019	1
-0.3	-108.099	1
-0.3	76.1262	1
-0.3	-39.511	1
-0.3	47.4724	1
-0.3	172.436	1
-0.3	77.7288	1
-0.3	-97.3429	1
-0.3	-144.255	1
-0.3	98.3595	1
-0.3	118.553	1
-0.3	-11.5369	1
-0.3	36.5182	1
-0.3	88.3597	1
-0.3	78.1223	1
-0.3	-159.829	1
-0.3	87.5028	1
-0.3	106.995	1
-0.3	171.905	1
-0.3	-77.8216	1
-0.3	173.237	1
-0.3	98.3938	1
-0.3	129.141	1
-0.3	-18.5928	1
-0.3	-94.5255	1
-0.3	39.8918	1
-0.3	-78.6202	1
-0.3	-1.17007	1
-0.3	94.3061	1
-0.3	-152.782	1
-0.3	-175.015	1
-0.3	-86.918	1
-0.3	131.974	1
-0.3	119.3	1
-0.3	-136.725	1
-0.3	137.969	1
-0.3	82.0337	1
-0.3	-152.176	1
-0.3	113.286	1
-0.3	18.5758	1
-0.3	-9.90129	1
-0.3	-106.518	1
-0.3	152.715	1
-0.3	45.718	1
-0.3	-162.748	1
-0.3	-40.3385	1
-0.3	80.1137	1
-0.3	-175.186	1
-0.3	36.2728	1
-0.3	152.847	1
-0.3	17.3208	1
-0.3	-91.2813	1
-0.3	-2.47248	1
-0.3	-29.1003	1
-0.3	-31.2192	1
-0.3	99.6976	1
-0.3	177.598	1
-0.3	134.028	1
-0.3	154.102	1
-0.3	43.6576	1
-0.3	-6.22613	1
-0.3	149.612	1
-0.3	-168.584	1
-0.3	5.43861	1
-0.3	-63.4608	1
-0.3	43.4239	1
-0.3	162.283	1
-0.3	87.4439	1
-0.3	-171.207	1
-0.3	51.1252	1
-0.3	-137.264	1
-0.3	-144.844	1
-0.3	-65.8735	1
-0.3	-29.1772	1
-0.3	146.525	1
-0.3	42.0095	1
-0.3	-11.0676	1
-0.3	171.249	1
-0.3	176.784	1
-0.3	-103.825	1
-0.3	52.2042	1
-0.3	-120.75	1
-0.3	-136.91	1
-0.3	57.6189	1
-0.3	45.1511	1
-0.3	90.2906	1
-0.3	-135.867	1
-0.3	-4.28914	1
-0.3	-49.377	1
-0.3	-108.12	1
-0.3	34.7919	1
-0.3	63.2606	1
-0.3	-152.097	1
-0.3	-136.817	1
-0.3	-75.6874	1
-0.3	7.49785	1
-0.3	-120.939	1
-0.3	159.204	1
-0.3	-28.5479	1
-0.3	14.4514	1
-0.3	113.698	1
-0.3	142.65	1
-0.3	156.407	1
-0.3	-144.995	1
-0.3	-146.065	1
-0.3	-153.927	1
-0.3	5.00841	1
-0.3	30.6885	1
-0.3	-40.8072	1
-0.3	-36.4998	1
-0.3	-133.7	1
-0.3	121.129	1
-0.3	46.1792	1
-0.3	150.823	1
-0.3	152.057	1
-0.3	-1.40273	1
-0.3	147.202	1
-0.3	157.959	1
-0.3	60.8623	1
-0.3	36.1603	1
-0.3	-4.20557	1
-0.3	-123.214	1
-0.3	-51.3638	1
-0.3	-55.4667	1
-0.3	-104.675	1
-0.3	-117.9	1
-0.3	90.3846	1
-0.3	-93.1606	1
-0.3	115.571	1
-0.3	24.1015	1
-0.3	149.145	1
-0.3	-64.5837	1
-0.3	-24.0078	1
-0.3	-113.993	1
-0.3	-94.9794	1
-0.3	39.0203	1
-0.3	-43.8891	1
-0.3	133.134	1
-0.3	27.3113	1
-0.3	136.164	1
-0.3	109.202	1
-0.3	37.4796	1
-0.3	17.3894	1
-0.3	17.7182	1
-0.3	3.04863	1
-0.3	-42.2619	1
-0.3	-62.3635	1
-0.3	64.587	1
-0.3	157.623	1
-0.3	29.8601	1
-0.3	144.255	1
-0.3	125.143	1
-0.3	-114.246	1
-0.3	113.185	1
-0.3	83.9453	1
-0.3	-57.5702	1
-0.3	-57.5715	1
-0.3	-76.802	1
-0.3	124.151	1
-0.3	-129.303	1
-0.3	-117.603	1
-0.3	86.6186	1
-0.3	-60.7118	1
-0.3	94.0885	1
-0.3	-62.4216	1
-0.3	32.985	1
-0.3	162.98	1
-0.3	50.2675	1
-0.3	-2.19586	1
-0.3	-94.2827	1
-0.3	143.163	1
-0.3	136.202	1
-0.3	-95.5878	1
-0.3	-106.108	1
-0.3	45.3873	1
-0.3	136.244	1
-0.3	-48.4639	1
-0.3	-96.4264	1
-0.3	66.5207	1
-0.3	38.049	1
-0.3	-72.3338	1
-0.3	-90.161	1
-0.3	-154.724	1
-0.3	-38.0985	1
-0.3	171.412	1
-0.3	149.799	-0.065
-0.3	-15.0185	-0.065
-0.3	-58.018	-0.065
-0.3	-33.0269	-0.065
-0.3	154.943	-0.065
-0.3	165.078	-0.065
-0.3	-4.56302	-0.065
-0.3	-179.676	-0.065
-0.3	113.25	-0.065
-0.3	-13.378	-0.065
-0.3	-11.9005	-0.065
-0.3	-12.4424	-0.065
-0.3	-34.3266	-0.065
-0.3	-71.8641	-0.065
-0.3	108.79	-0.065
-0.3	-7.38687	-0.065
-0.3	-136.432	-0.065
-0.3	-91.6	-0.065
-0.3	-82.56	-0.065
-0.3	-1.77275	-0.065
-0.3	-12.8765	-0.065
-0.3	-100.737	-0.065
-0.3	-155.08	-0.065
-0.3	153.206	-0.065
-0.3	127.01	-0.065
-0.3	88.5447	-0.065
-0.3	22.8315	-0.065
-0.3	102.03	-0.065
-0.3	96.1481	-0.065
-0.3	-73.1174	-0.065
-0.3	142.538	-0.065
-0.3	121.337	-0.065
-0.3	22.3992	-0.065
-0.3	-132.576	-0.065
-0.3	95.9386	-0.065
-0.3	170.103	-0.065
-0.3	103.904	-0.065
-0.3	115.545	-0.065
-0.3	-142.049	-0.065
-0.3	-3.61508	-0.065
-0.3	-48.7326	-0.065
-0.3	-61.7879	-0.065
-0.3	-158.984	-0.065
-0.3	-69.4719	-0.065
-0.3	-73.9676	-0.065
-0.3	-15.9732	-0.065
-0.3	-176.997	-0.065
-0.3	-27.151	-0.065
-0.3	57.4257	-0.065
-0.3	76.3424	-0.065
-0.3	-166.499	-0.065
-0.3	73.9299	-0.065
-0.3	134.295	-0.065
-0.3	-102.815	-0.065
-0.3	-13.9518	-0.065
-0.3	164.994	-0.065
-0.3	-94.3894	-0.065
-0.3	-104.387	-0.065
-0.3	-49.5393	-0.065
-0.3	-89.0371	-0.065
-0.3	-56.9965	-0.065
-0.3	54.367	-0.065
-0.3	9.03814	-0.065
-0.3	113.349	-0.065
-0.3	-174.164	-0.065
-0.3	148.409	-0.065
-0.3	77.9649	-0.065
-0.3	160.657	-0.065
-0.3	118.193	-0.065
-0.3	94.5047	-0.065
-0.3	27.9678	-0.065
-0.3	158.762	-0.065
-0.3	-62.4718	-0.065
-0.3	166.854	-0.065
-0.3	-149.614	-0.065
-0.3	46.7804	-0.065
-0.3	145.509	-0.065
-0.3	-124.556	-0.065
-0.3	132.52	-0.065
-0.3	-8.70652	-0.065
-0.3	131.3	-0.065
-0.3	-37.4557	-0.065
-0.3	-142.567	-0.065
-0.3	-68.2592	-0.065
-0.3	68.6678	-0.065
-0.3	-110.084	-0.065
-0.3	131.706	-0.065
-0.3	178.358	-0.065
-0.3	105.598	-0.065
-0.3	59.9968	-0.065
-0.3	23.3394	-0.065
-0.3	38.2155	-0.065
-0.3	96.4537	-0.065
-0.3	-44.7494	-0.065
-0.3	155.517	-0.065
-0.3	-3.89427	-0.065
-0.3	-18.5198	-0.065
-0.3	-60.1542	-0.065
-0.3	164.235	-0.065
-0.3	-138.781	-0.065
-0.3	-138.96	-0.065
-0.3	-77.4331	-0.065
-0.3	-25.2635	-0.065
-0.3	70.3493	-0.065
-0.3	48.0398	-0.065
-0.3	-8.8576	-0.065
-0.3	122.258	-0.065
-0.3	-106.591	-0.065
-0.3	-126.957	-0.065
-0.3	144.014	-0.065
-0.3	55.5088	-0.065
-0.3	92.3327	-0.065
-0.3	-106.361	-0.065
-0.3	-23.5749	-0.065
-0.3	89.9704	-0.065
-0.3	-119.573	-0.065
-0.3	-22.4854	-0.065
-0.3	-65.9871	-0.065
-0.3	-23.4598	-0.065
-0.3	-70.4195	-0.065
-0.3	21.9494	-0.065
-0.3	-89.2259	-0.065
-0.3	-6.25476	-0.065
-0.3	2.85504	-0.065
-0.3	87.5396	-0.065
-0.3	105.157	-0.065
-0.3	-37.6042	-0.065
-0.3	-82.3674	-0.065
-0.3	76.5083	-0.065
-0.3	-54.8525	-0.065
-0.3	179.929	-0.065
-0.3	34.7603	-0.065
-0.3	-73.145	-0.065
-0.3	95.4951	-0.065
-0.3	28.996	-0.065
-0.3	-7.38355	-0.065
-0.3	71.6579	-0.065
-0.3	-49.396	-0.065
-0.3	117.199	-0.065
-0.3	-139.838	-0.065
-0.3	-166.453	-0.065
-0.3	127.636	-0.065
-0.3	-60.0738	-0.065
-0.3	19.6987	-0.065
-0.3	118.473	-0.065
-0.3	63.668	-0.065
-0.3	-7.09667	-0.065
-0.3	61.3835	-0.065
-0.3	154.272	-0.065
-0.3	-176.633	-0.065
-0.3	-54.0161	-0.065
-0.3	15.4362	-0.065
-0.3	-97.089	-0.065
-0.3	-10.273	-0.065
-0.3	40.2335	-0.065
-0.3	114.12	-0.065
-0.3	-167.589	-0.065
-0.3	-121.529	-0.065
-0.3	-148.152	-0.065
-0.3	139.419	-0.065
-0.3	14.5337	-0.065
-0.3	-43.1176	-0.065
-0.3	146.838	-0.065
-0.3	8.25151	-0.065
-0.3	112.544	-0.065
-0.3	-26.1636	-0.065
-0.3	34.8886	-0.065
-0.3	-39.7818	-0.065
-0.3	74.6001	-0.065
