pol.	phi	weight
0.3	-99.1203	1
0.3	-101.917	1
0.3	60.2483	1
0.3	88.999	1
0.3	164.513	1
0.3	-149.836	1
0.3	-37.3914	1
0.3	79.3404	1
0.3	-173.227	1
0.3	-147.632	1
0.3	-171.719	1
0.3	-22.2173	1
0.3	6.26829	1
0.3	62.4289	1
0.3	100.632	1
0.3	134.447	1
0.3	-10.7551	1
0.3	-51.4196	1
0.3	11.1409	1
0.3	-31.364	1
0.3	124.467	1
0.3	175.995	1
0.3	52.4672	1
0.3	-30.0672	1
0.3	46.6341	1
0.3	-77.2832	1
0.3	-92.9476	1
0.3	122.742	1
0.3	-91.3155	1
0.3	-147.024	1
0.3	-46.4856	1
0.3	40.6491	1
0.3	124.601	1
0.3	-50.0385	1
0.3	-132.649	1
0.3	147.361	1
0.3	22.5456	1
0.3	-61.6555	1
0.3	-65.2799	1
0.3	35.16	1
0.3	151.784	1
0.3	134.418	1
0.3	116.001	1
0.3	-175.253	1
0.3	120.851	1
0.3	81.8428	1
0.3	131.412	1
0.3	-100.855	1
0.3	6.31306	1
0.3	-78.0534	1
0.3	114.69	1
0.3	-51.5146	1
0.3	-54.4147	1
0.3	15.9894	1
0.3	-36.5319	1
0.3	-22.7772	1
0.3	106.509	1
0.3	-18.3948	1
0.3	156.381	1
0.3	-82.7607	1
0.3	35.1087	1
0.3	-60.1243	1
0.3	-71.8023	1
0.3	132.763	1
0.3	139.727	1
0.3	110.867	1
0.3	102.029	1
0.3	45.0517	1
0.3	-74.8675	1
0.3	-24.4753	1
0.3	2.4202	1
0.3	-82.6987	1
0.3	71.2844	1
0.3	72.0413	1
0.3	100.992	1
0.3	-171.985	1
0.3	-104.274	1
0.3	13.9467	1
0.3	146.039	1
0.3	-143.938	1
0.3	-141.49	1
0.3	-94.0453	1
0.3	-103.409	1
0.3	-138.846	1
0.3	-35.0589	1
0.3	50.2317	1
0.3	13.9312	1
0.3	-162.429	1
0.3	-161.851	1
0.3	41.8646	1
0.3	-51.6983	1
0.3	136.975	1
0.3	172.585	1
0.3	-139.995	1
0.3	-36.5228	1
0.3	-3.30791	1
0.3	-90.4581	1
0.3	164.63	1
0.3	-85.2165	1
0.3	140.448	1
0.3	113.014	1
0.3	-69.5482	1
0.3	119.607	1
0.3	-30.6468	1
0.3	-22.1864	1
0.3	-159.549	1
0.3	-38.3118	1
0.3	149.713	1
0.3	19.6912	1
0.3	108.636	1
0.3	115.989	1
0.3	-64.8295	1
0.3	-141.946	1
0.3	162.933	1
0.3	-12.236	1
0.3	-33.7233	1
0.3	-147.138	1
0.3	153.013	1
0.3	-128.876	1
0.3	10.3075	1
0.3	106.318	1
0.3	119.077	1
0.3	-24.019	1
0.3	39.0504	1
0.3	65.5479	1
0.3	166.695	1
0.3	-25.23	1
0.3	-68.8234	1
0.3	-5.7367	1
0.3	-156.949	1
0.3	-121.057	1
0.3	6.17909	1
0.3	101.851	1
0.3	-117.442	1
0.3	53.2911	1
0.3	-167.921	1
0.3	87.4736	1
0.3	25.5672	1
0.3	10.026	1
0.3	-82.666	1
0.3	-149.743	1
0.3	16.3251	1
0.3	179.345	1
0.3	-155.4	1
0.3	165.482	1
0.3	-155.086	1
0.3	73.9861	1
0.3	-74.3451	1
0.3	-107.471	1
0.3	6.54329	1
0.3	-9.82659	1
0.3	119.874	1
0.3	-112.816	1
0.3	-0.954336	1
0.3	115.355	1
0.3	-20.3175	1
0.3	156.179	1
0.3	-126.523	1
0.3	116.274	1
0.3	6.71259	1
0.3	-91.8053	1
0.3	97.7589	1
0.3	169.545	1
0.3	139.841	1
0.3	151.568	1
0.3	-24.0272	1
0.3	-37.1476	1
0.3	-130.351	1
0.3	-7.1682	1
0.3	97.6652	1
0.3	109.895	1
0.3	60.3038	1
0.3	-92.1079	1
0.3	53.7472	1
0.3	23.1794	1
0.3	23.9673	1
0.3	116.81	1
0.3	94.1387	1
0.3	124.402	1
0.3	-70.9282	1
0.3	52.1687	1
0.3	71.7251	1
0.3	-54.8615	1
0.3	-7.32028	1
0.3	-48.5024	1
0.3	-3.56603	1
0.3	-50.9517	1
0.3	-81.8363	1
0.3	-145.477	1
0.3	-172.419	1
0.3	-5.89045	1
0.3	-122.771	1
0.3	-44.9353	1
0.3	-160.886	1
0.3	43.4257	1
0.3	73.6321	1
0.3	-162.476	1
0.3	151.29	1
0.3	-174.712	1
0.3	-41.5329	1
0.3	-30.531	1
0.3	57.6424	1
0.3	2.50413	1
0.3	-30.0219	1
0.3	75.8554	1
0.3	54.8163	1
0.3	-143.558	1
0.3	-164.879	1
0.3	20.3805	1
0.3	-97.2993	1
0.3	179.324	1
0.3	125.747	-0.065
0.3	132.64	-0.065
0.3	-30.3913	-0.065
0.3	170.476	-0.065
0.3	-79.6649	-0.065
0.3	-118.484	-0.065
0.3	25.2701	-0.065
0.3	-159.03	-0.065
0.3	147.523	-0.065
0.3	40.8438	-0.065
0.3	157.175	-0.065
0.3	-17.8576	-0.065
0.3	-178.643	-0.065
0.3	-117.423	-0.065
0.3	-118.397	-0.065
0.3	52.1063	-0.065
0.3	157.782	-0.065
0.3	-83.4321	-0.065
0.3	164.523	-0.065
0.3	104.497	-0.065
0.3	-81.3836	-0.065
0.3	-129.579	-0.065
0.3	123.294	-0.065
0.3	36.8889	-0.065
0.3	-83.9627	-0.065
0.3	44.0856	-0.065
0.3	91.3867	-0.065
0.3	-127.034	-0.065
0.3	162.865	-0.065
0.3	-91.1441	-0.065
0.3	24.517	-0.065
0.3	-108.524	-0.065
0.3	33.7435	-0.065
0.3	-94.2877	-0.065
0.3	90.7699	-0.065
0.3	-126.447	-0.065
0.3	-1.09345	-0.065
0.3	79.5216	-0.065
0.3	41.9644	-0.065
0.3	-36.0957	-0.065
0.3	33.6732	-0.065
0.3	-133.71	-0.065
0.3	92.114	-0.065
0.3	6.23167	-0.065
0.3	143.165	-0.065
0.3	-84.8228	-0.065
0.3	15.7117	-0.065
0.3	36.033	-0.065
0.3	96.2553	-0.065
0.3	113.759	-0.065
0.3	-145.329	-0.065
0.3	-49.8652	-0.065
0.3	29.1249	-0.065
0.3	-57.1964	-0.065
0.3	104.143	-0.065
0.3	-48.7379	-0.065
0.3	-48.4909	-0.065
0.3	45.4781	-0.065
0.3	-175.265	-0.065
0.3	21.4396	-0.065
0.3	-101.568	-0.065
0.3	89.4509	-0.065
0.3	-70.2286	-0.065
0.3	-167.24	-0.065
0.3	-130.378	-0.065
0.3	32.6342	-0.065
0.3	-75.7207	-0.065
0.3	-60.1413	-0.065
0.3	-1.33263	-0.065
0.3	-80.9745	-0.065
0.3	52.7251	-0.065
0.3	73.8128	-0.065
0.3	-80.8555	-0.065
0.3	-111.708	-0.065
0.3	15.9046	-0.065
0.3	155.043	-0.065
0.3	-106.841	-0.065
0.3	-73.054	-0.065
0.3	-41.3071	-0.065
0.3	156.72	-0.065
0.3	97.1217	-0.065
0.3	1.18449	-0.065
0.3	-71.3018	-0.065
0.3	-168.839	-0.065
0.3	-120.721	-0.065
0.3	99.3553	-0.065
0.3	-105.093	-0.065
0.3	61.4132	-0.065
0.3	31.1009	-0.065
0.3	-18.7469	-0.065
0.3	-60.4394	-0.065
0.3	-155.837	-0.065
0.3	70.2764	-0.065
0.3	154.423	-0.065
0.3	-137.178	-0.065
0.3	4.28983	-0.065
0.3	-145.131	-0.065
0.3	-40.6249	-0.065
0.3	-9.79224	-0.065
0.3	-177.57	-0.065
0.3	51.6005	-0.065
0.3	-46.5027	-0.065
0.3	131.791	-0.065
0.3	175.155	-0.065
0.3	-13.2411	-0.065
0.3	-145.938	-0.065
0.3	-120.859	-0.065
0.3	139.102	-0.065
0.3	-12.2423	-0.065
0.3	83.7932	-0.065
0.3	5.2426	-0.065
0.3	-1.69313	-0.065
0.3	-94.4182	-0.065
0.3	77.663	-0.065
0.3	-166.704	-0.065
0.3	-17.3049	-0.065
0.3	-119.299	-0.065
0.3	-135.435	-0.065
0.3	40.0223	-0.065
0.3	82.1101	-0.065
0.3	135.043	-0.065
0.3	-103.893	-0.065
0.3	-133.713	-0.065
0.3	-89.7887	-0.065
0.3	4.11111	-0.065
0.3	128.58	-0.065
0.3	-137.117	-0.065
0.3	-109.808	-0.065
0.3	-124.116	-0.065
0.3	65.7454	-0.065
0.3	-26.878	-0.065
0.3	-30.9163	-0.065
0.3	-134.284	-0.065
0.3	89.6203	-0.065
0.3	-166.229	-0.065
0.3	-12.7054	-0.065
0.3	-121.969	-0.065
0.3	136.95	-0.065
0.3	-136.102	-0.065
0.3	95.8939	-0.065
0.3	-59.238	-0.065
0.3	-89.9733	-0.065
0.3	-26.043	-0.065
0.3	-140.299	-0.065
0.3	-170.73	-0.065
0.3	111.916	-0.065
0.3	86.243	-0.065
0.3	69.0768	-0.065
0.3	81.0733	-0.065
0.3	8.61744	-0.065
0.3	-87.7963	-0.065
0.3	117.066	-0.065
0.3	-107.059	-0.065
0.3	-86.9872	-0.065
0.3	41.5002	-0.065
0.3	109.505	-0.065
0.3	112.489	-0.065
0.3	-89.0394	-0.065
0.3	60.7675	-0.065
0.3	-16.0665	-0.065
0.3	-71.0661	-0.065
0.3	98.774	-0.065
0.3	23.8846	-0.065
-0.3	-112.664	1
-0.3	-89.5832	1
-0.3	154.024	1
-0.3	-169.609	1
-0.3	-29.5591	1
-0.3	-146.879	1
-0.3	46.6485	1
-0.3	73.1434	1
-0.3	-155.493	1
-0.3	-170.414	1
-0.3	4.87371	1
-0.3	34.4673	1
-0.3	5.72121	1
-0.3	54.8553	1
-0.3	148.289	1
-0.3	-63.6602	1
-0.3	109.998	1
-0.3	-99.1541	1
-0.3	145.4	1
-0.3	45.3791	1
-0.3	-179.099	1
-0.3	-35.5517	1
-0.3	-93.9766	1
-0.3	164.21	1
-0.3	126.404	1
-0.3	143.778	1
-0.3	-74.0501	1
-0.3	30.7167	1
-0.3	22.2278	1
-0.3	-92.0131	1
-0.3	-106.477	1
-0.3	-90.2317	1
-0.3	-80.5604	1
-0.3	-128.527	1
-0.3	120.416	1
-0.3	-142.313	1
-0.3	-150.474	1
-0.3	-81.6434	1
-0.3	-80.7333	1
-0.3	-38.2666	1
-0.3	157.609	1
-0.3	-1.46023	1
-0.3	168.127	1
-0.3	-166.163	1
-0.3	40.5087	1
-0.3	113.986	1
-0.3	17.3567	1
-0.3	-122.065	1
-0.3	-102.124	1
-0.3	162.372	1
-0.3	-138.843	1
-0.3	-139.344	1
-0.3	29.0043	1
-0.3	86.0172	1
-0.3	128.579	1
-0.3	-78.9444	1
-0.3	-97.7942	1
-0.3	124.838	1
-0.3	160.294	1
-0.3	-11.1272	1
-0.3	105.994	1
-0.3	-132.545	1
-0.3	-151.82	1
-0.3	-50.2883	1
-0.3	62.4827	1
-0.3	-33.0592	1
-0.3	57.4705	1
-0.3	-110.963	1
-0.3	32.203	1
-0.3	170.473	1
-0.3	-21.1347	1
-0.3	-118.066	1
-0.3	120.553	1
-0.3	149.556	1
-0.3	10.4205	1
-0.3	38.2585	1
-0.3	-47.235	1
-0.3	131.197	1
-0.3	91.1731	1
-0.3	170.237	1
-0.3	-1.90154	1
-0.3	133.06	1
-0.3	15.1959	1
-0.3	105.859	1
-0.3	43.5164	1
-0.3	-95.6441	1
-0.3	-167.722	1
-0.3	-137.991	1
-0.3	-81.5171	1
-0.3	-23.5433	1
-0.3	42.187	1
-0.3	-157.517	1
-0.3	145.169	1
-0.3	138.638	1
-0.3	133.443	1
-0.3	-66.4279	1
-0.3	64.5417	1
-0.3	17.6267	1
-0.3	25.562	1
-0.3	-11.708	1
-0.3	-165.902	1
-0.3	-46.6655	1
-0.3	-151.104	1
-0.3	66.1576	1
-0.3	-138.762	1
-0.3	104.569	1
-0.3	13.8702	1
-0.3	-136.483	1
-0.3	-166.311	1
-0.3	-165.228	1
-0.3	-61.8953	1
-0.3	102.322	1
-0.3	-44.0424	1
-0.3	77.4678	1
-0.3	-120.346	1
-0.3	-50.3752	1
-0.3	122.984	1
-0.3	13.0805	1
-0.3	168.81	1
-0.3	-139.099	1
-0.3	-47.7351	1
-0.3	-140.957	1
-0.3	86.1176	1
-0.3	-137.331	1
-0.3	-76.5212	1
-0.3	-123.543	1
-0.3	105.617	1
-0.3	55.1519	1
-0.3	12.7466	1
-0.3	16.3363	1
-0.3	-159.721	1
-0.3	22.1137	1
-0.3	-132.442	1
-0.3	47.952	1
-0.3	-97.5492	1
-0.3	-2.04111	1
-0.3	3.44606	1
-0.3	-102.975	1
-0.3	-24.673	1
-0.3	68.7531	1
-0.3	-104.753	1
-0.3	12.3147	1
-0.3	92.3084	1
-0.3	-110.675	1
-0.3	18.3738	1
-0.3	147.385	1
-0.3	33.5996	1
-0.3	55.809	1
-0.3	-82.9363	1
-0.3	178.471	1
-0.3	-138.76	1
-0.3	168.528	1
-0.3	5.65412	1
-0.3	-81.0035	1
-0.3	31.4124	1
-0.3	135.286	1
-0.3	-48.6051	1
-0.3	106.963	1
-0.3	5.62145	1
-0.3	-176.027	1
-0.3	-86.8636	1
-0.3	-21.3718	1
-0.3	-72.9168	1
-0.3	-116.294	1
-0.3	170.333	1
-0.3	-141.245	1
-0.3	-146.933	1
-0.3	176.157	1
-0.3	-175.032	1
-0.3	89.987	1
-0.3	-146.067	1
-0.3	-103.288	1
-0.3	-67.9982	1
-0.3	-150.05	1
-0.3	-129.955	1
-0.3	-34.133	1
-0.3	83.5617	1
-0.3	154.042	1
-0.3	-107.891	1
-0.3	-39.1309	1
-0.3	162.068	1
-0.3	99.259	1
-0.3	-179.172	1
-0.3	111.053	1
-0.3	12.4114	1
-0.3	-179.63	1
-0.3	-13.4685	1
-0.3	86.1595	1
-0.3	1.11435	1
-0.3	120.966	1
-0.3	21.1292	1
-0.3	48.9404	1
-0.3	-22.0164	-0.065
-0.3	-81.9062	-0.065
-0.3	177.611	-0.065
-0.3	155.896	-0.065
-0.3	165.483	-0.065
-0.3	-179.352	-0.065
-0.3	143.304	-0.065
-0.3	-19.8479	-0.065
-0.3	-1.85685	-0.065
-0.3	120.755	-0.065
-0.3	-1.51056	-0.065
-0.3	178.012	-0.065
-0.3	28.5291	-0.065
-0.3	119.704	-0.065
-0.3	-150.145	-0.065
-0.3	-142.478	-0.065
-0.3	-88.699	-0.065
-0.3	8.0999	-0.065
-0.3	-152.592	-0.065
-0.3	-104.203	-0.065
-0.3	-78.0738	-0.065
-0.3	-7.47757	-0.065
-0.3	-92.2289	-0.065
-0.3	-114.824	-0.065
-0.3	-121.45	-0.065
-0.3	-101.633	-0.065
-0.3	-163.323	-0.065
-0.3	-139.693	-0.065
-0.3	85.7635	-0.065
-0.3	160.514	-0.065
-0.3	-168.662	-0.065
-0.3	-20.0979	-0.065
-0.3	11.1554	-0.065
-0.3	-54.2242	-0.065
-0.3	13.5173	-0.065
-0.3	27.004	-0.065
-0.3	-24.4324	-0.065
-0.3	16.0506	-0.065
-0.3	-36.9674	-0.065
-0.3	-19.0792	-0.065
-0.3	-172.07	-0.065
-0.3	38.2076	-0.065
-0.3	-119.479	-0.065
-0.3	-75.6809	-0.065
-0.3	77.8478	-0.065
-0.3	-57.1941	-0.065
-0.3	19.7657	-0.065
-0.3	156.837	-0.065
-0.3	-128.532	-0.065
-0.3	-128.336	-0.065
-0.3	-62.6975	-0.065
-0.3	170.108	-0.065
-0.3	-52.4081	-0.065
-0.3	16.3612	-0.065
-0.3	90.1013	-0.065
-0.3	97.7072	-0.065
-0.3	-39.4338	-0.065
-0.3	-57.2521	-0.065
-0.3	-64.5608	-0.065
-0.3	-13.5318	-0.065
-0.3	69.5137	-0.065
-0.3	141.458	-0.065
-0.3	6.55175	-0.065
-0.3	39.5695	-0.065
-0.3	-130.782	-0.065
-0.3	-143.638	-0.065
-0.3	144.042	-0.065
-0.3	72.7412	-0.065
-0.3	87.34	-0.065
-0.3	-179.488	-0.065
-0.3	25.6946	-0.065
-0.3	177.023	-0.065
-0.3	2.45331	-0.065
-0.3	27.3252	-0.065
-0.3	-93.7895	-0.065
-0.3	-74.2744	-0.065
-0.3	-65.3032	-0.065
-0.3	174.91	-0.065
-0.3	-118.9	-0.065
-0.3	162.682	-0.065
-0.3	16.0783	-0.065
-0.3	122.874	-0.065
-0.3	-114.91	-0.065
-0.3	147.163	-0.065
-0.3	-178.727	-0.065
-0.3	177.44	-0.065
-0.3	46.7169	-0.065
-0.3	69.9975	-0.065
-0.3	-11.0599	-0.065
-0.3	22.8065	-0.065
-0.3	-132.453	-0.065
-0.3	-57.0409	-0.065
-0.3	21.4174	-0.065
-0.3	-82.715	-0.065
-0.3	60.5336	-0.065
-0.3	97.5112	-0.065
-0.3	-86.1076	-0.065
-0.3	139.389	-0.065
-0.3	74.4575	-0.065
-0.3	127.244	-0.065
-0.3	81.2707	-0.065
-0.3	40.8736	-0.065
-0.3	-97.746	-0.065
-0.3	-110.742	-0.065
-0.3	-94.4515	-0.065
-0.3	-176.363	-0.065
-0.3	131.207	-0.065
-0.3	30.4729	-0.065
-0.3	-8.78861	-0.065
-0.3	-90.5658	-0.065
-0.3	71.4911	-0.065
-0.3	-156.064	-0.065
-0.3	-177.643	-0.065
-0.3	-173.823	-0.065
-0.3	39.2255	-0.065
-0.3	-83.0636	-0.065
-0.3	-115.069	-0.065
-0.3	-109.207	-0.065
-0.3	-58.553	-0.065
-0.3	135.29	-0.065
-0.3	-114.093	-0.065
-0.3	32.9979	-0.065
-0.3	-158.237	-0.065
-0.3	-30.2315	-0.065
-0.3	117.364	-0.065
-0.3	83.3348	-0.065
-0.3	-100.533	-0.065
-0.3	47.0064	-0.065
-0.3	-24.8321	-0.065
-0.3	104.266	-0.065
-0.3	-145.77	-0.065
-0.3	-75.5198	-0.065
-0.3	-106.642	-0.065
-0.3	-126.454	-0.065
-0.3	148.18	-0.065
-0.3	-121.097	-0.065
-0.3	-7.23888	-0.065
-0.3	65.4878	-0.065
-0.3	66.2221	-0.065
-0.3	-145.48	-0.065
-0.3	163.647	-0.065
-0.3	100.224	-0.065
-0.3	24.8966	-0.065
-0.3	157.745	-0.065
-0.3	-164.564	-0.065
-0.3	167.848	-0.065
-0.3	90.3398	-0.065
-0.3	-127.567	-0.065
-0.3	-12.0039	-0.065
