pol.	phi	weight
0.3	-80.3571	1
0.3	137.753	1
0.3	80.4894	1
0.3	106.381	1
0.3	114.763	1
0.3	-95.18	1
0.3	-105.797	1
0.3	-176.915	1
0.3	-100.436	1
0.3	-82.0031	1
0.3	-56.9413	1
0.3	-158.67	1
0.3	20.7927	1
0.3	-74.0163	1
0.3	75.5713	1
0.3	-141.283	1
0.3	148.99	1
0.3	-57.7088	1
0.3	80.7109	1
0.3	-98.7109	1
0.3	63.9093	1
0.3	53.6078	1
0.3	29.6391	1
0.3	-18.885	1
0.3	144.627	1
0.3	-84.8666	1
0.3	-46.7908	1
0.3	14.8845	1
0.3	33.9482	1
0.3	2.03302	1
0.3	-50.7799	1
0.3	-57.5878	1
0.3	-48.8226	1
0.3	10.9195	1
0.3	-30.0623	1
0.3	-53.3193	1
0.3	155.566	1
0.3	139.378	1
0.3	-32.687	1
0.3	-7.31441	1
0.3	-121.717	1
0.3	82.6426	1
0.3	89.3696	1
0.3	-148.329	1
0.3	159.981	1
0.3	70.0076	1
0.3	-159.585	1
0.3	139.99	1
0.3	41.5891	1
0.3	-170.923	1
0.3	-139.484	1
0.3	-177.365	1
0.3	-40.3603	1
0.3	83.1503	1
0.3	-19.322	1
0.3	153.382	1
0.3	-40.0836	1
0.3	96.1717	1
0.3	44.6508	1
0.3	-139.597	1
0.3	-7.78174	1
0.3	35.4455	1
0.3	137.683	1
0.3	128.358	1
0.3	71.8175	1
0.3	-11.5133	1
0.3	28.7942	1
0.3	140.91	1
0.3	-168.255	1
0.3	124.082	1
0.3	-34.2943	1
0.3	-58.0999	1
0.3	-27.0066	1
0.3	175.195	1
0.3	64.0825	1
0.3	-41.1772	1
0.3	157.987	1
0.3	66.6108	1
0.3	-63.089	1
0.3	174.919	1
0.3	146.912	1
0.3	-157.666	1
0.3	-149.569	1
0.3	137.739	1
0.3	-31.4264	1
0.3	-13.4608	1
0.3	125.015	1
0.3	-14.3787	1
0.3	135.701	1
0.3	-39.5299	1
0.3	-128.467	1
0.3	-44.6259	1
0.3	144.276	1
0.3	47.7397	1
0.3	-74.07	1
0.3	-105.369	1
0.3	-33.888	1
0.3	-139.576	1
0.3	159.249	1
0.3	-32.2018	1
0.3	95.3641	1
0.3	97.6284	1
0.3	67.5059	1
0.3	-138.714	1
0.3	77.2049	1
0.3	-138.449	1
0.3	96.0777	1
0.3	-161.99	1
0.3	98.6805	1
0.3	-15.4145	1
0.3	-111.535	1
0.3	71.3458	1
0.3	49.127	1
0.3	165.975	1
0.3	132.959	1
0.3	-60.5672	1
0.3	-94.904	1
0.3	99.4805	1
0.3	-4.04739	1
0.3	-85.1654	1
0.3	59.0068	1
0.3	-11.94	1
0.3	168.399	1
0.3	-41.1594	1
0.3	-115.195	1
0.3	23.3015	1
0.3	92.6762	1
0.3	-122.546	1
0.3	110.404	1
0.3	109.409	1
0.3	176.221	1
0.3	-96.1577	1
0.3	-52.557	1
0.3	91.5362	1
0.3	125.529	1
0.3	176.742	1
0.3	44.4834	1
0.3	-84.3824	1
0.3	-90.1292	1
0.3	-133.609	1
0.3	165.857	1
0.3	34.295	1
0.3	-25.8608	1
0.3	125.636	1
0.3	-19.6145	1
0.3	-79.8431	1
0.3	76.855	1
0.3	-85.2634	1
0.3	-24.0552	1
0.3	-122.395	1
0.3	-151.464	1
0.3	-11.4888	1
0.3	-147.623	1
0.3	-177.058	1
0.3	175.556	1
0.3	-116.119	1
0.3	72.958	1
0.3	-160.15	1
0.3	-15.0523	1
0.3	-55.8432	1
0.3	-156.961	1
0.3	-104.176	1
0.3	165.572	1
0.3	78.4395	1
0.3	177.59	1
0.3	73.8838	1
0.3	90.6315	1
0.3	-164.935	1
0.3	133.21	1
0.3	127.149	1
0.3	-52.64	1
0.3	-97.5888	1
0.3	138.041	1
0.3	62.9371	1
0.3	4.95294	1
0.3	-13.1397	1
0.3	62.5714	1
0.3	-64.2127	1
0.3	170.01	1
0.3	82.103	1
0.3	1.34252	1
0.3	-17.5743	-0.065
0.3	-178.092	-0.065
0.3	22.9695	-0.065
0.3	-173.282	-0.065
0.3	158.419	-0.065
0.3	42.6131	-0.065
0.3	-130.855	-0.065
0.3	1.96783	-0.065
0.3	-61.6314	-0.065
0.3	-5.87178	-0.065
0.3	-148.935	-0.065
0.3	-59.2465	-0.065
0.3	-94.2075	-0.065
0.3	-49.3441	-0.065
0.3	5.00241	-0.065
0.3	43.3864	-0.065
0.3	-19.3397	-0.065
0.3	88.7859	-0.065
0.3	-156.046	-0.065
0.3	-90.5359	-0.065
0.3	45.4221	-0.065
0.3	140.712	-0.065
0.3	129.949	-0.065
0.3	48.3697	-0.065
0.3	138.165	-0.065
0.3	61.1297	-0.065
0.3	-162.945	-0.065
0.3	110.342	-0.065
0.3	-110.324	-0.065
0.3	30.1942	-0.065
0.3	7.69222	-0.065
0.3	-60.7522	-0.065
0.3	-169.992	-0.065
0.3	6.45584	-0.065
0.3	-161.977	-0.065
0.3	-152.051	-0.065
0.3	171.675	-0.065
0.3	-20.5022	-0.065
0.3	96.891	-0.065
0.3	-2.1429	-0.065
0.3	90.9987	-0.065
0.3	-168.669	-0.065
0.3	-21.149	-0.065
0.3	29.4795	-0.065
0.3	-157.653	-0.065
0.3	-23.8546	-0.065
0.3	149.687	-0.065
0.3	99.7978	-0.065
0.3	-135.973	-0.065
0.3	152.461	-0.065
0.3	-64.931	-0.065
0.3	-73.9337	-0.065
0.3	-18.4466	-0.065
0.3	126.436	-0.065
0.3	-146.149	-0.065
0.3	100.402	-0.065
0.3	148.103	-0.065
0.3	32.0715	-0.065
0.3	-27.376	-0.065
0.3	138.167	-0.065
0.3	171.776	-0.065
0.3	-161.978	-0.065
0.3	11.8995	-0.065
0.3	29.379	-0.065
0.3	-7.77682	-0.065
0.3	53.8625	-0.065
0.3	43.7678	-0.065
0.3	79.141	-0.065
0.3	178.946	-0.065
0.3	-90.0833	-0.065
0.3	102.94	-0.065
0.3	-18.4207	-0.065
0.3	-58.5766	-0.065
0.3	47.8123	-0.065
0.3	-114.77	-0.065
0.3	-98.7633	-0.065
0.3	-97.1992	-0.065
0.3	162.923	-0.065
0.3	-30.7169	-0.065
0.3	-141.811	-0.065
0.3	61.4924	-0.065
0.3	80.9153	-0.065
0.3	44.4992	-0.065
0.3	-73.5632	-0.065
0.3	-1.3085	-0.065
0.3	130.128	-0.065
0.3	-136.913	-0.065
0.3	-94.7516	-0.065
0.3	-33.8796	-0.065
0.3	-102.58	-0.065
0.3	-175.615	-0.065
0.3	177.929	-0.065
0.3	-58.0035	-0.065
0.3	-151.631	-0.065
0.3	-146.164	-0.065
0.3	155.35	-0.065
0.3	171.499	-0.065
0.3	94.4493	-0.065
0.3	38.1928	-0.065
0.3	-16.9244	-0.065
0.3	146.505	-0.065
0.3	-105.315	-0.065
0.3	-105.885	-0.065
0.3	65.4591	-0.065
0.3	-170.558	-0.065
0.3	165.538	-0.065
0.3	-67.1682	-0.065
0.3	45.5402	-0.065
0.3	160.422	-0.065
0.3	0.054576	-0.065
0.3	-40.9407	-0.065
0.3	146.27	-0.065
0.3	106.468	-0.065
0.3	-111.969	-0.065
0.3	-32.8944	-0.065
0.3	172.284	-0.065
0.3	-86.9476	-0.065
0.3	-89.5897	-0.065
0.3	104.163	-0.065
0.3	-57.3009	-0.065
0.3	-78.3266	-0.065
0.3	-148.587	-0.065
0.3	123.52	-0.065
0.3	37.1995	-0.065
0.3	48.4594	-0.065
0.3	-61.3789	-0.065
0.3	50.9866	-0.065
0.3	-23.4314	-0.065
0.3	-53.5904	-0.065
0.3	156.447	-0.065
0.3	154.013	-0.065
0.3	144.882	-0.065
0.3	4.75422	-0.065
0.3	66.9767	-0.065
0.3	98.0349	-0.065
0.3	134.803	-0.065
0.3	17.2417	-0.065
0.3	159.567	-0.065
0.3	-90.3306	-0.065
0.3	-156.248	-0.065
-0.3	162.425	1
-0.3	52.9277	1
-0.3	15.2008	1
-0.3	-13.7473	1
-0.3	125.774	1
-0.3	50.0345	1
-0.3	158.092	1
-0.3	5.10553	1
-0.3	-87.1493	1
-0.3	109.201	1
-0.3	-76.1216	1
-0.3	-42.7078	1
-0.3	-108.288	1
-0.3	58.6966	1
-0.3	-92.8272	1
-0.3	50.5419	1
-0.3	3.35796	1
-0.3	119.16	1
-0.3	40.0763	1
-0.3	-158.152	1
-0.3	-73.6724	1
-0.3	5.88718	1
-0.3	-78.9561	1
-0.3	90.8957	1
-0.3	-98.6093	1
-0.3	-100.188	1
-0.3	146.19	1
-0.3	92.2684	1
-0.3	-31.279	1
-0.3	-74.0399	1
-0.3	-137.16	1
-0.3	-125.746	1
-0.3	31.2438	1
-0.3	-39.9705	1
-0.3	-11.1295	1
-0.3	-32.6349	1
-0.3	115.918	1
-0.3	166.359	1
-0.3	-14.85	1
-0.3	129.806	1
-0.3	-177.06	1
-0.3	-77.3452	1
-0.3	-162.075	1
-0.3	-109.72	1
-0.3	97.4442	1
-0.3	-132.282	1
-0.3	126.712	1
-0.3	-11.2382	1
-0.3	-113.295	1
-0.3	31.4955	1
-0.3	81.4547	1
-0.3	-174.68	1
-0.3	-88.4699	1
-0.3	-87.6407	1
-0.3	155.382	1
-0.3	-174.522	1
-0.3	-174.503	1
-0.3	156.476	1
-0.3	55.5553	1
-0.3	-99.1541	1
-0.3	-119.762	1
-0.3	-134.212	1
-0.3	27.527	1
-0.3	109.633	1
-0.3	12.9373	1
-0.3	-119.758	1
-0.3	58.2915	1
-0.3	99.9863	1
-0.3	-156.867	1
-0.3	-39.6928	1
-0.3	-123.588	1
-0.3	152.128	1
-0.3	-158.592	1
-0.3	85.1085	1
-0.3	86.4935	1
-0.3	-71.2702	1
-0.3	64.931	1
-0.3	141.435	1
-0.3	137.637	1
-0.3	-142.758	1
-0.3	-164.253	1
-0.3	157.802	1
-0.3	93.4419	1
-0.3	-21.7848	1
-0.3	27.675	1
-0.3	-70.7705	1
-0.3	62.2389	1
-0.3	-139.138	1
-0.3	-51.7832	1
-0.3	121.759	1
-0.3	46.522	1
-0.3	-72.5057	1
-0.3	176.373	1
-0.3	114.347	1
-0.3	40.9937	1
-0.3	-65.1596	1
-0.3	26.653	1
-0.3	93.0377	1
-0.3	-47.9466	1
-0.3	-83.6332	1
-0.3	14.9849	1
-0.3	-168.674	1
-0.3	-70.2445	1
-0.3	134.513	1
-0.3	-35.6725	1
-0.3	-154.851	1
-0.3	153.703	1
-0.3	100.693	1
-0.3	42.5816	1
-0.3	5.46138	1
-0.3	127.277	1
-0.3	-167.165	1
-0.3	-95.7173	1
-0.3	112.129	1
-0.3	63.2362	1
-0.3	107.687	1
-0.3	12.4575	1
-0.3	37.7295	1
-0.3	-156.07	1
-0.3	81.8078	1
-0.3	-136.336	1
-0.3	158.41	1
-0.3	-73.622	1
-0.3	-83.3334	1
-0.3	-79.4153	1
-0.3	47.624	1
-0.3	155.682	1
-0.3	170.691	1
-0.3	53.5965	1
-0.3	-160.609	1
-0.3	30.9969	1
-0.3	169.493	1
-0.3	-91.2103	1
-0.3	83.3981	1
-0.3	-12.4582	1
-0.3	119.536	1
-0.3	-158.266	1
-0.3	140.988	1
-0.3	175.319	1
-0.3	149.667	1
-0.3	76.7797	1
-0.3	106.884	1
-0.3	5.25869	1
-0.3	-154.788	1
-0.3	126.765	1
-0.3	-130.075	1
-0.3	-98.6979	1
-0.3	-4.00887	1
-0.3	81.4512	1
-0.3	50.8855	1
-0.3	8.96612	1
-0.3	94.9978	1
-0.3	-55.1979	1
-0.3	171.589	1
-0.3	12.0326	1
-0.3	23.4931	1
-0.3	81.8313	1
-0.3	-49.4137	1
-0.3	166.332	1
-0.3	-61.86	1
-0.3	62.5994	1
-0.3	-47.9465	1
-0.3	167.091	1
-0.3	-155.815	1
-0.3	53.4498	1
-0.3	-79.9468	1
-0.3	-21.6875	1
-0.3	-98.2273	1
-0.3	148.127	1
-0.3	-110.951	1
-0.3	-170.125	1
-0.3	-48.773	1
-0.3	-105.432	1
-0.3	-75.3812	1
-0.3	144.721	1
-0.3	142.209	1
-0.3	-108.142	1
-0.3	103.129	1
-0.3	138.324	1
-0.3	-47.3053	1
-0.3	-158.241	-0.065
-0.3	-157.879	-0.065
-0.3	-167.267	-0.065
-0.3	-118.254	-0.065
-0.3	-10.8441	-0.065
-0.3	-6.42273	-0.065
-0.3	117.513	-0.065
-0.3	-23.1742	-0.065
-0.3	-177.051	-0.065
-0.3	56.3339	-0.065
-0.3	100.464	-0.065
-0.3	-145.312	-0.065
-0.3	127.787	-0.065
-0.3	-91.5718	-0.065
-0.3	-139.565	-0.065
-0.3	-119.943	-0.065
-0.3	178.541	-0.065
-0.3	167.126	-0.065
-0.3	-49.5981	-0.065
-0.3	168.149	-0.065
-0.3	-86.8149	-0.065
-0.3	-105.334	-0.065
-0.3	14.9741	-0.065
-0.3	-20.1446	-0.065
-0.3	-20.5266	-0.065
-0.3	-66.6595	-0.065
-0.3	-145.991	-0.065
-0.3	-172.461	-0.065
-0.3	-153.044	-0.065
-0.3	104.541	-0.065
-0.3	-166.542	-0.065
-0.3	16.5415	-0.065
-0.3	134.667	-0.065
-0.3	73.801	-0.065
-0.3	-93.9501	-0.065
-0.3	-103.71	-0.065
-0.3	39.165	-0.065
-0.3	-84.7565	-0.065
-0.3	-42.9447	-0.065
-0.3	-172.257	-0.065
-0.3	-88.8001	-0.065
-0.3	-31.1297	-0.065
-0.3	-105.427	-0.065
-0.3	-18.6561	-0.065
-0.3	159.578	-0.065
-0.3	110.433	-0.065
-0.3	72.048	-0.065
-0.3	-70.743	-0.065
-0.3	176.679	-0.065
-0.3	53.92	-0.065
-0.3	131.378	-0.065
-0.3	78.3013	-0.065
-0.3	-102.641	-0.065
-0.3	121.565	-0.065
-0.3	-148.711	-0.065
-0.3	-122.576	-0.065
-0.3	75.326	-0.065
-0.3	121.833	-0.065
-0.3	60.3826	-0.065
-0.3	60.1359	-0.065
-0.3	178.654	-0.065
-0.3	-133.179	-0.065
-0.3	-53.5363	-0.065
-0.3	-147.233	-0.065
-0.3	-32.4457	-0.065
-0.3	47.3596	-0.065
-0.3	-48.9231	-0.065
-0.3	150.455	-0.065
-0.3	140.912	-0.065
-0.3	153.295	-0.065
-0.3	-80.8326	-0.065
-0.3	-118.953	-0.065
-0.3	144.814	-0.065
-0.3	-69.9841	-0.065
-0.3	-70.8516	-0.065
-0.3	-32.5549	-0.065
-0.3	-123.406	-0.065
-0.3	112.923	-0.065
-0.3	-85.087	-0.065
-0.3	-90.1955	-0.065
-0.3	-150.446	-0.065
-0.3	31.5666	-0.065
-0.3	-84.9495	-0.065
-0.3	-101.209	-0.065
-0.3	-154.705	-0.065
-0.3	32.0035	-0.065
-0.3	104.188	-0.065
-0.3	140.519	-0.065
-0.3	-114.62	-0.065
-0.3	-86.0959	-0.065
-0.3	57.0774	-0.065
-0.3	15.2459	-0.065
-0.3	65.072	-0.065
-0.3	-59.4211	-0.065
-0.3	-157.073	-0.065
-0.3	49.0356	-0.065
-0.3	106.453	-0.065
-0.3	47.2504	-0.065
-0.3	-68.0871	-0.065
-0.3	-138.05	-0.065
-0.3	115.948	-0.065
-0.3	114.853	-0.065
-0.3	-58.0581	-0.065
-0.3	90.9707	-0.065
-0.3	-46.9819	-0.065
-0.3	-96.3889	-0.065
-0.3	-125.163	-0.065
-0.3	146.865	-0.065
-0.3	143.173	-0.065
-0.3	-127.802	-0.065
-0.3	174.688	-0.065
-0.3	109.981	-0.065
-0.3	78.0641	-0.065
-0.3	96.7656	-0.065
-0.3	-23.7497	-0.065
-0.3	62.5488	-0.065
-0.3	-150.137	-0.065
-0.3	135.808	-0.065
-0.3	-29.9319	-0.065
-0.3	92.045	-0.065
-0.3	22.394	-0.065
-0.3	-127.145	-0.065
-0.3	30.5708	-0.065
-0.3	-170.579	-0.065
-0.3	-124.736	-0.065
-0.3	-20.7003	-0.065
-0.3	-112.462	-0.065
-0.3	142.05	-0.065
-0.3	113.797	-0.065
-0.3	81.939	-0.065
-0.3	-132.41	-0.065
-0.3	138.704	-0.065
-0.3	-103.795	-0.065
-0.3	161.673	-0.065
-0.3	142.601	-0.065
-0.3	37.0769	-0.065
-0.3	15.4181	-0.065
-0.3	63.2933	-0.065
-0.3	-102.789	-0.065
