pol.	phi	weight
0.3	-104.936	1
0.3	84.3061	1
0.3	-95.8014	1
0.3	120.794	1
0.3	-47.6812	1
0.3	-116.487	1
0.3	-118.781	1
0.3	-94.1903	1
0.3	115.006	1
0.3	88.7465	1
0.3	-76.4937	1
0.3	-176.374	1
0.3	17.1738	1
0.3	85.8674	1
0.3	119.636	1
0.3	29.3264	1
0.3	-152.077	1
0.3	-126.378	1
0.3	-100.916	1
0.3	-123.702	1
0.3	117.496	1
0.3	-47.2859	1
0.3	-43.4054	1
0.3	-138.396	1
0.3	-66.6132	1
0.3	92.509	1
0.3	-148.991	1
0.3	-89.9757	1
0.3	5.70047	1
0.3	-72.0698	1
0.3	-49.3015	1
0.3	-5.98916	1
0.3	94.4689	1
0.3	-104.22	1
0.3	140.931	1
0.3	165.89	1
0.3	76.649	1
0.3	66.9372	1
0.3	-28.4862	1
0.3	-105.919	1
0.3	-150.662	1
0.3	25.2354	1
0.3	-105.647	1
0.3	-89.2155	1
0.3	68.4061	1
0.3	-146.836	1
0.3	-122.808	1
0.3	111.66	1
0.3	42.0706	1
0.3	129.153	1
0.3	105.857	1
0.3	-3.58682	1
0.3	-92.5946	1
0.3	135.31	1
0.3	-82.3395	1
0.3	23.6942	1
0.3	-133.898	1
0.3	-10.6259	1
0.3	-165.735	1
0.3	100.307	1
0.3	130.283	1
0.3	-26.2964	1
0.3	-173.595	1
0.3	155.018	1
0.3	171.715	1
0.3	178.862	1
0.3	-24.0468	1
0.3	163.159	1
0.3	-71.5208	1
0.3	118.801	1
0.3	-59.3904	1
0.3	-101.788	1
0.3	-173.109	1
0.3	162.873	1
0.3	-40.1973	1
0.3	-73.8084	1
0.3	-122.507	1
0.3	-6.8735	1
0.3	-135.778	1
0.3	-44.9662	1
0.3	-87.806	1
0.3	-123.688	1
0.3	52.0973	1
0.3	-107.346	1
0.3	80.9382	1
0.3	39.693	1
0.3	-74.6683	1
0.3	152.074	1
0.3	20.2136	1
0.3	-169.955	1
0.3	10.6909	1
0.3	54.5966	1
0.3	127.617	1
0.3	-64.1775	1
0.3	129.435	1
0.3	179.868	1
0.3	-31.8291	1
0.3	120.861	1
0.3	-16.3055	1
0.3	149.233	1
0.3	58.9961	1
0.3	153.252	1
0.3	-86.2588	1
0.3	-108.774	1
0.3	139.365	1
0.3	137.532	1
0.3	177.141	1
0.3	-76.3531	1
0.3	21.9617	1
0.3	-152.849	1
0.3	-125.216	1
0.3	167.288	1
0.3	111.315	1
0.3	-95.6582	1
0.3	-87.1684	1
0.3	-24.4158	1
0.3	-35.7946	1
0.3	-88.0677	1
0.3	-1.87591	1
0.3	-109.705	1
0.3	-79.1125	1
0.3	-44.5211	1
0.3	-31.2369	1
0.3	-141.724	1
0.3	36.0682	1
0.3	166.507	1
0.3	-156.072	1
0.3	106.95	1
0.3	-80.549	1
0.3	-5.15252	1
0.3	-1.27533	1
0.3	-70.198	1
0.3	10.187	1
0.3	-94.7844	1
0.3	-169.196	1
0.3	83.4924	1
0.3	-67.7753	1
0.3	96.5084	1
0.3	52.2004	1
0.3	147.013	1
0.3	169.625	1
0.3	-24.2211	1
0.3	-16.3264	1
0.3	25.7626	1
0.3	-126.786	1
0.3	111.636	1
0.3	-111.601	1
0.3	-155.099	1
0.3	175.368	1
0.3	-65.8661	1
0.3	92.066	1
0.3	-3.68661	1
0.3	-147.17	1
0.3	-164.182	1
0.3	-136.358	1
0.3	145.672	1
0.3	21.7606	1
0.3	133.266	1
0.3	-151.464	1
0.3	17.5997	1
0.3	178.19	1
0.3	109.589	1
0.3	45.016	1
0.3	104.878	1
0.3	-88.799	1
0.3	170.002	1
0.3	-176.564	1
0.3	-0.828378	1
0.3	-119.134	1
0.3	142.398	1
0.3	51.646	1
0.3	-146.716	1
0.3	81.9557	1
0.3	-36.5938	1
0.3	82.1963	1
0.3	-175.17	1
0.3	124.935	1
0.3	1.36737	1
0.3	-100.798	1
0.3	71.7838	1
0.3	-161.385	1
0.3	-14.0838	1
0.3	31.4456	1
0.3	21.9694	1
0.3	42.1413	1
0.3	13.4815	1
0.3	59.9921	1
0.3	-18.0236	1
0.3	-48.6704	1
0.3	-159.08	1
0.3	157.459	1
0.3	-159.505	1
0.3	141.233	1
0.3	134.44	1
0.3	168.782	1
0.3	-94.9725	1
0.3	21.0353	1
0.3	93.4231	1
0.3	-82.0021	1
0.3	61.3953	1
0.3	45.4016	1
0.3	-140.454	1
0.3	175.632	1
0.3	-1.07825	1
0.3	-173.048	1
0.3	48.7155	1
0.3	-144.134	1
0.3	12.3138	1
0.3	30.3687	1
0.3	-103.844	1
0.3	-75.2024	1
0.3	-153.409	1
0.3	-57.9873	-0.065
0.3	-55.2183	-0.065
0.3	14.5299	-0.065
0.3	-96.5173	-0.065
0.3	-42.0584	-0.065
0.3	-77.9607	-0.065
0.3	36.3194	-0.065
0.3	126.019	-0.065
0.3	-5.04585	-0.065
0.3	-47.5723	-0.065
0.3	-156.929	-0.065
0.3	-56.8485	-0.065
0.3	40.0287	-0.065
0.3	35.2403	-0.065
0.3	-168.292	-0.065
0.3	-146.99	-0.065
0.3	-124.81	-0.065
0.3	78.1685	-0.065
0.3	-148.49	-0.065
0.3	19.163	-0.065
0.3	32.4206	-0.065
0.3	-72.3194	-0.065
0.3	107.241	-0.065
0.3	89.1289	-0.065
0.3	-114.059	-0.065
0.3	115.569	-0.065
0.3	-152.385	-0.065
0.3	49.0666	-0.065
0.3	73.8771	-0.065
0.3	-124.065	-0.065
0.3	-59.1653	-0.065
0.3	-26.52	-0.065
0.3	-147.605	-0.065
0.3	18.8846	-0.065
0.3	-84.5975	-0.065
0.3	3.93521	-0.065
0.3	91.7938	-0.065
0.3	-160.431	-0.065
0.3	-163.888	-0.065
0.3	-123.689	-0.065
0.3	-112.15	-0.065
0.3	146.506	-0.065
0.3	104.477	-0.065
0.3	177.889	-0.065
0.3	-69.4288	-0.065
0.3	-137.071	-0.065
0.3	103.26	-0.065
0.3	19.9673	-0.065
0.3	147.513	-0.065
0.3	-70.8712	-0.065
0.3	-44.7001	-0.065
0.3	13.8594	-0.065
0.3	-63.5413	-0.065
0.3	-174.435	-0.065
0.3	25.5955	-0.065
0.3	-179.154	-0.065
0.3	-112.641	-0.065
0.3	-104.5	-0.065
0.3	-133.464	-0.065
0.3	-140.206	-0.065
0.3	-105.789	-0.065
0.3	19.7361	-0.065
0.3	-122.863	-0.065
0.3	161.476	-0.065
0.3	-81.2717	-0.065
0.3	20.7899	-0.065
0.3	-83.8959	-0.065
0.3	-147.172	-0.065
0.3	-146.544	-0.065
0.3	131.151	-0.065
0.3	-139.697	-0.065
0.3	-79.7001	-0.065
0.3	-92.2202	-0.065
0.3	49.5547	-0.065
0.3	84.1781	-0.065
0.3	6.69882	-0.065
0.3	39.7635	-0.065
0.3	-108.283	-0.065
0.3	-131.245	-0.065
0.3	-147.699	-0.065
0.3	43.7986	-0.065
0.3	72.946	-0.065
0.3	33.1421	-0.065
0.3	-129.555	-0.065
0.3	49.4034	-0.065
0.3	-157.352	-0.065
0.3	-152.383	-0.065
0.3	-85.3426	-0.065
0.3	-35.4475	-0.065
0.3	-118.751	-0.065
0.3	-5.36229	-0.065
0.3	23.1133	-0.065
0.3	-87.0154	-0.065
0.3	-96.6463	-0.065
0.3	111.305	-0.065
0.3	-20.2517	-0.065
0.3	-19.3962	-0.065
0.3	48.164	-0.065
0.3	-84.6802	-0.065
0.3	164.669	-0.065
0.3	-87.2468	-0.065
0.3	176.207	-0.065
0.3	-17.6427	-0.065
0.3	7.27984	-0.065
0.3	33.4522	-0.065
0.3	-135.805	-0.065
0.3	57.0658	-0.065
0.3	-2.81845	-0.065
0.3	130.239	-0.065
0.3	45.0928	-0.065
0.3	59.0964	-0.065
0.3	122.341	-0.065
0.3	11.0269	-0.065
0.3	75.5528	-0.065
0.3	148.457	-0.065
0.3	93.2136	-0.065
0.3	90.294	-0.065
0.3	53.6895	-0.065
0.3	92.6621	-0.065
0.3	167.229	-0.065
0.3	177.783	-0.065
0.3	32.4072	-0.065
0.3	86.8987	-0.065
0.3	-77.6234	-0.065
0.3	-176.835	-0.065
0.3	-154.526	-0.065
0.3	-129.122	-0.065
0.3	-178.784	-0.065
0.3	-36.6038	-0.065
0.3	-22.3937	-0.065
0.3	-124.367	-0.065
0.3	120.533	-0.065
0.3	-89.4155	-0.065
0.3	8.68637	-0.065
0.3	-8.63269	-0.065
0.3	-76.3278	-0.065
0.3	-81.5276	-0.065
0.3	-35.1762	-0.065
0.3	-68.5073	-0.065
0.3	133.457	-0.065
0.3	-56.4653	-0.065
0.3	115.205	-0.065
0.3	-42.8682	-0.065
0.3	-20.3737	-0.065
0.3	63.4644	-0.065
0.3	-142.023	-0.065
0.3	-31.6929	-0.065
0.3	159.712	-0.065
0.3	-38.9071	-0.065
0.3	-140.495	-0.065
0.3	23.8881	-0.065
0.3	2.72748	-0.065
0.3	-169.988	-0.065
0.3	-77.7661	-0.065
0.3	37.3696	-0.065
0.3	126.664	-0.065
0.3	28.0668	-0.065
0.3	-101.655	-0.065
0.3	3.35152	-0.065
0.3	88.8751	-0.065
0.3	-143.058	-0.065
0.3	-22.3399	-0.065
0.3	-51.5827	-0.065
0.3	-56.7611	-0.065
-0.3	177.234	1
-0.3	60.4039	1
-0.3	-137.298	1
-0.3	75.0356	1
-0.3	-69.4216	1
-0.3	68.9618	1
-0.3	-107.263	1
-0.3	120.372	1
-0.3	-16.3974	1
-0.3	29.301	1
-0.3	150.83	1
-0.3	151.83	1
-0.3	-43.444	1
-0.3	-153.243	1
-0.3	64.6862	1
-0.3	38.4498	1
-0.3	-52.6549	1
-0.3	-101.869	1
-0.3	-110.925	1
-0.3	107.214	1
-0.3	76.4442	1
-0.3	5.19095	1
-0.3	26.278	1
-0.3	67.507	1
-0.3	140.057	1
-0.3	-131.305	1
-0.3	18.5746	1
-0.3	111.981	1
-0.3	104.936	1
-0.3	-116.475	1
-0.3	-147.543	1
-0.3	-59.1507	1
-0.3	174.444	1
-0.3	-64.782	1
-0.3	-147.718	1
-0.3	21.8654	1
-0.3	52.9986	1
-0.3	99.5218	1
-0.3	-12.8048	1
-0.3	132.004	1
-0.3	16.3534	1
-0.3	-173.366	1
-0.3	71.2588	1
-0.3	-135.081	1
-0.3	136.23	1
-0.3	-124.357	1
-0.3	-48.5573	1
-0.3	-123.416	1
-0.3	161.476	1
-0.3	27.0958	1
-0.3	8.77853	1
-0.3	-101.272	1
-0.3	4.73576	1
-0.3	-62.9905	1
-0.3	78.7988	1
-0.3	93.1722	1
-0.3	79.6117	1
-0.3	106.845	1
-0.3	67.0334	1
-0.3	-80.5464	1
-0.3	-1.35568	1
-0.3	85.6292	1
-0.3	-143.965	1
-0.3	5.67287	1
-0.3	107.917	1
-0.3	-124.097	1
-0.3	-19.2734	1
-0.3	-50.921	1
-0.3	-113.818	1
-0.3	29.2736	1
-0.3	-45.6873	1
-0.3	-127.489	1
-0.3	84.3825	1
-0.3	-143.84	1
-0.3	-30.7314	1
-0.3	-80.9773	1
-0.3	-157.541	1
-0.3	112.106	1
-0.3	-52.8551	1
-0.3	-171.718	1
-0.3	-118.561	1
-0.3	84.6986	1
-0.3	64.0186	1
-0.3	-116.386	1
-0.3	104.202	1
-0.3	0.807791	1
-0.3	73.8213	1
-0.3	162.563	1
-0.3	121.545	1
-0.3	31.9692	1
-0.3	-36.611	1
-0.3	80.0987	1
-0.3	-142.745	1
-0.3	-105.265	1
-0.3	54.6681	1
-0.3	110.513	1
-0.3	-140.033	1
-0.3	55.7641	1
-0.3	12.8792	1
-0.3	-19.0354	1
-0.3	-70.0775	1
-0.3	2.08624	1
-0.3	-96.3522	1
-0.3	48.6235	1
-0.3	-118.512	1
-0.3	130.759	1
-0.3	-29.699	1
-0.3	47.3085	1
-0.3	97.7451	1
-0.3	134.72	1
-0.3	42.8169	1
-0.3	-32.8768	1
-0.3	-134.796	1
-0.3	-150.236	1
-0.3	96.6177	1
-0.3	-14.7398	1
-0.3	117.131	1
-0.3	45.266	1
-0.3	-43.1448	1
-0.3	-112.191	1
-0.3	159.699	1
-0.3	-83.2676	1
-0.3	-133.992	1
-0.3	-151.36	1
-0.3	165.357	1
-0.3	67.5882	1
-0.3	-70.0425	1
-0.3	-97.6	1
-0.3	80.5618	1
-0.3	168.604	1
-0.3	142.443	1
-0.3	-172.997	1
-0.3	-159.149	1
-0.3	-171.19	1
-0.3	90.8092	1
-0.3	-162.628	1
-0.3	-125.68	1
-0.3	-118.28	1
-0.3	-1.55616	1
-0.3	-69.9752	1
-0.3	-63.0857	1
-0.3	140.327	1
-0.3	82.8096	1
-0.3	-114.148	1
-0.3	26.1442	1
-0.3	61.0717	1
-0.3	-36.727	1
-0.3	156.725	1
-0.3	25.3746	1
-0.3	-11.3607	1
-0.3	96.7878	1
-0.3	34.6492	1
-0.3	37.7729	1
-0.3	-76.8989	1
-0.3	27.3665	1
-0.3	17.8384	1
-0.3	29.6966	1
-0.3	57.1943	1
-0.3	-137.574	1
-0.3	143.653	1
-0.3	175.211	1
-0.3	90.8133	1
-0.3	-92.2069	1
-0.3	38.4527	1
-0.3	-10.4564	1
-0.3	164.885	1
-0.3	-6.40666	1
-0.3	107.77	1
-0.3	73.4488	1
-0.3	153.695	1
-0.3	-45.0879	1
-0.3	-77.7307	1
-0.3	-121.374	1
-0.3	64.9969	1
-0.3	56.5785	1
-0.3	-114.979	1
-0.3	63.2179	1
-0.3	-9.92004	1
-0.3	-103.69	1
-0.3	123.169	1
-0.3	74.971	1
-0.3	96.5971	1
-0.3	-154.666	1
-0.3	-84.8627	1
-0.3	61.8409	1
-0.3	177.115	1
-0.3	62.3344	1
-0.3	-104.228	1
-0.3	-24.1217	1
-0.3	-143.213	1
-0.3	-47.1446	1
-0.3	-91.6951	1
-0.3	-27.1486	1
-0.3	93.241	1
-0.3	91.1758	1
-0.3	156.784	1
-0.3	108.237	-0.065
-0.3	-3.71075	-0.065
-0.3	95.1183	-0.065
-0.3	84.8784	-0.065
-0.3	-32.8262	-0.065
-0.3	131.378	-0.065
-0.3	-150.394	-0.065
-0.3	134.029	-0.065
-0.3	-9.2356	-0.065
-0.3	-91.7867	-0.065
-0.3	-145.299	-0.065
-0.3	-177.718	-0.065
-0.3	162.321	-0.065
-0.3	-149.786	-0.065
-0.3	113.875	-0.065
-0.3	56.3309	-0.065
-0.3	-144.354	-0.065
-0.3	-55.0635	-0.065
-0.3	14.417	-0.065
-0.3	171.381	-0.065
-0.3	-17.3897	-0.065
-0.3	-3.37184	-0.065
-0.3	29.97	-0.065
-0.3	130.888	-0.065
-0.3	162.931	-0.065
-0.3	-167.176	-0.065
-0.3	72.3916	-0.065
-0.3	-40.0866	-0.065
-0.3	107.557	-0.065
-0.3	85.8176	-0.065
-0.3	-14.5708	-0.065
-0.3	-34.9257	-0.065
-0.3	3.38421	-0.065
-0.3	133.298	-0.065
-0.3	-160.664	-0.065
-0.3	-97.5816	-0.065
-0.3	102.988	-0.065
-0.3	-132.28	-0.065
-0.3	10.5301	-0.065
-0.3	173.948	-0.065
-0.3	-76.4849	-0.065
-0.3	-8.57707	-0.065
-0.3	-109.077	-0.065
-0.3	-38.7792	-0.065
-0.3	-151.07	-0.065
-0.3	-65.1332	-0.065
-0.3	-116.92	-0.065
-0.3	165.677	-0.065
-0.3	-121.81	-0.065
-0.3	-150.111	-0.065
-0.3	123.469	-0.065
-0.3	-152.512	-0.065
-0.3	76.8554	-0.065
-0.3	66.2377	-0.065
-0.3	-19.2246	-0.065
-0.3	-37.6891	-0.065
-0.3	150.772	-0.065
-0.3	-7.53	-0.065
-0.3	35.6556	-0.065
-0.3	28.3924	-0.065
-0.3	-68.6622	-0.065
-0.3	148.63	-0.065
-0.3	-170.748	-0.065
-0.3	-104.635	-0.065
-0.3	122.987	-0.065
-0.3	-79.3418	-0.065
-0.3	-58.5216	-0.065
-0.3	-165.772	-0.065
-0.3	28.0851	-0.065
-0.3	-33.0032	-0.065
-0.3	-162.243	-0.065
-0.3	-51.5434	-0.065
-0.3	15.3248	-0.065
-0.3	73.5992	-0.065
-0.3	82.2204	-0.065
-0.3	131.602	-0.065
-0.3	-109.756	-0.065
-0.3	160.385	-0.065
-0.3	81.0216	-0.065
-0.3	44.1519	-0.065
-0.3	136.795	-0.065
-0.3	-105.47	-0.065
-0.3	-80.2505	-0.065
-0.3	-167.073	-0.065
-0.3	-174.033	-0.065
-0.3	-103.321	-0.065
-0.3	-150.799	-0.065
-0.3	-36.8174	-0.065
-0.3	-86.172	-0.065
-0.3	-179.336	-0.065
-0.3	100.162	-0.065
-0.3	-111.182	-0.065
-0.3	102.338	-0.065
-0.3	-114.057	-0.065
-0.3	-149.924	-0.065
-0.3	167.768	-0.065
-0.3	-67.8688	-0.065
-0.3	-174.613	-0.065
-0.3	169.726	-0.065
-0.3	-46.8037	-0.065
-0.3	51.441	-0.065
-0.3	89.2626	-0.065
-0.3	179.39	-0.065
-0.3	-3.03654	-0.065
-0.3	136.808	-0.065
-0.3	-57.7102	-0.065
-0.3	-73.2339	-0.065
-0.3	-169.291	-0.065
-0.3	80.5929	-0.065
-0.3	152.96	-0.065
-0.3	-107.451	-0.065
-0.3	129.272	-0.065
-0.3	-164.56	-0.065
-0.3	124.74	-0.065
-0.3	102.284	-0.065
-0.3	-12.8449	-0.065
-0.3	93.4745	-0.065
-0.3	28.159	-0.065
-0.3	34.0108	-0.065
-0.3	152.438	-0.065
-0.3	116.5	-0.065
-0.3	168.515	-0.065
-0.3	-88.8349	-0.065
-0.3	-84.0785	-0.065
-0.3	-76.7452	-0.065
-0.3	-35.841	-0.065
-0.3	-57.5988	-0.065
-0.3	173.751	-0.065
-0.3	-114.054	-0.065
-0.3	-41.3673	-0.065
-0.3	129.374	-0.065
-0.3	103.162	-0.065
-0.3	-82.5048	-0.065
-0.3	-68.9616	-0.065
-0.3	-16.7566	-0.065
-0.3	32.3144	-0.065
-0.3	-67.3562	-0.065
-0.3	18.3462	-0.065
-0.3	174.169	-0.065
-0.3	-162.862	-0.065
-0.3	158.698	-0.065
-0.3	154.708	-0.065
-0.3	31.7255	-0.065
-0.3	-11.4234	-0.065
-0.3	13.7732	-0.065
-0.3	-16.5005	-0.065
-0.3	-66.6099	-0.065
-0.3	-128.782	-0.065
-0.3	18.0809	-0.065
-0.3	-155.931	-0.065
-0.3	51.1321	-0.065
-0.3	11.8732	-0.065
