pol.	phi	weight
0.3	-124.785	1
0.3	-144.302	1
0.3	23.691	1
0.3	120.644	1
0.3	136.867	1
0.3	93.8114	1
0.3	-161.679	1
0.3	25.0529	1
0.3	-0.107711	1
0.3	-60.0909	1
0.3	97.156	1
0.3	156.658	1
0.3	123.687	1
0.3	-106.043	1
0.3	-101.36	1
0.3	-4.63439	1
0.3	-12.555	1
0.3	-143.002	1
0.3	-49.4742	1
0.3	135.978	1
0.3	76.0933	1
0.3	150.956	1
0.3	-78.0473	1
0.3	153.876	1
0.3	-122.084	1
0.3	-58.518	1
0.3	-56.6758	1
0.3	-33.7988	1
0.3	-38.5974	1
0.3	-123.807	1
0.3	-162.857	1
0.3	-46.9457	1
0.3	5.30337	1
0.3	92.3189	1
0.3	-99.3035	1
0.3	-65.7407	1
0.3	-105.445	1
0.3	129.8	1
0.3	-27.0825	1
0.3	-69.1221	1
0.3	-63.6616	1
0.3	85.494	1
0.3	84.098	1
0.3	1.30048	1
0.3	-126.017	1
0.3	129.498	1
0.3	17.4439	1
0.3	-8.43173	1
0.3	-35.628	1
0.3	62.6174	1
0.3	96.4134	1
0.3	-14.1585	1
0.3	129.102	1
0.3	-99.7098	1
0.3	-126.187	1
0.3	-150.813	1
0.3	23.5498	1
0.3	-3.67369	1
0.3	50.6884	1
0.3	-115.796	1
0.3	-123.76	1
0.3	163.264	1
0.3	137.896	1
0.3	-60.9901	1
0.3	4.5584	1
0.3	-141.573	1
0.3	-137.361	1
0.3	-116.861	1
0.3	87.8409	1
0.3	-11.5349	1
0.3	38.5108	1
0.3	30.2735	1
0.3	130.541	1
0.3	-6.93	1
0.3	7.13693	1
0.3	-9.99019	1
0.3	-148.135	1
0.3	58.9455	1
0.3	-60.567	1
0.3	147.86	1
0.3	128.913	1
0.3	-98.1554	1
0.3	-80.2976	1
0.3	-17.5097	1
0.3	22.7557	1
0.3	55.8072	1
0.3	-91.4668	1
0.3	-84.8282	1
0.3	14.2848	1
0.3	25.2282	1
0.3	-36.6135	1
0.3	-7.49151	1
0.3	-84.4031	1
0.3	-63.0349	1
0.3	-8.58022	1
0.3	157.628	1
0.3	117.804	1
0.3	108.599	1
0.3	-107.099	1
0.3	-15.9315	1
0.3	5.16463	1
0.3	10.8648	1
0.3	160.16	1
0.3	-56.3468	1
0.3	-38.9454	1
0.3	-142.481	1
0.3	-154.665	1
0.3	131.987	1
0.3	-63.0454	1
0.3	55.3732	1
0.3	21.5407	1
0.3	1.37541	1
0.3	-170.373	1
0.3	23.6361	1
0.3	-178.12	1
0.3	-152.242	1
0.3	46.9903	1
0.3	-153.697	1
0.3	108.121	1
0.3	-11.3186	1
0.3	161.898	1
0.3	153.462	1
0.3	-175.684	1
0.3	149.487	1
0.3	33.9266	1
0.3	-88.0844	1
0.3	140.887	1
0.3	-44.5802	1
0.3	-109.022	1
0.3	-45.8891	1
0.3	-147.394	1
0.3	-8.63372	1
0.3	-82.3811	1
0.3	-151.679	1
0.3	-115.228	1
0.3	-19.9773	1
0.3	147.412	1
0.3	49.1878	1
0.3	18.1376	1
0.3	166.405	1
0.3	2.48755	1
0.3	-46.5252	1
0.3	156.757	1
0.3	-33.6083	1
0.3	-125.078	1
0.3	90.6772	1
0.3	139.598	1
0.3	-69.7346	1
0.3	160.875	1
0.3	-86.769	1
0.3	176.056	1
0.3	173.161	1
0.3	-175.82	1
0.3	-10.1848	1
0.3	-35.1957	1
0.3	-86.7851	1
0.3	89.4642	1
0.3	-14.6962	1
0.3	75.1199	1
0.3	-37.3715	1
0.3	169.374	1
0.3	-64.0279	1
0.3	1.68471	1
0.3	-16.145	1
0.3	159.286	1
0.3	-86.8757	1
0.3	-12.978	1
0.3	-111.213	1
0.3	-164.556	1
0.3	-107.662	1
0.3	49.936	1
0.3	-26.0063	1
0.3	-117.585	1
0.3	-145.17	1
0.3	-166.294	1
0.3	-5.69903	1
0.3	-60.4198	1
0.3	89.9475	1
0.3	-15.011	1
0.3	49.9372	1
0.3	137.129	1
0.3	135.352	1
0.3	127.094	-0.065
0.3	108.656	-0.065
0.3	-67.1305	-0.065
0.3	25.9211	-0.065
0.3	-78.2123	-0.065
0.3	71.8594	-0.065
0.3	-16.6599	-0.065
0.3	106.884	-0.065
0.3	75.4643	-0.065
0.3	-114.685	-0.065
0.3	22.7203	-0.065
0.3	35.1321	-0.065
0.3	-36.9115	-0.065
0.3	-54.7167	-0.065
0.3	158.542	-0.065
0.3	175.546	-0.065
0.3	-65.3842	-0.065
0.3	17.0736	-0.065
0.3	-159.725	-0.065
0.3	3.43545	-0.065
0.3	-52.722	-0.065
0.3	11.1714	-0.065
0.3	80.2628	-0.065
0.3	53.3373	-0.065
0.3	-137.811	-0.065
0.3	36.0217	-0.065
0.3	-164.833	-0.065
0.3	87.9828	-0.065
0.3	-15.8703	-0.065
0.3	-127.838	-0.065
0.3	104.191	-0.065
0.3	-4.76832	-0.065
0.3	-157.692	-0.065
0.3	28.9548	-0.065
0.3	-174.469	-0.065
0.3	-172.713	-0.065
0.3	119.011	-0.065
0.3	-130.15	-0.065
0.3	84.6962	-0.065
0.3	-169.395	-0.065
0.3	-143.653	-0.065
0.3	-163.257	-0.065
0.3	108.381	-0.065
0.3	147.798	-0.065
0.3	93.5658	-0.065
0.3	-52.7175	-0.065
0.3	160.208	-0.065
0.3	-48.435	-0.065
0.3	137.983	-0.065
0.3	129.175	-0.065
0.3	125.225	-0.065
0.3	-38.0948	-0.065
0.3	78.1076	-0.065
0.3	84.9534	-0.065
0.3	32.8113	-0.065
0.3	50.3468	-0.065
0.3	102.283	-0.065
0.3	80.0848	-0.065
0.3	80.5485	-0.065
0.3	-113.298	-0.065
0.3	114.644	-0.065
0.3	150.101	-0.065
0.3	-103.118	-0.065
0.3	6.71591	-0.065
0.3	-29.7404	-0.065
0.3	110.597	-0.065
0.3	52.1259	-0.065
0.3	41.9796	-0.065
0.3	-72.8462	-0.065
0.3	-122.981	-0.065
0.3	-179.857	-0.065
0.3	4.20522	-0.065
0.3	-15.1227	-0.065
0.3	-1.90626	-0.065
0.3	-61.2947	-0.065
0.3	-31.4004	-0.065
0.3	-90.014	-0.065
0.3	3.1189	-0.065
0.3	80.6917	-0.065
0.3	-15.6449	-0.065
0.3	-165.121	-0.065
0.3	-164.493	-0.065
0.3	168.013	-0.065
0.3	48.6553	-0.065
0.3	-68.1705	-0.065
0.3	83.85	-0.065
0.3	157.041	-0.065
0.3	-179.737	-0.065
0.3	167.998	-0.065
0.3	26.2504	-0.065
0.3	-6.19003	-0.065
0.3	-25.6391	-0.065
0.3	71.2285	-0.065
0.3	-45.9466	-0.065
0.3	69.3342	-0.065
0.3	-21.5017	-0.065
0.3	-125.652	-0.065
0.3	-94.6019	-0.065
0.3	-105.733	-0.065
0.3	143.414	-0.065
0.3	174.362	-0.065
0.3	-6.39618	-0.065
0.3	127.119	-0.065
0.3	-82.1445	-0.065
0.3	169	-0.065
0.3	-27.1806	-0.065
0.3	75.6015	-0.065
0.3	-74.719	-0.065
0.3	147.548	-0.065
0.3	39.7024	-0.065
0.3	54.9372	-0.065
0.3	-18.8999	-0.065
0.3	101.429	-0.065
0.3	-73.8188	-0.065
0.3	85.4246	-0.065
0.3	20.6746	-0.065
0.3	35.6989	-0.065
0.3	135.17	-0.065
0.3	-149.275	-0.065
0.3	107.806	-0.065
0.3	100.542	-0.065
0.3	-112.638	-0.065
0.3	139.693	-0.065
0.3	-121.966	-0.065
0.3	-85.5605	-0.065
0.3	93.2713	-0.065
0.3	170.472	-0.065
0.3	-54.3821	-0.065
0.3	96.5238	-0.065
0.3	104.402	-0.065
0.3	11.5772	-0.065
0.3	-61.8188	-0.065
0.3	-38.5797	-0.065
0.3	-123.638	-0.065
0.3	4.10314	-0.065
0.3	10.0043	-0.065
0.3	-168.832	-0.065
0.3	-19.9275	-0.065
0.3	53.2454	-0.065
0.3	64.2814	-0.065
-0.3	58.522	1
-0.3	-105.335	1
-0.3	-10.4534	1
-0.3	-155.902	1
-0.3	155.015	1
-0.3	106.15	1
-0.3	-3.38372	1
-0.3	109.901	1
-0.3	-61.4798	1
-0.3	83.9048	1
-0.3	-108.081	1
-0.3	-136.902	1
-0.3	-161.091	1
-0.3	29.3742	1
-0.3	35.6605	1
-0.3	130.212	1
-0.3	-143.958	1
-0.3	-42.1373	1
-0.3	75.9506	1
-0.3	-63.6844	1
-0.3	-60.2673	1
-0.3	80.1125	1
-0.3	-164.944	1
-0.3	29.8275	1
-0.3	92.6809	1
-0.3	-134.683	1
-0.3	75.4118	1
-0.3	90.736	1
-0.3	80.7215	1
-0.3	31.9873	1
-0.3	51.8726	1
-0.3	-117.211	1
-0.3	-160.783	1
-0.3	-55.9524	1
-0.3	-117.914	1
-0.3	-139.9	1
-0.3	-73.4896	1
-0.3	94.4341	1
-0.3	-62.9817	1
-0.3	-135.33	1
-0.3	153.054	1
-0.3	-33.921	1
-0.3	-99.3503	1
-0.3	-101.17	1
-0.3	-76.533	1
-0.3	-158.483	1
-0.3	-168.089	1
-0.3	89.6745	1
-0.3	-123.879	1
-0.3	35.1932	1
-0.3	-44.2626	1
-0.3	-10.7917	1
-0.3	-104.14	1
-0.3	142.833	1
-0.3	-137.836	1
-0.3	56.5829	1
-0.3	-17.8285	1
-0.3	-16.4954	1
-0.3	22.8769	1
-0.3	14.5528	1
-0.3	77.3982	1
-0.3	143.001	1
-0.3	-65.193	1
-0.3	158.55	1
-0.3	-152.224	1
-0.3	64.5128	1
-0.3	133.694	1
-0.3	-125.435	1
-0.3	141.572	1
-0.3	-2.87276	1
-0.3	-120.296	1
-0.3	109.905	1
-0.3	-134.474	1
-0.3	81.1523	1
-0.3	20.0204	1
-0.3	-96.2213	1
-0.3	108.21	1
-0.3	-0.321813	1
-0.3	-60.4328	1
-0.3	-2.96385	1
-0.3	138.56	1
-0.3	109.427	1
-0.3	104.775	1
-0.3	160.929	1
-0.3	179.145	1
-0.3	109.39	1
-0.3	146.588	1
-0.3	-138.041	1
-0.3	29.0314	1
-0.3	37.2106	1
-0.3	-145.555	1
-0.3	119.091	1
-0.3	-178.625	1
-0.3	-131.295	1
-0.3	-43.2	1
-0.3	-123.809	1
-0.3	-24.4074	1
-0.3	-58.5323	1
-0.3	9.79889	1
-0.3	1.80975	1
-0.3	174.891	1
-0.3	14.1783	1
-0.3	-36.6743	1
-0.3	-177.346	1
-0.3	107.718	1
-0.3	54.9953	1
-0.3	94.5843	1
-0.3	-76.4416	1
-0.3	49.3346	1
-0.3	49.27	1
-0.3	26.9753	1
-0.3	11.3136	1
-0.3	135.191	1
-0.3	-107.906	1
-0.3	-103.702	1
-0.3	125.201	1
-0.3	-109.189	1
-0.3	-41.051	1
-0.3	-131.088	1
-0.3	-163.319	1
-0.3	30.7814	1
-0.3	-4.10042	1
-0.3	79.2689	1
-0.3	-108.204	1
-0.3	84.1659	1
-0.3	17.0939	1
-0.3	82.0611	1
-0.3	144.833	1
-0.3	-170.988	1
-0.3	105.717	1
-0.3	7.09936	1
-0.3	146.737	1
-0.3	-161.643	1
-0.3	-16.2644	1
-0.3	42.8509	1
-0.3	68.3172	1
-0.3	-5.32466	1
-0.3	63.0929	1
-0.3	-154.913	1
-0.3	159.898	1
-0.3	89.1595	1
-0.3	15.0938	1
-0.3	126.089	1
-0.3	-80.3221	1
-0.3	28.3177	1
-0.3	-173.422	1
-0.3	-169.77	1
-0.3	-85.1654	1
-0.3	104.709	1
-0.3	-163.077	1
-0.3	98.2607	1
-0.3	-88.9542	1
-0.3	-63.9563	1
-0.3	-32.6761	1
-0.3	133.273	1
-0.3	-101.17	1
-0.3	3.76934	1
-0.3	70.0774	1
-0.3	-156.199	1
-0.3	77.9849	1
-0.3	41.32	1
-0.3	-74.3937	1
-0.3	33.2379	1
-0.3	66.1779	1
-0.3	-61.847	1
-0.3	-88.3369	1
-0.3	-76.1676	1
-0.3	21.7269	1
-0.3	-74.729	1
-0.3	-90.6684	1
-0.3	-115.912	1
-0.3	33.3845	1
-0.3	-148.233	1
-0.3	133.559	1
-0.3	-108.923	1
-0.3	-140.589	1
-0.3	80.4379	1
-0.3	-86.7666	1
-0.3	-45.2675	1
-0.3	171.624	1
-0.3	-152.246	1
-0.3	97.779	1
-0.3	156.878	1
-0.3	-114.498	1
-0.3	-155.978	1
-0.3	59.5246	1
-0.3	42.1016	1
-0.3	176.351	1
-0.3	-6.41459	1
-0.3	-27.6783	1
-0.3	-81.7854	1
-0.3	38.2371	1
-0.3	-153.151	1
-0.3	-72.7982	1
-0.3	83.822	1
-0.3	167.729	1
-0.3	173.899	1
-0.3	-29.7925	1
-0.3	-28.3394	1
-0.3	115.679	1
-0.3	-51.7816	1
-0.3	-153.33	1
-0.3	175.365	1
-0.3	70.8544	1
-0.3	-65.5348	1
-0.3	150.152	1
-0.3	22.9077	1
-0.3	146.892	1
-0.3	-123.062	1
-0.3	142.397	1
-0.3	-171.884	1
-0.3	47.3563	1
-0.3	-142.597	1
-0.3	-7.04605	1
-0.3	66.3945	1
-0.3	-80.4286	1
-0.3	122.214	1
-0.3	-112.06	1
-0.3	-14.5833	1
-0.3	50.7326	1
-0.3	117.55	1
-0.3	170.343	1
-0.3	126.222	1
-0.3	152.161	1
-0.3	123.405	1
-0.3	-24.9116	-0.065
-0.3	-45.0785	-0.065
-0.3	13.5711	-0.065
-0.3	-164.901	-0.065
-0.3	22.8185	-0.065
-0.3	124.708	-0.065
-0.3	118.2	-0.065
-0.3	-17.3767	-0.065
-0.3	17.0012	-0.065
-0.3	38.1035	-0.065
-0.3	-163.375	-0.065
-0.3	11.3963	-0.065
-0.3	130.157	-0.065
-0.3	16.5358	-0.065
-0.3	63.5396	-0.065
-0.3	90.3672	-0.065
-0.3	114.002	-0.065
-0.3	-39.1466	-0.065
-0.3	-103.864	-0.065
-0.3	-99.3381	-0.065
-0.3	118.574	-0.065
-0.3	-8.01441	-0.065
-0.3	-99.8526	-0.065
-0.3	-91.8307	-0.065
-0.3	-150.6	-0.065
-0.3	98.3396	-0.065
-0.3	-87.5487	-0.065
-0.3	111.748	-0.065
-0.3	-136.978	-0.065
-0.3	98.4437	-0.065
-0.3	56.3059	-0.065
-0.3	-4.93863	-0.065
-0.3	-134.516	-0.065
-0.3	-63.1627	-0.065
-0.3	10.7414	-0.065
-0.3	147.778	-0.065
-0.3	118.125	-0.065
-0.3	-17.3569	-0.065
-0.3	-3.21031	-0.065
-0.3	-73.281	-0.065
-0.3	-56.3848	-0.065
-0.3	-132.861	-0.065
-0.3	-34.3141	-0.065
-0.3	-25.651	-0.065
-0.3	83.7046	-0.065
-0.3	-132.121	-0.065
-0.3	161.105	-0.065
-0.3	145.128	-0.065
-0.3	48.3623	-0.065
-0.3	153.807	-0.065
-0.3	-136.292	-0.065
-0.3	63.0995	-0.065
-0.3	-107.864	-0.065
-0.3	98.9081	-0.065
-0.3	104.633	-0.065
-0.3	164.167	-0.065
-0.3	-3.18598	-0.065
-0.3	135.441	-0.065
-0.3	75.7082	-0.065
-0.3	-126.245	-0.065
-0.3	157.699	-0.065
-0.3	-99.714	-0.065
-0.3	110.018	-0.065
-0.3	-63.4186	-0.065
-0.3	28.4304	-0.065
-0.3	-55.2453	-0.065
-0.3	-77.6666	-0.065
-0.3	137.366	-0.065
-0.3	-104.139	-0.065
-0.3	155.565	-0.065
-0.3	-28.3844	-0.065
-0.3	-164.451	-0.065
-0.3	-5.22079	-0.065
-0.3	8.27313	-0.065
-0.3	-44.8479	-0.065
-0.3	-26.1219	-0.065
-0.3	-71.2804	-0.065
-0.3	-36.0928	-0.065
-0.3	-51.4363	-0.065
-0.3	139.207	-0.065
-0.3	59.2943	-0.065
-0.3	-27.8554	-0.065
-0.3	-110.675	-0.065
-0.3	-178.728	-0.065
-0.3	117.847	-0.065
-0.3	-2.03534	-0.065
-0.3	144.844	-0.065
-0.3	-59.3211	-0.065
-0.3	-124.476	-0.065
-0.3	-128.364	-0.065
-0.3	85.8326	-0.065
-0.3	125.837	-0.065
-0.3	-79.2987	-0.065
-0.3	-26.633	-0.065
-0.3	109.306	-0.065
-0.3	-178.987	-0.065
-0.3	149.507	-0.065
-0.3	-127.936	-0.065
-0.3	-120.855	-0.065
-0.3	-38.1831	-0.065
-0.3	-84.2505	-0.065
-0.3	178.288	-0.065
-0.3	-176.273	-0.065
-0.3	13.2571	-0.065
-0.3	-15.057	-0.065
-0.3	-22.7524	-0.065
-0.3	70.9336	-0.065
-0.3	-89.6948	-0.065
-0.3	-161.284	-0.065
-0.3	154.582	-0.065
-0.3	-146.052	-0.065
-0.3	-11.0454	-0.065
-0.3	172.827	-0.065
-0.3	170.53	-0.065
-0.3	33.741	-0.065
-0.3	-118.727	-0.065
-0.3	-45.8206	-0.065
-0.3	170.381	-0.065
-0.3	-22.4425	-0.065
-0.3	0.53565	-0.065
-0.3	4.73141	-0.065
-0.3	129.533	-0.065
-0.3	-13.9122	-0.065
-0.3	-76.9533	-0.065
-0.3	44.5689	-0.065
-0.3	-72.8152	-0.065
-0.3	143.122	-0.065
-0.3	128.875	-0.065
-0.3	100.606	-0.065
-0.3	75.636	-0.065
-0.3	-63.4215	-0.065
-0.3	174.678	-0.065
-0.3	-129.235	-0.065
-0.3	151.402	-0.065
-0.3	156.636	-0.065
-0.3	-45.8323	-0.065
-0.3	51.4923	-0.065
-0.3	-95.7916	-0.065
-0.3	68.3752	-0.065
-0.3	25.3184	-0.065
-0.3	-31.2295	-0.065
-0.3	-29.9581	-0.065
-0.3	-4.39192	-0.065
-0.3	159.071	-0.065
-0.3	-62.2306	-0.065
-0.3	-138.704	-0.065
-0.3	13.7281	-0.065
-0.3	152.777	-0.065
-0.3	-5.42244	-0.065
-0.3	160.094	-0.065
-0.3	15.208	-0.065
-0.3	-172.464	-0.065
-0.3	159.688	-0.065
-0.3	4.3724	-0.065
-0.3	-95.0185	-0.065
-0.3	-123.431	-0.065
-0.3	88.2852	-0.065
-0.3	1.86588	-0.065
-0.3	178.515	-0.065
-0.3	-156.203	-0.065
-0.3	-165.247	-0.065
-0.3	-110.266	-0.065
-0.3	12.5446	-0.065
-0.3	176.418	-0.065
-0.3	39.0119	-0.065
-0.3	-179.77	-0.065
-0.3	-178.533	-0.065
-0.3	173.504	-0.065
-0.3	-84.9013	-0.065
-0.3	-169.998	-0.065
-0.3	-70.0905	-0.065
-0.3	-68.5173	-0.065
-0.3	101.243	-0.065
