pol.	phi	weight
0.3	177.705	1
0.3	-118.405	1
0.3	177.461	1
0.3	130.076	1
0.3	-116.869	1
0.3	-129.075	1
0.3	128.602	1
0.3	-123.773	1
0.3	77.2626	1
0.3	-78.4529	1
0.3	-26.2788	1
0.3	-49.4108	1
0.3	-98.6093	1
0.3	12.9628	1
0.3	-177.069	1
0.3	73.6368	1
0.3	157.807	1
0.3	166.818	1
0.3	-87.8293	1
0.3	-79.4123	1
0.3	-96.0177	1
0.3	102.929	1
0.3	163.088	1
0.3	-6.99474	1
0.3	-74.837	1
0.3	33.3323	1
0.3	67.7653	1
0.3	-111.809	1
0.3	167.382	1
0.3	84.1605	1
0.3	124.993	1
0.3	6.59044	1
0.3	-6.04431	1
0.3	76.4676	1
0.3	-10.9783	1
0.3	-117.59	1
0.3	-25.6575	1
0.3	-139.585	1
0.3	-156.235	1
0.3	-162.388	1
0.3	-73.931	1
0.3	98.6094	1
0.3	-66.7117	1
0.3	-114.201	1
0.3	1.33133	1
0.3	172.463	1
0.3	70.3676	1
0.3	123.76	1
0.3	109.085	1
0.3	46.7611	1
0.3	-57.4842	1
0.3	18.9754	1
0.3	137.309	1
0.3	139.967	1
0.3	-41.9793	1
0.3	-144.38	1
0.3	39.2388	1
0.3	141.967	1
0.3	-72.0207	1
0.3	-20.4539	1
0.3	101.88	1
0.3	-64.1795	1
0.3	110.743	1
0.3	-17.7987	1
0.3	-45.1674	1
0.3	-3.61217	1
0.3	-120.57	1
0.3	135.512	1
0.3	-45.7532	1
0.3	108.553	1
0.3	5.49838	1
0.3	-132.954	1
0.3	-84.6365	1
0.3	-150.788	1
0.3	-122.574	1
0.3	111.811	1
0.3	-11.5676	1
0.3	-86.3171	1
0.3	-121.838	1
0.3	57.0324	1
0.3	97.3083	1
0.3	-27.207	1
0.3	-150.687	1
0.3	85.2497	1
0.3	96.9979	1
0.3	122.836	1
0.3	50.7934	1
0.3	-35.9228	1
0.3	179.358	1
0.3	-158.114	1
0.3	12.1954	1
0.3	168.694	1
0.3	38.9258	1
0.3	-21.444	1
0.3	-45.357	1
0.3	-68.0471	1
0.3	-61.1495	1
0.3	174.292	1
0.3	47.4978	1
0.3	88.1816	1
0.3	45.5728	1
0.3	-72.6876	1
0.3	3.86067	1
0.3	51.1145	1
0.3	-87.4652	1
0.3	64.7504	1
0.3	-91.3763	1
0.3	-131.844	1
0.3	104.903	1
0.3	154.936	1
0.3	151.302	1
0.3	-26.2912	1
0.3	-16.3291	1
0.3	-174.579	1
0.3	80.0279	1
0.3	-56.7097	1
0.3	84.3934	1
0.3	-133.501	1
0.3	-154.712	1
0.3	-5.67696	1
0.3	16.81	1
0.3	131.252	1
0.3	31.2524	1
0.3	13.3252	1
0.3	138.796	1
0.3	-91.526	1
0.3	46.9964	1
0.3	-116.544	1
0.3	-165.291	1
0.3	-28.5442	1
0.3	-46.8058	1
0.3	-132.494	1
0.3	77.4282	1
0.3	-115.517	1
0.3	-62.426	1
0.3	137.214	1
0.3	-123.268	1
0.3	-37.6164	1
0.3	93.3476	1
0.3	-154.301	1
0.3	-57.1738	1
0.3	-155.301	1
0.3	-11.3385	1
0.3	97.8655	1
0.3	91.706	1
0.3	22.0835	1
0.3	-54.0903	1
0.3	110.874	1
0.3	64.2756	1
0.3	-115.493	1
0.3	9.95353	1
0.3	-113.062	1
0.3	-34.3429	1
0.3	-87.5167	1
0.3	-69.1756	1
0.3	58.1462	1
0.3	46.6843	1
0.3	40.7014	1
0.3	-85.8669	1
0.3	121.916	1
0.3	120.774	1
0.3	-166.912	1
0.3	36.079	1
0.3	-78.0863	1
0.3	87.5274	1
0.3	-11.775	1
0.3	-50.715	1
0.3	-158.821	1
0.3	-55.2628	1
0.3	-174.427	1
0.3	-146.476	1
0.3	31.3717	1
0.3	19.995	1
0.3	-157.075	1
0.3	-65.9122	1
0.3	-176.697	1
0.3	-108.142	1
0.3	-67.6587	1
0.3	-63.2773	1
0.3	9.41392	1
0.3	1.9644	1
0.3	83.2679	1
0.3	61.6897	1
0.3	3.49135	1
0.3	-144.216	1
0.3	75.5401	1
0.3	-83.5056	1
0.3	-55.4114	1
0.3	-33.5138	1
0.3	116.329	1
0.3	-133.123	1
0.3	-12.343	-0.065
0.3	-49.368	-0.065
0.3	144.784	-0.065
0.3	-10.7916	-0.065
0.3	-130.191	-0.065
0.3	10.9688	-0.065
0.3	4.07759	-0.065
0.3	-121.037	-0.065
0.3	61.3248	-0.065
0.3	152.29	-0.065
0.3	104.658	-0.065
0.3	-117.966	-0.065
0.3	-64.7621	-0.065
0.3	-178.719	-0.065
0.3	-92.24	-0.065
0.3	50.7526	-0.065
0.3	114.346	-0.065
0.3	-39.6878	-0.065
0.3	80.1628	-0.065
0.3	33.9345	-0.065
0.3	-121.812	-0.065
0.3	-164.785	-0.065
0.3	77.9576	-0.065
0.3	102.28	-0.065
0.3	128.419	-0.065
0.3	-146.099	-0.065
0.3	-129.684	-0.065
0.3	-64.3815	-0.065
0.3	-130.398	-0.065
0.3	147.219	-0.065
0.3	127.195	-0.065
0.3	152.307	-0.065
0.3	1.71178	-0.065
0.3	158.789	-0.065
0.3	-113.578	-0.065
0.3	-153.972	-0.065
0.3	-143.651	-0.065
0.3	57.1409	-0.065
0.3	176.944	-0.065
0.3	-105.677	-0.065
0.3	10.1733	-0.065
0.3	-124.905	-0.065
0.3	3.12617	-0.065
0.3	156.026	-0.065
0.3	-173.6	-0.065
0.3	-84.7374	-0.065
0.3	166.284	-0.065
0.3	-101.267	-0.065
0.3	-80.432	-0.065
0.3	-165.432	-0.065
0.3	31.2431	-0.065
0.3	-111.578	-0.065
0.3	177.173	-0.065
0.3	2.61358	-0.065
0.3	55.0071	-0.065
0.3	118.399	-0.065
0.3	-173.461	-0.065
0.3	-158.7	-0.065
0.3	-43.5572	-0.065
0.3	-7.07043	-0.065
0.3	-58.703	-0.065
0.3	116.903	-0.065
0.3	-29.238	-0.065
0.3	-54.072	-0.065
0.3	41.2015	-0.065
0.3	31.2119	-0.065
0.3	-126.992	-0.065
0.3	-109.622	-0.065
0.3	174.539	-0.065
0.3	65.0773	-0.065
0.3	-138.197	-0.065
0.3	24.394	-0.065
0.3	38.5566	-0.065
0.3	46.8627	-0.065
0.3	-70.3185	-0.065
0.3	-138.506	-0.065
0.3	-104.62	-0.065
0.3	31.8593	-0.065
0.3	-9.11651	-0.065
0.3	36.0796	-0.065
0.3	-40.9899	-0.065
0.3	-116.396	-0.065
0.3	-0.108425	-0.065
0.3	-92.221	-0.065
0.3	-101.264	-0.065
0.3	69.5958	-0.065
0.3	-64.3983	-0.065
0.3	167.971	-0.065
0.3	6.26199	-0.065
0.3	-113.294	-0.065
0.3	119.053	-0.065
0.3	72.8677	-0.065
0.3	-11.5203	-0.065
0.3	12.0032	-0.065
0.3	134.564	-0.065
0.3	51.1359	-0.065
0.3	178.504	-0.065
0.3	81.1244	-0.065
0.3	65.9325	-0.065
0.3	-129.28	-0.065
0.3	-156.447	-0.065
0.3	-161.94	-0.065
0.3	-104.179	-0.065
0.3	60.7628	-0.065
0.3	-130.463	-0.065
0.3	20.0456	-0.065
0.3	-107.642	-0.065
0.3	35.5557	-0.065
0.3	-7.91476	-0.065
0.3	-117.769	-0.065
0.3	58.5823	-0.065
0.3	-42.0269	-0.065
0.3	159.396	-0.065
0.3	125.182	-0.065
0.3	-143.007	-0.065
0.3	139.896	-0.065
0.3	-146.29	-0.065
0.3	35.0445	-0.065
0.3	-82.6591	-0.065
0.3	30.7229	-0.065
0.3	-67.3426	-0.065
0.3	37.3692	-0.065
0.3	-136.981	-0.065
0.3	-159.863	-0.065
0.3	72.7849	-0.065
0.3	177.163	-0.065
0.3	-5.16369	-0.065
0.3	143.141	-0.065
0.3	152.875	-0.065
0.3	-28.021	-0.065
0.3	135.567	-0.065
0.3	136.853	-0.065
0.3	35.804	-0.065
0.3	-92.261	-0.065
0.3	119.101	-0.065
0.3	118.765	-0.065
0.3	157.594	-0.065
0.3	90.8531	-0.065
0.3	83.316	-0.065
0.3	-132.686	-0.065
0.3	-168.136	-0.065
0.3	-105.515	-0.065
0.3	-133.481	-0.065
0.3	30.532	-0.065
0.3	-47.6519	-0.065
0.3	92.6387	-0.065
0.3	116.547	-0.065
0.3	-114.125	-0.065
-0.3	-33.4883	1
-0.3	-124.6	1
-0.3	39.8438	1
-0.3	33.203	1
-0.3	-131.807	1
-0.3	30.9148	1
-0.3	-38.9256	1
-0.3	-155.717	1
-0.3	3.42037	1
-0.3	66.7268	1
-0.3	-179.334	1
-0.3	-170.963	1
-0.3	118.925	1
-0.3	-162.874	1
-0.3	-74.2252	1
-0.3	-18.3198	1
-0.3	-140.85	1
-0.3	36.6731	1
-0.3	80.6568	1
-0.3	119.378	1
-0.3	-52.0248	1
-0.3	-149.775	1
-0.3	36.7456	1
-0.3	141.216	1
-0.3	127.062	1
-0.3	-168.66	1
-0.3	-37.4927	1
-0.3	39.9458	1
-0.3	-134.855	1
-0.3	-105.096	1
-0.3	118.219	1
-0.3	-63.4166	1
-0.3	65.9415	1
-0.3	17.4708	1
-0.3	-65.3638	1
-0.3	-104.199	1
-0.3	23.562	1
-0.3	12.3747	1
-0.3	128.696	1
-0.3	-51.4938	1
-0.3	41.1968	1
-0.3	100.24	1
-0.3	-132.881	1
-0.3	25.6164	1
-0.3	65.008	1
-0.3	34.6236	1
-0.3	-2.67478	1
-0.3	9.89586	1
-0.3	80.9879	1
-0.3	-118.397	1
-0.3	68.0726	1
-0.3	-127.106	1
-0.3	-107.695	1
-0.3	-61.919	1
-0.3	74.2403	1
-0.3	92.9544	1
-0.3	55.096	1
-0.3	-56.3788	1
-0.3	151.481	1
-0.3	171.012	1
-0.3	0.082249	1
-0.3	51.5188	1
-0.3	-122.081	1
-0.3	7.28142	1
-0.3	165.733	1
-0.3	-22.2314	1
-0.3	53.4747	1
-0.3	-14.2052	1
-0.3	115.368	1
-0.3	177.895	1
-0.3	15.4242	1
-0.3	-28.3185	1
-0.3	-89.5993	1
-0.3	85.2371	1
-0.3	-45.7768	1
-0.3	-33.7509	1
-0.3	-60.4108	1
-0.3	-148.611	1
-0.3	-4.69555	1
-0.3	43.8066	1
-0.3	-57.4332	1
-0.3	88.531	1
-0.3	117.017	1
-0.3	156.28	1
-0.3	117.404	1
-0.3	15.719	1
-0.3	59.3565	1
-0.3	52.038	1
-0.3	32.0053	1
-0.3	26.7639	1
-0.3	-101.199	1
-0.3	12.1977	1
-0.3	-177.109	1
-0.3	42.2487	1
-0.3	144.579	1
-0.3	-173.609	1
-0.3	-69.8159	1
-0.3	136.761	1
-0.3	4.78782	1
-0.3	-38.064	1
-0.3	-3.54054	1
-0.3	-30.2875	1
-0.3	-35.7168	1
-0.3	-88.3822	1
-0.3	83.4754	1
-0.3	43.4611	1
-0.3	168.708	1
-0.3	-26.7982	1
-0.3	75.3381	1
-0.3	-111.695	1
-0.3	68.6138	1
-0.3	58.2606	1
-0.3	97.7631	1
-0.3	39.407	1
-0.3	158.054	1
-0.3	24.1361	1
-0.3	174.454	1
-0.3	-150.926	1
-0.3	-66.0584	1
-0.3	32.6316	1
-0.3	66.4899	1
-0.3	-56.478	1
-0.3	70.101	1
-0.3	118.773	1
-0.3	-119.99	1
-0.3	-11.3559	1
-0.3	-64.3047	1
-0.3	-53.8582	1
-0.3	-58.279	1
-0.3	-62.2257	1
-0.3	-88.1577	1
-0.3	-3.68922	1
-0.3	-75.6176	1
-0.3	36.2722	1
-0.3	-164.981	1
-0.3	13.9103	1
-0.3	-39.8553	1
-0.3	130.789	1
-0.3	-20.2949	1
-0.3	47.7431	1
-0.3	-176.384	1
-0.3	-171.865	1
-0.3	71.8187	1
-0.3	93.6801	1
-0.3	-157.646	1
-0.3	-52.2557	1
-0.3	-112.834	1
-0.3	87.6433	1
-0.3	58.0197	1
-0.3	-67.4929	1
-0.3	-8.08432	1
-0.3	26.8974	1
-0.3	12.8877	1
-0.3	162.488	1
-0.3	-175.239	1
-0.3	-34.4136	1
-0.3	-112.689	1
-0.3	-4.48018	1
-0.3	7.27459	1
-0.3	114.618	1
-0.3	-167.433	1
-0.3	-12.7892	1
-0.3	-19.3257	1
-0.3	81.8164	1
-0.3	142.134	1
-0.3	-79.378	1
-0.3	-87.6699	1
-0.3	166.81	1
-0.3	11.7977	1
-0.3	-102.004	1
-0.3	-95.0049	1
-0.3	13.1458	1
-0.3	-121.153	1
-0.3	19.2218	1
-0.3	53.2082	1
-0.3	69.5074	1
-0.3	-88.5723	1
-0.3	151.741	1
-0.3	-175.697	1
-0.3	-156.204	1
-0.3	-5.97218	1
-0.3	-142.236	1
-0.3	0.0700435	1
-0.3	-118.801	1
-0.3	-10.9706	1
-0.3	75.0214	1
-0.3	-45.7895	1
-0.3	77.8493	1
-0.3	135.007	1
-0.3	-78.4711	1
-0.3	144.011	1
-0.3	71.3777	1
-0.3	-72.9271	1
-0.3	-2.98708	1
-0.3	106.431	1
-0.3	103.88	1
-0.3	58.4155	1
-0.3	-113.012	1
-0.3	-71.0466	1
-0.3	27.5084	1
-0.3	36.0108	1
-0.3	-148.792	1
-0.3	20.508	1
-0.3	-98.5741	1
-0.3	-137.557	1
-0.3	57.0452	1
-0.3	-16.7874	1
-0.3	125.132	1
-0.3	74.4161	1
-0.3	48.1176	1
-0.3	72.4988	1
-0.3	-159.366	1
-0.3	-32.0942	1
-0.3	26.8889	-0.065
-0.3	-129.411	-0.065
-0.3	59.3652	-0.065
-0.3	-31.7947	-0.065
-0.3	104.001	-0.065
-0.3	81.9242	-0.065
-0.3	-94.8754	-0.065
-0.3	-7.98156	-0.065
-0.3	65.1676	-0.065
-0.3	40.5047	-0.065
-0.3	118.262	-0.065
-0.3	36.2306	-0.065
-0.3	131.816	-0.065
-0.3	179.542	-0.065
-0.3	68.3114	-0.065
-0.3	-129.3	-0.065
-0.3	51.2349	-0.065
-0.3	-88.9604	-0.065
-0.3	-124.847	-0.065
-0.3	-50.0097	-0.065
-0.3	129.531	-0.065
-0.3	146.519	-0.065
-0.3	-159.86	-0.065
-0.3	1.35105	-0.065
-0.3	-177.611	-0.065
-0.3	-129.966	-0.065
-0.3	-143.392	-0.065
-0.3	103.665	-0.065
-0.3	90.4118	-0.065
-0.3	-24.216	-0.065
-0.3	-62.3956	-0.065
-0.3	136.579	-0.065
-0.3	-150.816	-0.065
-0.3	130.546	-0.065
-0.3	-38.896	-0.065
-0.3	-77.941	-0.065
-0.3	33.8914	-0.065
-0.3	-9.14705	-0.065
-0.3	147.983	-0.065
-0.3	40.1564	-0.065
-0.3	121.852	-0.065
-0.3	-74.2825	-0.065
-0.3	-53.5935	-0.065
-0.3	-77.7726	-0.065
-0.3	-136.924	-0.065
-0.3	172.985	-0.065
-0.3	166.212	-0.065
-0.3	-144.831	-0.065
-0.3	-30.362	-0.065
-0.3	161.855	-0.065
-0.3	156.857	-0.065
-0.3	-31.628	-0.065
-0.3	-2.66163	-0.065
-0.3	-115.021	-0.065
-0.3	168.454	-0.065
-0.3	-28.3316	-0.065
-0.3	47.926	-0.065
-0.3	-163.36	-0.065
-0.3	-154.155	-0.065
-0.3	74.9374	-0.065
-0.3	-170.77	-0.065
-0.3	-157.602	-0.065
-0.3	139.142	-0.065
-0.3	-149.499	-0.065
-0.3	-1.95464	-0.065
-0.3	-48.6478	-0.065
-0.3	-102.372	-0.065
-0.3	162.534	-0.065
-0.3	64.218	-0.065
-0.3	-49.9221	-0.065
-0.3	142.921	-0.065
-0.3	-140.179	-0.065
-0.3	-14.3019	-0.065
-0.3	120.686	-0.065
-0.3	138.701	-0.065
-0.3	-58.4423	-0.065
-0.3	-83.3981	-0.065
-0.3	-128.308	-0.065
-0.3	-21.244	-0.065
-0.3	-150.448	-0.065
-0.3	-69.4875	-0.065
-0.3	166.329	-0.065
-0.3	-93.801	-0.065
-0.3	46.9432	-0.065
-0.3	7.10683	-0.065
-0.3	-112.553	-0.065
-0.3	22.772	-0.065
-0.3	-85.9913	-0.065
-0.3	-169.367	-0.065
-0.3	146.935	-0.065
-0.3	104.723	-0.065
-0.3	-114.357	-0.065
-0.3	-22.8738	-0.065
-0.3	-60.2751	-0.065
-0.3	1.33505	-0.065
-0.3	-48.9652	-0.065
-0.3	-25.298	-0.065
-0.3	32.0708	-0.065
-0.3	25.1157	-0.065
-0.3	51.1512	-0.065
-0.3	78.53	-0.065
-0.3	36.8125	-0.065
-0.3	154.861	-0.065
-0.3	111.403	-0.065
-0.3	-24.136	-0.065
-0.3	-53.7596	-0.065
-0.3	-113.434	-0.065
-0.3	37.3279	-0.065
-0.3	-3.28711	-0.065
-0.3	-43.5826	-0.065
-0.3	31.9686	-0.065
-0.3	61.9001	-0.065
-0.3	-29.8609	-0.065
-0.3	-79.3553	-0.065
-0.3	-126.375	-0.065
-0.3	-120.695	-0.065
-0.3	63.1962	-0.065
-0.3	-96.21	-0.065
-0.3	117.751	-0.065
-0.3	-50.0511	-0.065
-0.3	-95.4974	-0.065
-0.3	81.0122	-0.065
-0.3	-175.624	-0.065
-0.3	-1.55151	-0.065
-0.3	87.4544	-0.065
-0.3	-4.81552	-0.065
-0.3	-149.544	-0.065
-0.3	-79.8802	-0.065
-0.3	-143.272	-0.065
-0.3	147.667	-0.065
-0.3	-161.656	-0.065
-0.3	-48.9485	-0.065
-0.3	-49.471	-0.065
-0.3	118.976	-0.065
-0.3	82.0183	-0.065
-0.3	105.956	-0.065
-0.3	127.089	-0.065
-0.3	-44.6808	-0.065
-0.3	158.838	-0.065
-0.3	38.8768	-0.065
-0.3	172.913	-0.065
-0.3	-100.411	-0.065
-0.3	-140.581	-0.065
-0.3	7.60107	-0.065
-0.3	11.9403	-0.065
-0.3	137.415	-0.065
-0.3	167.736	-0.065
-0.3	113.043	-0.065
-0.3	135.633	-0.065
-0.3	134.146	-0.065
-0.3	17.3534	-0.065
-0.3	172.662	-0.065
-0.3	-170.413	-0.065
-0.3	-6.35037	-0.065
-0.3	-120.79	-0.065
-0.3	-42.3452	-0.065
-0.3	85.3357	-0.065
-0.3	-129.701	-0.065
-0.3	162.699	-0.065
-0.3	-57.6834	-0.065
-0.3	179.433	-0.065
-0.3	-153.727	-0.065
-0.3	-61.1729	-0.065
-0.3	-121.062	-0.065
-0.3	-141.683	-0.065
