pol.	phi	weight
0.3	-116.614	1
0.3	-1.52209	1
0.3	-101.672	1
0.3	126.831	1
0.3	85.3133	1
0.3	40.8264	1
0.3	125.983	1
0.3	-118.487	1
0.3	26.4427	1
0.3	-95.2235	1
0.3	-176.951	1
0.3	-33.132	1
0.3	31.2295	1
0.3	-145.456	1
0.3	91.714	1
0.3	-155.55	1
0.3	6.53551	1
0.3	-67.1543	1
0.3	-1.49007	1
0.3	12.7639	1
0.3	168.173	1
0.3	41.1878	1
0.3	103.24	1
0.3	62.8707	1
0.3	-42.6283	1
0.3	173.246	1
0.3	163.126	1
0.3	124.129	1
0.3	-31.8053	1
0.3	-166.579	1
0.3	154.878	1
0.3	-34.9679	1
0.3	-177.021	1
0.3	-3.43213	1
0.3	81.1132	1
0.3	-33.2806	1
0.3	14.404	1
0.3	-59.0302	1
0.3	155.089	1
0.3	-71.5864	1
0.3	-53.3523	1
0.3	7.4939	1
0.3	84.9429	1
0.3	-66.9416	1
0.3	129.969	1
0.3	-90.6055	1
0.3	-59.9682	1
0.3	-171.305	1
0.3	-55.7325	1
0.3	-153.691	1
0.3	-45.4719	1
0.3	-160.38	1
0.3	74.1549	1
0.3	-174.963	1
0.3	-165.993	1
0.3	61.8241	1
0.3	-71.4196	1
0.3	77.4584	1
0.3	-115.746	1
0.3	12.0106	1
0.3	-64.5638	1
0.3	-116.448	1
0.3	59.4632	1
0.3	-139.07	1
0.3	-3.84711	1
0.3	-26.1404	1
0.3	-115.623	1
0.3	-33.6008	1
0.3	65.0287	1
0.3	26.1633	1
0.3	139.616	1
0.3	-128.671	1
0.3	54.2661	1
0.3	4.94461	1
0.3	-175.873	1
0.3	159.616	1
0.3	33.4946	1
0.3	-109.842	1
0.3	139.743	1
0.3	-2.30031	1
0.3	22.6754	1
0.3	-28.5453	1
0.3	-100.041	1
0.3	135.07	1
0.3	-174.987	1
0.3	-13.9696	1
0.3	177.837	1
0.3	136.521	1
0.3	-155.341	1
0.3	-141.71	1
0.3	21.5735	1
0.3	34.4709	1
0.3	92.29	1
0.3	8.09677	1
0.3	-174.93	1
0.3	-162.587	1
0.3	-125.287	1
0.3	146.759	1
0.3	-23.8781	1
0.3	-132.952	1
0.3	-63.7179	1
0.3	-142.073	1
0.3	-54.7206	1
0.3	145.583	1
0.3	-121.295	1
0.3	-8.86798	1
0.3	-11.6152	1
0.3	164.432	1
0.3	-26.4011	1
0.3	-143.584	1
0.3	175.2	1
0.3	105.736	1
0.3	91.6315	1
0.3	130.444	1
0.3	110.585	1
0.3	-64.141	1
0.3	155.183	1
0.3	38.5023	1
0.3	166.662	1
0.3	151.706	1
0.3	35.3085	1
0.3	-3.00244	1
0.3	50.9328	1
0.3	-51.5329	1
0.3	-34.0461	1
0.3	115.372	1
0.3	-149.897	1
0.3	-162.172	1
0.3	-23.3497	1
0.3	-24.3681	1
0.3	-54.9585	1
0.3	-1.38489	1
0.3	-160.524	1
0.3	-33.6798	1
0.3	-176.412	1
0.3	38.2186	1
0.3	44.9677	1
0.3	-108.913	1
0.3	-6.12722	1
0.3	-11.5855	1
0.3	84.0616	1
0.3	7.87841	1
0.3	156.79	1
0.3	129.285	1
0.3	28.4121	1
0.3	173.486	1
0.3	17.1411	1
0.3	-78.7079	1
0.3	-133.887	1
0.3	172.085	1
0.3	-91.5527	1
0.3	-2.95965	1
0.3	76.4009	1
0.3	-122.961	1
0.3	-174.114	1
0.3	57.3404	1
0.3	-12.3857	1
0.3	-75.9252	1
0.3	2.69017	1
0.3	106.61	1
0.3	79.4476	1
0.3	100.465	1
0.3	89.3261	1
0.3	-136.659	1
0.3	-79.9643	1
0.3	118.996	1
0.3	10.7407	1
0.3	51.6834	1
0.3	-46.291	1
0.3	-158.152	1
0.3	135.07	1
0.3	60.1828	1
0.3	156.151	1
0.3	136.046	1
0.3	90.8242	1
0.3	51.0716	1
0.3	173.957	1
0.3	-159.101	1
0.3	-145.415	1
0.3	65.4802	1
0.3	34.1301	1
0.3	8.73386	1
0.3	-75.7446	1
0.3	36.4982	1
0.3	10.9618	1
0.3	11.3184	1
0.3	83.8962	1
0.3	-140.626	1
0.3	-4.1508	1
0.3	-45.0439	1
0.3	6.97695	1
0.3	152.678	1
0.3	32.3714	1
0.3	-23.0821	1
0.3	-174.141	1
0.3	-70.2642	-0.065
0.3	-70.7874	-0.065
0.3	102.256	-0.065
0.3	103.591	-0.065
0.3	-75.1493	-0.065
0.3	-5.01519	-0.065
0.3	158.408	-0.065
0.3	172.127	-0.065
0.3	120.774	-0.065
0.3	-92.9958	-0.065
0.3	147.319	-0.065
0.3	175.207	-0.065
0.3	165.899	-0.065
0.3	38.3572	-0.065
0.3	51.9681	-0.065
0.3	115.765	-0.065
0.3	135.22	-0.065
0.3	3.09071	-0.065
0.3	-109.31	-0.065
0.3	-120.927	-0.065
0.3	29.0446	-0.065
0.3	104.052	-0.065
0.3	-94.9552	-0.065
0.3	-156.174	-0.065
0.3	41.4716	-0.065
0.3	107.46	-0.065
0.3	-149.726	-0.065
0.3	38.3264	-0.065
0.3	168.205	-0.065
0.3	86.095	-0.065
0.3	59.8748	-0.065
0.3	-42.0067	-0.065
0.3	-159.213	-0.065
0.3	-153.546	-0.065
0.3	-7.32252	-0.065
0.3	-9.98663	-0.065
0.3	-86.0493	-0.065
0.3	-89.1346	-0.065
0.3	22.9801	-0.065
0.3	129.342	-0.065
0.3	-164.37	-0.065
0.3	108.172	-0.065
0.3	138.753	-0.065
0.3	-75.5492	-0.065
0.3	-144.437	-0.065
0.3	-22.872	-0.065
0.3	53.3207	-0.065
0.3	84.5198	-0.065
0.3	94.9844	-0.065
0.3	166.692	-0.065
0.3	77.6401	-0.065
0.3	78.4916	-0.065
0.3	-51.9905	-0.065
0.3	-74.7792	-0.065
0.3	81.2779	-0.065
0.3	25.707	-0.065
0.3	-112.873	-0.065
0.3	-98.7106	-0.065
0.3	-3.8164	-0.065
0.3	-159.838	-0.065
0.3	-156.755	-0.065
0.3	176.655	-0.065
0.3	-1.15806	-0.065
0.3	89.2509	-0.065
0.3	-98.4948	-0.065
0.3	108.289	-0.065
0.3	-11.2317	-0.065
0.3	46.3249	-0.065
0.3	109.769	-0.065
0.3	86.5278	-0.065
0.3	158.296	-0.065
0.3	-39.7306	-0.065
0.3	117.538	-0.065
0.3	-98.7209	-0.065
0.3	-18.5119	-0.065
0.3	72.9818	-0.065
0.3	-10.3492	-0.065
0.3	-76.7112	-0.065
0.3	68.2249	-0.065
0.3	20.5514	-0.065
0.3	-68.9404	-0.065
0.3	-155.744	-0.065
0.3	-95.6672	-0.065
0.3	101.165	-0.065
0.3	6.39538	-0.065
0.3	101.288	-0.065
0.3	-140.679	-0.065
0.3	-115.545	-0.065
0.3	-107.913	-0.065
0.3	41.4406	-0.065
0.3	31.9096	-0.065
0.3	17.7632	-0.065
0.3	-111.767	-0.065
0.3	26.1997	-0.065
0.3	-179.683	-0.065
0.3	15.8016	-0.065
0.3	87.996	-0.065
0.3	-21.1509	-0.065
0.3	-22.3505	-0.065
0.3	4.43545	-0.065
0.3	46.3179	-0.065
0.3	25.0855	-0.065
0.3	133.143	-0.065
0.3	126.234	-0.065
0.3	6.43918	-0.065
0.3	101.458	-0.065
0.3	175.989	-0.065
0.3	146.815	-0.065
0.3	162.136	-0.065
0.3	-167.628	-0.065
0.3	68.9667	-0.065
0.3	-158.786	-0.065
0.3	117.15	-0.065
0.3	66.6969	-0.065
0.3	-12.7825	-0.065
0.3	-4.28156	-0.065
0.3	59.0618	-0.065
0.3	-41.8509	-0.065
0.3	10.3458	-0.065
0.3	164.3	-0.065
0.3	-1.38566	-0.065
0.3	170.467	-0.065
0.3	163.72	-0.065
0.3	108.455	-0.065
0.3	67.2546	-0.065
0.3	8.38593	-0.065
0.3	60.6664	-0.065
0.3	-158.835	-0.065
0.3	-105.019	-0.065
0.3	-105.807	-0.065
0.3	146.077	-0.065
0.3	-41.0415	-0.065
0.3	-87.9871	-0.065
0.3	-154.946	-0.065
0.3	-61.4515	-0.065
0.3	-36.5683	-0.065
0.3	-142.783	-0.065
0.3	88.2871	-0.065
0.3	12.415	-0.065
0.3	50.631	-0.065
0.3	-162.041	-0.065
0.3	-46.9411	-0.065
0.3	-82.4434	-0.065
0.3	-60.1486	-0.065
0.3	-163.213	-0.065
0.3	-147.276	-0.065
0.3	-125.899	-0.065
0.3	159.429	-0.065
0.3	-27.7873	-0.065
0.3	-126.745	-0.065
0.3	135.18	-0.065
-0.3	-178.373	1
-0.3	92.4484	1
-0.3	77.1786	1
-0.3	165.243	1
-0.3	-6.66608	1
-0.3	0.0457109	1
-0.3	-75.373	1
-0.3	-108.701	1
-0.3	-142.685	1
-0.3	-76.088	1
-0.3	-165.741	1
-0.3	-98.2272	1
-0.3	-178.088	1
-0.3	-158.132	1
-0.3	14.9685	1
-0.3	-113.857	1
-0.3	58.2126	1
-0.3	176.409	1
-0.3	-127.474	1
-0.3	-102.316	1
-0.3	-160.574	1
-0.3	5.97321	1
-0.3	-165.443	1
-0.3	97.0597	1
-0.3	21.4553	1
-0.3	176.143	1
-0.3	-48.7401	1
-0.3	-46.9129	1
-0.3	35.901	1
-0.3	152.775	1
-0.3	-117.682	1
-0.3	11.987	1
-0.3	94.5526	1
-0.3	23.4083	1
-0.3	133.763	1
-0.3	-156.084	1
-0.3	-28.9587	1
-0.3	65.0926	1
-0.3	-109.148	1
-0.3	62.8901	1
-0.3	-28.7399	1
-0.3	-167.162	1
-0.3	-62.6332	1
-0.3	-19.1513	1
-0.3	38.6288	1
-0.3	-43.8017	1
-0.3	33.2346	1
-0.3	-11.8574	1
-0.3	97.6914	1
-0.3	-141.362	1
-0.3	10.0486	1
-0.3	111.742	1
-0.3	-62.2684	1
-0.3	-4.49955	1
-0.3	-95.9583	1
-0.3	8.21451	1
-0.3	-171.054	1
-0.3	10.3798	1
-0.3	114.93	1
-0.3	-168.576	1
-0.3	130.802	1
-0.3	51.8825	1
-0.3	-75.9226	1
-0.3	-177.68	1
-0.3	9.00813	1
-0.3	-179.765	1
-0.3	165.831	1
-0.3	170.775	1
-0.3	10.3739	1
-0.3	-110.429	1
-0.3	-128.35	1
-0.3	-15.266	1
-0.3	-51.6066	1
-0.3	-30.0636	1
-0.3	127.532	1
-0.3	166.308	1
-0.3	87.8189	1
-0.3	179.883	1
-0.3	-144.936	1
-0.3	-1.96534	1
-0.3	-54.1182	1
-0.3	18.6331	1
-0.3	-94.6879	1
-0.3	169.887	1
-0.3	110.856	1
-0.3	154.065	1
-0.3	-158.462	1
-0.3	-99.9802	1
-0.3	46.91	1
-0.3	-178.905	1
-0.3	-10.3657	1
-0.3	-145.368	1
-0.3	-60.7558	1
-0.3	-133.334	1
-0.3	42.2818	1
-0.3	-104.222	1
-0.3	-53.4164	1
-0.3	-69.3493	1
-0.3	-118.317	1
-0.3	85.5547	1
-0.3	47.437	1
-0.3	-158.42	1
-0.3	-67.1423	1
-0.3	5.97212	1
-0.3	-105.422	1
-0.3	-74.755	1
-0.3	98.8118	1
-0.3	-52.9453	1
-0.3	-161.164	1
-0.3	-66.8745	1
-0.3	-76.1691	1
-0.3	-161.352	1
-0.3	-168.749	1
-0.3	89.7377	1
-0.3	-126.453	1
-0.3	-76.3645	1
-0.3	40.6587	1
-0.3	-24.0907	1
-0.3	-128.873	1
-0.3	144.989	1
-0.3	132.98	1
-0.3	-113.263	1
-0.3	162.378	1
-0.3	-102.536	1
-0.3	-72.8514	1
-0.3	-16.9679	1
-0.3	-109.116	1
-0.3	179.783	1
-0.3	60.747	1
-0.3	18.1519	1
-0.3	-105.286	1
-0.3	-81.5382	1
-0.3	-21.7411	1
-0.3	-159.566	1
-0.3	107.526	1
-0.3	171.98	1
-0.3	154.323	1
-0.3	169.514	1
-0.3	-115.488	1
-0.3	-95.8876	1
-0.3	-136.694	1
-0.3	-136.549	1
-0.3	116.535	1
-0.3	-167.042	1
-0.3	164.341	1
-0.3	-159.959	1
-0.3	-164.644	1
-0.3	-50.4749	1
-0.3	-51.2402	1
-0.3	82.5163	1
-0.3	-140.392	1
-0.3	76.8427	1
-0.3	-20.4054	1
-0.3	-101.477	1
-0.3	24.8712	1
-0.3	-94.3514	1
-0.3	137.128	1
-0.3	168.897	1
-0.3	-162.471	1
-0.3	144.334	1
-0.3	-74.7096	1
-0.3	39.4335	1
-0.3	-49.728	1
-0.3	-75.2068	1
-0.3	30.2996	1
-0.3	-76.0462	1
-0.3	65.1825	1
-0.3	-113.734	1
-0.3	-134.514	1
-0.3	-169.874	1
-0.3	-147.964	1
-0.3	-24.3146	1
-0.3	163.811	1
-0.3	-123.399	1
-0.3	144.941	1
-0.3	-68.6631	1
-0.3	-163.001	1
-0.3	-41.993	1
-0.3	7.54996	1
-0.3	56.984	1
-0.3	-39.5153	1
-0.3	97.662	1
-0.3	78.4314	1
-0.3	-34.9686	1
-0.3	-22.3927	1
-0.3	14.0655	1
-0.3	49.4904	1
-0.3	16.1176	1
-0.3	170.285	1
-0.3	-114.793	1
-0.3	139.303	1
-0.3	27.9659	1
-0.3	-5.35103	1
-0.3	38.3603	1
-0.3	4.58425	1
-0.3	81.3474	1
-0.3	-19.9067	1
-0.3	124.699	1
-0.3	110.594	1
-0.3	46.8249	1
-0.3	84.2996	1
-0.3	-6.076	1
-0.3	60.1596	1
-0.3	21.1229	-0.065
-0.3	-166.286	-0.065
-0.3	-92.8454	-0.065
-0.3	-24.6017	-0.065
-0.3	-63.1991	-0.065
-0.3	-80.4661	-0.065
-0.3	-34.4905	-0.065
-0.3	96.2702	-0.065
-0.3	135.533	-0.065
-0.3	-121.355	-0.065
-0.3	-105.58	-0.065
-0.3	110.736	-0.065
-0.3	63.4195	-0.065
-0.3	-150.279	-0.065
-0.3	28.2804	-0.065
-0.3	-149.222	-0.065
-0.3	-159.111	-0.065
-0.3	138.788	-0.065
-0.3	104.226	-0.065
-0.3	130.347	-0.065
-0.3	141.657	-0.065
-0.3	-178.819	-0.065
-0.3	-85.6187	-0.065
-0.3	-54.0271	-0.065
-0.3	-61.1429	-0.065
-0.3	-131.089	-0.065
-0.3	-54.6626	-0.065
-0.3	-150.732	-0.065
-0.3	86.0029	-0.065
-0.3	-1.96197	-0.065
-0.3	91.8744	-0.065
-0.3	-103.176	-0.065
-0.3	-24.033	-0.065
-0.3	146.114	-0.065
-0.3	-141.447	-0.065
-0.3	149.738	-0.065
-0.3	-64.9847	-0.065
-0.3	47.6289	-0.065
-0.3	-94.2046	-0.065
-0.3	-31.709	-0.065
-0.3	-35.8217	-0.065
-0.3	68.3739	-0.065
-0.3	91.346	-0.065
-0.3	41.7381	-0.065
-0.3	-88.7423	-0.065
-0.3	-141.482	-0.065
-0.3	175.321	-0.065
-0.3	-101.518	-0.065
-0.3	-3.6872	-0.065
-0.3	-157.06	-0.065
-0.3	-34.3537	-0.065
-0.3	66.7728	-0.065
-0.3	92.4055	-0.065
-0.3	-142.204	-0.065
-0.3	137.842	-0.065
-0.3	39.5439	-0.065
-0.3	-60.381	-0.065
-0.3	-56.0569	-0.065
-0.3	27.147	-0.065
-0.3	51.2939	-0.065
-0.3	-4.16702	-0.065
-0.3	-81.4122	-0.065
-0.3	-78.8302	-0.065
-0.3	-122.488	-0.065
-0.3	-134.269	-0.065
-0.3	-147.063	-0.065
-0.3	172.547	-0.065
-0.3	-130.83	-0.065
-0.3	-103.843	-0.065
-0.3	-44.0973	-0.065
-0.3	125.76	-0.065
-0.3	0.501779	-0.065
-0.3	19.4081	-0.065
-0.3	40.3389	-0.065
-0.3	56.3514	-0.065
-0.3	-162.39	-0.065
-0.3	-144.625	-0.065
-0.3	-45.6619	-0.065
-0.3	-48.9646	-0.065
-0.3	78.4653	-0.065
-0.3	17.6682	-0.065
-0.3	46.788	-0.065
-0.3	41.1326	-0.065
-0.3	-86.1535	-0.065
-0.3	152.615	-0.065
-0.3	-71.7662	-0.065
-0.3	62.809	-0.065
-0.3	-149.27	-0.065
-0.3	-147.855	-0.065
-0.3	-39.7618	-0.065
-0.3	-15.9406	-0.065
-0.3	-52.9786	-0.065
-0.3	71.7619	-0.065
-0.3	-36.7037	-0.065
-0.3	-150.091	-0.065
-0.3	-128.272	-0.065
-0.3	147.145	-0.065
-0.3	106.179	-0.065
-0.3	124.541	-0.065
-0.3	131.277	-0.065
-0.3	-31.1658	-0.065
-0.3	-47.6815	-0.065
-0.3	15.413	-0.065
-0.3	-177.199	-0.065
-0.3	-151.092	-0.065
-0.3	127.682	-0.065
-0.3	-60.9853	-0.065
-0.3	178.752	-0.065
-0.3	-119.185	-0.065
-0.3	11.7955	-0.065
-0.3	-50.0238	-0.065
-0.3	104.357	-0.065
-0.3	156.292	-0.065
-0.3	-95.0834	-0.065
-0.3	-113.701	-0.065
-0.3	-104.612	-0.065
-0.3	165.992	-0.065
-0.3	-122.001	-0.065
-0.3	-11.0145	-0.065
-0.3	-25.0442	-0.065
-0.3	-178.807	-0.065
-0.3	134.682	-0.065
-0.3	7.39342	-0.065
-0.3	83.911	-0.065
-0.3	-22.9976	-0.065
-0.3	17.894	-0.065
-0.3	-13.7007	-0.065
-0.3	107.735	-0.065
-0.3	-103.878	-0.065
-0.3	20.8517	-0.065
-0.3	-154.536	-0.065
-0.3	-112.81	-0.065
-0.3	105.753	-0.065
-0.3	-157.269	-0.065
-0.3	-4.94416	-0.065
-0.3	7.5099	-0.065
-0.3	152.116	-0.065
-0.3	53.4491	-0.065
-0.3	-134.361	-0.065
-0.3	-25.5815	-0.065
-0.3	19.1639	-0.065
-0.3	178.878	-0.065
-0.3	-150.627	-0.065
-0.3	45.7631	-0.065
-0.3	-177.782	-0.065
-0.3	117.605	-0.065
-0.3	149.208	-0.065
-0.3	66.8779	-0.065
-0.3	123.432	-0.065
-0.3	-3.41738	-0.065
-0.3	-32.0122	-0.065
-0.3	-44.2288	-0.065
-0.3	-8.93801	-0.065
-0.3	60.5663	-0.065
-0.3	103.081	-0.065
-0.3	-114.647	-0.065
-0.3	80.5847	-0.065
