pol.	phi	weight
0.3	120.911	1
0.3	-86.4062	1
0.3	39.4223	1
0.3	-107.383	1
0.3	-56.1334	1
0.3	-28.9079	1
0.3	-66.6804	1
0.3	-39.8468	1
0.3	-124.012	1
0.3	-44.5977	1
0.3	-109.422	1
0.3	132.423	1
0.3	158.978	1
0.3	-164.827	1
0.3	-75.1578	1
0.3	5.34873	1
0.3	28.5662	1
0.3	-24.5024	1
0.3	-92.7435	1
0.3	-110.424	1
0.3	-134.609	1
0.3	-104.532	1
0.3	-117.481	1
0.3	-173.355	1
0.3	17.4382	1
0.3	-139.657	1
0.3	-31.5868	1
0.3	-129.249	1
0.3	-112.097	1
0.3	131.49	1
0.3	151.836	1
0.3	116.372	1
0.3	97.7008	1
0.3	-120.141	1
0.3	164.739	1
0.3	129.06	1
0.3	139.893	1
0.3	-120.75	1
0.3	-149.915	1
0.3	123.183	1
0.3	119.24	1
0.3	-20.9333	1
0.3	78.4778	1
0.3	-150.651	1
0.3	-25.3853	1
0.3	98.7802	1
0.3	-68.1185	1
0.3	33.6051	1
0.3	-129.738	1
0.3	136.032	1
0.3	-17.9311	1
0.3	125.754	1
0.3	106.005	1
0.3	-119.768	1
0.3	7.89355	1
0.3	47.3193	1
0.3	105.532	1
0.3	29.5756	1
0.3	-140.045	1
0.3	36.3736	1
0.3	-46.2233	1
0.3	1.17897	1
0.3	-153.79	1
0.3	131.866	1
0.3	-27.2523	1
0.3	23.1096	1
0.3	-64.4668	1
0.3	-57.2978	1
0.3	100.06	1
0.3	-53.1886	1
0.3	-111.086	1
0.3	-67.3142	1
0.3	86.6376	1
0.3	-125.58	1
0.3	-173.191	1
0.3	-37.0127	1
0.3	18.8317	1
0.3	21.2713	1
0.3	-146.094	1
0.3	-175.191	1
0.3	39.3998	1
0.3	127.527	1
0.3	-103.596	1
0.3	94.382	1
0.3	49.974	1
0.3	-151.46	1
0.3	76.4737	1
0.3	81.3958	1
0.3	139.994	1
0.3	89.6094	1
0.3	121.613	1
0.3	-85.6103	1
0.3	-72.2311	1
0.3	-14.5284	1
0.3	-108.304	1
0.3	-14.9525	1
0.3	117.254	1
0.3	-89.6578	1
0.3	172.015	1
0.3	-56.5849	1
0.3	-57.921	1
0.3	-20.5735	1
0.3	-150.77	1
0.3	152.205	1
0.3	53.37	1
0.3	67.1733	1
0.3	-82.3074	1
0.3	-74.0136	1
0.3	-86.8594	1
0.3	46.2408	1
0.3	-20.4869	1
0.3	97.1539	1
0.3	-9.47058	1
0.3	-18.5386	1
0.3	-58.6496	1
0.3	85.47	1
0.3	-157.514	1
0.3	-98.2316	1
0.3	-163.18	1
0.3	-34.5323	1
0.3	82.3416	1
0.3	-44.7444	1
0.3	175.781	1
0.3	69.2936	1
0.3	142.293	1
0.3	-15.622	1
0.3	9.80865	1
0.3	82.954	1
0.3	48.3746	1
0.3	122.138	1
0.3	54.0189	1
0.3	173.27	1
0.3	-47.1931	1
0.3	-74.0194	1
0.3	-77.8054	1
0.3	168.617	1
0.3	102.068	1
0.3	126.211	1
0.3	-108.507	1
0.3	39.2172	1
0.3	123.563	1
0.3	-82.9311	1
0.3	87.2088	1
0.3	135.944	1
0.3	64.3424	1
0.3	-149.655	1
0.3	55.1585	1
0.3	112.938	1
0.3	-68.9968	1
0.3	-5.1199	1
0.3	159.748	1
0.3	-4.88257	1
0.3	25.1995	1
0.3	-124.686	1
0.3	46.4951	1
0.3	-65.7404	1
0.3	-156.03	1
0.3	124.804	1
0.3	-48.6544	1
0.3	-158.34	1
0.3	49.7186	1
0.3	-82.0623	1
0.3	60.9651	1
0.3	-112.242	1
0.3	62.3312	1
0.3	129.761	1
0.3	-177.842	1
0.3	-163.806	1
0.3	-138.612	1
0.3	133.921	1
0.3	-179.23	1
0.3	-175.539	1
0.3	-25.2071	1
0.3	-29.0177	1
0.3	21.416	1
0.3	98.6576	1
0.3	117.801	1
0.3	-85.3373	1
0.3	17.7583	1
0.3	-71.378	1
0.3	-5.46037	1
0.3	34.9767	1
0.3	-3.95968	1
0.3	-50.7695	1
0.3	-148.736	1
0.3	169.737	1
0.3	118.789	1
0.3	141.547	1
0.3	-150.34	1
0.3	40.1155	1
0.3	85.549	1
0.3	177.609	1
0.3	52.2046	1
0.3	17.8782	1
0.3	-49.1703	1
0.3	118.77	1
0.3	-144.546	-0.065
0.3	122.723	-0.065
0.3	72.616	-0.065
0.3	-165.142	-0.065
0.3	31.2023	-0.065
0.3	42.493	-0.065
0.3	95.1006	-0.065
0.3	-132.806	-0.065
0.3	8.89617	-0.065
0.3	176.947	-0.065
0.3	-73.473	-0.065
0.3	179.5	-0.065
0.3	144.473	-0.065
0.3	81.2362	-0.065
0.3	68.2034	-0.065
0.3	61.1128	-0.065
0.3	33.6395	-0.065
0.3	115.29	-0.065
0.3	142.323	-0.065
0.3	5.47928	-0.065
0.3	-41.9329	-0.065
0.3	-78.6052	-0.065
0.3	137.809	-0.065
0.3	-127.646	-0.065
0.3	80.363	-0.065
0.3	-21.8655	-0.065
0.3	-75.7694	-0.065
0.3	119.974	-0.065
0.3	12.4193	-0.065
0.3	174.215	-0.065
0.3	-133.398	-0.065
0.3	-92.5414	-0.065
0.3	16.4265	-0.065
0.3	50.0421	-0.065
0.3	83.7593	-0.065
0.3	-121.784	-0.065
0.3	173.417	-0.065
0.3	-137.96	-0.065
0.3	-61.1639	-0.065
0.3	64.1569	-0.065
0.3	-121.954	-0.065
0.3	25.2137	-0.065
0.3	147.457	-0.065
0.3	80.4511	-0.065
0.3	169.36	-0.065
0.3	77.3193	-0.065
0.3	69.2778	-0.065
0.3	-150.717	-0.065
0.3	137.726	-0.065
0.3	-6.01823	-0.065
0.3	-105.234	-0.065
0.3	-68.384	-0.065
0.3	-5.30413	-0.065
0.3	155.976	-0.065
0.3	-141.682	-0.065
0.3	59.9115	-0.065
0.3	83.3119	-0.065
0.3	-161.493	-0.065
0.3	28.8617	-0.065
0.3	87.1698	-0.065
0.3	13.5493	-0.065
0.3	44.5228	-0.065
0.3	-39.9957	-0.065
0.3	100.973	-0.065
0.3	116.013	-0.065
0.3	170.68	-0.065
0.3	-136.521	-0.065
0.3	167.412	-0.065
0.3	23.3171	-0.065
0.3	165.477	-0.065
0.3	-11.2748	-0.065
0.3	-79.2268	-0.065
0.3	-109.527	-0.065
0.3	57.1575	-0.065
0.3	-33.5644	-0.065
0.3	-36.8108	-0.065
0.3	113.85	-0.065
0.3	-163.36	-0.065
0.3	50.1328	-0.065
0.3	-35.3546	-0.065
0.3	155.956	-0.065
0.3	-135.973	-0.065
0.3	-78.7722	-0.065
0.3	-148.359	-0.065
0.3	-64.3904	-0.065
0.3	-53.0587	-0.065
0.3	110.128	-0.065
0.3	79.1473	-0.065
0.3	119.805	-0.065
0.3	71.6742	-0.065
0.3	150.184	-0.065
0.3	149.39	-0.065
0.3	32.7363	-0.065
0.3	-56.6525	-0.065
0.3	-147.006	-0.065
0.3	92.1675	-0.065
0.3	-133.988	-0.065
0.3	-95.704	-0.065
0.3	51.3834	-0.065
0.3	-93.0929	-0.065
0.3	178.111	-0.065
0.3	-84.8228	-0.065
0.3	137.751	-0.065
0.3	-103.385	-0.065
0.3	109.968	-0.065
0.3	-143.697	-0.065
0.3	-0.35498	-0.065
0.3	144.474	-0.065
0.3	77.0872	-0.065
0.3	119.248	-0.065
0.3	-178.222	-0.065
0.3	-43.9469	-0.065
0.3	78.7417	-0.065
0.3	-74.8566	-0.065
0.3	-113.454	-0.065
0.3	98.9754	-0.065
0.3	-139.509	-0.065
0.3	119.228	-0.065
0.3	20.7307	-0.065
0.3	15.8887	-0.065
0.3	-138.173	-0.065
0.3	-134.384	-0.065
0.3	-37.3937	-0.065
0.3	78.4881	-0.065
0.3	-103.316	-0.065
0.3	160.947	-0.065
0.3	-145.645	-0.065
0.3	62.6905	-0.065
0.3	107.963	-0.065
0.3	-121.464	-0.065
0.3	-78.1974	-0.065
0.3	49.5504	-0.065
0.3	-178.844	-0.065
0.3	-71.4439	-0.065
0.3	177.847	-0.065
0.3	22.2429	-0.065
0.3	103.484	-0.065
0.3	-83.9003	-0.065
0.3	-62.9147	-0.065
0.3	130.587	-0.065
0.3	94.0306	-0.065
0.3	-176.454	-0.065
0.3	1.05663	-0.065
0.3	-45.6604	-0.065
0.3	112.11	-0.065
0.3	-178.856	-0.065
0.3	-81.982	-0.065
0.3	-151.409	-0.065
0.3	-2.61418	-0.065
0.3	106.353	-0.065
0.3	120.414	-0.065
0.3	151.054	-0.065
-0.3	130.169	1
-0.3	173.333	1
-0.3	-172.671	1
-0.3	-60.9731	1
-0.3	147.126	1
-0.3	82.5878	1
-0.3	123.753	1
-0.3	34.4936	1
-0.3	101.813	1
-0.3	-31.6724	1
-0.3	-51.1258	1
-0.3	141.128	1
-0.3	57.3567	1
-0.3	-164.12	1
-0.3	86.655	1
-0.3	66.7576	1
-0.3	90.8632	1
-0.3	178.698	1
-0.3	-49.3207	1
-0.3	95.1568	1
-0.3	21.8301	1
-0.3	110.048	1
-0.3	178.244	1
-0.3	137.668	1
-0.3	89.0259	1
-0.3	-3.47052	1
-0.3	115.883	1
-0.3	65.5266	1
-0.3	108.293	1
-0.3	-37.247	1
-0.3	-179.823	1
-0.3	40.711	1
-0.3	-67.8385	1
-0.3	-42.6556	1
-0.3	-135.03	1
-0.3	-132.667	1
-0.3	84.8523	1
-0.3	-155.271	1
-0.3	116.454	1
-0.3	172.006	1
-0.3	89.7781	1
-0.3	-75.3473	1
-0.3	109.318	1
-0.3	91.5739	1
-0.3	153.291	1
-0.3	90.9065	1
-0.3	43.9383	1
-0.3	72.7654	1
-0.3	-111.813	1
-0.3	79.3736	1
-0.3	-28.5157	1
-0.3	105.554	1
-0.3	26.8972	1
-0.3	171.741	1
-0.3	-155.183	1
-0.3	-3.38984	1
-0.3	-111.664	1
-0.3	55.3648	1
-0.3	154.478	1
-0.3	64.2062	1
-0.3	-73.6634	1
-0.3	157.42	1
-0.3	-142.869	1
-0.3	-159.289	1
-0.3	-75.3696	1
-0.3	-21.7768	1
-0.3	63.0738	1
-0.3	43.9134	1
-0.3	84.8797	1
-0.3	91.1315	1
-0.3	63.214	1
-0.3	-149.594	1
-0.3	85.6036	1
-0.3	-126.981	1
-0.3	156.374	1
-0.3	23.4659	1
-0.3	156.777	1
-0.3	174.202	1
-0.3	107.833	1
-0.3	21.0376	1
-0.3	-39.8632	1
-0.3	-149.407	1
-0.3	81.459	1
-0.3	-114.622	1
-0.3	115.531	1
-0.3	-24.1837	1
-0.3	54.5929	1
-0.3	113.253	1
-0.3	82.4697	1
-0.3	-110.706	1
-0.3	-167.253	1
-0.3	44.0838	1
-0.3	-75.6996	1
-0.3	155.861	1
-0.3	-145.588	1
-0.3	32.84	1
-0.3	70.7484	1
-0.3	-25.2329	1
-0.3	44.9289	1
-0.3	-6.6397	1
-0.3	45.3928	1
-0.3	2.22983	1
-0.3	-177.88	1
-0.3	125.186	1
-0.3	2.90406	1
-0.3	-37.2124	1
-0.3	-2.42921	1
-0.3	114.45	1
-0.3	170.676	1
-0.3	-26.5494	1
-0.3	-167.658	1
-0.3	-154.196	1
-0.3	6.25773	1
-0.3	32.7716	1
-0.3	144.074	1
-0.3	-166.41	1
-0.3	-67.6979	1
-0.3	-100.974	1
-0.3	-148.598	1
-0.3	155.679	1
-0.3	-119.516	1
-0.3	117.872	1
-0.3	-14.586	1
-0.3	-160.867	1
-0.3	86.0221	1
-0.3	-129.886	1
-0.3	23.2145	1
-0.3	177.378	1
-0.3	92.7009	1
-0.3	-112.108	1
-0.3	54.2692	1
-0.3	-119.415	1
-0.3	-46.3441	1
-0.3	-109.876	1
-0.3	123.115	1
-0.3	-36.0993	1
-0.3	113.023	1
-0.3	-29.3403	1
-0.3	145.198	1
-0.3	93.5799	1
-0.3	-48.2599	1
-0.3	39.2768	1
-0.3	154.029	1
-0.3	-167.915	1
-0.3	8.12701	1
-0.3	-90.5486	1
-0.3	-1.75324	1
-0.3	88.5156	1
-0.3	151.939	1
-0.3	-105.533	1
-0.3	-58.9327	1
-0.3	119.27	1
-0.3	142.034	1
-0.3	-137.907	1
-0.3	21.9447	1
-0.3	126.637	1
-0.3	93.863	1
-0.3	118.848	1
-0.3	142.69	1
-0.3	116.074	1
-0.3	87.554	1
-0.3	-89.539	1
-0.3	53.0176	1
-0.3	-85.6781	1
-0.3	33.8441	1
-0.3	-1.00462	1
-0.3	137.223	1
-0.3	-84.9739	1
-0.3	153.857	1
-0.3	-163.667	1
-0.3	159.484	1
-0.3	29.8313	1
-0.3	-131.614	1
-0.3	-103.326	1
-0.3	-19.0444	1
-0.3	172.923	1
-0.3	-171.259	1
-0.3	-111.794	1
-0.3	3.51573	1
-0.3	-157.072	1
-0.3	3.65398	1
-0.3	164.808	1
-0.3	-99.7071	1
-0.3	29.3678	1
-0.3	-24.6751	1
-0.3	-13.4842	1
-0.3	-28.3436	1
-0.3	114.595	1
-0.3	-156.527	1
-0.3	-154.679	1
-0.3	143.581	1
-0.3	-99.8206	1
-0.3	-126.161	1
-0.3	-52.4657	1
-0.3	-91.5003	1
-0.3	176.305	1
-0.3	-103.892	1
-0.3	172.106	1
-0.3	15.3911	1
-0.3	-142.598	1
-0.3	-87.2633	1
-0.3	-84.2849	1
-0.3	-156.959	1
-0.3	177.136	1
-0.3	-140.862	1
-0.3	-41.2708	-0.065
-0.3	51.3893	-0.065
-0.3	176.137	-0.065
-0.3	-62.5089	-0.065
-0.3	-89.8502	-0.065
-0.3	-169.911	-0.065
-0.3	11.3144	-0.065
-0.3	-148.434	-0.065
-0.3	167.309	-0.065
-0.3	-132.267	-0.065
-0.3	-147.742	-0.065
-0.3	0.944097	-0.065
-0.3	-66.8644	-0.065
-0.3	136.618	-0.065
-0.3	-41.0421	-0.065
-0.3	49.0011	-0.065
-0.3	126.487	-0.065
-0.3	-29.9559	-0.065
-0.3	-35.3575	-0.065
-0.3	114.98	-0.065
-0.3	-46.3567	-0.065
-0.3	74.3769	-0.065
-0.3	145.406	-0.065
-0.3	61.5211	-0.065
-0.3	-93.4203	-0.065
-0.3	-21.4672	-0.065
-0.3	160.568	-0.065
-0.3	-71.3004	-0.065
-0.3	-29.5185	-0.065
-0.3	-20.7718	-0.065
-0.3	166.053	-0.065
-0.3	-63.3153	-0.065
-0.3	-141.677	-0.065
-0.3	91.5316	-0.065
-0.3	-70.4801	-0.065
-0.3	130.006	-0.065
-0.3	-13.9772	-0.065
-0.3	-110.153	-0.065
-0.3	-33.128	-0.065
-0.3	-119.401	-0.065
-0.3	159.011	-0.065
-0.3	-131.862	-0.065
-0.3	-145.776	-0.065
-0.3	-73.9561	-0.065
-0.3	20.2955	-0.065
-0.3	-31.9947	-0.065
-0.3	54.4966	-0.065
-0.3	53.2492	-0.065
-0.3	109.926	-0.065
-0.3	-129.472	-0.065
-0.3	-94.4655	-0.065
-0.3	-4.45016	-0.065
-0.3	46.7341	-0.065
-0.3	-40.5317	-0.065
-0.3	52.7005	-0.065
-0.3	124.2	-0.065
-0.3	62.4495	-0.065
-0.3	-76.7629	-0.065
-0.3	167.238	-0.065
-0.3	-112.448	-0.065
-0.3	147.781	-0.065
-0.3	-85.5474	-0.065
-0.3	-72.6618	-0.065
-0.3	49.0624	-0.065
-0.3	34.3217	-0.065
-0.3	23.7288	-0.065
-0.3	118.063	-0.065
-0.3	26.8969	-0.065
-0.3	-106.526	-0.065
-0.3	13.2538	-0.065
-0.3	152.933	-0.065
-0.3	37.2669	-0.065
-0.3	-98.7714	-0.065
-0.3	-34.0031	-0.065
-0.3	-99.5848	-0.065
-0.3	-22.8325	-0.065
-0.3	-106.715	-0.065
-0.3	-57.862	-0.065
-0.3	-87.3675	-0.065
-0.3	-131.842	-0.065
-0.3	139.525	-0.065
-0.3	-29.8892	-0.065
-0.3	113.101	-0.065
-0.3	-88.1959	-0.065
-0.3	82.5947	-0.065
-0.3	-36.2249	-0.065
-0.3	9.20264	-0.065
-0.3	-38.9272	-0.065
-0.3	1.35544	-0.065
-0.3	-118.24	-0.065
-0.3	87.2156	-0.065
-0.3	179.414	-0.065
-0.3	-40.4371	-0.065
-0.3	95.9066	-0.065
-0.3	10.5034	-0.065
-0.3	99.2282	-0.065
-0.3	-177.819	-0.065
-0.3	7.62057	-0.065
-0.3	-124.927	-0.065
-0.3	102.574	-0.065
-0.3	-129.537	-0.065
-0.3	156.945	-0.065
-0.3	75.8636	-0.065
-0.3	147.539	-0.065
-0.3	175.983	-0.065
-0.3	-39.6494	-0.065
-0.3	164.007	-0.065
-0.3	-179.461	-0.065
-0.3	-149.224	-0.065
-0.3	77.9957	-0.065
-0.3	104.7	-0.065
-0.3	-8.87952	-0.065
-0.3	-113.149	-0.065
-0.3	60.5206	-0.065
-0.3	-89.6839	-0.065
-0.3	18.4751	-0.065
-0.3	43.7272	-0.065
-0.3	-46.8419	-0.065
-0.3	125.423	-0.065
-0.3	64.8394	-0.065
-0.3	-96.3999	-0.065
-0.3	-90.3844	-0.065
-0.3	38.7921	-0.065
-0.3	44.8154	-0.065
-0.3	-107.878	-0.065
-0.3	-15.776	-0.065
-0.3	43.1564	-0.065
-0.3	169.493	-0.065
-0.3	36.1287	-0.065
-0.3	50.2337	-0.065
-0.3	178.902	-0.065
-0.3	96.1793	-0.065
-0.3	146.803	-0.065
-0.3	72.1286	-0.065
-0.3	70.5753	-0.065
-0.3	-66.4154	-0.065
-0.3	-98.5695	-0.065
-0.3	-28.01	-0.065
-0.3	-25.7391	-0.065
-0.3	-65.1541	-0.065
-0.3	15.7656	-0.065
-0.3	109.138	-0.065
-0.3	82.447	-0.065
-0.3	-174.276	-0.065
-0.3	-84.1629	-0.065
-0.3	25.9526	-0.065
-0.3	161.144	-0.065
-0.3	-45.0349	-0.065
-0.3	-54.3577	-0.065
-0.3	159.151	-0.065
-0.3	-75.6622	-0.065
-0.3	-63.1332	-0.065
-0.3	64.0197	-0.065
-0.3	-157.05	-0.065
-0.3	68.3222	-0.065
-0.3	15.6399	-0.065
-0.3	126.665	-0.065
-0.3	78.4428	-0.065
