pol.	phi	weight
0.3	-144.175	1
0.3	136.192	1
0.3	-163.697	1
0.3	-25.7724	1
0.3	27.0953	1
0.3	-118.702	1
0.3	-90.8647	1
0.3	-53.5836	1
0.3	111.438	1
0.3	-53.6901	1
0.3	22.6502	1
0.3	6.20171	1
0.3	-2.89863	1
0.3	-177.491	1
0.3	-82.9972	1
0.3	139.826	1
0.3	-84.4481	1
0.3	0.699448	1
0.3	-30.5332	1
0.3	-19.1809	1
0.3	-118.371	1
0.3	-109.243	1
0.3	84.9715	1
0.3	-84.9214	1
0.3	50.4266	1
0.3	-120.767	1
0.3	138.065	1
0.3	-73.8458	1
0.3	60.3711	1
0.3	-134.152	1
0.3	170.09	1
0.3	39.4535	1
0.3	-41.016	1
0.3	-46.4193	1
0.3	159.864	1
0.3	0.354873	1
0.3	173.22	1
0.3	179.939	1
0.3	-27.1714	1
0.3	171.559	1
0.3	59.6474	1
0.3	-43.8973	1
0.3	-5.85316	1
0.3	91.3988	1
0.3	-43.8608	1
0.3	50.7339	1
0.3	171.624	1
0.3	122.982	1
0.3	-131.605	1
0.3	-65.0865	1
0.3	74.4373	1
0.3	113.807	1
0.3	-77.1945	1
0.3	78.5339	1
0.3	31.5222	1
0.3	-20.6332	1
0.3	11.8726	1
0.3	3.99301	1
0.3	2.66314	1
0.3	-120.967	1
0.3	-137.174	1
0.3	56.6045	1
0.3	-27.7006	1
0.3	68.6666	1
0.3	70.9832	1
0.3	173.938	1
0.3	135.218	1
0.3	-89.8939	1
0.3	-121.979	1
0.3	122.694	1
0.3	94.0645	1
0.3	-147.451	1
0.3	-8.04986	1
0.3	3.45948	1
0.3	34.648	1
0.3	93.7024	1
0.3	-73.0417	1
0.3	97.3052	1
0.3	90.1012	1
0.3	-111.773	1
0.3	-169.332	1
0.3	95.7937	1
0.3	137.072	1
0.3	43.8517	1
0.3	47.4665	1
0.3	-88.086	1
0.3	-134.27	1
0.3	127.492	1
0.3	142.447	1
0.3	106.976	1
0.3	-123.616	1
0.3	151.468	1
0.3	20.3293	1
0.3	-46.4742	1
0.3	-79.776	1
0.3	-35.8853	1
0.3	11.7299	1
0.3	117.785	1
0.3	-11.3002	1
0.3	37.735	1
0.3	29.984	1
0.3	33.9402	1
0.3	-29.8349	1
0.3	173.981	1
0.3	-49.0508	1
0.3	-150.634	1
0.3	26.2983	1
0.3	-78.7926	1
0.3	103.104	1
0.3	-24.5887	1
0.3	29.2314	1
0.3	59.9759	1
0.3	-117.976	1
0.3	-12.3567	1
0.3	83.2797	1
0.3	-31.3762	1
0.3	-3.31716	1
0.3	162.247	1
0.3	38.7256	1
0.3	-20.3675	1
0.3	-175.416	1
0.3	89.4433	1
0.3	-51.0032	1
0.3	38.3888	1
0.3	-3.06445	1
0.3	-5.37987	1
0.3	50.33	1
0.3	174.967	1
0.3	10.2908	1
0.3	80.6405	1
0.3	-29.6238	1
0.3	115.119	1
0.3	-110.821	1
0.3	-167.285	1
0.3	30.2544	1
0.3	-94.1271	1
0.3	-108.176	1
0.3	119.427	1
0.3	74.7693	1
0.3	23.9798	1
0.3	-176.176	1
0.3	44.649	1
0.3	27.3526	1
0.3	97.8053	1
0.3	68.8501	1
0.3	122.649	1
0.3	-162.44	1
0.3	107.739	1
0.3	136.424	1
0.3	-171.903	1
0.3	-41.1804	1
0.3	-131.839	1
0.3	23.3206	1
0.3	-103.121	1
0.3	17.443	1
0.3	-86.3905	1
0.3	152.057	1
0.3	137.21	1
0.3	165.343	1
0.3	137.827	1
0.3	66.6793	1
0.3	66.2872	1
0.3	-67.0015	1
0.3	-77.2551	1
0.3	111.423	1
0.3	142.341	1
0.3	53.8893	1
0.3	-84.3379	1
0.3	-76.049	1
0.3	-24.3597	1
0.3	-95.421	1
0.3	124.708	1
0.3	13.0329	1
0.3	34.2564	1
0.3	-1.83329	1
0.3	-105.303	1
0.3	132.704	1
0.3	166.23	1
0.3	123.038	1
0.3	165.83	1
0.3	-103.046	1
0.3	-31.5191	1
0.3	-146.23	1
0.3	-167.482	1
0.3	103.618	1
0.3	64.9819	1
0.3	69.9163	1
0.3	-4.25438	1
0.3	-172.969	1
0.3	84.9094	1
0.3	21.3672	1
0.3	32.3037	1
0.3	-96.4902	1
0.3	-95.3321	-0.065
0.3	-34.0402	-0.065
0.3	35.4921	-0.065
0.3	-105.173	-0.065
0.3	165.262	-0.065
0.3	104.281	-0.065
0.3	-59.7213	-0.065
0.3	174.726	-0.065
0.3	-137.304	-0.065
0.3	36.8005	-0.065
0.3	57.3831	-0.065
0.3	152.57	-0.065
0.3	-156.695	-0.065
0.3	84.6704	-0.065
0.3	-73.1865	-0.065
0.3	-178.016	-0.065
0.3	143.533	-0.065
0.3	-51.7239	-0.065
0.3	-59.3769	-0.065
0.3	-15.1335	-0.065
0.3	-133.93	-0.065
0.3	92.0423	-0.065
0.3	-141.323	-0.065
0.3	118.626	-0.065
0.3	-55.8567	-0.065
0.3	38.4701	-0.065
0.3	157.838	-0.065
0.3	-109.112	-0.065
0.3	160.829	-0.065
0.3	-47.4735	-0.065
0.3	155.986	-0.065
0.3	-125.031	-0.065
0.3	-179.769	-0.065
0.3	-154.052	-0.065
0.3	-24.1427	-0.065
0.3	61.2498	-0.065
0.3	77.8826	-0.065
0.3	-85.8232	-0.065
0.3	-49.8165	-0.065
0.3	-99.7222	-0.065
0.3	-99.7083	-0.065
0.3	-130.167	-0.065
0.3	100.586	-0.065
0.3	112.379	-0.065
0.3	-17.9671	-0.065
0.3	41.4232	-0.065
0.3	-102.176	-0.065
0.3	20.9907	-0.065
0.3	10.748	-0.065
0.3	158.224	-0.065
0.3	6.22014	-0.065
0.3	-126.529	-0.065
0.3	-101.083	-0.065
0.3	-73.0587	-0.065
0.3	132.31	-0.065
0.3	-97.9117	-0.065
0.3	106.973	-0.065
0.3	-145.755	-0.065
0.3	74.8484	-0.065
0.3	-142.875	-0.065
0.3	-13.1695	-0.065
0.3	-17.1676	-0.065
0.3	-94.0841	-0.065
0.3	12.4015	-0.065
0.3	-141.617	-0.065
0.3	-146.135	-0.065
0.3	66.2106	-0.065
0.3	29.6856	-0.065
0.3	166.088	-0.065
0.3	-158.924	-0.065
0.3	64.6858	-0.065
0.3	103.835	-0.065
0.3	97.1503	-0.065
0.3	31.9264	-0.065
0.3	-91.6555	-0.065
0.3	71.9972	-0.065
0.3	-106.579	-0.065
0.3	-153.687	-0.065
0.3	-18.2238	-0.065
0.3	-64.8396	-0.065
0.3	-14.2805	-0.065
0.3	-88.0276	-0.065
0.3	18.5655	-0.065
0.3	21.7036	-0.065
0.3	161.979	-0.065
0.3	58.6001	-0.065
0.3	98.4315	-0.065
0.3	172.752	-0.065
0.3	88.5096	-0.065
0.3	13.8226	-0.065
0.3	-24.9533	-0.065
0.3	-81.6717	-0.065
0.3	-56.0811	-0.065
0.3	63.3314	-0.065
0.3	-87.9004	-0.065
0.3	-3.90277	-0.065
0.3	-38.5661	-0.065
0.3	134.361	-0.065
0.3	-73.5859	-0.065
0.3	-55.4711	-0.065
0.3	39.7194	-0.065
0.3	134.641	-0.065
0.3	111.955	-0.065
0.3	66.8298	-0.065
0.3	-165.12	-0.065
0.3	-41.3059	-0.065
0.3	-90.6989	-0.065
0.3	71.1628	-0.065
0.3	24.3845	-0.065
0.3	87.8245	-0.065
0.3	-55.008	-0.065
0.3	75.381	-0.065
0.3	64.3679	-0.065
0.3	145.665	-0.065
0.3	-139.227	-0.065
0.3	-158.659	-0.065
0.3	139.548	-0.065
0.3	-150.039	-0.065
0.3	88.8401	-0.065
0.3	10.2547	-0.065
0.3	-117.088	-0.065
0.3	171.59	-0.065
0.3	145.366	-0.065
0.3	148.884	-0.065
0.3	133.928	-0.065
0.3	-118.164	-0.065
0.3	-50.495	-0.065
0.3	133.076	-0.065
0.3	53.4067	-0.065
0.3	25.1337	-0.065
0.3	-129.902	-0.065
0.3	-140.964	-0.065
0.3	76.1498	-0.065
0.3	-66.0255	-0.065
0.3	90.1592	-0.065
0.3	-16.4364	-0.065
0.3	-89.4048	-0.065
0.3	65.2382	-0.065
0.3	30.5717	-0.065
0.3	-144.515	-0.065
0.3	117.494	-0.065
0.3	-98.4251	-0.065
0.3	-130.065	-0.065
0.3	42.9925	-0.065
0.3	33.0186	-0.065
0.3	-155.04	-0.065
0.3	-51.6772	-0.065
0.3	-169.207	-0.065
0.3	67.8693	-0.065
-0.3	179.302	1
-0.3	-96.5766	1
-0.3	152.192	1
-0.3	140.29	1
-0.3	17.7474	1
-0.3	15.886	1
-0.3	47.3084	1
-0.3	-92.1301	1
-0.3	-121.399	1
-0.3	-58.7136	1
-0.3	-3.93696	1
-0.3	148.075	1
-0.3	31.233	1
-0.3	-78.3422	1
-0.3	1.56915	1
-0.3	-125.416	1
-0.3	-16.4199	1
-0.3	-84.7223	1
-0.3	133.563	1
-0.3	104.22	1
-0.3	-138.935	1
-0.3	81.959	1
-0.3	-61.2775	1
-0.3	130.241	1
-0.3	94.2607	1
-0.3	-64.1799	1
-0.3	84.6351	1
-0.3	24.2691	1
-0.3	30.2041	1
-0.3	71.5424	1
-0.3	-126.181	1
-0.3	-26.8288	1
-0.3	-120.779	1
-0.3	89.7936	1
-0.3	7.38599	1
-0.3	29.9635	1
-0.3	43.9634	1
-0.3	119.734	1
-0.3	-102.441	1
-0.3	66.7251	1
-0.3	-116.577	1
-0.3	168.567	1
-0.3	21.4569	1
-0.3	5.29962	1
-0.3	-12.5425	1
-0.3	-59.5196	1
-0.3	-2.15462	1
-0.3	-140.059	1
-0.3	-128.772	1
-0.3	-167.793	1
-0.3	-179.067	1
-0.3	126.8	1
-0.3	-177.205	1
-0.3	65.1389	1
-0.3	32.6174	1
-0.3	-151.611	1
-0.3	-28.0702	1
-0.3	-29.4011	1
-0.3	-97.5071	1
-0.3	22.7005	1
-0.3	96.493	1
-0.3	64.7267	1
-0.3	-103.459	1
-0.3	-154.262	1
-0.3	-167.396	1
-0.3	138.463	1
-0.3	-124.865	1
-0.3	167.408	1
-0.3	-87.5139	1
-0.3	92.9337	1
-0.3	30.7624	1
-0.3	171.603	1
-0.3	146.13	1
-0.3	-56.509	1
-0.3	26.5274	1
-0.3	145.963	1
-0.3	34.479	1
-0.3	-96.6378	1
-0.3	64.7186	1
-0.3	60.6894	1
-0.3	-89.2241	1
-0.3	109.562	1
-0.3	131.46	1
-0.3	-69.9983	1
-0.3	77.2913	1
-0.3	-140.541	1
-0.3	0.858624	1
-0.3	-96.7781	1
-0.3	-74.4611	1
-0.3	115.008	1
-0.3	103.174	1
-0.3	-63.315	1
-0.3	1.17447	1
-0.3	-107.555	1
-0.3	-94.6585	1
-0.3	-22.8022	1
-0.3	-171.736	1
-0.3	167.697	1
-0.3	-52.374	1
-0.3	159.814	1
-0.3	114.776	1
-0.3	-41.7063	1
-0.3	-133.833	1
-0.3	-135.79	1
-0.3	-89.3341	1
-0.3	-172.275	1
-0.3	33.3177	1
-0.3	61.2895	1
-0.3	-59.6585	1
-0.3	51.4289	1
-0.3	-17.3233	1
-0.3	-140.079	1
-0.3	36.1821	1
-0.3	82.7546	1
-0.3	78.7022	1
-0.3	-80.238	1
-0.3	115.909	1
-0.3	-163.933	1
-0.3	-98.2905	1
-0.3	77.9662	1
-0.3	-18.809	1
-0.3	54.4815	1
-0.3	-32.3892	1
-0.3	-0.529217	1
-0.3	-44.6734	1
-0.3	-146.599	1
-0.3	96.1424	1
-0.3	39.1263	1
-0.3	115.086	1
-0.3	-155.151	1
-0.3	161.098	1
-0.3	83.0154	1
-0.3	32.3924	1
-0.3	158.174	1
-0.3	148.366	1
-0.3	-121.813	1
-0.3	150.417	1
-0.3	-111.237	1
-0.3	179.384	1
-0.3	1.94847	1
-0.3	-44.5251	1
-0.3	11.3954	1
-0.3	96.9543	1
-0.3	-115.961	1
-0.3	-166.983	1
-0.3	-130.302	1
-0.3	0.931647	1
-0.3	177.515	1
-0.3	165.336	1
-0.3	133.125	1
-0.3	-176.732	1
-0.3	148.955	1
-0.3	97.6546	1
-0.3	141.771	1
-0.3	8.99809	1
-0.3	-92.7034	1
-0.3	-49.9912	1
-0.3	47.7973	1
-0.3	22.8468	1
-0.3	-50.5237	1
-0.3	-71.8271	1
-0.3	11.9367	1
-0.3	9.34586	1
-0.3	-161.25	1
-0.3	24.5036	1
-0.3	-32.3139	1
-0.3	170.304	1
-0.3	-123.844	1
-0.3	-120.811	1
-0.3	-120.769	1
-0.3	125.174	1
-0.3	-106.119	1
-0.3	-13.6816	1
-0.3	101.796	1
-0.3	170.278	1
-0.3	-109.773	1
-0.3	-0.76603	1
-0.3	37.2644	1
-0.3	-7.86916	1
-0.3	-41.486	1
-0.3	142.342	1
-0.3	47.5764	1
-0.3	-128.956	1
-0.3	166.614	1
-0.3	-5.6786	1
-0.3	52.421	1
-0.3	-139.348	1
-0.3	-7.05278	1
-0.3	-86.0041	1
-0.3	-161.626	1
-0.3	175.319	-0.065
-0.3	7.1227	-0.065
-0.3	-52.5127	-0.065
-0.3	121.933	-0.065
-0.3	138.47	-0.065
-0.3	148.487	-0.065
-0.3	126.854	-0.065
-0.3	65.6895	-0.065
-0.3	134.395	-0.065
-0.3	-74.9041	-0.065
-0.3	-92.6118	-0.065
-0.3	-135.403	-0.065
-0.3	50.0475	-0.065
-0.3	-38.593	-0.065
-0.3	-125.977	-0.065
-0.3	19.784	-0.065
-0.3	-82.6785	-0.065
-0.3	125.445	-0.065
-0.3	-14.7949	-0.065
-0.3	76.9774	-0.065
-0.3	-12.6357	-0.065
-0.3	137.163	-0.065
-0.3	-106.499	-0.065
-0.3	-177.148	-0.065
-0.3	129.633	-0.065
-0.3	-153.31	-0.065
-0.3	-101.157	-0.065
-0.3	-75.4709	-0.065
-0.3	134.232	-0.065
-0.3	18.5891	-0.065
-0.3	-131.031	-0.065
-0.3	36.7489	-0.065
-0.3	59.9009	-0.065
-0.3	-165.103	-0.065
-0.3	158.393	-0.065
-0.3	-29.4481	-0.065
-0.3	-95.0883	-0.065
-0.3	-71.3716	-0.065
-0.3	-32.1725	-0.065
-0.3	-144.293	-0.065
-0.3	152.434	-0.065
-0.3	124.362	-0.065
-0.3	4.59705	-0.065
-0.3	-53.2492	-0.065
-0.3	-25.7159	-0.065
-0.3	156.635	-0.065
-0.3	-115.82	-0.065
-0.3	-164.77	-0.065
-0.3	78.3376	-0.065
-0.3	33.4507	-0.065
-0.3	147.406	-0.065
-0.3	-173.138	-0.065
-0.3	126.033	-0.065
-0.3	-32.5708	-0.065
-0.3	-93.5539	-0.065
-0.3	-87.8205	-0.065
-0.3	175.212	-0.065
-0.3	-52.4969	-0.065
-0.3	-124.69	-0.065
-0.3	-169.6	-0.065
-0.3	179.509	-0.065
-0.3	-37.5774	-0.065
-0.3	171.834	-0.065
-0.3	152.668	-0.065
-0.3	-7.03997	-0.065
-0.3	-37.7402	-0.065
-0.3	-4.23712	-0.065
-0.3	12.604	-0.065
-0.3	-67.4272	-0.065
-0.3	-138.892	-0.065
-0.3	17.406	-0.065
-0.3	7.64123	-0.065
-0.3	-15.016	-0.065
-0.3	57.1708	-0.065
-0.3	-141.038	-0.065
-0.3	136.029	-0.065
-0.3	129.795	-0.065
-0.3	56.4921	-0.065
-0.3	99.0702	-0.065
-0.3	-64.7721	-0.065
-0.3	155.613	-0.065
-0.3	17.8038	-0.065
-0.3	165.202	-0.065
-0.3	-165.964	-0.065
-0.3	-118.841	-0.065
-0.3	16.4352	-0.065
-0.3	3.0557	-0.065
-0.3	12.9558	-0.065
-0.3	-114.613	-0.065
-0.3	-113.526	-0.065
-0.3	173.531	-0.065
-0.3	-106.005	-0.065
-0.3	-36.6861	-0.065
-0.3	-118.035	-0.065
-0.3	1.92511	-0.065
-0.3	-26.5793	-0.065
-0.3	-34.0342	-0.065
-0.3	163.352	-0.065
-0.3	-32.5381	-0.065
-0.3	50.5297	-0.065
-0.3	155.151	-0.065
-0.3	-39.6931	-0.065
-0.3	146.378	-0.065
-0.3	108.629	-0.065
-0.3	-173.375	-0.065
-0.3	-96.8681	-0.065
-0.3	-21.4475	-0.065
-0.3	130.193	-0.065
-0.3	-124.938	-0.065
-0.3	107.486	-0.065
-0.3	111.094	-0.065
-0.3	1.11881	-0.065
-0.3	40.9084	-0.065
-0.3	128.668	-0.065
-0.3	82.8543	-0.065
-0.3	112.949	-0.065
-0.3	67.1058	-0.065
-0.3	-164.045	-0.065
-0.3	126.196	-0.065
-0.3	-99.287	-0.065
-0.3	-98.6349	-0.065
-0.3	-102.73	-0.065
-0.3	127.557	-0.065
-0.3	150.191	-0.065
-0.3	178.057	-0.065
-0.3	-56.7907	-0.065
-0.3	-9.50207	-0.065
-0.3	18.3949	-0.065
-0.3	-59.1464	-0.065
-0.3	-15.0742	-0.065
-0.3	4.55896	-0.065
-0.3	-99.8092	-0.065
-0.3	174.137	-0.065
-0.3	129.508	-0.065
-0.3	7.93497	-0.065
-0.3	34.0328	-0.065
-0.3	83.5291	-0.065
-0.3	60.5331	-0.065
-0.3	14.7124	-0.065
-0.3	-107.895	-0.065
-0.3	171.387	-0.065
-0.3	26.8668	-0.065
-0.3	45.4207	-0.065
-0.3	159.081	-0.065
-0.3	177.948	-0.065
-0.3	-116.149	-0.065
